31.57894736842105
35.05794701986755
36.55363616975902
43.02777777777777
43.37121212121212
49.6551724137931
49.6551724137931
49.6551724137931
49.6551724137931
57.556390977443606
57.36842105263158
58.98496240601504
52.54027261462206
52.54027261462206
52.54027261462206
52.54027261462206
52.54027261462206
52.54027261462206
52.54027261462206
40.36363636363637
40.36363636363637
40.36363636363637
40.36363636363637
40.36363636363637
55.92380952380953
55.92380952380953
55.92380952380953
55.92380952380953
55.92380952380953
55.92380952380953
55.92380952380953
55.92380952380953
55.92380952380953
55.92380952380953
55.92380952380953
55.92380952380953
55.92380952380953
55.92380952380953
55.92380952380953
55.92380952380953
55.92380952380953
55.92380952380953
55.92380952380953
55.92380952380953
55.92380952380953
55.92380952380953
55.92380952380953
50.87719298245614
50.87719298245614
50.87719298245614
50.87719298245614
50.87719298245614
50.87719298245614
50.87719298245614
50.87719298245614
50.87719298245614
50.87719298245614
50.87719298245614
50.87719298245614
50.87719298245614
50.87719298245614
50.87719298245614
50.87719298245614
50.87719298245614
50.87719298245614
50.87719298245614
50.87719298245614
50.87719298245614
50.87719298245614
50.87719298245614
50.87719298245614
50.87719298245614
50.87719298245614
50.87719298245614
50.87719298245614
50.87719298245614
50.87719298245614
50.87719298245614
50.87719298245614
50.87719298245614
50.87719298245614
50.87719298245614
50.87719298245614
50.87719298245614
50.87719298245614
50.87719298245614
50.87719298245614
50.87719298245614
50.87719298245614
50.87719298245614
50.87719298245614
50.87719298245614
50.87719298245614
50.87719298245614
50.87719298245614
50.87719298245614
50.87719298245614
50.87719298245614
50.87719298245614
50.87719298245614
50.87719298245614
50.87719298245614
50.87719298245614
50.87719298245614
50.87719298245614
50.87719298245614
54.01515151515152
54.01515151515152
54.01515151515152
56.271186440677965
56.271186440677965
56.271186440677965
56.271186440677965
56.271186440677965
56.271186440677965
56.271186440677965
56.271186440677965
56.271186440677965
56.271186440677965
56.271186440677965
56.271186440677965
56.271186440677965
56.271186440677965
56.271186440677965
56.271186440677965
56.271186440677965
56.271186440677965
54.94423791821562
56.271186440677965
56.271186440677965
55.174953959484355
56.271186440677965
56.271186440677965
56.271186440677965
56.271186440677965
56.271186440677965
56.271186440677965
56.271186440677965
56.271186440677965
56.271186440677965
56.271186440677965
56.271186440677965
56.271186440677965
56.271186440677965
54.97164461247637
54.97164461247637
56.271186440677965
55.2158273381295
56.271186440677965
56.271186440677965
56.271186440677965
56.271186440677965
56.271186440677965
56.271186440677965
56.271186440677965
56.271186440677965
56.271186440677965
56.271186440677965
56.271186440677965
56.271186440677965
56.271186440677965
52.843691148775896
52.843691148775896
55.442561205273066
55.442561205273066
55.442561205273066
55.442561205273066
55.442561205273066
55.442561205273066
55.442561205273066
55.442561205273066
55.442561205273066
55.442561205273066
48.72241579558653
48.72241579558653
48.72241579558653
48.72241579558653
48.72241579558653
48.72241579558653
48.72241579558653
48.72241579558653
48.72241579558653
48.72241579558653
48.72241579558653
48.72241579558653
48.72241579558653
48.72241579558653
48.72241579558653
48.72241579558653
48.72241579558653
48.72241579558653
48.72241579558653
48.72241579558653
48.72241579558653
48.72241579558653
48.72241579558653
48.72241579558653
48.72241579558653
48.72241579558653
48.72241579558653
