1969.75
1421.1666666666667
2034.5833333333333
1692.3333333333333
1541.0
1417.6666666666667
1323.6666666666667
1262.0
1345.1666666666667
1567.3333333333333
1713.3333333333333
1653.3333333333333
1645.5
1652.9166666666667
1572.5833333333333
1557.1666666666667
1584.8333333333333
1562.0833333333333
1532.3333333333333
1502.5833333333333
1471.9166666666667
1438.75
1474.3333333333333
1449.25
1462.5
1452.5
1456.75
1457.0
1457.0
1458.1666666666667
1468.9166666666667
1462.5833333333333
1462.5833333333333
1450.6666666666667
1451.6666666666667
1451.6666666666667
1490.8333333333333
1494.25
1422.75
1380.4166666666667
1422.1666666666667
1437.5
1520.25
1489.1666666666667
1477.5833333333333
1441.5833333333333
1406.0833333333333
1399.75
1438.6666666666667
1412.0
1410.1666666666667
1410.1666666666667
1436.6666666666667
1418.3333333333333
1448.0833333333333
1439.5
1445.8333333333333
1361.1666666666667
1342.1666666666667
1341.0
1323.75
1337.6666666666667
1383.4166666666667
1373.5
1357.0833333333333
1368.0
1369.1666666666667
1399.0833333333333
1373.75
1374.0833333333333
1372.4166666666667
1370.9166666666667
1377.25
1397.6666666666667
1361.25
1369.75
1369.8333333333333
1353.25
1356.3333333333333
1352.5833333333333
1352.5833333333333
1352.5833333333333
1341.4166666666667
1326.25
1402.0
1359.4166666666667
1386.0
1370.4166666666667
1370.1666666666667
1339.4166666666667
1366.3333333333333
1432.4166666666667
1402.4166666666667
1342.9166666666667
1348.6666666666667
1301.8333333333333
1300.75
1395.9166666666667
1377.0833333333333
1373.5
1373.5
1407.25
1373.6666666666667
1369.5833333333333
1351.5
1351.5
1326.4166666666667
1334.4166666666667
1305.8333333333333
1303.9166666666667
1303.9166666666667
1462.3333333333333
1434.4166666666667
1446.25
1430.8333333333333
1464.4166666666667
1440.75
1401.9166666666667
1347.25
1396.5
1368.5833333333333
1382.9166666666667
1410.0833333333333
1410.8333333333333
1389.9166666666667
1401.5833333333333
1420.4166666666667
1346.8333333333333
1356.4166666666667
1355.5
1345.9166666666667
1375.5
1368.0
1348.8333333333333
1359.8333333333333
1367.25
1354.9166666666667
1354.9166666666667
1354.9166666666667
1346.9166666666667
1332.0833333333333
1350.0
1350.0
1392.1666666666667
1385.25
1378.75
1347.5833333333333
1347.5833333333333
1347.3333333333333
1356.0
1347.3333333333333
1371.0
1369.3333333333333
1388.8333333333333
1378.75
1374.1666666666667
1378.5833333333333
1376.0
1361.75
1361.75
1331.8333333333333
1340.75
1340.75
1323.5833333333333
1323.5833333333333
1323.5833333333333
1319.9166666666667
1307.9166666666667
1307.9166666666667
1348.9166666666667
1325.0833333333333
1306.8333333333333
1316.0833333333333
1312.25
1330.5833333333333
1331.0
1325.9166666666667
1322.1666666666667
1322.1666666666667
1321.5
1321.4166666666667
1325.5
1361.3333333333333
1351.6666666666667
1351.6666666666667
1343.8333333333333
1371.8333333333333
1371.8333333333333
1376.5833333333333
1376.5833333333333
1367.3333333333333
1363.5
1395.4166666666667
1376.9166666666667
1380.25
1366.6666666666667
1374.6666666666667
1377.1666666666667
1381.3333333333333
1382.0
