3600.0
2870.0
3450.0
3845.0
2705.0
3190.0
2460.0
2460.0
3300.0
3495.0
3145.0
3145.0
3145.0
3145.0
3145.0
3145.0
3145.0
3145.0
3145.0
3310.0
3310.0
3310.0
3310.0
3310.0
3310.0
3310.0
3310.0
3310.0
3310.0
3310.0
3310.0
3310.0
3310.0
3310.0
3310.0
3310.0
3310.0
3310.0
3310.0
3310.0
3310.0
3310.0
3310.0
3310.0
3310.0
3310.0
3310.0
3310.0
3310.0
2970.0
2970.0
2970.0
2970.0
2970.0
2970.0
2970.0
2970.0
2245.0
2245.0
2245.0
2245.0
2245.0
2245.0
2245.0
2245.0
2245.0
2245.0
2245.0
2245.0
2245.0
2245.0
2245.0
2245.0
2245.0
2245.0
2245.0
2245.0
2245.0
2245.0
2245.0
2245.0
2245.0
2245.0
2245.0
2245.0
2245.0
2245.0
2245.0
2245.0
2245.0
2245.0
2245.0
2245.0
2245.0
2245.0
2245.0
2245.0
2245.0
2245.0
2245.0
2245.0
2245.0
2245.0
2245.0
2245.0
2245.0
2245.0
2245.0
2245.0
2245.0
2245.0
2305.0
3660.0
3660.0
3660.0
3660.0
3660.0
3660.0
3660.0
3660.0
3660.0
3660.0
3660.0
3660.0
3660.0
3660.0
3660.0
3660.0
3660.0
3660.0
3660.0
3660.0
3660.0
3660.0
3660.0
3660.0
3660.0
3660.0
3660.0
3660.0
3660.0
3660.0
3660.0
3660.0
3660.0
3660.0
3660.0
3660.0
3660.0
3660.0
3660.0
3660.0
3660.0
3660.0
3660.0
3660.0
3660.0
3505.0
3505.0
3505.0
3505.0
3505.0
3505.0
3505.0
3505.0
3505.0
3505.0
3505.0
3505.0
3505.0
3505.0
3505.0
3505.0
3505.0
3505.0
3505.0
3505.0
3505.0
3505.0
3505.0
3505.0
3505.0
3505.0
3505.0
3505.0
3505.0
3505.0
3505.0
3505.0
3505.0
3505.0
3505.0
3505.0
3505.0
3505.0
3505.0
3505.0
3505.0
3505.0
3685.0
