30.46115753636645
31.59841117655116
33.89695113833045
33.89695113833045
33.89695113833045
33.89695113833045
33.89695113833045
33.89695113833045
33.89695113833045
33.89695113833045
33.89695113833045
38.73685837971552
38.73685837971552
43.47207399501957
43.47207399501957
44.74050853361198
40.32130421019309
40.32130421019309
44.74050853361198
44.74050853361198
45.70063694267515
43.17822095599873
44.75406935598019
44.75406935598019
44.75406935598019
44.75406935598019
40.782024062278836
44.311841289522626
43.489030431705594
42.69642533115587
42.69642533115587
42.69642533115587
42.69642533115587
38.39822728711618
38.39822728711618
38.39822728711618
38.39822728711618
38.39822728711618
38.39822728711618
42.69642533115587
42.69642533115587
39.03753251579338
42.69642533115587
42.69642533115587
42.69642533115587
44.311841289522626
44.311841289522626
44.311841289522626
44.311841289522626
44.311841289522626
44.311841289522626
44.311841289522626
44.47716470345113
44.89047323827237
44.89047323827237
44.89047323827237
44.89047323827237
44.89047323827237
44.89047323827237
44.89047323827237
44.89047323827237
44.89047323827237
44.89047323827237
44.89047323827237
44.89047323827237
44.89047323827237
44.89047323827237
44.89047323827237
44.89047323827237
44.89047323827237
44.89047323827237
42.37100348211459
42.37100348211459
44.89047323827237
44.89047323827237
44.89047323827237
44.89047323827237
44.89047323827237
44.89047323827237
44.89047323827237
44.89047323827237
44.89047323827237
44.89047323827237
44.89047323827237
44.89047323827237
44.89047323827237
44.89047323827237
44.89047323827237
44.89047323827237
44.89047323827237
44.89047323827237
44.89047323827237
44.89047323827237
44.89047323827237
44.89047323827237
44.89047323827237
44.89047323827237
44.89047323827237
44.89047323827237
44.89047323827237
44.89047323827237
44.89047323827237
44.89047323827237
44.89047323827237
44.89047323827237
44.89047323827237
44.89047323827237
44.89047323827237
44.89047323827237
44.89047323827237
44.89047323827237
44.89047323827237
44.89047323827237
46.81104833647207
46.81104833647207
49.141749723145075
49.141749723145075
49.141749723145075
49.141749723145075
49.141749723145075
49.141749723145075
49.141749723145075
49.141749723145075
49.141749723145075
49.141749723145075
49.141749723145075
50.49554565701558
50.49554565701558
50.49554565701558
50.49554565701558
50.49554565701558
50.49554565701558
50.49554565701558
50.49554565701558
50.49554565701558
50.49554565701558
50.49554565701558
50.49554565701558
50.49554565701558
50.49554565701558
50.49554565701558
50.49554565701558
50.49554565701558
50.49554565701558
50.49554565701558
50.49554565701558
50.49554565701558
50.49554565701558
50.49554565701558
50.49554565701558
50.49554565701558
50.49554565701558
50.49554565701558
50.49554565701558
50.49554565701558
50.49554565701558
50.49554565701558
50.49554565701558
50.49554565701558
50.49554565701558
50.49554565701558
50.49554565701558
50.49554565701558
50.49554565701558
50.49554565701558
50.49554565701558
50.49554565701558
50.49554565701558
50.49554565701558
50.49554565701558
50.49554565701558
50.49554565701558
50.49554565701558
50.49554565701558
50.49554565701558
50.49554565701558
50.49554565701558
50.49554565701558
50.49554565701558
50.49554565701558
50.49554565701558
50.49554565701558
50.49554565701558
50.49554565701558
50.49554565701558
50.49554565701558
50.49554565701558
50.49554565701558
50.49554565701558
50.49554565701558
50.49554565701558
50.49554565701558
50.49554565701558
50.49554565701558
50.49554565701558
50.49554565701558
50.49554565701558
50.49554565701558
50.49554565701558
50.49554565701558
50.49554565701558
