15480.0
13300.0
4620.0
4620.0
4620.0
4620.0
4420.0
4420.0
4420.0
4420.0
4420.0
4420.0
4420.0
4420.0
4420.0
4420.0
4420.0
4420.0
4420.0
4420.0
4420.0
4420.0
4420.0
4420.0
4420.0
4420.0
4420.0
4420.0
4420.0
4420.0
4420.0
4420.0
4420.0
4420.0
4420.0
4420.0
4420.0
4420.0
4420.0
4420.0
4420.0
4420.0
4420.0
4420.0
4420.0
4420.0
4420.0
4420.0
4420.0
4420.0
4420.0
4420.0
4420.0
4420.0
4420.0
4420.0
4420.0
4420.0
4420.0
4420.0
4420.0
4420.0
4420.0
4420.0
4420.0
4420.0
4420.0
4420.0
4420.0
4420.0
4420.0
4420.0
4420.0
4420.0
4420.0
4420.0
4420.0
4420.0
4420.0
4420.0
4420.0
4420.0
4420.0
4420.0
4420.0
4420.0
4420.0
4420.0
4420.0
4420.0
4420.0
4420.0
4420.0
4420.0
4420.0
4420.0
4420.0
4420.0
4420.0
4420.0
4420.0
4420.0
4420.0
4420.0
4420.0
4420.0
4420.0
4420.0
4420.0
4420.0
4420.0
4420.0
4420.0
4420.0
4420.0
4420.0
4420.0
4420.0
4420.0
4420.0
4420.0
4420.0
4420.0
4420.0
4420.0
4420.0
4420.0
4420.0
4420.0
4420.0
4420.0
4420.0
4420.0
4420.0
4420.0
4420.0
4420.0
4420.0
4420.0
4420.0
4420.0
4420.0
4420.0
4420.0
4420.0
4420.0
4420.0
4420.0
4420.0
4420.0
4420.0
4420.0
4420.0
4420.0
4420.0
4420.0
4420.0
4420.0
4420.0
4420.0
4420.0
4420.0
4420.0
4420.0
4420.0
4420.0
4420.0
4420.0
4420.0
4420.0
4420.0
4420.0
4420.0
4420.0
4420.0
4420.0
4420.0
4420.0
4420.0
4420.0
4420.0
4420.0
4420.0
4420.0
4420.0
4420.0
4420.0
4420.0
4420.0
4420.0
4420.0
4420.0
4420.0
4420.0
4420.0
4420.0
4420.0
4420.0
4420.0
4420.0
4420.0
