46281.75
38598.916666666664
35186.333333333336
29414.416666666668
25688.25
24050.416666666668
24292.166666666668
26018.5
27749.0
26958.166666666668
27474.333333333332
29040.0
30788.166666666668
32099.166666666668
30387.833333333332
33221.833333333336
32615.916666666668
31320.25
33237.833333333336
32872.5
33536.166666666664
31015.333333333332
31862.333333333332
32406.0
32629.333333333332
33481.333333333336
34414.0
34329.0
33218.166666666664
31713.833333333332
32042.833333333332
30863.166666666668
32257.833333333332
32793.166666666664
33280.166666666664
32646.5
33214.833333333336
32697.833333333332
32700.833333333332
34146.166666666664
33616.833333333336
32271.5
32829.833333333336
32801.166666666664
34591.833333333336
35831.833333333336
35800.5
35740.833333333336
36296.166666666664
36256.166666666664
36121.166666666664
36483.166666666664
38400.5
39041.833333333336
39041.833333333336
39054.166666666664
39130.5
39087.166666666664
39087.166666666664
39087.166666666664
39087.166666666664
39135.833333333336
39199.5
39128.833333333336
39092.5
39092.5
39117.333333333336
39152.666666666664
39348.333333333336
39395.333333333336
39400.0
38305.0
37939.0
38567.0
37925.333333333336
37925.333333333336
37925.333333333336
37925.333333333336
37979.333333333336
37979.333333333336
38009.333333333336
38054.666666666664
38074.166666666664
38109.5
38109.5
38109.5
38090.833333333336
37548.5
37453.5
37418.166666666664
38641.333333333336
39795.0
39851.666666666664
39935.0
39295.666666666664
39312.666666666664
39312.666666666664
39312.666666666664
39312.666666666664
39329.666666666664
39329.666666666664
39333.0
39333.0
39359.333333333336
39889.666666666664
39952.0
39952.0
39333.666666666664
39333.666666666664
39244.0
39230.666666666664
39230.666666666664
39230.666666666664
39227.333333333336
39227.333333333336
39838.666666666664
39855.666666666664
39875.333333333336
39895.0
39858.666666666664
39841.666666666664
39841.666666666664
39854.666666666664
39854.666666666664
39891.333333333336
39819.666666666664
39819.666666666664
39819.666666666664
39869.333333333336
39862.333333333336
39912.0
39971.666666666664
39947.666666666664
39495.0
39459.666666666664
39489.666666666664
39561.666666666664
39485.5
39494.166666666664
39542.833333333336
39463.166666666664
39073.833333333336
39056.833333333336
39048.833333333336
39078.833333333336
39078.833333333336
38975.833333333336
38975.833333333336
38975.833333333336
38936.166666666664
38944.833333333336
38948.166666666664
38948.166666666664
38978.166666666664
38978.166666666664
38978.166666666664
38921.5
38921.5
38921.5
38921.5
38928.5
38928.5
38978.166666666664
38993.5
38993.5
38993.5
38993.5
38349.833333333336
38386.5
38373.5
37956.5
37925.166666666664
37422.833333333336
37422.833333333336
37392.833333333336
36990.166666666664
36953.5
36990.166666666664
36990.166666666664
36990.166666666664
36977.166666666664
36978.833333333336
36918.833333333336
36452.5
36445.166666666664
36445.166666666664
36445.166666666664
36445.166666666664
36445.166666666664
36475.166666666664
36475.166666666664
36475.166666666664
36543.833333333336
36543.833333333336
36543.833333333336
36543.833333333336
36573.833333333336
36573.833333333336
36573.833333333336
36470.166666666664
36329.5
