109940.0
109940.0
108290.0
121480.0
105050.0
85880.0
112230.0
85340.0
107990.0
88930.0
105390.0
113040.0
91400.0
86610.0
107740.0
96080.0
101890.0
108680.0
97060.0
95070.0
96365.0
99890.0
93560.0
107230.0
104370.0
103080.0
110130.0
96700.0
106290.0
114030.0
114050.0
103510.0
113630.0
114050.0
100950.0
101990.0
104350.0
100950.0
101500.0
98510.0
114050.0
106380.0
104170.0
109080.0
104210.0
98470.0
112090.0
100500.0
117050.0
114050.0
104850.0
102100.0
114050.0
106500.0
101700.0
110410.0
91900.0
104210.0
113260.0
98750.0
102310.0
108110.0
104210.0
117650.0
112040.0
102300.0
106910.0
102350.0
118285.0
99070.0
108110.0
117390.0
115780.0
110210.0
103110.0
125110.0
103510.0
109790.0
117050.0
110510.0
106850.0
118670.0
114650.0
109200.0
113360.0
108110.0
97280.0
96430.0
113650.0
110410.0
114250.0
109670.0
122305.0
107310.0
114050.0
118570.0
106910.0
108110.0
110710.0
110710.0
103510.0
108110.0
117560.0
101700.0
106410.0
104210.0
109830.0
103110.0
103110.0
100950.0
103880.0
111190.0
102560.0
113310.0
101700.0
108230.0
105000.0
104700.0
101700.0
104760.0
99130.0
110250.0
106910.0
103110.0
103550.0
104850.0
113360.0
110310.0
106910.0
124995.0
108110.0
110510.0
110510.0
103110.0
113630.0
122295.0
123240.0
115190.0
119250.0
100950.0
105900.0
110400.0
105290.0
108690.0
98100.0
106910.0
110280.0
103110.0
110740.0
106910.0
116790.0
105900.0
106250.0
105490.0
106910.0
108110.0
110410.0
115300.0
106250.0
111710.0
114670.0
111710.0
98510.0
94950.0
104850.0
100280.0
112880.0
118650.0
106910.0
107500.0
106910.0
116990.0
121260.0
107110.0
107910.0
108110.0
103110.0
105910.0
111710.0
100470.0
104990.0
114880.0
106710.0
105900.0
105900.0
106910.0
110510.0
116430.0
104850.0
108110.0
99560.0
111710.0
118670.0
107930.0
103110.0
101700.0
115890.0
111710.0
108110.0
122230.0
105850.0
