56.92254174397032
60.81954498448811
60.81954498448811
61.468129571577855
61.468129571577855
61.468129571577855
61.468129571577855
63.14374646293152
63.40870062965082
63.40870062965082
63.40870062965082
63.40870062965082
64.65873836608066
64.65873836608066
64.65873836608066
64.65873836608066
64.65873836608066
64.65873836608066
66.37473460721868
66.37473460721868
66.37473460721868
66.37473460721868
66.37473460721868
66.37473460721868
66.37473460721868
66.37473460721868
66.37473460721868
66.37473460721868
66.37473460721868
66.37473460721868
66.37473460721868
66.37473460721868
66.37473460721868
66.37473460721868
66.37473460721868
66.37473460721868
66.37473460721868
66.37473460721868
66.37473460721868
66.37473460721868
66.37473460721868
66.37473460721868
66.37473460721868
66.37473460721868
66.37473460721868
66.37473460721868
66.37473460721868
66.37473460721868
66.37473460721868
66.37473460721868
66.37473460721868
66.37473460721868
66.37473460721868
66.37473460721868
66.37473460721868
66.37473460721868
66.37473460721868
66.37473460721868
66.37473460721868
66.37473460721868
66.37473460721868
66.37473460721868
66.37473460721868
66.37473460721868
66.37473460721868
66.37473460721868
66.37473460721868
66.37473460721868
66.37473460721868
66.37473460721868
66.37473460721868
66.37473460721868
66.37473460721868
66.37473460721868
66.37473460721868
66.37473460721868
66.37473460721868
66.37473460721868
66.37473460721868
66.37473460721868
66.37473460721868
66.37473460721868
66.37473460721868
66.37473460721868
66.37473460721868
66.37473460721868
66.37473460721868
66.37473460721868
66.37473460721868
66.37473460721868
66.37473460721868
66.37473460721868
66.37473460721868
66.37473460721868
66.37473460721868
66.37473460721868
66.37473460721868
66.37473460721868
66.37473460721868
66.37473460721868
66.37473460721868
66.37473460721868
66.37473460721868
66.37473460721868
66.37473460721868
66.37473460721868
66.37473460721868
66.37473460721868
66.37473460721868
66.37473460721868
66.37473460721868
66.37473460721868
66.37473460721868
66.37473460721868
66.37473460721868
66.37473460721868
66.37473460721868
66.37473460721868
66.37473460721868
66.37473460721868
66.37473460721868
66.37473460721868
66.37473460721868
66.37473460721868
66.37473460721868
66.37473460721868
66.37473460721868
66.37473460721868
66.37473460721868
66.37473460721868
66.37473460721868
66.37473460721868
66.37473460721868
66.37473460721868
66.37473460721868
66.37473460721868
67.15581643543223
67.15581643543223
67.15581643543223
67.15581643543223
67.15581643543223
67.15581643543223
67.15581643543223
67.15581643543223
67.15581643543223
67.15581643543223
67.15581643543223
67.15581643543223
67.15581643543223
67.15581643543223
67.15581643543223
67.15581643543223
67.15581643543223
67.15581643543223
67.15581643543223
67.15581643543223
67.15581643543223
67.15581643543223
67.15581643543223
67.15581643543223
67.15581643543223
67.15581643543223
67.15581643543223
67.15581643543223
67.15581643543223
67.15581643543223
67.15581643543223
67.15581643543223
67.15581643543223
67.15581643543223
67.15581643543223
67.15581643543223
67.15581643543223
67.15581643543223
67.15581643543223
67.15581643543223
67.15581643543223
67.15581643543223
67.15581643543223
67.15581643543223
67.15581643543223
67.15581643543223
67.15581643543223
67.15581643543223
67.15581643543223
67.15581643543223
67.15581643543223
67.15581643543223
67.15581643543223
67.15581643543223
67.15581643543223
67.15581643543223
67.15581643543223
67.15581643543223
67.15581643543223
67.15581643543223
67.15581643543223
67.15581643543223
67.15581643543223
67.15581643543223
67.15581643543223
