42.134165717137506
47.92330994570507
49.97111070826166
49.95865763460233
49.55003323221631
49.86891377085096
49.912632132571794
51.53127464445604
52.1830840367668
52.2571788201245
53.21973096135604
54.58601381328586
55.62928136085068
56.57456598369391
56.11799849144259
57.36073541686041
57.05507071700374
56.49555560004002
57.41576602048778
57.461316699260415
57.835497846364134
56.95057988728819
57.476319417763015
57.73891510211445
57.930752054450885
58.27985952402365
58.50140794736998
58.75876880602503
58.12324438166971
57.3580094169368
57.485075571829356
57.16134044612922
57.81288886872529
57.88554775677401
57.99632886462734
57.73617908629218
57.95833949462353
57.7383108421072
57.75346185941338
58.545777650690574
58.28122768494392
57.412161531870886
57.82254776187635
57.7841179662216
58.515081718767576
59.10987435543235
59.09016864751748
59.029284962344754
59.309563933973116
59.26335333459417
59.132659875294834
59.23129860328252
60.11793721605592
60.40808617772079
60.40808617772079
60.42634454702661
60.51366081759398
60.48582924002911
60.48582924002911
60.48582924002913
60.48582924002913
60.54082911677164
60.618886369459304
60.54082911677164
60.50687771795859
60.506877717958595
60.57036930854745
60.631467347267154
60.726365037706245
60.77209790309824
60.776759687223276
60.30188696507364
60.15999004530167
60.485241693988804
60.286225539770705
60.2862255397707
60.2862255397707
60.2862255397707
60.36281349844355
60.36281349844355
60.40232345523292
60.43790052889393
60.51534069891151
60.57643873763122
60.57643873763122
60.57643873763122
60.56094881767805
60.30261077991783
60.37150266957686
60.31040463085716
60.777362193614074
61.1904042689004
61.25000137939762
61.34814578579312
61.18736075926342
61.193583667866065
61.193583667866065
61.193583667866065
61.19358366786605
61.1998065764687
61.1998065764687
61.23768952174067
61.23768952174067
61.29018100243608
61.3780588450004
61.44150090546325
61.44150090546325
61.20048801487171
61.20048801487171
61.11803393164955
61.098691068259946
61.09869106825992
61.09869106825992
61.15432133745865
61.15432133745865
61.40514449901859
61.411367407621235
61.426040493415016
61.44071357920881
61.40676218039577
61.400539271793136
61.400539271793136
61.40258609496064
61.40258609496064
61.473182456566725
61.39524566740729
61.41780893297183
61.41780893297183
61.49045211774542
61.48503804983135
61.55768123460494
61.64716485712997
61.640941948527335
61.705812970717965
61.93558618861322
61.993556287593044
62.081384854794514
62.03643084782998
62.07889881008372
62.1961773090687
62.06556402531532
62.15976405539081
62.153541146788164
62.14894391303349
62.206914012013314
62.206914012013314
62.206639162789315
62.206639162789315
62.20663916278934
62.13480481870432
62.177272780958056
62.19669558403958
62.19669558403958
62.254665683019404
62.254665683019404
62.254665683019404
62.17660843033173
62.17660843033173
62.17660843033173
62.17660843033173
62.18202249824576
62.18202249824576
62.254665683019404
62.245976855342754
62.245976855342754
62.24597685534274
62.245976855342754
61.977401995667016
62.032789729316725
61.99950268113
62.02756445400207
61.995221879524586
61.9141414388106
61.9141414388106
61.87463148202122
61.76955048977031
61.7141627561206
61.76955048977031
61.76955048977031
61.76955048977033
61.73626344158358
61.745530452934105
61.66651053935538
61.63752150565669
61.63210743774265
61.63210743774262
61.63210743774262
61.63210743774262
61.63210743774262
61.67161739453199
61.67161739453199
61.67161739453199
61.74002315865194
61.74002315865194
61.74002315865194
61.74002315865194
61.779533115441296
61.779533115441296
61.779533115441296
61.677031462446045
61.53925727331507
