160632.0
166948.0
143758.0
143758.0
142230.0
142230.0
142230.0
138345.0
132470.0
124604.0
113680.0
113680.0
113680.0
113680.0
107452.0
95534.0
95534.0
95534.0
95534.0
95534.0
95534.0
82370.0
82370.0
82370.0
82016.0
82016.0
75356.0
76450.0
67388.0
63806.0
63806.0
63806.0
63806.0
63806.0
63806.0
63806.0
63806.0
63806.0
63806.0
63806.0
62624.0
62624.0
62624.0
62624.0
60412.0
60412.0
60412.0
60412.0
60412.0
60412.0
60412.0
60412.0
60412.0
60412.0
60412.0
60412.0
60412.0
60412.0
60412.0
60412.0
60412.0
60412.0
60412.0
60412.0
60412.0
60412.0
60412.0
60412.0
60412.0
60412.0
60412.0
60412.0
60412.0
60412.0
60412.0
60412.0
59142.0
59142.0
59142.0
59142.0
59142.0
59142.0
59142.0
59142.0
59142.0
59142.0
59142.0
59142.0
59142.0
59142.0
59142.0
59142.0
59142.0
59142.0
59142.0
59142.0
59142.0
59142.0
59142.0
59142.0
59142.0
59142.0
59142.0
59142.0
59142.0
59142.0
59142.0
59142.0
59142.0
59142.0
59142.0
53206.0
48786.0
48786.0
48786.0
48786.0
48786.0
48786.0
48786.0
48786.0
48786.0
48786.0
48786.0
48786.0
48786.0
48786.0
48786.0
48786.0
48786.0
48786.0
48786.0
48786.0
48786.0
48786.0
48786.0
48786.0
48786.0
48786.0
48786.0
48786.0
48786.0
48786.0
48786.0
48786.0
48786.0
48786.0
48382.0
48382.0
48382.0
48382.0
48382.0
48382.0
48382.0
48382.0
48382.0
48382.0
48382.0
48382.0
47466.0
47466.0
47466.0
47466.0
47466.0
47466.0
47466.0
47466.0
47466.0
47466.0
47466.0
47466.0
47466.0
47466.0
47466.0
47466.0
47466.0
47466.0
47466.0
45626.0
45626.0
45626.0
45626.0
43560.0
43560.0
43560.0
43560.0
43560.0
43560.0
43560.0
43560.0
43560.0
43560.0
43560.0
43560.0
43560.0
43560.0
43560.0
43560.0
43560.0
43560.0
43560.0
43560.0
43560.0
43560.0
43560.0
43560.0
43560.0
43560.0
43560.0
43560.0
43560.0
43560.0
43560.0
43560.0
43560.0
43560.0
43560.0
43560.0
43560.0
43560.0
43560.0
43560.0
43560.0
43560.0
43560.0
43560.0
43560.0
43560.0
43560.0
43560.0
43560.0
43560.0
43560.0
43560.0
43560.0
43560.0
43560.0
43560.0
43560.0
43560.0
43560.0
43560.0
43560.0
43560.0
43560.0
43560.0
43560.0
43560.0
43560.0
43560.0
43560.0
43560.0
43560.0
43560.0
43560.0
43560.0
43560.0
43560.0
43560.0
43560.0
43560.0
43560.0
43560.0
43560.0
43560.0
43560.0
43560.0
43560.0
43560.0
43560.0
43560.0
43560.0
43560.0
43560.0
43508.0
43508.0
43508.0
43508.0
43508.0
43508.0
43508.0
43508.0
43508.0
43508.0
43508.0
43508.0
43508.0
43508.0
43508.0
43508.0
43508.0
43508.0
43508.0
43508.0
43508.0
43508.0
43508.0
43508.0
43508.0
43508.0
43508.0
43508.0
43508.0
43508.0
43508.0
43508.0
43508.0
43508.0
43508.0
43508.0
43508.0
43508.0
43508.0
43508.0
43508.0
43508.0
43490.0
43490.0
43490.0
43490.0
43490.0
43490.0
43490.0
43490.0
43490.0
43490.0
43490.0
43490.0
43490.0
43490.0
43490.0
43490.0
43490.0
43490.0
43490.0
43490.0
43490.0
43490.0
43490.0
43490.0
43490.0
43490.0
43490.0
43490.0
43490.0
43490.0
43490.0
43490.0
43490.0
43490.0
43490.0
43490.0
43490.0
43490.0
43490.0
43490.0
43490.0
43490.0
43490.0
43490.0
43490.0
43490.0
43490.0
43490.0
43490.0
43490.0
43490.0
43490.0
43490.0
43490.0
43490.0
43490.0
43490.0
43490.0
43490.0
43490.0
43490.0
43490.0
43490.0
43490.0
43490.0
43490.0
43490.0
43490.0
43490.0
43490.0
43490.0
43490.0
43490.0
43490.0
43490.0
43490.0
43490.0
43490.0
43490.0
43490.0
43490.0
43490.0
43490.0
43490.0
43490.0
