61.874339828820965
63.81889589453029
63.934831876861985
65.78846145156494
68.61240104099048
69.05871359850335
69.18923684843695
70.56359960781816
71.32036956580707
72.22793524810531
71.08319463158945
72.52099347706093
73.28914420222046
73.51101481606335
73.98988966228866
73.7249755375295
73.87282922200669
74.43989677999555
74.24451209627571
74.23179227850001
74.53704984213118
75.46812213109088
75.06676264364526
74.13210605915455
74.06135537098501
74.9719664360773
74.98152825686527
75.0717001779276
75.09619481118602
74.27630741331173
73.84007271038683
74.08854235383548
74.28185845272266
74.52660543858113
74.37089924689046
74.47423583433003
74.62918413325902
74.62171668642988
74.8235307281818
75.03724082407398
75.32610582584478
74.59400590886906
74.94786457967128
76.17113118310253
76.17513805617945
76.26794586704818
76.22536452537013
75.61922334885703
75.79787852766663
75.93541990405062
75.74589064874411
75.74990874142702
75.793245170058
75.79593379673351
75.79593379673351
75.63318264633834
75.85690007475185
75.58448006701845
75.8956869320925
75.74385328083395
76.08932694395473
76.34151578931777
75.83223699995965
76.0371309045585
75.76133485512423
76.22206027465776
76.19866766825226
76.40493693586627
76.60747936409952
76.54747656260065
77.30799805871442
77.50804926553947
77.43596367578635
77.37175568165354
77.65270342717905
77.70989102827383
77.65685710734454
77.7530726118927
77.67774735830999
77.68832952209327
77.43229445021608
77.19946509386543
77.52843537215111
77.68801468810244
77.68801468810244
77.3465965608064
77.3465965608064
77.87972400986025
77.8819610277488
77.9016032394864
77.93218947262228
77.93218947262228
77.90638207667864
77.90638207667864
77.90638207667864
77.91731162194246
77.92962714526001
77.87004981675626
77.69809605327043
77.76696112613128
77.76696112613128
77.76696112613128
77.80354917794287
77.80354917794287
77.80354917794287
77.43680535267478
77.54015919437198
77.73211100552159
77.78086944628357
77.64348118790434
77.53722900861725
77.05443473372853
75.90331031313264
76.84281929934316
77.17920382086338
76.41893562013259
76.41893562013259
76.4449932973683
76.41329602213555
76.3911143273042
75.98121467360781
76.18885934262431
76.45579392059162
76.51271188734475
76.52628153527202
76.53884907483138
76.63053218788795
76.63053218788795
76.63053218788795
76.64663055484566
76.96777881865049
76.79279571388466
76.98625803994891
76.97221380219507
76.9403304894794
76.78168000153491
76.29278630080614
76.38637717729381
76.53395279715073
76.53395279715073
76.70918621407618
76.36337519275254
76.94684611530022
76.77008607917269
76.72875908256229
76.458795349671
76.92551883216545
76.93124035713775
76.93655577565175
76.90486842005964
76.72982878064307
76.73751159345427
76.69736965261193
76.71613844407024
76.69981596489936
76.69981596489936
76.73368998364938
77.00243724451447
76.56311844654122
76.64795666075342
76.62529467451675
76.819752903234
76.8126419950307
76.77129431930615
76.76653999967176
76.76653999967176
76.6962348880094
76.96965867060024
77.0084517353869
77.0084517353869
76.82110825922844
76.65843856266807
77.15510686002365
77.18672557890693
77.14850748283553
77.4174795178336
76.88029219061272
76.7845351478456
76.56680056140749
76.65138578242824
76.76252045228907
76.61145421301141
76.44547644550609
76.54578158252146
76.57969026369334
76.57969026369334
76.51176520189415
76.23096304914375
76.70895619102387
76.65682044594179
76.85327194689967
76.15933806260604
76.60175311086927
76.56215814562749
76.56215814562749
76.95179133142479
76.95179133142479
77.13039280434518
77.02398102444307
76.85032548931274
76.82317197313876
76.81515504659939
76.72137864036377
76.71996436506136
76.84016890259306
76.80216118889867
76.79389101342878
76.79389101342878
76.79389101342878
76.79389101342878
76.79389101342878
76.75957323396226
76.75957323396226
77.52601643119388
76.55064760232118
76.71442611855133
76.71901493317722
76.63966868012837
76.8443412477208
76.64139762221889
76.7520123823682
77.0367481603266
76.98349689174634
76.64432611196915
76.64432611196915
76.98664751017941
76.71722151655624
76.71722151655624
76.71722151655624
76.39831674236866
76.48718713469741
76.62142618750022
76.62142618750022
77.04442072936052
77.05942381676348
77.03454749695376
77.75553474544135
77.9548828932784
77.9548828932784
77.52740363312839
77.5409760851913
77.5409760851913
77.5182903983312
77.54773018945457
77.54773018945457
77.90668524516938
77.68496399823377
77.68496399823377
77.70951432297089
77.8440864799325
77.79233669675466
77.79233669675466
77.79233669675466
77.79533763156374
77.79533763156374
77.83498560173092
77.57248956022097
77.57248956022097
77.71991625030753
77.71991625030753
77.66745043775279
77.66745043775279
77.54520390182539
77.48379914443625
77.4900129192669
77.49618335283277
77.50747375230921
77.50747375230921
77.50150003665807
77.5196481114981
77.71317937630184
77.6998642645081
77.6998642645081
77.82045004159076
77.82045004159076
77.83726445151169
77.87336407764222
77.82664441108491
77.8526846807414
78.35901503050964
78.41865946456036
78.4009504046765
78.24564608311222
78.38535719240105
78.41041052038094
78.10357045736029
78.19703147633231
78.232387451146
78.55331271756818
78.32130663306265
77.90735890804987
78.2782266336357
78.35139252758785
78.1520645566022
78.24396726089464
78.24396726089464
78.39557475239758
78.39557475239758
78.97217512155132
79.05058388115037
78.7236655206909
78.76752369723442
78.61938396023038
78.63268252969846
78.49776120062958
78.53395359807008
78.53395359807008
78.68421988496198
78.68421988496198
78.59434663577832
78.59434663577832
78.5013652097758
78.50240540013063
78.57878926235163
78.47635154783859
78.34962951391367
78.15994072128258
78.16176883760471
78.16176883760471
78.12618273230581
78.12618273230581
78.12618273230581
78.12618273230581
78.12618273230581
78.12618273230581
78.14917065590764
78.27054607603897
78.27054607603897
78.08472409409633
78.08472409409633
78.21093892685005
78.70633668303321
78.71503512787717
78.66405221535173
78.4181309759685
78.4181309759685
78.68498256661489
78.4765473441583
78.45131960880889
78.45131960880889
78.28328660466768
78.23363495077308
78.173815195626
78.28103045012753
78.28103045012753
78.2438594773342
78.2438594773342
78.23077920887037
78.23077920887037
78.23077920887037
78.14898612035255
78.11576504089501
78.05016636868068
78.04788830337742
78.0550216479583
78.04364456595229
78.04364456595229
78.534662888322
78.8322564888522
78.68824843626673
78.57326147222562
78.74573559321661
78.74573559321661
78.74573559321661
78.64323796759288
78.3557573406966
78.3557573406966
78.38898204734194
78.6627879794238
78.35866827344374
78.36380445792796
78.25727162908693
78.13662215278642
78.2163904500687
78.2163904500687
78.55683898754987
78.28591268061213
78.46859342309105
78.39838368513134
78.57391593015025
78.4887295748924
78.5817732470969
78.59112335130428
78.72479691363826
78.7887609629161
78.8018233829267
78.6530862428371
78.6530862428371
78.61921243539435
78.29677669365431
78.29677669365431
78.33322293249246
78.42460091475019
78.42460091475019
78.71302116668724
78.55836273426027
78.38339867420396
78.42659221124036
78.48564178145266
78.47224162928376
