271518.0714285714
230970.77142857143
235125.3142857143
202907.82857142857
200354.91428571427
209814.48571428572
217388.6
204068.85714285713
191085.6
176436.87142857144
168224.9
154155.0
148717.14285714287
144249.25714285715
137113.37142857144
140552.85714285713
142619.42857142858
138235.88571428572
134390.17142857143
130572.6
126614.28571428571
128248.25714285714
119837.4
113968.34285714285
112699.85714285714
110661.05714285714
108999.68571428572
101297.4857142857
103613.28571428571
103499.45714285714
103200.82857142857
102296.4857142857
97251.5142857143
96877.91428571429
96205.11428571428
93631.5142857143
93400.02857142857
93475.28571428571
93429.62857142858
93375.68571428572
93219.08571428571
93128.65714285715
91731.0
88931.17142857143
89759.85714285714
90269.02857142857
90252.37142857142
90252.37142857142
90180.65714285715
90180.65714285715
89691.68571428572
89612.62857142858
88855.62857142858
86045.22857142857
86061.85714285714
86061.85714285714
86847.57142857143
85859.4857142857
79650.08571428571
80049.31428571428
79055.05714285714
77935.4857142857
78118.71428571429
78012.34285714285
79506.17142857143
79074.17142857143
79923.8
80393.28571428571
80137.94285714286
80101.54285714286
79907.25714285714
80166.62857142858
80166.62857142858
80048.11428571428
79750.4857142857
79203.42857142857
79169.4857142857
79228.97142857143
79228.97142857143
79982.57142857143
79982.57142857143
79982.57142857143
80158.71428571429
80111.34285714285
79914.2
78464.05714285714
79153.62857142858
78696.4857142857
78696.4857142857
78585.5142857143
79494.25714285714
79095.71428571429
79095.71428571429
78972.4857142857
78972.4857142857
79124.28571428571
79124.28571428571
79343.54285714286
80503.0
80474.45714285714
80567.4
80152.22857142857
80427.71428571429
80263.11428571428
80337.68571428572
80337.68571428572
80015.42857142857
79995.62857142858
79602.54285714286
79396.71428571429
79396.71428571429
79396.71428571429
79054.94285714286
79054.94285714286
79063.37142857142
79063.37142857142
79063.37142857142
77385.77142857143
77132.68571428572
77628.11428571428
76841.25714285714
77936.28571428571
77903.54285714286
77798.74285714286
77727.05714285714
77585.8
77256.97142857143
77543.17142857143
77407.34285714285
77390.08571428571
76746.25714285714
75021.4857142857
75128.45714285714
75200.17142857143
73634.25714285714
73755.77142857143
72410.37142857142
73746.17142857143
73677.82857142857
73221.6
73221.6
73574.88571428572
73691.25714285714
73691.25714285714
73452.74285714286
72804.2
73582.25714285714
73499.17142857143
73499.17142857143
73190.65714285715
73190.65714285715
73190.65714285715
73186.5142857143
73186.5142857143
73315.11428571428
73315.11428571428
73315.11428571428
72697.45714285714
72697.45714285714
73660.37142857142
73660.37142857142
73544.25714285714
73215.31428571428
72889.82857142857
72889.82857142857
72889.82857142857
73327.37142857142
76991.0
76986.57142857143
76697.82857142857
76149.22857142857
75585.22857142857
74647.91428571429
75143.17142857143
75119.85714285714
74240.05714285714
74240.05714285714
73420.91428571429
73420.91428571429
73420.91428571429
74553.37142857142
73924.68571428572
73918.97142857143
73918.97142857143
73785.14285714286
72975.54285714286
73303.2
72930.8
72930.8
71855.54285714286
71844.11428571428
71841.62857142858
71841.62857142858
72221.74285714286
72221.74285714286
72221.74285714286
72221.74285714286
72114.08571428571
72864.28571428571
73863.77142857143
72618.0
73685.62857142858
73289.65714285715
73289.65714285715
73236.57142857143
73065.54285714286
73065.54285714286
73169.4857142857
73169.4857142857
73169.4857142857
73169.4857142857
73298.05714285714
73298.05714285714
73211.31428571428
73211.31428571428
73211.31428571428
76752.37142857142
76553.74285714286
76505.22857142857
76966.17142857143
76426.65714285715
75181.88571428572
74368.37142857142
74773.57142857143
73878.88571428572
73959.17142857143
73959.17142857143
74303.42857142857
73994.91428571429
74106.68571428572
73858.6
73858.6
73110.91428571429
72979.4857142857
72979.4857142857
72979.4857142857
74380.31428571428
74380.31428571428
74597.25714285714
73514.82857142857
73546.34285714285
73677.14285714286
73429.4
70756.8
70756.8
71653.6
71476.85714285714
70356.65714285715
70356.65714285715
70264.34285714285
70264.34285714285
71223.94285714286
71223.94285714286
71312.57142857143
71175.71428571429
71609.25714285714
71520.28571428571
71490.62857142858
71514.5142857143
71514.5142857143
71514.5142857143
70309.6
70345.74285714286
70345.74285714286
69893.88571428572
69246.4
70087.85714285714
71585.82857142857
70975.85714285714
70975.85714285714
70975.85714285714
70408.94285714286
70408.94285714286
70408.94285714286
70408.94285714286
70458.45714285714
69755.05714285714
69551.91428571429
69551.91428571429
69393.65714285715
69393.65714285715
69393.65714285715
69393.65714285715
69393.65714285715
69150.37142857142
69037.4857142857
68707.17142857143
68707.17142857143
69401.68571428572
66495.85714285714
68668.97142857143
69349.37142857142
68561.02857142857
68498.22857142857
67817.82857142857
68326.28571428571
70098.97142857143
70017.68571428572
70149.68571428572
69874.08571428571
68709.34285714285
68207.62857142858
68207.62857142858
65196.91428571429
72471.88571428572
71775.5142857143
71221.54285714286
73334.57142857143
72842.28571428571
72424.4
71952.8
71754.85714285714
72209.17142857143
72137.88571428572
72137.88571428572
71781.88571428572
71878.17142857143
71537.2
71583.37142857142
73061.6
72601.37142857142
71228.65714285715
73687.62857142858
71192.85714285714
71247.17142857143
70992.57142857143
70638.22857142857
71027.82857142857
71212.6
71212.6
71212.6
71169.65714285715
71086.37142857142
73030.22857142857
71838.88571428572
71902.4
66506.68571428572
66506.68571428572
65623.2
65511.37142857143
65511.37142857143
65511.37142857143
65511.37142857143
65511.37142857143
65511.37142857143
65511.37142857143
64009.45714285714
64307.42857142857
64307.42857142857
64307.42857142857
64865.28571428572
64865.28571428572
64962.28571428572
64221.142857142855
64697.828571428574
64435.25714285715
64500.171428571426
63312.02857142857
63312.02857142857
63312.02857142857
63180.2
63180.2
63180.2
63901.114285714284
63901.114285714284
63901.114285714284
63901.114285714284
63809.57142857143
62976.885714285716
62788.142857142855
62788.142857142855
62788.142857142855
62798.94285714286
62798.94285714286
62798.94285714286
62861.94285714286
62857.91428571429
62857.91428571429
62863.34285714286
62418.485714285714
62418.485714285714
62209.65714285714
62209.65714285714
62209.65714285714
61992.8
61375.28571428572
61375.28571428572
62250.828571428574
62536.77142857143
62291.514285714286
62291.514285714286
62985.62857142857
62972.71428571428
62972.71428571428
62972.71428571428
62972.71428571428
62972.71428571428
62972.71428571428
62972.71428571428
62972.71428571428
