59.487161570308025
61.82124921158754
63.86235797834808
62.928509345364155
65.96108171166483
67.28776370449017
68.38352092463138
68.19572402858199
68.38687819434098
68.94498472543881
68.39506447024655
68.79513776671828
69.54749316822186
70.25070817077477
70.70543676511869
71.27630075109904
71.23857148864901
71.15882016559883
70.47556117620444
70.5290894098564
70.02541515568844
70.67746048578331
70.57832441285396
70.01503283322349
70.50192682408144
70.08173829750918
70.18194909208437
71.1195795614109
71.40820663343389
71.41333922777811
71.76638606221582
71.580239643189
72.0264231372676
71.96492100173424
71.94654671177905
71.91459627034921
72.10741227278267
72.11588816493524
72.10639578376895
72.0782355133716
71.75467063172549
71.73044900756491
71.59481929935707
71.94813294770628
72.59497724198141
72.62748089481191
72.60417531170458
72.60417531170458
72.89131987329313
72.89131987329313
72.91193830891477
72.69053964187019
72.44405392097049
72.35115039565451
72.8018862387327
72.8018862387327
72.91268672356536
72.66210365971396
72.94023849988665
73.07321246688858
72.76027369624026
72.5707537789327
72.6241185850218
73.06939978296965
73.24461449469214
73.1666921900023
73.29000460019876
73.27913235424505
74.17909403747055
73.8132319158441
73.81519244388446
73.96131934154144
73.96131934154144
74.03114061522646
74.00534395060022
73.89052974298642
73.76346194572908
73.71713145056121
73.71713145056121
73.60125919377666
73.60125919377666
73.60125919377666
74.04686592959477
73.71132147129701
73.68845098365405
74.35721487614204
74.72559257967907
74.74431412467091
74.74431412467091
74.74049634127297
74.84342695142064
74.9247987895335
74.9247987895335
75.0349229247776
75.0349229247776
75.04245481229768
75.04245481229768
75.062458735065
75.19586984846434
75.44698105890387
75.4477954972672
75.6090186400791
75.61032616434116
75.61010982332417
75.6181378586196
75.6181378586196
75.6152202899356
75.6136822475868
75.47240168536926
75.30034411498401
75.30034411498401
75.30034411498401
75.27280205457404
75.14191017475721
75.15010029782115
75.15010029782115
75.15010029782115
74.5871639664386
74.60824284516566
74.87812220656728
74.44257208863445
74.90571884048715
74.4529934253831
74.47153271860644
74.2528439841595
74.40727708683909
74.11942788500951
74.2521239175413
74.12002956273577
74.11522226169032
73.75899153040025
72.95537082047662
72.96046190865518
73.00396521467692
72.95772225483144
72.99288214963526
73.87048895223818
74.11377128766719
74.18155830078747
73.80608154287533
73.80608154287533
73.87050191526131
73.94829313781663
73.94829313781663
73.95136253617842
73.90929148894791
74.14469461364365
74.25808282227656
74.25808282227656
73.97438379187841
73.97438379187841
73.97438379187841
73.97162300704233
73.97162300704233
73.97704517656614
73.97704517656614
73.97704517656614
73.91658645201228
73.91658645201228
74.26145362243103
74.26145362243103
74.19732927674865
74.03626296685029
73.95708131634113
73.95708131634113
73.95708131634113
74.01651933406589
74.23275943637137
74.16851620154391
73.98483858329296
73.84390378915383
73.84323100997193
74.5874808740593
74.66646882434358
74.65260142524167
74.37311341027836
74.37311341027836
74.34617248893949
74.34617248893949
74.34617248893949
74.58945080296186
74.78650017005033
74.792883603903
74.792883603903
74.64538253932966
74.16341053244278
74.16683778314184
73.97503067612412
73.97503067612412
74.39625407279566
74.24873194477989
74.31092397827159
74.31092397827159
74.28490161009728
74.28490161009728
74.28490161009728
74.28490161009728
74.19508379300133
74.3908694674211
74.55226863879419
74.2463705053202
74.53413155925097
74.41946061494157
74.41946061494157
74.60673633261632
74.51750982244486
74.51750982244486
74.52150064437285
74.52150064437285
74.52150064437285
74.52150064437285
74.55565500775401
74.55565500775401
74.51886367022242
74.51886367022242
74.51886367022242
74.6997556912368
74.68102104250939
74.53651451769178
74.64964066329006
74.34329267612203
74.20821456155254
74.4002180876564
74.67152282614721
74.36705917236183
74.35311409530287
74.35311409530287
74.44515875200187
74.35005991734758
74.36903629042693
74.37226507397305
74.37226507397305
73.98264654505341
73.7247142146037
73.7247142146037
73.7247142146037
73.99026586160528
73.99026586160528
73.95997403404341
73.82663646906556
73.95559369610045
73.9577012059962
73.83273481500187
73.53886358457986
73.53886358457986
73.6364210219673
73.54497091045921
73.56742604267842
73.56742604267842
73.59242452389469
73.59242452389469
73.70179427249428
73.70179427249428
73.71071927260398
73.70653138956635
73.75319554537423
73.70026720750126
73.64148796959493
73.65252489999789
73.65252489999789
73.65252489999789
73.24996358329945
73.27848584399669
73.27848584399669
73.4576178059868
73.14873293976842
73.2409049504339
73.35247469615037
73.2730044547125
73.2730044547125
73.2730044547125
73.20614126897225
73.20614126897225
73.20614126897225
73.20614126897225
73.1556434448815
73.29178973451337
73.21191432791503
73.21191432791503
73.20260245596357
73.20260245596357
73.20260245596357
73.20260245596357
73.20260245596357
73.21321317099076
73.1999559383303
72.96952522956204
72.96952522956204
73.09430262129317
72.98741075167118
73.33995826764675
73.5524749882734
73.23125905293756
73.17539213833328
73.19676326111069
73.22318996029396
73.26770933606583
73.32239832570043
73.46452654692406
73.44695024074804
73.12619136138561
73.16923462111842
73.16923462111842
72.81435856764858
73.63708936992907
73.90194734490069
73.57757180603708
73.99133625558329
73.83318399138027
73.9866066260715
73.85488891375304
73.83271182661737
73.95617439364423
73.96509027263203
73.96509027263203
73.91556246369835
74.07059066845802
73.81152946597922
73.91913973093625
74.05287225532736
73.99495839303393
74.0196392492696
74.13396374086105
73.2621670425347
73.28765030823952
73.32296760796848
73.36744270060385
73.40362241835693
73.43658930481847
73.43658930481847
73.43658930481847
73.3085411292631
73.28704678957767
73.7582927379743
73.88717553859365
73.57794064982176
74.21499552707839
74.21499552707839
74.34471622126814
74.33234235094346
74.33234235094346
74.33234235094346
74.33234235094346
74.33234235094346
74.33234235094346
74.33234235094346
73.96196444238005
74.05204878384784
74.05204878384784
74.05204878384784
74.29579718596644
74.29579718596644
74.46550568892741
74.44990589421032
74.47972096145229
74.53985224841294
74.58048402037494
74.49953764128509
74.49953764128509
74.49953764128509
74.45287362715175
74.45287362715175
74.45287362715175
74.72259129401986
74.72259129401986
74.72259129401986
74.72259129401986
74.529252622953
74.51079805553867
74.56386918468259
74.56386918468259
74.56386918468259
74.57631325600225
74.57631325600225
74.55408732945895
74.6646929701599
74.69439000730311
74.69439000730311
74.70946895134195
74.71304821758578
74.71304821758578
74.77773487775592
74.77773487775592
74.77773487775592
74.81653764117941
74.57303297331498
74.57303297331498
74.62345730062117
74.84324447425298
74.8718909283389
74.8718909283389
74.82120691240303
74.81496487896896
74.81496487896896
74.81496487896896
74.81496487896896
74.81496487896896
74.81496487896896
74.81496487896896
74.81496487896896
