1079237.0
1018571.0
923967.0
923967.0
874787.0
795781.0
795781.0
795781.0
795781.0
795781.0
795781.0
795781.0
795781.0
795781.0
789944.0
789944.0
631463.0
789410.0
789410.0
789410.0
789410.0
737767.0
737767.0
777978.0
777978.0
777978.0
777978.0
750795.0
750795.0
750795.0
750795.0
815540.0
815540.0
815540.0
815540.0
815540.0
815540.0
815540.0
815540.0
815540.0
815540.0
815540.0
815540.0
815540.0
778268.0
778268.0
778268.0
778268.0
742308.0
742308.0
742308.0
725395.0
725395.0
706478.0
706478.0
706478.0
706478.0
706478.0
706478.0
706478.0
706478.0
706478.0
706478.0
706478.0
706478.0
691376.0
691376.0
691376.0
691376.0
691376.0
691376.0
691376.0
691376.0
691376.0
691376.0
691376.0
691376.0
691376.0
691376.0
691376.0
691376.0
691376.0
691376.0
691376.0
697755.0
691376.0
691376.0
691376.0
691376.0
691376.0
691376.0
691376.0
691376.0
691376.0
691376.0
691376.0
691376.0
691376.0
691376.0
691376.0
691376.0
691376.0
691376.0
673231.0
673231.0
673231.0
673231.0
673231.0
673231.0
673231.0
673231.0
673231.0
673231.0
673231.0
673231.0
673231.0
673231.0
673231.0
673231.0
673231.0
673231.0
673231.0
673231.0
673231.0
673231.0
673231.0
673231.0
673231.0
673231.0
673231.0
673231.0
657491.0
657491.0
657491.0
657491.0
657491.0
657491.0
657491.0
657491.0
657491.0
657491.0
657491.0
657491.0
657491.0
657491.0
657491.0
657491.0
657491.0
657491.0
657491.0
657491.0
657491.0
657491.0
657491.0
657491.0
657491.0
657491.0
657491.0
657491.0
657491.0
657491.0
657491.0
657491.0
657491.0
657491.0
657491.0
657491.0
657491.0
657491.0
657491.0
657491.0
657491.0
657491.0
657491.0
657491.0
657491.0
657491.0
588803.0
588803.0
588803.0
588803.0
588803.0
588803.0
588803.0
588803.0
588803.0
588803.0
588803.0
588803.0
588803.0
588803.0
588803.0
588803.0
588803.0
588803.0
588803.0
588803.0
588803.0
588803.0
588803.0
588803.0
588803.0
588803.0
588803.0
588803.0
588803.0
588803.0
588803.0
588803.0
588803.0
588803.0
588803.0
557612.0
557612.0
557612.0
557612.0
557612.0
557612.0
557612.0
557612.0
557612.0
557612.0
557612.0
557612.0
557612.0
557612.0
504698.0
504698.0
504698.0
504698.0
504698.0
504698.0
504698.0
504698.0
504698.0
504698.0
504698.0
498898.0
498898.0
498898.0
498898.0
495536.0
495536.0
495536.0
495536.0
495536.0
495536.0
495536.0
495536.0
495536.0
495536.0
491637.0
491637.0
491637.0
491637.0
491637.0
491637.0
491637.0
491637.0
491637.0
491637.0
491637.0
491637.0
491637.0
491637.0
491637.0
491637.0
491637.0
491637.0
523967.0
523967.0
523967.0
523967.0
523967.0
523967.0
523967.0
523967.0
523967.0
523967.0
540256.0
523967.0
523967.0
523967.0
523967.0
523967.0
523967.0
523967.0
523967.0
523967.0
523967.0
523967.0
523967.0
523967.0
523967.0
523967.0
523967.0
523967.0
523967.0
523967.0
523967.0
523967.0
523967.0
523967.0
523967.0
523967.0
523967.0
523967.0
523967.0
523967.0
523967.0
523967.0
523967.0
523967.0
523967.0
523967.0
523967.0
523967.0
523967.0
523967.0
500252.0
500252.0
500252.0
500252.0
496561.0
496561.0
496561.0
496561.0
496561.0
496561.0
496561.0
496561.0
515343.0
496561.0
496561.0
496561.0
496561.0
496561.0
496561.0
496561.0
496561.0
496561.0
496561.0
496561.0
496561.0
496561.0
496561.0
496561.0
496561.0
496561.0
496561.0
496561.0
496561.0
496561.0
496561.0
496561.0
496561.0
548796.0
496561.0
496561.0
496561.0
496561.0
496561.0
496561.0
496561.0
540027.0
540027.0
540027.0
540027.0
540027.0
540027.0
540027.0
540027.0
540027.0
540027.0
540027.0
540027.0
540027.0
540027.0
540027.0
540027.0
540027.0
492020.0
477846.0
477846.0
477846.0
477846.0
477846.0
477846.0
477846.0
477846.0
477846.0
477846.0
477846.0
477846.0
477846.0
477846.0
477846.0
477846.0
477846.0
477846.0
477846.0
477846.0
477846.0
477846.0
477846.0
477846.0
477846.0
477846.0
470514.0
470514.0
470514.0
568562.0
568562.0
470514.0
475368.0
470514.0
470514.0
470514.0
470514.0
470514.0
470514.0
470514.0
470514.0
470514.0
470514.0
470514.0
470514.0
470514.0
470514.0
470514.0
470514.0
470514.0
470514.0
470514.0
470514.0
470514.0
470514.0
470514.0
470514.0
470514.0
470514.0
470514.0
470514.0
470514.0
470514.0
470514.0
470514.0
470514.0
470514.0
470514.0
470514.0
470514.0
470514.0
470514.0
470514.0
470514.0
470514.0
470514.0
470514.0
470514.0
470514.0
470514.0
470514.0
470514.0
470514.0
470514.0
470514.0
470514.0
470514.0
470514.0
470514.0
470514.0
470514.0
470514.0
470514.0
470514.0
470514.0
470514.0
470514.0
470514.0
470514.0
470514.0
470514.0
470514.0
470514.0
470514.0
470514.0
470514.0
470514.0
470514.0
470514.0
470514.0
470514.0
470514.0
470514.0
470514.0
470514.0
470514.0
470514.0
470514.0
