45.73877217306358
46.87782077173967
47.855191034448175
48.304972331410085
49.01696300094396
49.429207978083866
49.3970295362066
49.58142096809212
49.71638968134638
49.40535068239716
50.278056195613246
50.838492489125
50.570869712384955
50.78180566751826
50.92366578463136
51.11145590662945
50.76505763688001
51.12842358903377
51.351747643016424
51.825328584745115
52.110752275840184
52.32059477374354
52.86683483973879
53.547806233900914
53.42217166499914
53.36272192715298
53.13124215864178
53.496636923443575
53.45572267153951
53.64679691651138
53.72923544950986
54.196065049334436
54.13226018032407
54.233638051162856
54.78312039234502
55.15853146828764
55.56616931380595
55.97181244101891
56.060908366476475
56.103143708316814
56.16242243720571
56.210714967959305
56.22441948509444
56.2180376078028
56.036719581853504
56.23537303722659
56.186681921566695
56.22838139308958
56.389351423270135
56.29772398197692
56.642070747460615
56.90078910348045
56.99631081856303
57.065002873316985
57.19550078844111
57.18182909558103
57.08561888035182
57.109811830033685
57.07681214680554
57.10176996047856
57.06638901839902
57.192091839075275
57.19712675566744
57.246503106422516
57.22319617422945
57.58148645009047
57.53611144529418
57.61230177637623
57.75738221642066
57.7642616842261
57.8026813822281
57.85766766021883
57.9709168831797
58.06857504431504
58.11391299989617
58.18081443717333
58.31766045867526
58.334356484378205
58.45700683821558
58.525898739216565
58.63328443317647
58.62274779539234
58.6841885163919
58.78928390586079
58.94780005932269
59.1186083522874
59.55808646080892
59.53705560007702
59.54842119666195
59.5090442710287
59.64146603812162
59.61837161267721
59.61837161267721
59.61837161267721
59.548577292029144
59.49060762828981
59.54337322455264
59.542422358611645
59.465361617307295
59.52172196660412
59.450019557742415
59.450019557742415
59.49901947971513
59.50058439424082
59.523100900501014
59.61470462823554
59.64104078922882
59.65084720259006
59.664307840140566
59.70322675356183
59.65493229803078
59.604094289155945
59.64705504839801
59.71426084498139
59.720764006146126
59.770194486976685
59.702310729773146
59.703171445539965
59.5452211966864
59.485230278750635
59.64576477499456
59.57409307085519
59.66924671913345
59.66924671913345
59.610816850066875
59.67361221636794
59.76437784125004
59.785346810376595
59.81461368265684
59.59117187998437
59.623952478117964
59.6791714316542
59.583009315504185
59.583009315504185
59.74868317341865
59.88281480609332
59.89783843637214
60.03357132897882
60.027508277852974
60.16293287363303
60.14983369754659
60.14983369754659
60.113163423526956
60.10400140791967
60.116796822508526
60.120855900946616
60.13359944512049
60.29704919375361
60.29704919375361
60.265247737828986
60.28082976357241
60.28835287318511
60.28835287318511
60.393974238299776
60.416184156575284
60.403984426344664
60.341433666402224
60.35198427860261
60.38957337029294
60.39691746636614
60.39121889002537
60.40564443852926
60.43908125428546
60.39076987581708
60.40947375669473
60.45555300729298
60.45094877633126
60.45094877633126
60.524246010508094
60.511690887480725
60.52415546206911
60.493345784451336
60.500118819531465
60.50154922545033
60.524365964460365
60.524365964460365
60.52465077770546
60.46733968509629
60.46733968509629
60.53213434985783
60.549602155129676
60.59842534437136
60.51886704180902
60.64662014842547
60.68878852281297
60.63156519508004
60.75822606764477
60.71046693975923
60.83357323773886
60.83357323773886
60.861116020491885
60.89443749909115
60.85014862936303
60.915840442500816
60.93729232054106
60.939052171082224
61.00270378378319
61.11732737557925
61.05758798723932
61.03938832884965
61.03210932628709
61.08003073100343
61.22111615962382
61.19672082214275
61.17429882193073
61.23730971310145
61.12585841883667
61.12585841883667
61.12585841883667
61.17082240849409
61.17082240849409
61.13090906402615
61.198782946545215
61.23820221827922
61.278416618850564
61.36560881269863
61.36572803962649
61.35368844843136
61.301853824120805
61.367732129289685
61.370213047692836
61.38762190316784
61.47610471534449
61.296345670932546
61.296345670932546
61.296345670932546
61.27582750525836
61.27582750525836
61.19929986114405
61.237585544313944
61.21121125306719
61.22987661492698
61.233494499052426
61.26996824643591
61.35226851998063
61.38675941722393
61.49160010194498
61.501603453913944
61.501603453913944
61.501603453913944
61.55061336969199
61.52022906902763
61.55268267866815
61.56426718195079
61.56426718195079
61.56426718195079
61.56342851576653
61.56342851576653
61.65540614563663
61.65540614563663
61.61181806193866
61.57685771329392
61.732507750831246
61.78901262990293
61.7753342966039
61.7753342966039
61.86611588610632
61.64888057839765
61.69061032350503
61.699261666147414
61.78942234711972
61.79432968901896
61.80163892248977
61.77435364223538
61.745506829458485
61.8538140663313
61.81557555353262
61.807149225773024
61.77857817552086
61.93349614135377
61.93349614135376
61.95339879515168
61.95339879515168
61.60244414948596
61.957858760786294
61.990273867362916
61.990273867362916
61.990273867362916
61.82455514255413
61.95691953538751
61.94485874728614
61.96298727748247
61.950217417683156
61.950217417683156
62.014841975049805
62.10564446441039
62.094728045175984
62.004138500222936
62.03034311216233
62.03034311216233
62.03034311216233
62.03034311216233
62.03617517706025
62.046676811891544
62.052491706341684
62.092910307957844
62.162229415998546
62.145091546224265
62.145091546224265
62.144126083790354
62.144126083790354
62.144126083790354
62.07354627228786
62.0833943395004
62.090831491947355
62.04849792976415
62.04849792976415
62.04849792976415
62.012874979948855
62.012874979948855
62.05485254056085
62.04463485577221
62.04463485577221
62.05490314968387
62.02958543431875
62.0171697056423
62.0302492911229
62.06498202383831
62.06618940531691
62.11468411614985
62.05850669745031
62.05850669745031
62.068020712760905
62.12546427217842
62.12546427217842
62.12546427217842
62.15584226970852
62.16144525075488
62.16144525075488
62.16144525075488
62.16144525075488
62.04923310821162
62.15964889471869
62.24618067611973
62.24618067611973
62.24618067611973
62.24236689247609
62.23924748343394
62.239247483433914
62.239247483433914
62.17339193818184
62.173391938181815
62.173391938181815
62.173391938181815
62.179211905298416
62.179211905298416
62.179211905298416
62.14416409965378
62.15054536537082
62.15054536537082
62.15054536537082
62.236769806547976
62.28202687938277
62.27544201053246
62.20625180597314
62.21321989237231
62.24536157506318
62.27374557993577
62.215907983404804
62.20722320630209
62.32142149735034
62.39711987967333
62.42284224238915
62.435560883859615
62.47485311201327
62.47485311201327
62.48408958865897
62.47155224984569
62.47155224984569
62.49317849437624
62.49317849437624
62.45895589732796
62.4887220354138
62.4887220354138
62.4887220354138
62.492557225109024
62.475225532561886
62.49700132211582
62.6074912209139
62.6074912209139
62.6219117837126
62.74802563110338
62.77682304692753
62.77682304692753
62.72760459500212
62.76006013213216
62.76006013213215
62.76546315688195
62.76546315688195
62.76546315688195
62.83152315053324
62.89890106836863
62.886205688524925
62.8237817515858
62.782256183200005
62.72678578354879
62.72678578354879
62.72828742037201
62.77119421763032
62.77119421763032
62.846658588432504
62.846658588432504
62.872314048875616
62.872314048875616
62.82205859842371
62.82804531101806
62.84845627556117
62.88183424446237
62.81214045874989
62.90325318336801
62.90325318336801
62.83088642243039
62.88511272147434
62.90192739387279
62.99264380480256
62.9954199587999
62.9954199587999
62.9954199587999
62.97852313148054
62.97852313148054
63.01909376654184
63.01909376654184
63.01909376654184
63.01909376654184
63.01909376654184
63.01909376654184
63.01909376654184
63.01909376654184
63.01909376654184
63.01909376654184
63.03156076016542
63.0395964605605
63.12567983300842
63.12567983300842
63.252283456654084
63.260791685314075
63.30216594080601
63.30699951756634
63.23481104948049
63.24051212364575
63.24051212364575
63.24051212364575
63.24051212364575
63.24059978396766
63.27857754258112
63.300069519617466
63.300069519617466
63.307919379308565
63.31406331292328
63.31406331292328
63.31659970427138
63.31021924996105
63.31021924996105
63.31021924996105
63.31021924996105
63.31021924996105
63.31021924996105
63.31021924996105
63.3153976202819
63.365839918429494
63.39114571601395
63.41922225100196
63.42076515252354
63.41356909989772
63.34088894268763
63.37701254203428
63.37701254203428
63.430351916923755
63.432009617234215
63.49639445808068
63.4523670528803
63.47047506611076
63.40374665232939
63.40374665232939
63.41141567636315
63.41141567636315
63.41141567636315
63.41141567636315
63.41141567636315
63.41141567636315
63.433977534688026
63.433977534688026
63.433977534688026
63.4505939062916
63.4505939062916
63.33497845176364
63.23548252406687
63.153859363140384
63.009017974121264
63.11230403032589
63.028154774526925
63.065123246967495
63.15480036759724
63.08694158006627
63.15781148966177
63.20928639076446
63.20928639076446
63.216643136980714
63.07396016470468
63.137567453411165
