183718.0
183718.0
183718.0
178918.0
185096.0
185096.0
180958.0
180958.0
180958.0
179316.0
174558.0
174558.0
184204.0
182378.0
182378.0
179706.0
179706.0
179706.0
179662.0
179706.0
179706.0
179706.0
170160.0
170160.0
170160.0
170160.0
170160.0
170160.0
170160.0
170160.0
170160.0
170160.0
170160.0
170160.0
170160.0
170160.0
165280.0
165280.0
165280.0
165280.0
165280.0
165280.0
165280.0
165280.0
165280.0
165280.0
166200.0
166200.0
147332.0
147332.0
143812.0
143812.0
143812.0
143812.0
142624.0
141978.0
141978.0
141978.0
141978.0
140186.0
139660.0
136456.0
129298.0
129298.0
129298.0
129298.0
129298.0
129298.0
128952.0
128952.0
128952.0
128234.0
129298.0
129298.0
137360.0
137360.0
137360.0
137360.0
137360.0
137360.0
137360.0
137360.0
137360.0
137360.0
137360.0
137360.0
137360.0
137360.0
137360.0
137360.0
137360.0
137360.0
137360.0
137360.0
137360.0
137360.0
137360.0
137360.0
137360.0
137360.0
137360.0
134742.0
134742.0
137360.0
137360.0
137360.0
137360.0
137360.0
137360.0
137360.0
137360.0
137360.0
136336.0
136336.0
136336.0
136336.0
136336.0
136336.0
136336.0
136336.0
136336.0
136336.0
136336.0
136336.0
136336.0
136082.0
135222.0
135222.0
135222.0
135222.0
136336.0
136336.0
136336.0
136336.0
136336.0
136336.0
136336.0
136336.0
136336.0
136336.0
136336.0
136336.0
136336.0
136336.0
136336.0
136336.0
136336.0
136336.0
136336.0
136336.0
136336.0
136336.0
136336.0
136336.0
136336.0
136336.0
136336.0
136336.0
136336.0
132580.0
132580.0
132580.0
132580.0
132580.0
132580.0
132580.0
132580.0
132580.0
132580.0
132580.0
132580.0
132580.0
132580.0
132580.0
132580.0
132580.0
132580.0
132580.0
132580.0
132580.0
132580.0
132580.0
132580.0
132580.0
132580.0
132580.0
132580.0
132580.0
132580.0
132580.0
132580.0
132580.0
132580.0
