29.612705488994145
29.805313542002793
29.805313542002793
29.805313542002793
31.1632870864461
31.1632870864461
31.1632870864461
32.26805400718444
32.82111899133176
32.82111899133176
34.469546835777514
34.688995215311
32.483738218505245
32.30994152046784
32.30994152046784
32.30994152046784
32.30994152046784
32.30994152046784
32.30994152046784
32.30994152046784
33.72107112565128
33.72107112565128
33.72107112565128
33.72107112565128
33.72107112565128
33.72107112565128
33.90594541910331
33.90594541910331
33.90594541910331
33.7719298245614
33.7719298245614
33.7719298245614
33.7719298245614
33.7719298245614
33.7719298245614
33.7719298245614
33.7719298245614
33.7719298245614
34.49654671028717
34.49654671028717
35.877862595419856
35.877862595419856
51.65605095541402
51.65605095541402
51.65605095541402
51.65605095541402
51.65605095541402
51.65605095541402
51.65605095541402
51.65605095541402
51.65605095541402
56.92399049881235
56.92399049881235
56.92399049881235
56.92399049881235
56.92399049881235
48.521647307286166
48.521647307286166
48.521647307286166
48.521647307286166
48.521647307286166
48.521647307286166
48.521647307286166
48.521647307286166
48.521647307286166
48.521647307286166
48.521647307286166
48.521647307286166
48.521647307286166
48.521647307286166
48.521647307286166
48.521647307286166
48.521647307286166
48.521647307286166
48.521647307286166
51.721224920802534
51.721224920802534
51.721224920802534
51.721224920802534
51.721224920802534
46.40366972477064
46.40366972477064
46.40366972477064
47.211009174311926
47.211009174311926
47.211009174311926
47.211009174311926
47.211009174311926
47.211009174311926
47.211009174311926
52.312565997888065
52.312565997888065
45.97365945437441
45.97365945437441
45.97365945437441
45.97365945437441
45.97365945437441
50.02822201317027
50.02822201317027
50.02822201317027
50.02822201317027
51.510031678986266
51.510031678986266
51.510031678986266
51.510031678986266
52.696390658174096
52.696390658174096
52.696390658174096
51.803084223013045
51.803084223013045
51.803084223013045
51.803084223013045
47.371244635193136
50.038759689922486
50.038759689922486
50.038759689922486
50.038759689922486
52.696390658174096
52.696390658174096
52.696390658174096
52.696390658174096
52.696390658174096
52.696390658174096
52.696390658174096
52.696390658174096
52.696390658174096
52.696390658174096
52.696390658174096
52.696390658174096
52.696390658174096
52.696390658174096
52.696390658174096
52.696390658174096
52.696390658174096
52.696390658174096
52.696390658174096
52.696390658174096
52.696390658174096
52.696390658174096
51.103202846975094
51.103202846975094
51.103202846975094
51.103202846975094
51.103202846975094
51.103202846975094
51.103202846975094
51.103202846975094
51.103202846975094
51.103202846975094
51.103202846975094
51.103202846975094
51.103202846975094
51.103202846975094
52.17081850533808
48.91459074733096
48.91459074733096
48.91459074733096
48.91459074733096
48.91459074733096
48.91459074733096
48.91459074733096
48.91459074733096
50.65836298932384
50.65836298932384
50.65836298932384
50.65836298932384
50.65836298932384
50.65836298932384
50.65836298932384
50.65836298932384
50.65836298932384
51.103202846975094
52.17081850533808
52.17081850533808
52.17081850533808
52.17081850533808
52.17081850533808
52.17081850533808
52.17081850533808
52.17081850533808
52.17081850533808
52.17081850533808
52.17081850533808
52.17081850533808
52.17081850533808
52.17081850533808
52.17081850533808
52.17081850533808
52.17081850533808
52.17081850533808
52.17081850533808
52.17081850533808
52.17081850533808
52.17081850533808
52.17081850533808
52.17081850533808
52.17081850533808
52.17081850533808
52.17081850533808
52.17081850533808
