45352.75
37963.4375
39938.5
34316.9375
35397.6875
37299.5
32980.75
32725.625
30570.375
29075.125
25584.4375
25683.9375
27264.5
27894.375
28113.0
27733.75
27813.125
27439.625
27690.6875
31395.875
32585.875
32039.875
32420.875
32865.375
32001.1875
36114.375
39079.375
39455.875
37543.125
36614.625
36886.1875
37678.625
36356.1875
35413.625
36134.3125
36125.25
36330.0
37816.5
40389.0
41175.0
41679.75
41576.75
42198.25
41650.0
41652.0
40470.25
40383.0
40566.25
40058.75
41728.0
41669.5
42180.25
42275.25
41918.0
41452.25
41249.25
40675.0
41390.0
41311.75
41630.5
41869.5
41970.75
42048.75
41898.0
41919.75
42379.5625
42350.3125
41728.8125
41745.8125
41155.25
41150.75
41258.0
40964.25
40942.0
39154.0
39546.5
40260.0
39624.0
39638.25
39083.5
37611.5
38707.75
37559.25
37722.75
37612.5
39752.25
39827.75
40197.75
39047.75
38572.0
39278.75
40255.0
39440.0
39289.0625
38466.625
38343.6875
39325.6875
38561.75
39649.0
39652.0
38809.0625
38164.625
39386.75
39568.0
39217.5
39574.75
40648.25
41008.5
40777.25
40666.5
40206.0
40022.75
39460.0
38486.25
38050.0
39012.5
38931.25
40429.0
40210.25
39786.75
39264.0
38637.0
38401.0
38500.75
38227.0
37664.5
37225.0
37510.5
38065.75
38233.5
38340.25
37593.5
37006.5
37245.75
37319.75
37223.25
37376.75
36672.5
36595.0
35141.25
35184.25
34927.25
33623.75
31366.75
31699.5
35627.0
34937.75
33565.5
35570.75
35416.75
37441.75
37010.75
36539.25
36836.25
35356.0
34816.0
34649.0
33512.75
34284.0
34827.5
35235.0
35769.5
36305.0
36587.5
36754.75
36544.5
35765.75
35969.25
35607.0
35369.5
35432.25
37334.5
36766.75
35617.75
35129.25
35665.5
35931.75
35937.75
35263.0
35609.75
35822.75
34553.25
33726.75
32981.25
33954.25
35444.5
35703.25
34629.25
34900.0
33844.5
33587.875
33872.25
35341.0
35455.75
36529.75
35453.5
36544.25
35663.25
35290.75
35615.75
