60.446985446985444
60.78556806550665
60.78556806550665
60.78556806550665
62.93364537444934
62.93364537444934
66.2190082644628
64.15645879732739
65.43173862310385
65.98288075560802
65.43173862310385
66.37473460721868
66.37473460721868
66.37473460721868
67.15581643543223
67.15581643543223
67.15581643543223
67.15581643543223
67.15581643543223
67.15581643543223
67.15581643543223
67.15581643543223
67.15581643543223
67.15581643543223
67.15581643543223
67.15581643543223
67.15581643543223
67.15581643543223
67.15581643543223
67.15581643543223
67.15581643543223
67.15581643543223
67.15581643543223
67.15581643543223
67.15581643543223
67.15581643543223
67.15581643543223
67.15581643543223
67.15581643543223
67.15581643543223
67.15581643543223
67.15581643543223
67.15581643543223
67.15581643543223
67.15581643543223
67.15581643543223
67.15581643543223
67.15581643543223
67.15581643543223
67.15581643543223
67.15581643543223
67.15581643543223
67.15581643543223
67.15581643543223
67.15581643543223
67.15581643543223
67.15581643543223
67.15581643543223
67.15581643543223
67.15581643543223
67.15581643543223
67.15581643543223
67.15581643543223
67.15581643543223
67.15581643543223
67.15581643543223
67.15581643543223
67.15581643543223
67.15581643543223
67.15581643543223
67.15581643543223
67.15581643543223
67.15581643543223
67.15581643543223
67.15581643543223
67.15581643543223
67.15581643543223
67.15581643543223
67.15581643543223
67.15581643543223
67.15581643543223
67.15581643543223
67.15581643543223
67.15581643543223
67.15581643543223
67.15581643543223
67.15581643543223
67.15581643543223
67.15581643543223
67.15581643543223
67.15581643543223
67.15581643543223
67.15581643543223
67.15581643543223
67.15581643543223
67.15581643543223
67.15581643543223
67.15581643543223
67.15581643543223
67.15581643543223
67.15581643543223
67.15581643543223
67.15581643543223
67.15581643543223
67.15581643543223
67.15581643543223
67.15581643543223
67.15581643543223
67.15581643543223
67.15581643543223
67.15581643543223
67.15581643543223
67.15581643543223
67.15581643543223
67.15581643543223
67.15581643543223
67.15581643543223
67.15581643543223
67.15581643543223
67.15581643543223
67.15581643543223
67.15581643543223
67.15581643543223
67.15581643543223
67.15581643543223
67.15581643543223
67.15581643543223
67.15581643543223
67.15581643543223
67.15581643543223
67.15581643543223
67.15581643543223
67.15581643543223
67.15581643543223
67.15581643543223
67.15581643543223
67.15581643543223
67.15581643543223
67.15581643543223
67.15581643543223
67.15581643543223
67.15581643543223
67.15581643543223
67.15581643543223
67.15581643543223
67.15581643543223
67.15581643543223
67.15581643543223
67.15581643543223
67.15581643543223
67.15581643543223
67.15581643543223
67.15581643543223
67.15581643543223
67.15581643543223
67.15581643543223
67.15581643543223
67.15581643543223
67.15581643543223
67.15581643543223
67.15581643543223
67.15581643543223
67.15581643543223
67.15581643543223
67.15581643543223
67.15581643543223
67.15581643543223
67.15581643543223
67.15581643543223
67.15581643543223
67.15581643543223
67.15581643543223
67.15581643543223
67.15581643543223
67.15581643543223
67.15581643543223
67.15581643543223
67.15581643543223
67.15581643543223
67.15581643543223
67.15581643543223
67.15581643543223
67.15581643543223
67.15581643543223
67.15581643543223
67.15581643543223
67.15581643543223
67.15581643543223
67.15581643543223
67.15581643543223
67.15581643543223
67.15581643543223
67.15581643543223
67.15581643543223
67.15581643543223
67.15581643543223
67.15581643543223
67.15581643543223
67.15581643543223
67.15581643543223
