41.42740195482254
44.51251965356666
48.08222703270764
48.78614036893805
50.51455140151646
52.304286762808246
51.615799335715394
52.39337463512695
52.40998229513732
52.43760072490911
51.43571423598026
52.75076122473145
54.06670849868766
54.226402841458324
54.91286281711545
54.97090960543144
55.08033723782197
55.404203637175875
56.19348407399367
58.04147146815586
59.37016490684791
59.247598323429905
59.35542263600918
59.43826460376816
58.91755028079234
60.55156346212258
62.16894502788027
62.245000557701175
61.21093711698811
60.32336358557793
60.3533086644567
60.659595797605824
60.16492388401234
59.71677878723917
60.71012228097929
60.67085303883342
60.651213033139946
61.24207853342489
62.478497011821034
62.8801818575234
63.133207119096866
63.090931833823994
63.63290730968396
63.409216513562384
63.3598308699579
62.82745663782653
62.74656217892707
62.491379353525986
62.40534636186412
62.53149634071891
62.500323873210505
62.69794220480007
62.84692366145415
62.84514669646627
62.717324504177476
62.50359084989424
62.305105258484865
62.673014236817004
62.56495546101993
62.6462656131795
62.52517155476666
62.57485841692876
62.72725734814727
62.56740551308873
62.55058661331647
62.89710168444509
62.846846792206655
62.899474124230515
62.921982179265285
62.43842067540786
62.423993219467945
62.25030238590015
62.28982773147025
62.22169014661414
61.516443003996336
61.72991026350638
61.78365812940994
61.62267626911351
61.83579857298035
61.91240780697551
61.18390831372337
61.724001192478056
61.0173204164352
61.21737159911241
61.34319387879575
62.2001966637218
62.40543709039581
62.55919795139879
62.05104665949618
61.77121578330559
61.75843787902318
62.18593056247803
62.10001003089976
62.135536043659684
61.66234170673655
61.72725898550298
62.07207303453555
61.9172423170643
62.534658786314324
62.5750674953518
62.218526584154276
62.07406994734257
62.299287972166084
62.60770533587246
62.598580181551185
62.87318547809557
63.22997339627411
63.14655799701207
62.77470626617401
62.563466625085425
62.42123515711883
62.604952157284785
62.45390276083403
61.849570392864926
61.78980452543137
61.97242384249056
61.8264132985463
62.24946187293965
62.35023340221494
62.035971414340324
61.413572272280156
61.43511882054776
61.631664561641955
61.75432841254111
61.9651188791269
61.89749595200853
61.74844036429715
62.05563677056735
62.33253516044508
62.09037217441138
61.96922225348892
61.965737971798816
61.654664919253364
61.87257652416321
61.890224062784206
61.85664986074487
61.78016209636252
61.764642055362444
61.69597880581085
60.94526789264071
61.00375325679901
61.170726236387544
61.11519400184774
60.63530109155901
60.51254061409454
61.538747945719294
61.14228016841971
60.843882706600844
61.3936710542304
61.48063799515936
62.214365428176485
61.956226352382544
61.74011416398832
61.64790214115125
61.191469833305135
61.2459719052985
61.30215164451097
60.84882337088576
61.282212353674026
61.62137527032316
61.66779224476776
61.72010026102264
61.792326627959696
61.82823001251795
62.036436103302755
62.13958929115465
61.84549128221342
61.93638341195545
61.75658066387818
61.49669553817603
61.94880133705472
62.224969636985556
61.899239037562566
61.60254122704678
61.548553483433146
61.5337323581874
61.49496902374774
61.778198339538086
61.41522846681136
61.36758514022758
61.42910233845724
61.22570595791706
61.1043178091027
60.7609345432582
61.019150087621696
61.55377439370866
61.492800420564286
61.22759472687032
61.424728478894664
60.952909682273365
61.016831939093436
61.20778407713944
61.55329571663327
61.6222470776856
61.83612814260242
61.60588039225227
61.85985073544417
61.58336730803501
61.52435694879881
61.711531729775444
