39.87020030574165
42.32639761548873
43.05779380887971
45.53861542681057
44.33971945279877
45.030959752321984
45.030959752321984
47.622850229020834
47.622850229020834
47.04584026267537
48.975117213950824
48.964545667997186
48.03697634354385
48.03697634354385
46.6040060376127
46.20633949333007
45.920291460502675
46.23277444621222
46.31091038744948
44.384859004811496
45.79684652563188
45.79684652563188
45.79684652563188
45.79684652563188
45.27164789549186
45.27164789549186
47.10001585037248
44.960399846212994
47.38500528664939
47.38500528664939
46.24199260556527
46.24199260556527
46.24199260556527
49.17525519616283
48.207558753468746
48.827099575643935
47.83640969960187
49.17525519616283
50.44968451234862
49.21409214092141
50.44968451234862
50.44968451234862
51.71616338075035
51.71766076033609
51.71766076033609
51.80999916812246
51.80999916812246
51.81282755178437
51.81282755178437
47.62882298424468
47.62882298424468
50.81176598067898
50.81176598067898
50.81176598067898
49.719663004384884
51.81282755178437
51.81282755178437
49.747603176562556
49.747603176562556
51.81282755178437
49.814652731297926
51.81282755178437
51.81282755178437
51.92795940437568
49.04839841010053
49.04839841010053
52.73676248108926
52.73676248108926
52.73676248108926
52.73676248108926
49.919619500594536
52.73676248108926
52.73676248108926
52.73676248108926
52.73676248108926
49.122123192711435
53.602943210422936
53.41152388592293
53.41152388592293
53.41152388592293
53.602943210422936
53.80395194231601
53.80395194231601
53.80395194231601
53.990768635471646
53.990768635471646
53.990768635471646
53.990768635471646
53.990768635471646
53.990768635471646
54.04051850418727
54.833360756138134
54.833360756138134
54.833360756138134
53.101686346730226
54.833360756138134
54.88400153567707
54.88400153567707
55.23339127875426
55.23946175142334
54.94915315905328
55.23946175142334
55.89654442942155
53.12263712358446
55.89654442942155
55.89654442942155
55.89654442942155
55.93646238606366
55.973253129512614
55.973253129512614
55.973253129512614
55.973253129512614
56.04462717180357
56.04462717180357
56.04462717180357
56.046575644131245
56.046575644131245
55.699738569260866
56.512603874266986
56.512603874266986
56.65008384054548
56.65008384054548
56.65008384054548
56.65008384054548
56.65008384054548
56.6756528908776
56.724399707585896
56.82655719882284
56.82655719882284
56.82655719882284
56.82843164820334
56.82843164820334
56.424112916830694
56.82843164820334
56.82843164820334
56.82843164820334
56.82843164820334
56.82843164820334
56.8619842921142
56.8619842921142
56.8619842921142
56.8619842921142
56.8619842921142
56.8619842921142
56.8619842921142
56.8619842921142
56.8619842921142
56.8619842921142
56.8619842921142
56.8619842921142
57.002755440589326
57.002755440589326
57.002755440589326
57.002755440589326
57.002755440589326
57.002755440589326
57.002755440589326
57.002755440589326
57.002755440589326
57.002755440589326
57.002755440589326
57.002755440589326
57.002755440589326
57.1330296725337
57.1330296725337
57.1330296725337
57.1330296725337
57.19132504826708
57.19132504826708
57.19132504826708
56.889661488999785
57.19132504826708
57.50548276443794
56.03291533112148
56.03291533112148
57.48148983350246
57.48148983350246
57.48148983350246
57.50548276443794
57.590957656188486
57.590957656188486
57.590957656188486
52.81724119444594
55.58761765477932
57.526476597499475
57.526476597499475
57.590957656188486
57.590957656188486
47.02172557671094
54.607420801645134
54.10930373573068
54.607420801645134
57.590957656188486
57.590957656188486
57.590957656188486
41.71689492026054
57.590957656188486
57.60932726011733
57.64063056477159
57.64063056477159
49.26237768061628
55.461180181171386
55.461180181171386
57.418883203059096
57.418883203059096
57.418883203059096
57.64063056477159
57.75647153648615
57.75647153648615
57.75647153648615
57.75647153648615
57.75647153648615
57.75647153648615
57.75647153648615
57.75647153648615
57.75647153648615
57.79339818928188
57.79339818928188
57.79339818928188
57.79339818928188
57.79339818928188
57.79339818928188
57.79339818928188
57.79339818928188
57.79339818928188
57.79339818928188
57.79339818928188
57.79339818928188
55.28405575572297
55.28405575572297
57.79339818928188
57.79339818928188
57.79339818928188
57.79339818928188
57.79339818928188
57.79339818928188
57.79339818928188
57.79339818928188
57.79339818928188
51.430641388219684
57.79339818928188
57.86462726574068
57.86462726574068
57.93266977825263
58.02864158653395
58.02864158653395
58.02864158653395
58.02864158653395
57.926484095297006
58.02864158653395
58.02864158653395
58.03239048529493
58.03239048529493
58.03239048529493
58.05394665317063
58.05394665317063
58.05394665317063
58.05394665317063
58.05394665317063
57.9935893831187
58.05394665317063
51.90707446442102
58.05394665317063
58.05394665317063
58.05394665317063
58.129861853080655
58.129861853080655
58.129861853080655
57.25430654745167
58.129861853080655
58.129861853080655
56.851259608371194
58.129861853080655
58.129861853080655
58.129861853080655
58.129861853080655
58.129861853080655
58.129861853080655
51.76704723997067
57.33080786979008
58.129861853080655
58.17972220660181
58.17972220660181
53.12333052158021
58.17972220660181
58.17972220660181
58.17972220660181
58.17972220660181
58.17972220660181
58.17972220660181
58.17972220660181
58.17972220660181
58.22733322086636
58.286165294847216
58.286165294847216
58.286165294847216
58.286165294847216
57.0840908673535
58.28616529484722
58.28616529484722
58.28616529484722
58.28616529484722
58.28616529484722
58.28616529484722
58.28616529484722
58.28616529484722
58.28616529484722
58.28616529484722
58.28616529484722
58.28616529484722
58.28616529484722
58.28616529484722
58.33276957191717
58.33276957191717
58.46431390235652
58.46431390235652
57.423354183613355
57.97523011686834
58.46431390235652
58.46431390235652
58.45867628819484
58.46431390235652
58.46431390235652
58.385951065509076
58.46431390235652
58.47558913067989
58.47558913067989
58.481226744841585
58.481226744841585
58.481226744841585
58.481226744841585
58.481226744841585
57.562623921360554
58.45115946931258
58.45115946931258
58.45115946931258
58.481226744841585
58.481226744841585
58.481226744841585
53.76569536545323
58.44270304807006
58.44270304807006
58.44270304807006
48.05970872610076
58.44270304807006
58.44270304807006
58.44270304807006
58.481226744841585
58.481226744841585
58.481226744841585
58.485924756642994
58.49813958732664
58.49813958732664
58.60788514300747
58.60788514300747
58.60788514300747
58.60788514300747
58.60788514300747
58.6116435524486
58.6116435524486
58.65881159093472
58.65881159093472
55.8922023172661
55.8922023172661
57.456265836395424
57.89410147834486
56.994713146145074
56.994713146145074
56.994713146145074
58.65881159093472
58.684932536550534
58.710489720750175
58.84109444882927
58.84109444882927
58.84109444882927
58.84109444882927
58.84109444882927
58.8482354267674
58.87999398654491
58.87999398654491
58.776825647386026
58.87999398654491
58.87999398654491
58.87999398654491
58.962866914721694
58.962866914721694
54.738363688927436
54.738363688927436
53.263594232291695
53.263594232291695
53.263594232291695
53.263594232291695
53.263594232291695
54.738363688927436
58.633582215236075
58.633582215236075
58.633582215236075
58.633582215236075
58.962866914721694
58.962866914721694
58.962866914721694
