836416.6
744659.0
671959.5333333333
609398.5666666667
495312.1666666667
519931.4
501766.4166666667
499544.4
485912.73333333334
441714.05
496336.63333333336
476129.75
497660.2166666667
467243.13333333336
422850.9166666667
382155.68333333335
370130.4666666667
369330.5333333333
366962.93333333335
391536.2
385334.75
358062.63333333336
276534.26666666666
309851.9666666667
371581.4
314984.45
377507.85
309577.1666666667
337791.98333333334
298692.31666666665
318310.25
340247.51666666666
328645.2
371644.93333333335
308171.45
353845.1
349156.7833333333
306135.98333333334
329160.01666666666
289243.51666666666
300612.9166666667
315619.0833333333
337953.86666666664
343578.31666666665
354733.26666666666
353629.18333333335
356551.9166666667
380248.45
340910.31666666665
323489.88333333336
268091.81666666665
311820.68333333335
308828.51666666666
291467.5333333333
233446.93333333332
274907.25
253112.61666666667
273766.51666666666
234319.66666666666
254356.75
256419.83333333334
277813.55
268463.6666666667
291772.06666666665
278213.56666666665
293688.56666666665
346571.56666666665
329728.93333333335
315939.0833333333
315546.15
280603.7166666667
279372.8333333333
277638.7833333333
280224.1666666667
273025.76666666666
262001.8
273014.3333333333
261693.96666666667
258156.9
289590.76666666666
252688.93333333332
261143.08333333334
251087.6
243410.91666666666
230429.83333333334
224051.01666666666
240875.03333333333
241343.16666666666
250909.7
245035.2
256926.5
274394.2
261233.31666666668
257220.4
253188.58333333334
289219.85
301668.55
301253.0
305005.3333333333
314444.4166666667
300664.4166666667
307819.68333333335
330064.4166666667
315789.11666666664
316251.3
332231.73333333334
330421.73333333334
332254.55
324022.4166666667
329323.31666666665
343743.73333333334
335034.61666666664
318612.73333333334
319354.13333333336
325623.61666666664
335389.3333333333
335097.86666666664
304928.95
324842.06666666665
313348.11666666664
324308.05
333072.51666666666
315887.4666666667
310007.1
313648.63333333336
313939.3
319085.0
311555.75
348660.0333333333
355525.0333333333
378862.0
358138.4
323547.9166666667
332998.8
331535.0833333333
333878.48333333334
333725.9166666667
350491.5833333333
350491.5833333333
363084.55
358448.23333333334
362814.3
380824.93333333335
372332.86666666664
374090.18333333335
350652.48333333334
360374.2
358931.65
375675.61666666664
338927.36666666664
337333.35
366697.5833333333
346909.85
355957.05
360117.9666666667
359688.15
365858.9166666667
372512.0833333333
370228.0
362295.4
352844.75
352521.61666666664
352012.3
376922.05
374927.45
382216.18333333335
382204.35
392364.8333333333
391396.7166666667
391849.3333333333
369302.15
365780.23333333334
371482.9166666667
356358.06666666665
345475.56666666665
343713.4666666667
346719.5
343483.0
335865.7833333333
368924.01666666666
374458.13333333336
382395.36666666664
343530.86666666664
346789.45
346478.23333333334
355132.36666666664
352213.75
340904.93333333335
356649.35
365997.11666666664
348832.51666666666
367332.1
388759.51666666666
366019.63333333336
357545.95
343077.56666666665
337361.5333333333
336335.3333333333
337150.0833333333
351174.45
372812.01666666666
382440.5
382281.13333333336
373713.81666666665
363039.1666666667
373016.0833333333
377486.13333333336
392723.61666666664
400646.11666666664
384010.05
379600.38333333336
388355.26666666666
393719.8
395492.11666666664
390206.76666666666
381729.4
381788.15
384777.0833333333
387132.4
367101.01666666666
373396.51666666666
376962.7166666667
367112.1
365997.63333333336
372247.7833333333
368536.2833333333
365057.98333333334
367233.0
350986.7166666667
357822.18333333335
361869.73333333334
364010.65
364183.61666666664
380344.9166666667
364626.68333333335
370933.2166666667
379489.73333333334
379346.81666666665
367251.13333333336
347598.11666666664
378659.0
344086.75
351060.5333333333
368404.5333333333
361185.81666666665
355124.7
328082.06666666665
326414.13333333336
340255.13333333336
355892.0833333333
347214.7
351985.2166666667
341540.98333333334
337945.73333333334
343844.8
330440.4
325263.0333333333
321284.43333333335
320795.7166666667
291081.9
312123.68333333335
318215.45
307550.1
314514.31666666665
324499.25
336228.7833333333
335108.36666666664
334110.0
320242.8333333333
315346.18333333335
315126.2166666667
308344.5
319866.6
330045.2166666667
341823.88333333336
337305.7833333333
318595.5333333333
293775.48333333334
307597.5833333333
303866.55
301494.85
300346.6
306588.4166666667
307297.0333333333
308906.86666666664
311987.3333333333
324968.26666666666
333916.55
343765.36666666664
349069.4
348381.4666666667
355853.0333333333
324219.3
330994.18333333335
315945.15
322060.45
306982.18333333335
302103.23333333334
331752.61666666664
320215.15
309588.6
305933.4666666667
301069.43333333335
286932.81666666665
285256.93333333335
301581.45
305920.4
307982.4166666667
307372.2833333333
309231.86666666664
310097.93333333335
319787.51666666666
333785.75
339782.86666666664
329738.25
316283.05
303483.6666666667
303600.56666666665
309919.0833333333
332490.01666666666
319848.75
336214.31666666665
328493.48333333334
330584.93333333335
323086.0
323083.4666666667
312568.93333333335
314836.7833333333
320163.45
329235.2833333333
333798.51666666666
339190.9
337526.2833333333
337393.05
349139.55
347165.38333333336
363317.5
361858.93333333335
358320.5833333333
320049.65
326806.2166666667
347470.73333333334
330576.4166666667
292052.8
299168.9166666667
322690.23333333334
321521.93333333335
297913.9666666667
298781.2166666667
305879.98333333334
316745.48333333334
329503.81666666665
324122.25
307775.93333333335
316428.18333333335
332148.1666666667
331650.43333333335
324646.7833333333
333185.61666666664
311852.5833333333
320054.3333333333
345520.68333333335
336060.25
309341.51666666666
310230.9666666667
334172.98333333334
326535.6
330445.4166666667
327449.35
327297.75
342123.3
335438.76666666666
346240.6666666667
367136.36666666664
366767.75
342676.73333333334
353652.6666666667
368407.48333333334
367140.3333333333
371498.56666666665
348548.25
341365.65
348444.0833333333
349481.25
360424.63333333336
360746.7166666667
367907.18333333335
378285.45
352339.5333333333
348344.7833333333
355934.45
343215.8
332563.73333333334
325487.2833333333
334597.88333333336
329216.7166666667
337699.76666666666
339287.2166666667
331433.23333333334
340122.43333333335
323219.8333333333
