1343724.0
1196611.0
1203438.0
1088239.0
1033305.0
1046137.0
985355.0
971158.0
1041505.0
1067538.0
962805.0
1100929.0
927566.0
1063928.0
939101.0
961747.0
940315.0
807531.0
1022812.0
934077.0
1068148.0
1045370.0
852912.0
899905.0
892596.0
1038836.0
1009217.0
960727.0
871879.0
886627.0
925434.0
994705.0
1075558.0
1022417.0
945482.0
879896.0
814250.0
886116.0
787151.0
855338.0
792242.0
872403.0
898248.0
959998.0
879652.0
952169.0
851993.0
782931.0
947150.0
1030682.0
883461.0
768957.0
825327.0
776459.0
941975.0
817377.0
826796.0
981538.0
939082.0
957129.0
757715.0
712767.0
792034.0
1013138.0
852237.0
881049.0
804673.0
821316.0
926718.0
705810.0
956474.0
724829.0
949702.0
1010422.0
824822.0
873873.0
910292.0
828551.0
898901.0
757884.0
829782.0
909693.0
940657.0
813576.0
788668.0
723021.0
657779.0
869002.0
795138.0
826671.0
829027.0
970462.0
814339.0
1005388.0
828333.0
922499.0
717218.0
966149.0
905278.0
871275.0
836579.0
976185.0
864261.0
769279.0
820713.0
1011366.0
809768.0
859513.0
878654.0
930252.0
912188.0
910969.0
872648.0
897980.0
879075.0
802170.0
785979.0
924799.0
906446.0
847460.0
733346.0
910047.0
707622.0
749869.0
896528.0
908594.0
915661.0
856243.0
840326.0
827333.0
998808.0
819826.0
793763.0
1041809.0
873687.0
839189.0
917689.0
1048734.0
910547.0
813429.0
773904.0
827271.0
853998.0
841821.0
788639.0
854895.0
961560.0
930849.0
907706.0
1021052.0
834936.0
767401.0
963426.0
1019603.0
922561.0
902775.0
1073976.0
746061.0
872160.0
936372.0
946471.0
932664.0
811293.0
870727.0
967730.0
974589.0
941022.0
908954.0
789756.0
871297.0
963650.0
843951.0
655982.0
891718.0
867354.0
962065.0
827390.0
888226.0
1004677.0
959296.0
793581.0
996398.0
864742.0
865184.0
887847.0
788942.0
782199.0
899745.0
956607.0
915380.0
849195.0
844495.0
911269.0
994231.0
902371.0
1046912.0
1147098.0
870108.0
914389.0
786156.0
915140.0
930907.0
1077180.0
853556.0
1023060.0
723205.0
909758.0
921086.0
887136.0
894135.0
986462.0
992100.0
958053.0
959067.0
903180.0
1045553.0
874524.0
746048.0
1016444.0
809118.0
863871.0
890130.0
856190.0
1058179.0
933750.0
875279.0
850836.0
906890.0
970955.0
1014133.0
906541.0
883937.0
1116100.0
964716.0
972228.0
898116.0
851436.0
955062.0
867845.0
910823.0
1068479.0
1011908.0
976820.0
850566.0
1028314.0
858783.0
989067.0
828622.0
947589.0
1116559.0
840371.0
1042585.0
892107.0
824991.0
724331.0
955000.0
1011626.0
754160.0
682798.0
770046.0
800703.0
805734.0
901228.0
871311.0
896036.0
914571.0
793432.0
1045566.0
880831.0
914999.0
966278.0
903784.0
1100232.0
796277.0
847720.0
866841.0
736892.0
906461.0
873061.0
1100672.0
777657.0
913085.0
923076.0
807072.0
884521.0
946284.0
815006.0
933596.0
963791.0
964358.0
882624.0
935865.0
891149.0
927521.0
846228.0
1133178.0
832796.0
1048032.0
1091622.0
965811.0
872049.0
1079097.0
939001.0
1134181.0
917529.0
879156.0
1140950.0
942696.0
1079097.0
910185.0
1134181.0
936317.0
820181.0
814717.0
1069001.0
1192772.0
1019702.0
1009036.0
773569.0
1001996.0
1045197.0
1125727.0
1005517.0
948890.0
862424.0
807306.0
959534.0
1215707.0
1014847.0
918326.0
1038521.0
836251.0
985733.0
903510.0
868135.0
993419.0
1051556.0
1076251.0
1069647.0
894306.0
879592.0
998526.0
905575.0
1059451.0
985599.0
827006.0
948566.0
833181.0
718161.0
999062.0
993641.0
1201662.0
1055376.0
866211.0
942594.0
952784.0
1123122.0
768561.0
961896.0
1092046.0
1064658.0
767674.0
1023491.0
1126322.0
990812.0
1057447.0
1155627.0
937403.0
964446.0
922634.0
1157702.0
1017266.0
1027152.0
1075010.0
873004.0
1180987.0
959096.0
937587.0
730580.0
1088322.0
1016951.0
1217318.0
1041006.0
857646.0
883668.0
886292.0
1047523.0
809891.0
764884.0
1043257.0
879161.0
929431.0
776541.0
970260.0
809782.0
831511.0
860877.0
784001.0
740729.0
1137372.0
1153927.0
