55.47816401972376
55.47816401972376
57.13977159210561
58.84427242917809
58.84427242917809
59.14568656950928
59.898292771521966
60.16031621600732
61.89762583649837
61.89762583649837
62.06151639947051
62.06151639947051
62.92655587957601
63.18236150450915
63.18236150450915
63.18236150450915
63.260001856493076
63.603929101005114
63.603929101005114
63.603929101005114
64.04277829655831
64.04277829655831
65.22469265229061
65.28307740034124
65.28307740034124
65.28307740034124
65.28307740034124
65.28307740034124
65.28307740034124
65.28307740034124
65.45560845235113
65.45560845235113
65.45560845235113
65.53722065122716
65.6372108231832
66.70499906825293
66.70499906825293
66.70499906825293
66.70499906825293
66.70499906825293
66.70499906825293
67.0185356811863
67.0185356811863
67.04389598395512
67.04389598395512
67.04389598395512
67.54387229462192
67.54387229462192
67.54387229462192
68.03881712989659
68.03881712989659
68.29830277169107
68.29830277169107
68.29830277169107
68.29830277169107
68.29830277169107
68.44320491747474
68.59104039215305
68.59104039215305
68.59104039215305
68.59104039215305
68.79236896622155
68.84683466741882
68.84683466741882
68.84683466741882
68.95260511394031
69.0078002664929
69.0078002664929
69.0078002664929
69.0078002664929
69.0078002664929
69.23879319567776
69.23879319567776
69.23879319567776
69.23879319567776
69.23879319567776
69.23879319567776
69.23879319567776
69.23879319567776
69.23879319567776
69.23879319567776
69.23879319567776
69.23879319567776
69.23879319567776
69.55926549111528
69.55926549111528
69.55926549111528
69.55926549111528
69.55926549111528
69.55926549111528
69.55926549111528
69.55926549111528
69.55926549111528
69.55926549111528
69.55926549111528
69.55926549111528
69.55926549111528
69.63099487438848
69.63099487438848
69.63099487438848
69.63099487438848
69.63099487438848
69.63099487438848
69.63099487438848
69.63099487438848
69.63099487438848
69.63099487438848
69.63099487438848
69.63099487438848
69.63099487438848
69.63099487438848
69.63099487438848
69.63099487438848
69.63099487438848
69.63099487438848
69.63099487438848
69.63099487438848
69.63099487438848
69.63099487438848
69.6528784150481
69.6528784150481
69.6528784150481
69.73554956865111
69.73554956865111
69.73554956865111
69.73554956865111
69.73554956865111
69.73554956865111
69.73554956865111
69.82297101660498
69.98693172433227
69.98693172433227
69.98693172433227
69.98693172433227
69.98693172433227
69.98693172433227
69.98693172433227
69.98693172433227
69.98693172433227
69.98693172433227
69.98693172433227
69.98693172433227
69.98693172433227
69.98693172433227
69.98693172433227
69.98693172433227
69.98693172433227
69.98693172433227
69.98693172433227
70.09939662459557
70.09939662459557
70.09939662459557
70.09939662459557
70.09939662459557
70.09939662459557
70.21210442961106
70.21210442961106
70.21210442961106
70.21210442961106
70.21210442961106
70.21210442961106
70.21210442961106
70.21210442961106
70.21210442961106
70.21210442961106
70.21210442961106
70.21210442961106
70.21210442961106
70.21210442961106
70.21210442961106
70.21210442961106
70.21210442961106
70.21210442961106
70.21210442961106
70.21210442961106
70.21210442961106
70.21210442961106
70.21210442961106
70.28303261725011
70.28303261725011
70.28303261725011
70.28303261725011
70.4069140408663
70.4069140408663
70.4069140408663
70.4069140408663
70.4069140408663
70.4069140408663
70.4069140408663
70.4069140408663
70.4069140408663
70.4069140408663
70.4069140408663
70.4069140408663
70.4069140408663
70.4069140408663
70.4069140408663
70.4069140408663
70.4069140408663
70.4069140408663
70.4069140408663
70.4069140408663
70.4069140408663
70.4069140408663
70.4069140408663
70.4069140408663
70.50626208451142
70.50626208451142
70.50626208451142
70.50626208451142
70.50626208451142
70.50626208451142
70.50626208451142
70.65807755462927
70.65807755462927
70.65807755462927
70.65807755462927
70.65807755462927
70.65807755462927
70.65807755462927
70.65807755462927
70.65807755462927
70.65807755462927
70.65807755462927
70.65807755462927
70.65807755462927
70.65807755462927
70.65807755462927
70.65807755462927
70.65807755462927
70.65807755462927
70.65807755462927
70.65807755462927
70.65807755462927
70.65807755462927
70.65807755462927
70.66293564967306
70.66293564967306
70.67556669678685
70.67556669678685
70.67556669678685
70.67556669678685
70.67556669678685
70.67556669678685
71.23400472206838
71.23400472206838
71.23400472206838
71.23400472206838
71.23400472206838
71.23400472206838
71.39189281099095
71.39189281099095
71.39189281099095
71.39189281099095
71.39189281099095
71.39189281099095
71.39189281099095
71.39189281099095
71.39189281099095
71.39189281099095
71.39189281099095
71.39189281099095
71.39189281099095
71.39189281099095
71.39189281099095
71.39189281099095
71.39189281099095
71.39189281099095
71.39189281099095
71.39189281099095
71.39189281099095
71.39189281099095
71.39189281099095
71.39189281099095
71.39189281099095
71.61657970676539
71.61657970676539
71.61657970676539
71.61657970676539
71.61657970676539
71.61657970676539
71.64062727723204
71.64062727723204
71.64548537227583
71.64548537227583
71.64548537227583
71.64548537227583
71.64548537227583
71.64548537227583
71.64548537227583
71.64548537227583
71.64548537227583
71.81770484157752
71.81770484157752
71.81770484157752
71.93794269391086
71.93794269391086
71.93794269391086
71.93794269391086
71.93794269391086
71.93794269391086
72.02295935717686
72.02295935717686
72.02295935717686
72.02295935717686
72.15048435207586
72.15048435207586
72.15048435207586
72.15048435207586
72.15048435207586
72.15048435207586
72.15777149464152
72.15777149464152
72.15777149464152
72.15777149464152
72.15777149464152
72.15777149464152
72.15777149464152
72.15777149464152
72.15777149464152
72.15777149464152
72.15777149464152
72.15777149464152
72.15777149464152
72.19104944569135
72.19104944569135
72.19104944569135
72.19104944569135
72.19104944569135
72.19104944569135
72.19104944569135
72.19104944569135
72.19104944569135
72.19104944569135
72.19104944569135
72.19104944569135
72.19104944569135
72.2328290630678
72.2328290630678
72.2328290630678
72.2328290630678
72.2328290630678
72.2328290630678
72.27266830976781
72.57576059949908
72.57576059949908
72.57576059949908
72.60419888841216
72.60419888841216
72.60419888841216
72.60419888841216
72.60419888841216
72.60419888841216
72.60419888841216
72.74439466358004
72.74439466358004
72.74439466358004
72.74439466358004
72.74439466358004
72.74439466358004
72.74439466358004
72.74439466358004
72.74439466358004
72.74439466358004
72.74439466358004
72.74439466358004
72.74439466358004
72.74439466358004
72.74439466358004
72.74439466358004
72.74439466358004
72.77532753923985
72.77532753923985
72.77532753923985
72.77532753923985
72.77532753923985
72.77532753923985
72.77532753923985
72.77532753923985
72.77782212598662
72.85515431513616
72.85515431513616
72.85515431513616
72.85515431513616
72.85515431513616
72.89756228983107
72.89756228983107
72.89756228983107
72.89756228983107
72.89756228983107
72.89756228983107
72.89756228983107
73.0134659105104
73.0134659105104
73.0134659105104
73.0134659105104
73.0134659105104
73.0134659105104
73.0134659105104
73.0134659105104
73.0134659105104
