47.89128028637515
49.74718849682597
51.33740935083834
52.74318787145637
52.01050046288242
53.36092725652179
53.66662745039859
54.74501591388015
55.387655447117844
55.0285028120329
56.51142847317431
56.68864671667284
57.480907213709216
57.45605349043362
56.63365251005826
55.93112256179218
55.58560697352916
56.027601808477435
56.48715546820261
56.869277135003585
56.835799999594165
56.404295772619285
55.13867912812147
55.868159940687725
57.6152967026413
56.66445876463113
58.58374160303346
57.34586405117634
58.16759264824713
57.50457374771381
58.05002366908868
58.413090797898896
58.13520914061415
59.25917312243067
58.2416338947228
59.1042872355262
59.1532589141669
58.61064230656259
59.351183121932614
58.55414915273418
58.91497569092696
59.199145254771764
59.68754243443538
59.85082701433919
60.11815097288704
60.08577825686426
60.18875031722626
60.70792134114408
60.076498563668174
59.72730361826793
58.72899538660456
59.8011447059861
59.8572205394596
59.77368737837531
58.46177426440074
59.51609181011328
59.288294100588246
59.79365482272745
58.80644002093288
59.38993681046528
59.4856455049353
60.09325233734661
59.91230925704353
60.61555439248867
60.32020446143455
60.6823301536629
62.07679967482196
61.71810401174291
61.39550733115202
61.433125979996376
60.581017846692845
60.64023618601229
60.62461420305507
60.616281861853466
60.40174957789516
60.086361925098565
60.49182507481202
60.23946235409059
60.152752383315985
60.94718823880579
60.148414295112055
60.42776248730464
60.15712402090165
60.04099807315399
59.894045189225984
59.80201147160417
60.298969240296096
60.35394855257623
60.640665726945755
60.48312274160823
60.846411245667916
61.35628892336191
61.00294957638515
60.94308183224101
60.85377376549533
61.752976518178805
62.095377799223876
62.08004786126019
62.26120807671048
62.49528156091563
62.16450337050079
62.35479110080543
62.86662502006667
62.52838738367849
62.62536072524631
62.99772534712397
62.98201985392167
63.04048889571854
62.891451542731595
63.005053388664656
63.33782679923042
63.12070889406187
62.788491022428694
62.819129063136906
63.03839104894614
63.30067773192265
63.274549915255825
62.646510075485
63.102101285632855
62.90295099428993
63.22809857298618
63.46375523684378
63.030523357381554
62.9353359482417
63.08250849285411
63.05715491314712
63.192315809755435
62.9935375437863
63.90778925242422
64.10363376903746
64.66976519832959
64.18628308013338
63.408974529486
63.57889919161855
63.541734165147815
63.575646053310635
63.58401077757798
63.96512411836138
63.967084545398286
64.26818809330788
64.12464253617277
64.22763188022162
64.61529789165
64.44558123038712
64.50341624772096
64.04930003631222
64.23544652368193
64.21909878935662
64.61961800585881
63.7700653199196
63.75507445376812
64.48602842552967
64.05283378204045
64.26241542474271
64.38705796575009
64.36521474458313
64.54313676715806
64.69087885599625
64.68302077238972
64.46074705096285
64.21619381761575
64.19096199873306
64.19776864708864
64.77946943774468
64.7620216426651
64.98639930769268
64.99327779181014
65.23516530273407
65.22475018294354
65.27810258880587
64.76837284496204
64.63246226096221
64.77941245066746
64.37172199064321
64.12359939117168
64.06896874968454
64.15037188766367
64.13467033093656
63.960539172131895
64.69812768747789
64.91362460787492
65.07299272840618
64.09807094412834
64.25946706579788
64.29743108133351
64.56111586284902
64.47143282963223
64.16537876205852
64.35100288450697
64.78884895900934
64.32565389855422
64.81285002983599
65.3643089323411
64.80675513533434
64.71537953047142
64.12185566511457
64.29351949463936
64.27588914715415
64.26698977747934
64.68909593809414
65.1622550011664
65.45336114487105
65.45614382835886
65.27196164801299
64.99781188229025
65.28799714881582
65.36872976971473
65.73775210636668
65.9442770887586
65.57493610032306
65.51015104134834
65.69420834952922
65.84995489407446
65.9371039389933
65.84261753820763
65.65287846603357
65.69633086853304
65.78901507805601
65.82540235730401
65.38872460986391
65.52868211656484
65.60338743884908
65.36151399865616
65.34262769806533
65.50999562099464
65.36468933961403
65.29966065480883
65.39149515497925
65.03078550154906
65.18412645157149
65.31001033241763
65.34838025872494
65.34247655579007
65.6987314900979
65.32937765322117
65.5409838542086
65.74736598750255
65.74823059725739
65.43505380114392
64.87252174538618
65.7724906326742
65.03448884236512
65.2153912366764
65.61611419448666
65.46964761326497
65.30910490970479
64.67082603231654
64.66525911962917
65.0050199366482
65.34097459386179
65.1633719451151
65.33080668716005
65.08080022201383
65.01667975840199
65.20500607949992
64.92287300756635
64.86586685036308
64.79533833915218
64.80863842161065
64.16962279704907
64.70421486366995
64.72590794798637
64.61432465147213
64.84920260526567
65.07602132401544
65.37412995776683
65.36627850515116
65.33547567506885
64.99270295610165
64.8828665264838
64.89095666738575
64.6947939645851
64.97426333347549
65.24223038517276
65.5291794834373
65.49055382581066
65.08601064550047
64.51013045037001
64.79823136256014
64.80526622218989
64.7688636398651
64.74618270082432
64.90282235930111
64.86770540874669
64.94784733251345
65.0613934237072
65.32053491707784
65.54972705680572
65.82064710336005
65.96014125242729
65.97861428290928
66.18045323059975
65.515874520919
65.71610079143514
65.39634633944772
65.54317133540201
65.23266477660334
65.16787367488534
65.86559468832
65.63952985281594
65.42874654606292
65.38389191112614
65.26690124790335
64.9261831650629
64.89920455271863
65.31998296446324
65.43894609660784
65.51240330580653
65.51059459381257
65.5638420855791
65.60961482153792
65.9219656355282
66.22723505817808
66.33825048144651
66.14028203264664
65.90732535811017
65.6380041609953
65.7183265221962
65.91197369569265
66.43949659604885
66.11644904259997
66.50325939705907
66.32590352808833
66.40051546414591
66.23749849901785
66.26560495583712
65.98811855674693
66.08665366376029
66.19927235531519
66.4345130667944
66.54305200665225
66.65353242387698
66.66402387789361
66.689456975183
66.95636402423385
67.00763474251197
67.39629068014601
67.34782405257324
67.26582818099548
66.14016389785529
66.47483532983537
66.9486122349859
66.58533765858836
65.54382950270971
65.9591046157514
66.5307897875334
66.48818597017222
65.98470699059212
66.03381571861081
66.18684307063157
66.49811817257056
66.83032283679624
66.70499984499163
66.3321233170821
66.60263005517872
66.96422348077881
66.94538261125363
66.8086801247368
67.04664662290239
66.5350601211311
66.70285913623343
67.28938034312596
66.99298949531672
66.294585730498
66.37461895571126
67.11019495196402
66.87844274528908
67.00474912908437
67.04800229023903
67.09844167592183
67.45049146003304
67.33490770170823
67.61136460648703
68.05689499659454
68.04592332547621
67.61083864265107
67.88531192690138
68.27811371727017
68.32207017618411
68.42418151035957
67.86236114395695
67.78626699067303
67.9571682655849
68.01727809381276
68.27270003397707
68.31168988529583
68.38474397843285
68.62445052524096
67.95952557069036
67.86122028958637
68.00033323191472
67.74250504909318
67.51041988531786
67.51572385240956
67.81618372455279
67.71120106795517
67.84035718110611
67.85723564878559
67.721857739917
67.9160150865923
67.52327051867836
