57.01425967620885
59.22799597878463
59.22799597878463
57.68792544333751
57.796845730859864
57.796845730859864
57.796845730859864
58.8485954939629
59.329073482428115
59.329073482428115
59.329073482428115
59.329073482428115
59.329073482428115
59.329073482428115
59.329073482428115
59.329073482428115
59.329073482428115
59.329073482428115
59.329073482428115
59.329073482428115
59.329073482428115
59.329073482428115
59.329073482428115
59.329073482428115
59.329073482428115
59.329073482428115
59.329073482428115
59.329073482428115
59.329073482428115
59.329073482428115
59.329073482428115
59.329073482428115
59.329073482428115
59.329073482428115
59.49683321604504
59.49683321604504
59.49683321604504
59.49683321604504
59.49683321604504
59.49683321604504
59.49683321604504
59.49683321604504
60.01682194616977
60.01682194616977
60.01682194616977
60.01682194616977
61.250709572128
61.250709572128
61.250709572128
61.250709572128
61.250709572128
61.250709572128
61.250709572128
61.250709572128
61.250709572128
61.250709572128
61.250709572128
61.250709572128
61.250709572128
61.250709572128
61.250709572128
61.250709572128
61.250709572128
61.250709572128
61.250709572128
61.250709572128
61.250709572128
61.250709572128
61.250709572128
61.250709572128
61.250709572128
61.250709572128
61.250709572128
61.31731320808834
61.35943998279076
61.90574358238922
61.90574358238922
61.90574358238922
61.955976195597614
61.955976195597614
61.955976195597614
61.955976195597614
61.956424320642434
61.956424320642434
62.13970746397075
62.144188714418874
62.144188714418874
62.144188714418874
62.144188714418874
62.144188714418874
62.144188714418874
62.144188714418874
62.144188714418874
62.144188714418874
62.144188714418874
62.144188714418874
62.144188714418874
62.144188714418874
62.144188714418874
62.144188714418874
62.144188714418874
62.214096221409626
62.214096221409626
62.214096221409626
62.214096221409626
62.214096221409626
62.214096221409626
62.214096221409626
62.214096221409626
62.214096221409626
62.214096221409626
62.214096221409626
62.214096221409626
62.214096221409626
62.214096221409626
62.214096221409626
62.214096221409626
62.214096221409626
62.214096221409626
62.214096221409626
62.214096221409626
62.214096221409626
62.214096221409626
62.214096221409626
62.214096221409626
62.214096221409626
62.214096221409626
62.214096221409626
62.214096221409626
62.214096221409626
62.214096221409626
62.214096221409626
62.214096221409626
62.214096221409626
62.214096221409626
62.214096221409626
62.214096221409626
62.214096221409626
62.214096221409626
62.214096221409626
62.214096221409626
62.214096221409626
62.214096221409626
62.214096221409626
62.214096221409626
62.214096221409626
62.214096221409626
62.214096221409626
62.214096221409626
62.214096221409626
62.214096221409626
62.214096221409626
62.214096221409626
62.214096221409626
62.214096221409626
62.214096221409626
62.214096221409626
62.214096221409626
62.214096221409626
62.214096221409626
62.214096221409626
62.214096221409626
62.214096221409626
62.214096221409626
62.214096221409626
62.214096221409626
62.214096221409626
62.214096221409626
62.214096221409626
62.26505729457797
62.26505729457797
62.26505729457797
62.26505729457797
62.51528437674678
62.51528437674678
62.51528437674678
62.51528437674678
62.51528437674678
62.51528437674678
62.51528437674678
62.51528437674678
62.51528437674678
62.51528437674678
62.51528437674678
62.51528437674678
62.601313583007254
62.601313583007254
62.601313583007254
62.61544920235096
62.61544920235096
62.61544920235096
62.61544920235096
62.61544920235096
62.61544920235096
62.61544920235096
62.61544920235096
62.61544920235096
62.61544920235096
62.61544920235096
62.61544920235096
62.61544920235096
62.61544920235096
62.61544920235096
62.61544920235096
62.61544920235096
62.61544920235096
62.61544920235096
62.61544920235096
62.61544920235096
62.61544920235096
62.61544920235096
62.61544920235096
62.79826369480157
62.79826369480157
62.79826369480157
62.79826369480157
62.79826369480157
62.79826369480157
62.79826369480157
62.79826369480157
62.79826369480157
62.79826369480157
62.8631456929653
62.8631456929653
63.53828413284132
63.53828413284132
63.53828413284132
63.53828413284132
63.53828413284132
63.53828413284132
63.48872876433862
63.48872876433862
63.48872876433862
63.48872876433862
63.48872876433862
63.48872876433862
63.48872876433862
63.48872876433862
63.48872876433862
64.07018368527625
64.26655617336755
64.26655617336755
64.26655617336755
64.26655617336755
64.621111668578
64.621111668578
64.621111668578
64.621111668578
64.86390840022936
64.86390840022936
64.86390840022936
64.86390840022936
64.86390840022936
64.86390840022936
64.86390840022936
64.86390840022936
64.86390840022936
64.86390840022936
64.86390840022936
64.86390840022936
64.9352447302608
64.99062165058949
64.99062165058949
65.01473740621651
65.15407288317256
65.1697034655234
65.1697034655234
65.29830347065463
65.29830347065463
65.29830347065463
65.35650042325057
65.41737198476514
65.51964310904218
65.9002317741256
65.9002317741256
65.9002317741256
65.9002317741256
65.9002317741256
66.10656178325688
66.10656178325688
66.10656178325688
66.20042110567232
66.20042110567232
66.20042110567232
66.20042110567232
66.20042110567232
66.20042110567232
66.20042110567232
66.20042110567232
66.20042110567232
66.20042110567232
66.23191405125252
66.23191405125252
66.23191405125252
66.23191405125252
66.23191405125252
66.20896919090124
66.20896919090124
66.20896919090124
66.20896919090124
66.20896919090124
66.37678160092139
66.49645479412612
66.50500287935502
66.49645479412612
66.49645479412612
66.49645479412612
66.49645479412612
66.49645479412612
66.49645479412612
67.0176434544406
67.0176434544406
67.0176434544406
67.0176434544406
67.0176434544406
67.0176434544406
67.0176434544406
67.0176434544406
67.08792892156863
67.08792892156863
67.08792892156863
67.08792892156863
67.08792892156863
67.08792892156863
67.08792892156863
67.08792892156863
67.08792892156863
67.08792892156863
67.08792892156863
67.08792892156863
67.08792892156863
67.08792892156863
67.08792892156863
67.08792892156863
67.08792892156863
67.08792892156863
67.08792892156863
67.25479783181952
67.25479783181952
67.25479783181952
67.25479783181952
67.25479783181952
67.25479783181952
67.25479783181952
67.25479783181952
67.25479783181952
67.25479783181952
67.25479783181952
67.25479783181952
67.25479783181952
67.25479783181952
67.25479783181952
67.25479783181952
67.25479783181952
67.25479783181952
67.25479783181952
67.25479783181952
67.25479783181952
67.25479783181952
67.25479783181952
67.25479783181952
67.28913346029886
67.28913346029886
67.28913346029886
67.28913346029886
67.28913346029886
67.28913346029886
67.28913346029886
67.28913346029886
67.28913346029886
67.28913346029886
67.28913346029886
67.28913346029886
67.28913346029886
67.28913346029886
67.28913346029886
67.28913346029886
67.29928749816365
67.29928749816365
67.29928749816365
67.29928749816365
67.29928749816365
67.29928749816365
67.39615469369765
67.39615469369765
67.39615469369765
67.39615469369765
67.39615469369765
67.39615469369765
67.39615469369765
67.39615469369765
67.39615469369765
67.39615469369765
67.39615469369765
67.39615469369765
67.39615469369765
67.39615469369765
67.39615469369765
67.39615469369765
67.39615469369765
67.39615469369765
67.39615469369765
67.39615469369765
67.39615469369765
67.39615469369765
67.39615469369765
67.39615469369765
67.39615469369765
67.39615469369765
67.39615469369765
67.35014777970012
67.35014777970012
67.35014777970012
67.44776604973973
67.44776604973973
67.44776604973973
67.44776604973973
67.44776604973973
67.44776604973973
67.44776604973973
67.44776604973973
67.44776604973973
67.44776604973973
67.44776604973973
67.44776604973973
67.44776604973973
67.44776604973973
67.44776604973973
67.55756578947368
67.55756578947368
67.55756578947368
67.55756578947368
67.55756578947368
67.55756578947368
67.60501012145751
67.60501012145751
67.60501012145751
67.60501012145751
67.60501012145751
67.60501012145751
67.60501012145751
67.60501012145751
67.60501012145751
67.60501012145751
67.69492842683633
67.69492842683633
67.69492842683633
67.69492842683633
67.69492842683633
67.69492842683633
67.69492842683633
67.69492842683633
67.69492842683633
67.69492842683633
67.69492842683633
67.69492842683633
67.69492842683633
67.69492842683633
67.69492842683633
67.69492842683633
67.69492842683633
67.69492842683633
67.69492842683633
67.69492842683633
67.69492842683633
67.69492842683633
67.69492842683633
67.69492842683633
67.69492842683633
67.69492842683633
67.69492842683633
67.69492842683633
67.69492842683633
67.69492842683633
67.69492842683633
67.87702429149799
67.87702429149799
67.87702429149799
67.87702429149799
67.87702429149799
68.07312753036437
68.07312753036437
68.07312753036437
68.07312753036437
68.23127530364373
68.23127530364373
68.23127530364373
68.23127530364373
68.23127530364373
68.23127530364373
68.23127530364373
68.23127530364373
68.23127530364373
68.27736408328514
68.27736408328514
68.27736408328514
68.32526026604974
68.32526026604974
68.32526026604974
68.32526026604974
