28.450744558991982
28.450744558991982
30.107526881720432
30.887939221272553
30.887939221272553
30.887939221272553
35.84578441835646
32.70388615216201
36.2173649058895
34.39652187295602
35.8522378908645
30.20720476706392
37.18295875078979
34.737484737484735
35.79858982219498
38.86771910724006
39.941870706359
40.91949973577594
38.21651321651321
38.21651321651321
39.342962832481945
36.54490106544901
40.69135383047393
38.21012275878093
39.078738770477365
39.41193941193941
36.78963893249607
38.824884792626726
38.576680672268914
39.14315726290516
39.00786120899973
35.80082545599787
34.61119033638118
39.14315726290516
36.65499390986602
37.26365546218487
37.67013232514178
37.13848842289209
41.447947859785096
41.447947859785096
39.172967863894144
41.447947859785096
41.447947859785096
37.67013232514178
41.447947859785096
37.21007534347762
36.04329712261029
40.391051611766784
37.391074729337205
36.74353815198885
34.100775193798455
37.072697417525
39.115332190124434
37.072697417525
41.92347466390899
42.05103969754253
37.44961934617107
40.784499054820415
39.181559786629286
42.375752172944054
42.375752172944054
35.8074823592065
38.73889268626111
32.26083707025411
42.375752172944054
38.17695564965455
34.58862673926194
38.4420955882353
37.33857009719078
33.93133911965282
34.53105968331304
39.181559786629286
35.907335907335906
43.38446788111218
40.66155321188879
40.47334558823529
36.542686754551156
41.15444617784711
41.74397031539889
37.86048584800535
40.47334558823529
40.36050156739811
39.23892701185277
39.63694852941177
43.80209494094049
40.47773654916512
39.61502782931355
40.78003120124805
39.63694852941177
39.61502782931355
40.36050156739811
39.67564989267828
40.420819490586936
35.174060382008626
40.47334558823529
40.78003120124805
35.555261065465146
40.47334558823529
39.63694852941177
40.45918367346938
40.45918367346938
35.15897212543553
39.04314076727869
40.49172794117648
34.303852889667255
35.555261065465146
35.555261065465146
35.555261065465146
35.555261065465146
42.491642522843776
38.94984326018808
42.491642522843776
42.491642522843776
40.03582624272279
39.61502782931355
41.827458256029686
35.840766875249635
38.94984326018808
37.84520077623525
35.76181833895082
39.55699040444803
39.45281169236254
39.21480818032541
36.84086629001884
37.3162890385793
36.769546528288735
42.0265780730897
36.15527488855869
37.749287749287745
36.55272492744276
37.715325215325215
41.178031308039266
39.8139534883721
35.64746064746065
36.91938968403997
35.80082742316785
36.91938968403997
35.64746064746065
36.70212765957447
37.96228168686829
37.715325215325215
35.19716574245225
35.1400730816078
40.5775075987842
39.42307692307692
35.64746064746065
35.92796092796093
37.715325215325215
38.0974570629743
36.4076601364737
37.715325215325215
36.586340034615894
36.18995633187773
39.527784402575726
40.45918367346938
38.47555129434325
42.680890538033395
37.33365132363463
39.58502265680897
38.47555129434325
39.14259086672879
43.6937319517581
39.51439950980392
40.45918367346938
38.47555129434325
40.47334558823529
42.680890538033395
41.827458256029686
40.47334558823529
42.671614100185536
42.06136145733462
39.63694852941177
41.78638941398866
39.22339405560883
42.665441176470594
40.47334558823529
41.24574062938465
39.63694852941177
41.827458256029686
43.09073724007562
39.61502782931355
41.827458256029686
42.665441176470594
41.71472510572857
39.706430568499535
41.84995340167754
40.42037586547972
43.00493545937737
40.66155321188879
40.45918367346938
40.293569431500465
41.81681681681682
41.82904411764706
42.665441176470594
40.47334558823529
41.40939597315436
42.58731617647059
42.59063709961281
43.608534322820034
41.82904411764706
42.21879815100154
