114110.0
90920.0
86380.0
86980.0
86380.0
86380.0
86380.0
86380.0
82750.0
85170.0
85170.0
75480.0
39180.0
39180.0
39180.0
45900.0
45900.0
45900.0
45900.0
45900.0
45900.0
45900.0
45900.0
45900.0
43720.0
43720.0
38440.0
45000.0
44800.0
45000.0
45000.0
45000.0
45000.0
45000.0
45000.0
45000.0
45000.0
45000.0
45000.0
45000.0
45000.0
45000.0
45000.0
45000.0
45000.0
45000.0
45000.0
45000.0
45000.0
45000.0
45000.0
45000.0
45000.0
45000.0
45000.0
45000.0
45000.0
45000.0
45000.0
45000.0
45000.0
45000.0
45000.0
45000.0
45000.0
45000.0
45000.0
45000.0
38440.0
44800.0
44800.0
44800.0
44800.0
44800.0
44800.0
44800.0
44800.0
44800.0
44800.0
44800.0
44800.0
44800.0
44800.0
44800.0
44800.0
44800.0
44800.0
44800.0
44800.0
45000.0
45000.0
45000.0
45000.0
45000.0
45000.0
45000.0
45000.0
45000.0
45000.0
45000.0
45000.0
45000.0
45000.0
45000.0
45000.0
45000.0
45000.0
45000.0
45000.0
45000.0
45000.0
45000.0
45000.0
45000.0
45000.0
45000.0
45000.0
45000.0
45000.0
45000.0
45000.0
45000.0
45000.0
45000.0
45000.0
45000.0
45000.0
45000.0
45000.0
45000.0
45000.0
45000.0
45000.0
45000.0
45000.0
45000.0
45000.0
45000.0
45000.0
45000.0
45000.0
45000.0
45000.0
45000.0
45000.0
45000.0
45000.0
45000.0
45000.0
45000.0
45000.0
45000.0
38540.0
38540.0
49280.0
49280.0
49280.0
45000.0
45000.0
45000.0
45000.0
45000.0
45000.0
45000.0
45000.0
45000.0
45000.0
45000.0
45000.0
45000.0
45000.0
45000.0
45000.0
45000.0
45000.0
45000.0
45000.0
45000.0
45000.0
38540.0
45000.0
45000.0
45000.0
45000.0
45000.0
45000.0
45000.0
45000.0
45000.0
45000.0
45000.0
45000.0
45000.0
45000.0
45000.0
45000.0
45000.0
45000.0
44400.0
44400.0
44400.0
