114960.0
114110.0
116600.0
116830.0
111890.0
86380.0
97540.0
108210.0
108310.0
91270.0
92380.0
101970.0
104550.0
91270.0
89090.0
104550.0
89090.0
93730.0
85770.0
104550.0
91270.0
91270.0
91270.0
93730.0
92470.0
92670.0
92670.0
92240.0
88510.0
92670.0
85305.0
92240.0
110130.0
92470.0
105770.0
82245.0
95840.0
94090.0
111330.0
92410.0
111530.0
103600.0
105970.0
96670.0
96570.0
110330.0
92470.0
102400.0
110330.0
104570.0
110330.0
111530.0
105970.0
94770.0
98450.0
104110.0
97140.0
98450.0
97970.0
80740.0
97970.0
111530.0
98450.0
92470.0
97140.0
92770.0
111530.0
105970.0
96670.0
89740.0
89430.0
97040.0
97870.0
97870.0
89430.0
89530.0
103400.0
90910.0
111330.0
85340.0
97970.0
103400.0
85240.0
79030.0
93000.0
87560.0
83170.0
103400.0
105770.0
95840.0
94980.0
78720.0
87760.0
105770.0
97040.0
105770.0
88050.0
94420.0
88050.0
110330.0
92340.0
92770.0
105970.0
95940.0
79510.0
108310.0
104650.0
81300.0
104550.0
108210.0
97970.0
92410.0
92410.0
89630.0
96570.0
108910.0
98450.0
97140.0
110330.0
110330.0
105970.0
110330.0
102570.0
104110.0
104110.0
111530.0
97970.0
104110.0
104110.0
99250.0
103600.0
105970.0
105970.0
102400.0
98450.0
111530.0
97140.0
97140.0
90810.0
105970.0
72670.0
89630.0
97040.0
111530.0
89430.0
105970.0
89430.0
105970.0
93200.0
81680.0
105970.0
95280.0
111530.0
88570.0
86640.0
90380.0
111530.0
97040.0
87760.0
67260.0
97870.0
111530.0
72770.0
105770.0
71100.0
103600.0
105970.0
95940.0
87760.0
105770.0
111530.0
103600.0
93770.0
111530.0
102400.0
93200.0
105970.0
105970.0
111530.0
87760.0
97040.0
103600.0
97970.0
88670.0
103600.0
111530.0
111530.0
79960.0
105970.0
86240.0
91040.0
73300.0
91040.0
105970.0
111530.0
102400.0
90380.0
93000.0
111530.0
91030.0
110330.0
