42.40253089892323
48.52691656893812
48.33085210032377
48.31887751913534
48.3134964992151
51.7434364578184
50.32357204876178
52.77846617106954
50.284180171079875
52.34851044200778
52.528492018052056
54.91460169396185
52.564317278436675
53.70724844177155
57.93751739327135
61.81597374023908
61.86403482928277
61.545396807583444
60.505955394167586
61.55776968886191
61.25597389810479
61.05984119874055
59.06955931349504
59.55745930714349
56.53651421397784
55.870370731780085
53.817417635005306
56.81963710266838
58.06373242499937
57.08986564611334
57.31242132150756
59.03967580522746
58.46162880000569
57.673645346931025
55.91842345773941
58.09770192572436
59.52146706003311
61.77496942249976
63.43209940998019
62.839767143866446
63.32737324347998
62.10178836582457
60.86284791282892
61.21289639999224
60.40020557924422
59.51004599321178
58.70206217164371
59.00973084805449
59.19166390889121
59.79339239685252
62.16159179117827
62.83785949991807
63.193844430983894
62.229536457880194
61.47578645379199
61.533192818524626
60.90051405045622
61.71714762979908
62.840189241938496
63.25111475196404
62.794255360329196
62.276216695110485
62.3250273960533
62.26927365139827
61.14601249617617
61.237531630090885
60.89591848109597
60.412851349349374
58.07915879112458
57.691494957664126
57.11519702171792
57.93859642909612
61.54746575533871
61.782439153023226
61.2035374139501
62.16917545797063
62.40209662887984
61.99655541153421
62.152590259265956
61.74731989455259
61.020231943552496
61.15340278831799
61.29798223176486
61.58846042448592
61.81221914896546
60.59884403560729
60.385176468448634
60.449369362784246
60.536934176498676
59.91103860764684
59.92993271120667
60.399835439057235
60.77139306343424
60.97788390891271
60.369746163498355
60.6041113248004
61.847077040928816
62.67445304775497
61.876556133915315
61.18807948274302
61.15630806477874
60.546219495099265
59.506369586707564
58.56313886939535
58.64078398567371
58.134918957478476
57.966882598404055
57.763641251726504
59.98538272451479
59.84638711616677
59.11196473712725
59.852267164344916
60.01838793326181
61.569149670704704
60.26303813292028
58.91133544894594
60.02688506616963
60.520222576679295
61.29208758117297
61.91273525926897
62.06909991729444
61.303721623563135
60.74767879244175
60.719686910016044
62.41569361038463
61.44275793922184
60.88621671432363
60.82552532774764
59.75923572046545
60.70710987182791
60.224027386834706
60.61206555598611
60.19875718297942
60.47039698664514
60.18054675343663
59.22361555390412
58.3282402110933
56.72538969871662
58.50405677816149
58.07553986703762
57.70507786197269
57.52196850352196
58.85022075871364
60.47379496724396
59.129202440923954
57.33664234451468
56.574776218591936
56.992957610263794
57.28919513413619
59.404718766140746
60.24369637801339
60.8350358600773
59.06514913739732
58.04961429977839
56.484650548361124
58.392509443208866
58.34899527319158
58.11019276094414
58.462627707321644
58.40674083969754
58.94707888666144
58.82476246805915
57.35121104141063
57.81898331189177
57.632275027132785
59.14615603814535
60.21971899134107
61.21720254727816
61.678995089751716
61.07011534677664
60.29029393776378
60.128492580488356
61.14274776892619
61.78836905087605
61.240964786709775
61.26080463705383
60.51872249943793
60.885087782899525
60.73378366862931
59.25273322592037
59.185708185097845
57.85650708968532
58.22889964335414
59.72867684584052
59.66315808629312
59.628781253558685
59.83085214826745
60.967450883190274
59.82175184483065
58.347968230902815
59.15457729700806
59.94954391513101
59.42026660933443
59.633367852581436
60.28717558213629
60.82474012367553
60.89491169861169
61.48538081513591
59.756626875723676
58.81659372493516
59.42901799859566
