39.04758466854491
44.9525196486547
47.61269662103037
47.988186211203754
49.01736603064637
49.36027739386413
51.885739456763595
48.46387635472483
52.04534467034614
49.93200690271714
52.1766399000432
51.54826625565824
54.22239249726289
52.757114887285034
54.443832814562604
57.88929721982782
59.209049688164185
59.06731533538407
59.30331899895763
58.92268858753759
59.176412934552616
57.99814498053096
57.71731447098923
56.58934930928165
58.73709625106243
55.44214682444554
54.289003620017574
54.04459400189224
55.571072186463695
55.466682167904786
54.93464784567983
55.317991707018074
56.88555067934392
56.652055506611816
55.4204261650567
53.754832972061756
55.10807661798358
57.10999051958367
59.537856784138995
61.44142907606287
59.75892521583498
59.83063531381106
59.535589362417106
57.99167863046913
58.5765113031283
57.18318824454186
55.97726110305958
56.25277237878893
56.603295171315715
55.94389657199669
57.02823223303588
59.06098160887969
58.717959688514036
60.47139745878568
59.654168836171735
58.313137229400326
57.56379988275538
57.65422326704286
58.96981105884537
60.17456931548034
60.9634018954891
59.15291763391741
59.56944387850027
58.67353887411099
60.52338935787299
57.84097000772049
56.61842124766201
57.56796798005769
56.978194126491005
56.412099455733795
55.41608579674016
55.824948256583696
55.74621995433376
59.32448870502728
57.99171474739958
58.32093441020797
58.82927719145183
59.743004135842824
59.15277787908674
59.25014331527733
58.80789278960848
58.04588008049247
57.7713350942848
56.70114352868308
60.18899086523
59.33359213513882
56.94592721776806
58.08075865626976
57.57219051143915
57.00751894579783
57.05017839329606
56.56496008098927
57.503070617476126
56.90944942423701
58.24380384349053
56.37665535701245
57.76374234563907
58.44676579288015
59.37871133212408
58.942037854830346
57.516177144777906
57.51663696225896
57.23779587592015
56.59286125254703
55.55513189014547
54.688286659904215
54.900378951228205
56.08423818622662
55.04519167898798
56.71756974512374
56.72171164417473
57.19705977047378
56.98101634864854
57.066513028084444
58.564685025399235
56.699267784969436
55.84076550193633
56.70154258979342
57.37753638808588
57.45683010533101
58.22245446521296
59.013495653472795
58.22279983680286
57.103934232273396
56.77891228105364
59.385464917862215
59.04327041081316
56.52196405573779
57.40325571994568
57.73260521779556
57.77897267645295
57.32823072739199
57.81631838422474
57.25914309282956
56.18694904119993
57.67116214657142
55.50010335678178
57.51230907798863
53.141205840190025
56.40384221483226
55.7455638553141
53.85659114038856
54.35236182212689
56.579416340073365
57.331044656531844
55.53135142554428
54.84060561557121
55.630146546314315
53.92261232107528
53.844664352022775
55.97509197036988
56.45103819914318
58.086807938131585
56.76725783654735
55.96098019125956
54.05871021498962
56.458276301867215
54.558475211936035
54.54458824491509
55.19468985264208
55.64752741173316
56.35183433690582
55.35978355692516
54.325239699171
55.07478303726587
54.74856055221107
56.1556608657296
57.25296652171937
57.10547693724334
58.28261959557911
57.82170394696638
56.71197749275359
56.08797857276145
57.77087613262024
57.9108982875968
57.78104691809441
57.74076216573757
57.75031075438256
58.33356698779558
57.906532743505316
55.45691828503958
56.77790179086722
55.0145753517454
54.99681281872433
56.10936195281455
58.01513620533817
56.42781596152727
56.0699557997757
57.52059761568052
57.1530557986258
55.553399727741116
56.36440729243857
57.3662754311663
57.072283351091784
55.75141424111379
58.06753706654588
57.06896352727285
57.995981141232946
57.243474966898006
56.964154445404894
56.815366617713764
