37.49012445887446
37.49012445887446
39.85925550801166
41.554691080825485
41.554691080825485
41.554691080825485
41.60077656194847
41.60077656194847
41.86570252619167
41.79272389571374
41.79272389571374
41.62183973697747
40.31697558354894
41.79272389571374
41.79272389571374
41.79272389571374
43.667615216040296
41.208612361281695
43.1168227392313
43.1168227392313
43.85678613648324
43.85678613648324
41.88363005161582
42.42656368027407
42.42656368027407
42.42656368027407
42.42656368027407
42.42656368027407
40.55196720030128
40.55196720030128
40.55196720030128
40.554098896491936
40.554098896491936
40.554098896491936
40.554098896491936
40.85185239227818
40.85185239227818
40.85185239227818
40.85185239227818
40.85185239227818
40.85185239227818
40.8919790465907
40.8919790465907
40.8919790465907
40.8919790465907
40.8919790465907
40.8919790465907
40.8919790465907
40.8919790465907
40.8919790465907
40.92480994557368
44.64189229753258
44.64189229753258
44.787239756953774
42.94660966249836
44.787239756953774
44.787239756953774
44.787239756953774
44.787239756953774
44.787239756953774
41.83476654712681
41.83476654712681
41.83476654712681
41.83476654712681
41.83476654712681
41.83476654712681
41.83476654712681
41.9437530456401
44.62936193479287
44.62751996469368
44.62751996469368
41.278366955015805
41.278366955015805
41.278366955015805
41.278366955015805
41.361242330455546
41.361242330455546
41.361242330455546
41.361242330455546
41.72846597680061
41.72846597680061
45.8710411594685
45.8710411594685
45.8710411594685
41.590538573508
45.8710411594685
45.88874978634158
45.88874978634158
45.85835523798755
45.97251929085419
45.97251929085419
45.97251929085419
45.97251929085419
45.9720573266749
45.9720573266749
45.9720573266749
44.34267148803898
45.9720573266749
41.84200145333748
41.84200145333748
40.515046537835474
40.40830674598984
40.40830674598984
40.40830674598984
40.40830674598984
40.40830674598984
38.05159427910264
38.05159427910264
41.48208934129042
41.48208934129042
41.48208934129042
41.48208934129042
39.915055111421665
39.915055111421665
40.26394073488088
40.26394073488088
43.19337806089084
43.19337806089084
42.262604557910294
43.19337806089084
43.19337806089084
43.19337806089084
43.355110636432514
43.355110636432514
43.44148884636811
43.3789294080222
43.3789294080222
43.44148884636811
43.44148884636811
43.75045413810643
43.75045413810643
43.75045413810643
43.75045413810643
43.75045413810643
43.75045413810643
41.71709628778631
41.71709628778631
41.71709628778631
41.71709628778631
43.98575201130012
43.22186650102895
43.22186650102895
44.127297766600805
44.67561807652628
44.67561807652628
42.575890230074776
44.68149570277932
44.68149570277932
44.68149570277932
44.68149570277932
44.68149570277932
44.68149570277932
52.791724798027325
52.2077308510005
52.2077308510005
50.62897391966496
52.2077308510005
50.58140086759248
51.345150313063705
51.345150313063705
49.013898177219524
49.013898177219524
49.013898177219524
49.013898177219524
48.2239952666012
48.865295411284215
48.44894696850225
48.865295411284215
48.865295411284215
48.865295411284215
52.688012939919766
52.688012939919766
52.688012939919766
47.65929299740945
47.65929299740945
48.895334463199916
48.40358337565264
46.62884114899051
46.62884114899051
46.62884114899051
50.808966861598435
49.3007926306364
49.326541135672066
50.808966861598435
50.808966861598435
50.808966861598435
50.808966861598435
50.808966861598435
50.808966861598435
50.808966861598435
51.969787781046186
51.969787781046186
49.509238962584654
43.29010080723031
52.961284329141506
52.961284329141506
53.17376662495659
53.17376662495659
53.17376662495659
53.17376662495659
48.80412118238686
53.17376662495659
53.17376662495659
52.37984644120304
52.63943437513905
53.17376662495659
52.02979233831599
52.678100600056055
51.88937034393316
53.17356115662234
50.521046942528976
50.063784549964566
49.8723182619546
50.063784549964566
50.063784549964566
50.063784549964566
50.1366477877373
50.1366477877373
50.1366477877373
50.1366477877373
50.1366477877373
50.1366477877373
50.1366477877373
50.1366477877373
50.085793338820594
48.8121689235798
50.085793338820594
50.48253598242484
50.48253598242484
50.420281806763924
50.48253598242484
50.48253598242484
50.48253598242484
50.48253598242484
47.98180106337878
50.48253598242484
52.81238704960055
52.8979696970956
52.8979696970956
52.8979696970956
52.646547035341484
52.8979696970956
52.8979696970956
52.8979696970956
52.51606831747629
52.356936675418716
52.8979696970956
52.8979696970956
52.8979696970956
52.8979696970956
52.8979696970956
52.90227146952719
53.093675752822165
53.093675752822165
53.28071102530281
51.977252807223536
52.8677624091296
52.8677624091296
53.28071102530281
53.28071102530281
54.02996873764776
54.02996873764776
54.02996873764776
54.02996873764776
54.02996873764776
54.02996873764776
51.30019287052329
51.30019287052329
51.30019287052329
51.50785577712104
51.50785577712104
51.50785577712104
51.50785577712104
51.50785577712104
51.50785577712104
51.50785577712104
51.50785577712104
52.451363507497575
52.451363507497575
52.451363507497575
52.451363507497575
51.44633594892939
52.451363507497575
52.451363507497575
50.110636575554565
53.065329301089
53.065329301089
53.59925968214971
53.59925968214971
53.59925968214971
53.59925968214971
53.59925968214971
54.394827323385435
48.70597153862018
54.45622533493674
51.14655706063065
54.515506173675924
54.08162006325287
54.08162006325287
54.08162006325287
54.515506173675924
54.515506173675924
54.515506173675924
54.515506173675924
53.79613301423353
54.515506173675924
52.3329515385272
52.3329515385272
52.3329515385272
52.3329515385272
55.277522073409486
55.277522073409486
49.017907930094346
49.017907930094346
55.663846465287314
55.79001916941326
55.82844582829212
55.82844582829212
55.82844582829212
56.22391104338261
56.22391104338261
56.22391104338261
56.22391104338261
56.7433353583265
56.59083334045517
56.59083334045517
55.86163502708676
56.27121412082504
56.27121412082504
54.63858005344594
56.27121412082504
56.27121412082504
55.96232768599389
56.24532353934408
56.768214902078476
56.768214902078476
56.768214902078476
56.116401174690736
56.116401174690736
53.326873855123324
56.116401174690736
51.61032646681841
55.37116555868311
52.73427720777031
56.11576591673242
56.11576591673242
56.11576591673242
56.116401174690736
56.382249589312316
56.382249589312316
55.52653866357916
55.52653866357916
55.52653866357916
56.382249589312316
56.382249589312316
56.28912412014925
54.19255229202662
55.3653374046861
55.3653374046861
56.03358461845533
56.2886889544055
56.2886889544055
56.2886889544055
56.2886889544055
56.2886889544055
56.2886889544055
56.2886889544055
56.2886889544055
56.32725263066778
56.32725263066778
55.14092744217636
55.44189226080954
55.44189226080954
55.44189226080954
54.49595028162144
54.49595028162144
53.127921244850555
50.46327440550689
53.127921244850555
53.127921244850555
53.127921244850555
53.127921244850555
53.127921244850555
54.01033973412113
54.01033973412113
54.01033973412113
54.01033973412113
54.0009992180033
54.0009992180033
54.0009992180033
53.81201668259623
53.81201668259623
53.81201668259623
53.95168998175342
53.95168998175342
53.95168998175342
53.95168998175342
53.38204254620677
53.38204254620677
53.38204254620677
53.855460943609344
53.94039447389
53.94039447389
53.94039447389
54.00708141454515
54.00708141454515
54.00708141454515
53.89077957035335
54.00708141454515
54.01033973412113
54.01033973412113
54.01033973412113
54.01033973412113
51.63044128616388
51.526007094440345
51.526007094440345
54.01033973412113
53.99513424276653
53.99513424276653
53.99513424276653
53.99513424276653
49.21211011960973
49.21211011960973
53.99513424276653
53.99513424276653
54.01033973412113
53.279053345601625
54.01033973412113
54.01033973412113
54.01033973412113
54.01033973412113
52.226208148640126
54.01033973412113
54.01033973412113
53.77767559390794
54.01033973412113
54.01033973412113
54.01033973412113
56.449413130841656
56.571226903767126
55.84609720998205
55.84609720998205
56.571226903767126
52.34192086166385
56.571226903767126
56.590580493858084
56.645453613998335
56.71376040255467
56.71376040255467
56.37851202913324
56.71376040255467
55.812761520141756
55.812761520141756
56.8455925044684
56.8455925044684
56.8455925044684
57.004969374783315
57.004969374783315
57.004969374783315
57.00292492687683
57.004969374783315
57.28117415925112
57.28117415925112
57.28117415925112
51.99170540820763
57.28117415925112
57.28117415925112
57.28117415925112
55.70838762893835
57.54374205477868
57.54374205477868
57.393042875303365
57.04765692228535
57.04765692228535
57.393042875303365
57.393042875303365
57.393042875303365
57.72633768635154
57.72633768635154
57.72633768635154
54.01947261663287
48.69487118172387
48.69487118172387
54.01947261663287
57.66809199121691
58.44901234167088
57.40527395116175
54.58700133406608
49.951202200337136
52.27398448723918
54.521422282094875
58.43022851338754
58.43022851338754
58.43022851338754
58.43022851338754
58.43022851338754
58.43022851338754
58.43022851338754
58.43022851338754
58.43022851338754
