755856.7125
703380.925
677630.3125
628301.0625
613890.7
601265.8375
608556.0625
608199.3375
605072.45
601989.2
585212.825
582695.35
562541.95
530469.3125
513262.8375
490614.0375
486355.8375
472830.0625
460109.6
476503.8125
461140.5875
446617.6375
425251.7375
418587.65
403056.25
404641.7625
411263.9625
402418.85
389047.15
405847.95
405419.0625
394087.275
395353.025
393967.9875
373166.275
358687.5
337603.125
340372.8375
346701.3625
340296.4375
331583.2
330983.8
336669.75
330421.125
319460.0
329480.9
331154.975
330405.825
335058.6
326173.225
338628.5625
343912.425
344469.0
347160.775
338309.9375
340244.25
339610.8125
345535.175
345706.6125
348510.5
337350.3
319273.3
337223.1875
342525.7875
342357.625
351194.0875
352670.1875
386009.3125
382187.0875
386760.8
399294.2125
380254.475
378948.8625
374074.1125
374887.65
368756.6125
379765.725
369236.3125
367576.825
355238.8375
358154.2375
393361.2125
396788.0125
404587.525
398158.375
420548.8875
430778.5125
437301.8625
430072.45
423163.975
424269.0375
403048.7125
400933.925
398264.7
408312.075
408896.1375
406989.375
398403.875
363766.8625
379016.475
382236.725
380869.7875
381167.5875
368163.8125
361901.9
369406.775
345831.825
339861.7875
352650.3625
343712.15
332085.125
322620.375
318207.1125
304499.8875
312593.025
314582.975
338432.0375
342454.375
341583.1875
337504.3125
338235.775
337626.0375
347282.7
337779.2375
341255.5625
340322.525
335376.4625
317841.0
330291.2125
330953.0875
333238.6375
336840.35
332909.7125
331731.225
340477.325
359906.6375
342521.975
320273.7375
312044.675
288508.175
313331.775
312817.6125
316664.0625
315437.2
325610.6375
306631.3
306876.9
289989.45
292233.525
291471.3875
283302.4625
279486.925
344456.1625
318052.9
304719.225
303483.7125
319581.9625
318781.025
354443.625
367254.85
358628.9375
343000.5375
329477.7875
314645.0375
330289.9125
324579.8
344728.8
343579.0
336892.7
346721.3625
324151.8125
309034.7
306418.1625
301187.8125
300967.55
303846.45
348808.525
321514.4375
300164.8125
303316.975
308550.9625
312127.1125
322255.7125
317285.575
312226.675
310173.3125
310326.8875
312463.7
306032.6
307984.325
304738.5125
323240.25
326018.175
324759.3
326415.9375
296897.5375
297548.2
301506.525
282310.2875
286499.1875
279158.0
292475.0625
295109.9
281467.2625
265271.9875
250336.1625
245750.3125
261257.6375
254604.65
253893.9625
255851.9125
261831.8
241323.25
258888.4625
263263.45
269013.05
278180.4875
297067.7875
308052.775
309610.7875
288350.325
303098.1625
306484.775
300707.25
300044.5625
285483.05
284973.425
269154.2375
240097.375
245242.5875
255391.15
256565.8625
262997.0625
242132.3375
250080.8375
260777.65
263683.05
271343.5125
286054.2375
274288.525
280551.125
267916.85
271960.95
267526.825
276263.475
268404.125
252159.3875
261041.8
268478.0625
249606.3875
249265.6875
262377.5625
251842.55
265220.2375
290627.925
287799.0875
265331.3375
253185.2125
237930.6375
246975.1625
260586.3
254648.6625
262565.4375
262244.6125
266142.4875
269916.5625
255602.0625
233124.475
268978.2
261166.9625
272151.525
293813.8875
285357.35
275470.35
272743.925
267871.2375
281485.55
270150.4625
284648.7875
282192.375
259323.7125
267435.6875
294558.0625
291033.2875
252350.525
239458.7
266317.725
269430.625
276983.525
270408.6625
284915.0
287447.75
290295.0
276989.8625
281253.7375
292777.5375
319974.325
313058.3875
301637.2
293963.0625
300548.7
302435.825
302284.325
307265.25
296605.1125
288143.6875
282673.4875
277993.925
268196.6125
263773.5
264016.6125
256990.2625
274505.1375
263426.1625
256253.825
264547.9625
227961.725
225707.7625
218642.075
253930.0875
260912.225
231615.975
227194.1375
227087.75
230753.85
236044.925
245235.6375
232288.2875
238729.5625
243301.7125
237686.4
251441.1375
252709.9125
254817.575
273124.9125
269943.925
272428.8125
268702.175
263031.325
231290.5875
218815.5375
206925.1625
209712.825
201585.375
180294.05
188727.2625
199383.7875
194830.3125
197697.325
193281.5875
185978.9625
186443.8375
192893.8625
199082.9
193754.3875
181121.8875
167431.125
173661.1375
180088.525
193145.2875
184700.0
177746.5625
185489.4875
181594.5875
181724.3
205645.7875
213970.1125
215336.0875
227688.0125
236230.6375
234498.9375
233886.4375
244815.775
241346.05
244352.15
234944.7875
210008.6125
214957.7625
207424.1375
208347.25
201235.875
211010.55
214893.2125
208814.0875
210451.775
216566.0
222203.475
219695.85
223615.7
238243.075
238315.5875
220713.15
219053.175
193995.85
190178.7125
182860.5875
185653.2625
187079.7375
187427.525
193069.4875
190023.3375
206646.775
191360.675
190457.225
189268.125
197164.525
195405.7375
206489.8875
194348.7625
193802.625
202370.3375
203047.5625
194549.2625
199736.4125
211208.8375
213976.9375
212629.6375
220138.4
225580.1875
213408.975
212391.9375
215199.2375
213773.225
212705.7875
198289.975
201299.3125
196475.875
194276.2625
183419.275
197148.675
202475.8625
214776.5875
199561.2
201640.7875
186353.3375
184817.425
181662.275
193243.75
187288.6
195077.3375
189320.975
200667.7875
188325.625
179217.4625
169728.25
163766.725
177611.0375
183383.95
180487.15
171758.6875
188334.1625
187197.025
190357.8625
200228.7625
215045.4
204222.0
186899.9
188535.1375
175089.7125
164100.675
161750.525
163839.0375
156134.375
162078.15
166878.775
179390.8
174853.175
170086.0
172949.1
172842.225
172872.4625
169720.5
157476.725
161465.775
161490.275
158136.5
169417.2
185117.475
185307.875
191355.325
194314.8375
211668.25
223734.0
229336.4625
245404.2875
236185.2125
227351.825
237724.0125
228066.4
219745.4125
233299.3125
242300.3625
226284.9125
226599.7875
235712.8375
235738.2375
240538.9875
228191.125
230523.9125
228004.325
