55.5642258151778
55.5642258151778
55.436252783153336
55.436252783153336
55.436252783153336
55.436252783153336
55.436252783153336
55.436252783153336
55.471876066060645
55.471876066060645
56.16223628691984
56.16223628691984
56.532658080113364
57.67653426186261
57.67653426186261
57.325425222147004
60.194507499888715
60.194507499888715
60.194507499888715
57.77183954689092
57.77183954689092
57.77183954689092
57.77183954689092
57.77183954689092
57.955526583895974
58.966129562643864
58.02932050490789
58.00753417285544
58.1496669496792
58.1496669496792
58.366084010958716
58.366084010958716
58.633508217831256
59.80177233002351
59.80177233002351
59.80177233002351
59.80177233002351
59.80177233002351
59.80177233002351
59.80177233002351
59.823264716062965
59.823264716062965
59.823264716062965
59.823264716062965
59.823264716062965
59.90600503351164
59.915025663692866
59.915025663692866
59.915025663692866
59.915025663692866
60.11883404529955
60.715147961647226
61.01803591533683
61.01803591533683
61.01803591533683
61.289674478410916
61.289674478410916
61.289674478410916
61.33119622821783
61.33119622821783
62.01035806298965
61.01803591533683
62.40795287187041
62.40795287187041
62.40795287187041
62.40795287187041
62.37069307629219
63.44322922539181
63.44322922539181
63.44322922539181
63.44322922539181
63.44322922539181
63.44322922539181
63.44322922539181
63.44322922539181
62.39801780778769
63.200668698808435
63.200668698808435
63.200668698808435
63.200668698808435
63.98851728392788
63.98851728392788
64.03189570610385
64.03189570610385
64.03189570610385
64.03189570610385
64.03189570610385
64.03189570610385
64.27613512995723
64.27613512995723
64.27613512995723
64.27613512995723
64.03189570610385
64.03189570610385
64.03189570610385
64.03189570610385
64.03189570610385
65.68462388709851
65.68462388709851
64.03189570610385
64.03189570610385
64.33253665422728
64.33253665422728
64.33253665422728
64.33253665422728
64.33253665422728
63.100500161269075
63.100500161269075
63.323700924537945
63.323700924537945
63.100500161269075
63.801264631178846
63.801264631178846
63.801264631178846
63.801264631178846
63.801264631178846
64.53049010324254
63.801264631178846
63.801264631178846
63.801264631178846
63.801264631178846
63.90228415125842
63.90228415125842
63.90228415125842
63.90228415125842
63.90228415125842
63.90228415125842
63.90228415125842
63.90228415125842
63.90228415125842
64.62490455446243
64.62490455446243
64.62490455446243
64.62490455446243
64.62490455446243
64.62490455446243
64.62490455446243
64.62490455446243
64.62490455446243
64.62490455446243
64.62490455446243
64.62490455446243
64.62490455446243
64.62490455446243
64.62490455446243
63.819239286925054
63.819239286925054
63.819239286925054
63.819239286925054
63.819239286925054
63.819239286925054
63.801264631178846
63.70007650424799
63.70007650424799
63.87455987687736
63.87455987687736
63.87455987687736
63.87455987687736
63.889122236124805
63.889122236124805
63.889122236124805
63.889122236124805
63.889122236124805
63.80765691883027
63.80765691883027
63.76200939971792
63.76200939971792
63.76200939971792
63.76200939971792
64.00714195195249
64.00714195195249
64.00714195195249
64.00714195195249
64.00714195195249
64.00714195195249
64.00714195195249
64.00714195195249
64.3076129950591
64.3076129950591
63.76200939971792
63.76200939971792
63.83194433278845
63.93482855904698
63.93482855904698
64.14773033223844
64.14773033223844
64.15780433432006
64.87201671468151
64.87201671468151
64.87201671468151
64.52473251666926
64.52473251666926
65.92021453384874
65.92021453384874
65.92021453384874
65.92021453384874
65.92021453384874
63.98145013275361
63.98145013275361
64.74937501692192
64.74937501692192
64.74937501692192
64.74937501692192
64.74937501692192
64.74937501692192
64.74937501692192
64.93664431468461
64.93664431468461
64.93664431468461
64.93664431468461
64.93664431468461
64.93664431468461
64.93664431468461
64.94085020297155
64.94085020297155
64.94085020297155
65.12967267222886
65.25613715428965
65.70142593585561
65.70142593585561
65.70142593585561
65.95624138229178
65.95624138229178
65.70142593585561
65.70142593585561
65.70142593585561
65.70142593585561
65.70142593585561
65.6399744555048
65.80297691617208
65.80297691617208
65.77796831946696
65.77796831946696
65.77796831946696
66.1053129870536
66.1053129870536
66.1053129870536
66.1053129870536
66.38130071497791
66.38130071497791
66.3540592078527
66.40273665501088
66.87276429844187
67.06032877373025
67.06032877373025
66.87276429844187
66.87276429844187
66.87276429844187
66.87276429844187
66.87276429844187
66.87276429844187
66.87276429844187
66.87276429844187
66.87276429844187
67.10448642266824
67.02236929658855
67.1172679894428
67.1172679894428
67.1172679894428
67.1172679894428
67.1172679894428
67.02236929658855
67.02236929658855
67.02236929658855
67.02236929658855
67.98664877807903
67.07899754209451
67.07899754209451
67.07899754209451
67.07899754209451
67.07899754209451
67.07899754209451
66.98329336423681
66.97874078315954
66.97874078315954
66.97874078315954
66.97874078315954
66.97874078315954
66.97874078315954
66.97874078315954
65.8455461083344
66.04018598936007
66.04018598936007
66.04018598936007
66.06508696724707
66.04018598936007
66.4800256922239
66.4800256922239
66.4800256922239
66.49212710203815
66.49212710203815
66.84632605852428
66.84632605852428
66.84632605852428
66.84632605852428
66.84632605852428
66.4800256922239
65.95175260994829
65.95175260994829
66.47071691544372
66.69246401033162
66.69246401033162
66.90856347839255
66.95210017225388
67.14564916996346
67.14564916996346
66.96274773325257
66.96274773325257
66.96274773325257
66.96274773325257
66.96274773325257
66.96274773325257
66.959198546253
66.959198546253
66.959198546253
66.959198546253
66.959198546253
67.22573275652556
67.22573275652556
67.06567415623995
67.06567415623995
67.06567415623995
67.05881239470746
67.50864373466723
67.50864373466723
67.50864373466723
67.17662529266492
67.33588559314013
67.17662529266492
67.17662529266492
67.25368379515115
67.25368379515115
67.25368379515115
67.25368379515115
67.25368379515115
67.25368379515115
67.35113232788903
67.35113232788903
67.4786575682621
67.4786575682621
67.4786575682621
67.4786575682621
67.4786575682621
67.4786575682621
67.4786575682621
67.4786575682621
67.4786575682621
67.4786575682621
67.4786575682621
67.4786575682621
67.45181444214836
67.10731795036817
67.10731795036817
67.10731795036817
67.4450411503938
67.4450411503938
67.13168903443186
67.13168903443186
67.14588578243011
67.14588578243011
67.24171383141835
67.24171383141835
67.24171383141835
67.24171383141835
67.32476480720817
67.32476480720817
67.24171383141835
67.24171383141835
67.24171383141835
67.17688201555964
67.6451735089304
67.17688201555964
67.17688201555964
67.17688201555964
67.17688201555964
67.17688201555964
67.29826421094477
67.29826421094477
67.29826421094477
67.42248575592951
67.42248575592951
68.03161164783396
68.03161164783396
68.03161164783396
68.03161164783396
68.03161164783396
68.03161164783396
68.03161164783396
68.03161164783396
68.03161164783396
68.03161164783396
68.3425099121682
68.3425099121682
68.3425099121682
68.66592284843234
68.66592284843234
68.66592284843234
68.66592284843234
68.66592284843234
68.66592284843234
68.66592284843234
68.66592284843234
68.66592284843234
68.66592284843234
68.66592284843234
68.66592284843234
68.42614764131851
68.23406021937683
68.23406021937683
68.0484367303744
68.27228348069505
68.27228348069505
68.27228348069505
68.50881000336503
68.50881000336503
68.50881000336503
68.50881000336503
68.50881000336503
68.50881000336503
68.20871410080484
68.20871410080484
68.20871410080484
68.20871410080484
68.20871410080484
68.57955881200532
68.57955881200532
68.33515246606181
68.33515246606181
68.33515246606181
68.33515246606181
68.33515246606181
68.33515246606181
68.33515246606181
68.33515246606181
68.33515246606181
68.33515246606181
68.33515246606181
68.33515246606181
68.33515246606181
68.33515246606181
68.04868057215035
68.04868057215035
68.04868057215035
68.03161164783396
68.03161164783396
68.03161164783396
68.03161164783396
68.03161164783396
68.03161164783396
67.94171894109756
67.94171894109756
67.94171894109756
67.94171894109756
67.94171894109756
67.77801620084759
67.77801620084759
67.77801620084759
67.77801620084759
67.27237127384215
67.27237127384215
67.09624488136382
67.09624488136382
67.09624488136382
67.09624488136382
67.09624488136382
67.03041655775952
67.03041655775952
67.03041655775952
67.03041655775952
67.03041655775952
67.03041655775952
67.03041655775952
67.03041655775952
67.07397941896824
67.07397941896824
67.03041655775952
67.03041655775952
67.03041655775952
67.03041655775952
67.03041655775952
67.03041655775952
66.96279452508364
67.55634869237923
67.96740303697806
67.96740303697806
67.96740303697806
67.96740303697806
67.53311347521206
67.53311347521206
67.53311347521206
67.53311347521206
67.53311347521206
67.53311347521206
67.53311347521206
67.53311347521206
67.53311347521206
67.53311347521206
67.53188841138625
67.10574582319005
67.10574582319005
