39.49346769028634
39.62113734720219
40.330817216788
39.981662416549675
41.027785938911194
41.166812379261344
41.166812379261344
41.166812379261344
41.166812379261344
40.719389412146796
40.511673232674354
41.68308543621326
46.26423181089112
45.43231376945044
45.43231376945044
45.43231376945044
45.43231376945044
42.0056230955298
40.54516042219324
40.54516042219324
40.54516042219324
40.54516042219324
40.54516042219324
42.09672352590079
42.09672352590079
42.068998065033746
42.068998065033746
42.06805392712911
42.06805392712911
42.06805392712911
42.203334525579955
42.27863431285806
42.27863431285806
42.27863431285806
40.48618858022172
41.690825348418386
41.690825348418386
41.690825348418386
43.00002301866814
43.00002301866814
42.46141869304391
42.46141869304391
41.53561591443053
42.00733249898752
40.40971199476354
40.40971199476354
40.40971199476354
42.407309017582776
42.407309017582776
42.407309017582776
42.407309017582776
42.407309017582776
42.407309017582776
46.22639894554854
46.22639894554854
46.22639894554854
46.22639894554854
46.27860798712748
46.80167725504268
44.368532163907794
46.80167725504268
46.80167725504268
46.48911505224173
46.48911505224173
46.48911505224173
46.48911505224173
41.255158152855174
41.255158152855174
41.255158152855174
41.255158152855174
41.20788660000804
41.20788660000804
41.20788660000804
41.255158152855174
41.255158152855174
41.35828238692059
42.61899546336244
42.862814147801835
38.04896714296886
38.04896714296886
38.04896714296886
45.3082084102059
45.3082084102059
45.57266976741108
46.567792281404785
46.567792281404785
46.567792281404785
46.567792281404785
46.75338355573226
46.75338355573226
46.75338355573226
48.01078929178382
48.01078929178382
48.29455390228311
48.29455390228311
48.29455390228311
48.91086169979783
48.91086169979783
48.91086169979783
48.91086169979783
48.91086169979783
48.91086169979783
47.965538680787446
47.965538680787446
47.965538680787446
48.91086169979783
48.91086169979783
48.91086169979783
49.086777911724546
49.239026110120854
49.239026110120854
49.333936390524634
49.333936390524634
49.333936390524634
49.333936390524634
48.61883997971228
49.333936390524634
49.44354591636801
49.44354591636801
50.998525043569806
50.998525043569806
50.998525043569806
50.998525043569806
50.998525043569806
50.998525043569806
50.998525043569806
50.998525043569806
50.998525043569806
50.998525043569806
51.26412879922179
51.413856406574624
51.413856406574624
51.413856406574624
51.4625876278497
51.4625876278497
48.314044148152384
51.4625876278497
51.4625876278497
51.4625876278497
51.4625876278497
51.4625876278497
51.4625876278497
51.4625876278497
51.4625876278497
51.83737163880121
51.83737163880121
51.92683620915737
47.47636574805502
47.47636574805502
47.47636574805502
47.47636574805502
49.929673476288635
49.929673476288635
51.92683620915737
43.618446215571296
51.92683620915737
51.47207347626585
51.47207347626585
51.90619053907518
51.90619053907518
51.90619053907518
51.90619053907518
51.92683620915737
51.92683620915737
40.58254386201742
51.829190614308956
51.92683620915737
51.92683620915737
51.92683620915737
51.99584110645911
51.99584110645911
51.99584110645911
51.99584110645911
51.99584110645911
51.99584110645911
51.99584110645911
51.99584110645911
51.99584110645911
52.304025274850886
52.69886039669447
52.69886039669447
52.710264032173455
52.710264032173455
51.53179451973132
52.710264032173455
51.402890448370286
51.30852748866857
51.30852748866857
53.20315758577542
53.20315758577542
53.20315758577542
53.20315758577542
53.4990897451092
53.4990897451092
53.4990897451092
53.71242484009653
50.36822380633732
50.36822380633732
53.71242484009653
53.71242484009653
53.71242484009653
53.769926838290964
53.769926838290964
53.769926838290964
53.769926838290964
53.769926838290964
53.769926838290964
53.769926838290964
53.769926838290964
42.46915358320987
42.46915358320987
42.46915358320987
53.68497929139079
53.68497929139079
53.68497929139079
53.68497929139079
53.68497929139079
53.68497929139079
53.68497929139079
53.68497929139079
53.68497929139079
53.706291293622456
53.706291293622456
53.706291293622456
53.735425639374306
53.735425639374306
53.735425639374306
53.735425639374306
53.735425639374306
53.769926838290964
53.769926838290964
50.04287829001728
50.04287829001728
53.687158645167095
53.769926838290964
53.769926838290964
49.998827483075175
51.7957878722597
52.588284479955405
52.588284479955405
53.769926838290964
53.769926838290964
53.769926838290964
53.769926838290964
53.769926838290964
53.78909417102244
53.78909417102244
53.89834796759187
51.85578419311167
52.377652965243875
53.89834796759187
53.89834796759187
53.93740322259186
53.93740322259186
53.93740322259186
53.93740322259186
53.93740322259186
53.93740322259186
53.93740322259186
53.93740322259186
53.93740322259186
53.93740322259186
53.93740322259186
53.93740322259186
53.93740322259186
53.93740322259186
53.93740322259186
53.93740322259186
53.93740322259186
53.93740322259186
53.93740322259186
53.93740322259186
53.93740322259186
53.94315237554999
54.25322335842519
54.25322335842519
54.25322335842519
54.25322335842519
54.25322335842519
54.25322335842519
54.25322335842519
54.25322335842519
52.629432153507466
54.25322335842519
54.25322335842519
54.255139742744575
54.255139742744575
54.48510586106982
54.48510586106982
54.48510586106982
54.48510586106982
54.48510586106982
54.48510586106982
54.48510586106982
54.50879863280728
54.50879863280728
54.580324479387194
54.580324479387194
54.580324479387194
54.580324479387194
54.580324479387194
54.580324479387194
54.580324479387194
54.580324479387194
54.580324479387194
54.580324479387194
49.917413956866696
54.580324479387194
54.580324479387194
54.580324479387194
54.580324479387194
54.580324479387194
54.580324479387194
54.580324479387194
54.580324479387194
54.580324479387194
54.580324479387194
54.580324479387194
54.580324479387194
54.580324479387194
51.757043827164146
54.580324479387194
54.580324479387194
54.580324479387194
54.580324479387194
54.58604654711359
54.58604654711359
54.58604654711359
54.58604654711359
54.58604654711359
54.65547430219384
54.65547430219384
54.65547430219384
54.65547430219384
54.65547430219384
54.65547430219384
54.65547430219384
54.65547430219384
54.70506555582258
46.02330103433062
54.747981063770546
54.747981063770546
54.91117539667112
54.92832668244584
54.92832668244584
54.92832668244584
54.92832668244584
54.92832668244584
54.939760872962324
55.008366016061224
55.008366016061224
55.008366016061224
55.008366016061224
54.99254871918009
55.008366016061224
55.008366016061224
55.008366016061224
55.008366016061224
55.073691792961604
55.073691792961604
55.073691792961604
55.073691792961604
55.073691792961604
55.073691792961604
55.073691792961604
55.073691792961604
55.073691792961604
55.073691792961604
55.073691792961604
55.073691792961604
55.073691792961604
55.077483010605924
55.077483010605924
55.077483010605924
55.077483010605924
55.077483010605924
55.077483010605924
55.077483010605924
55.077483010605924
55.09412244493483
55.09412244493483
55.09412244493483
55.09412244493483
55.12518532917128
47.687580204450406
47.687580204450406
47.687580204450406
55.12518532917128
55.12518532917128
55.12518532917128
48.42387527489509
53.9860599635801
53.9860599635801
55.099458400509185
55.099458400509185
55.099458400509185
55.099458400509185
55.099458400509185
55.099458400509185
55.099458400509185
