501487.0
501487.0
460383.0
460383.0
447907.0
447907.0
391587.0
391587.0
369374.0
332070.0
280637.0
280637.0
266153.0
266153.0
266153.0
266153.0
266153.0
200922.0
184561.0
184561.0
184561.0
184561.0
184561.0
184561.0
184561.0
184561.0
181691.0
181691.0
181691.0
181691.0
181691.0
157260.0
157260.0
157260.0
157260.0
153310.0
153310.0
153310.0
148051.0
148051.0
82033.0
82033.0
82033.0
82033.0
82033.0
82033.0
82033.0
65380.0
65380.0
65380.0
65380.0
65380.0
65380.0
65380.0
65380.0
65380.0
65380.0
65380.0
65380.0
65380.0
63952.0
63952.0
41695.0
41695.0
41695.0
41695.0
18340.0
18340.0
18340.0
18340.0
18340.0
18340.0
18340.0
18340.0
18340.0
13476.0
13476.0
13476.0
11248.0
3034.0
3034.0
3034.0
3034.0
3034.0
3034.0
3034.0
3034.0
1554.0
1165.0
1165.0
1165.0
270.0
270.0
270.0
270.0
270.0
270.0
270.0
270.0
270.0
270.0
270.0
270.0
270.0
270.0
270.0
270.0
270.0
270.0
0.0
0.0
0.0
0.0
0.0
0.0
0.0
0.0
0.0
0.0
0.0
0.0
0.0
0.0
0.0
0.0
0.0
0.0
0.0
0.0
0.0
0.0
0.0
0.0
0.0
0.0
0.0
0.0
0.0
0.0
0.0
0.0
0.0
0.0
0.0
0.0
0.0
0.0
0.0
0.0
0.0
0.0
0.0
0.0
0.0
0.0
0.0
0.0
0.0
0.0
0.0
0.0
0.0
0.0
0.0
0.0
0.0
0.0
0.0
0.0
0.0
0.0
0.0
0.0
0.0
0.0
0.0
0.0
0.0
0.0
0.0
0.0
0.0
0.0
0.0
0.0
0.0
0.0
0.0
0.0
0.0
0.0
0.0
0.0
0.0
0.0
0.0
0.0
0.0
0.0
0.0
0.0
0.0
0.0
0.0
0.0
0.0
0.0
0.0
0.0
0.0
0.0
0.0
0.0
0.0
0.0
0.0
0.0
0.0
0.0
0.0
0.0
0.0
0.0
0.0
0.0
0.0
0.0
0.0
0.0
0.0
0.0
0.0
0.0
0.0
0.0
0.0
0.0
0.0
0.0
0.0
0.0
0.0
0.0
0.0
0.0
0.0
0.0
0.0
0.0
0.0
0.0
0.0
0.0
0.0
0.0
0.0
0.0
0.0
0.0
0.0
0.0
0.0
0.0
0.0
0.0
0.0
0.0
0.0
0.0
0.0
0.0
0.0
0.0
0.0
0.0
0.0
0.0
0.0
0.0
0.0
0.0
0.0
0.0
0.0
0.0
0.0
0.0
0.0
0.0
0.0
0.0
0.0
0.0
0.0
0.0
0.0
0.0
0.0
0.0
0.0
0.0
0.0
0.0
0.0
0.0
0.0
0.0
0.0
0.0
0.0
0.0
0.0
0.0
0.0
0.0
0.0
0.0
0.0
0.0
0.0
0.0
0.0
0.0
0.0
0.0
0.0
0.0
0.0
0.0
0.0
0.0
0.0
0.0
0.0
0.0
0.0
0.0
0.0
0.0
0.0
0.0
0.0
0.0
0.0
0.0
0.0
0.0
0.0
0.0
0.0
0.0
0.0
0.0
0.0
0.0
0.0
0.0
0.0
0.0
0.0
0.0
0.0
0.0
0.0
0.0
0.0
0.0
0.0
0.0
0.0
0.0
0.0
0.0
0.0
0.0
0.0
0.0
0.0
0.0
0.0
0.0
0.0
0.0
0.0
0.0
0.0
0.0
0.0
0.0
0.0
0.0
0.0
0.0
0.0
0.0
0.0
0.0
0.0
0.0
0.0
