773285.725
720052.325
673070.2875
647746.6
634628.075
618815.325
623269.05
596170.5
576433.475
594288.15
561856.975
598808.3
580348.7625
542215.75
520641.575
493276.8375
489203.15
477084.375
481190.95
480072.0
474201.3875
471026.575
465816.6125
453101.3375
434098.275
428467.125
433886.6625
433150.15
432515.35
424719.075
436668.575
423058.5125
407859.3125
411923.3625
378200.8
376633.925
374435.65
365020.8875
368546.2375
371665.0
370542.1625
386807.925
395968.925
385037.6
381997.2375
385248.8
377037.9625
397372.925
391447.7625
387515.5375
367327.6
343591.8625
331978.725
334073.8875
335930.325
324973.7125
322201.725
329582.75
337651.825
335782.4625
344213.9625
348151.3875
334230.1
346308.7875
347792.625
352539.175
335713.35
320903.925
354764.6125
361661.475
368913.2625
362455.1875
370293.85
383858.25
397926.725
392765.7125
404790.1125
389065.3375
400700.0125
373279.375
340677.1375
345365.2625
349336.975
360242.0125
352578.6625
354539.15
345768.7
353935.75
357416.05
367647.4375
390123.6875
409004.5375
423967.9625
424763.875
443799.725
445328.025
455570.775
446160.625
448593.8625
461227.45
463356.2625
449796.225
429685.8125
427540.575
410930.7375
395512.25
387012.3125
351577.2375
364621.5875
354689.3625
378399.85
374861.9875
332498.3125
326708.975
343403.6625
360553.125
366704.8625
362890.4
358645.575
376715.2625
367256.975
340837.8125
340020.075
351063.7875
356488.4625
359014.8
363423.4625
359104.0
364152.075
374649.8
362648.2
360046.9
346386.1
354337.9375
367582.3375
340307.15
305596.725
321258.75
312504.6375
347982.2625
338251.65
337824.2
330548.1875
338334.025
336066.55
339820.4125
340173.6375
355174.525
351513.425
350388.2875
341251.025
339900.825
356386.575
363858.5
368191.0625
370857.3
345086.1375
319857.0
323749.525
333717.375
325219.6
326234.65
320390.5375
320764.0875
306852.4625
307618.025
314724.425
332517.2
339726.625
343040.8875
343040.8875
349567.425
351746.85
355065.6875
348948.0
350046.9875
351511.0125
391018.3625
379356.125
374122.85
369133.5
371355.9625
370371.4
359857.9125
363248.0
365123.9875
370291.6375
358478.8625
357285.075
347917.2625
356768.5875
364089.175
354119.45
375963.85
392895.925
397911.7625
411426.85
395930.8
403314.85
394431.2625
381847.2
390701.225
402205.2875
379865.5375
383740.075
396624.5
409300.275
403565.725
405586.05
399805.35
390982.75
390020.125
403431.3
398453.0375
398298.925
382160.475
395788.2875
389182.3
398738.725
397610.6
404448.2625
392374.3375
387150.35
388378.5625
389196.65
394185.075
384172.4375
372847.0
376766.7875
378022.4875
364840.15
365339.0
337480.4375
337126.0625
339023.575
358379.325
345740.225
346282.7
346690.925
378941.575
380725.8875
369017.5875
395051.15
411942.1875
412310.725
413780.4125
407856.7875
420642.725
417095.4375
399318.2
411631.225
391050.375
389340.6125
410776.05
411470.65
397687.7
377866.175
395031.1625
384042.1125
365520.3125
380132.925
375242.8875
376405.7375
374833.0125
357482.45
354227.6
348791.1375
328967.95
334211.925
310571.975
303525.3125
303525.3125
303159.725
306072.775
309011.7125
331018.8625
334249.925
323625.6125
331322.6375
332725.625
333311.875
340809.975
341257.1625
323225.4125
321135.5875
318184.375
308424.925
303846.3875
306343.65
332236.7625
344159.875
339382.3125
331803.1375
348882.5125
346891.875
366006.8125
369462.4875
362231.1125
361625.5875
370741.875
358396.8625
358307.7
362228.775
366867.175
367398.2
362395.6625
362958.9
356201.85
369255.6625
378796.85
377249.3625
371343.875
377284.3125
385822.9375
380546.4125
373722.6625
368769.65
368458.45
349385.5
343673.1
346673.8375
340592.8875
345823.75
355927.0125
351169.3625
347943.45
343411.5375
360637.2625
360037.6375
358726.1625
357021.8
355797.6
343489.1125
329702.4875
332751.8625
322483.5125
299462.5875
318348.675
326140.975
332045.2625
338680.9875
322356.25
318441.025
334778.6125
336562.625
332250.5625
334169.8375
304200.2625
305688.825
302889.6875
318025.625
316848.475
318281.15
311200.225
324953.425
335762.575
344280.125
356656.1125
361747.4
360248.6125
363022.825
363780.825
359925.8875
339261.55
339111.3375
348121.85
324152.675
319654.75
320068.75
329418.05
352169.0
347891.075
337923.05
329416.9625
333869.1375
322914.1875
323180.5
313405.9875
305983.975
314222.825
322890.35
310421.625
308167.6
313183.3125
306243.2875
294114.8625
297402.825
308581.325
331259.3625
332971.6625
332438.35
329942.9625
331859.9875
335660.0125
334658.525
346893.5
341307.675
342188.9
340841.075
333390.8625
