52.623271974569384
52.623271974569384
52.623271974569384
53.415208961249924
54.9984500929944
55.75612392221389
56.4905338225099
57.35192817588134
57.35192817588134
58.79078031289695
58.79078031289695
58.79078031289695
58.79078031289695
58.88382592525893
58.88382592525893
59.024620785884686
60.55704484529056
60.55704484529056
60.6268509989715
60.6268509989715
61.01321403421564
61.01321403421564
61.01321403421564
61.27590351458886
61.27590351458886
61.27590351458886
61.427873572178406
61.427873572178406
61.619444211936056
61.619444211936056
61.619444211936056
61.619444211936056
62.00132245977518
62.00132245977518
62.072378739963874
62.072378739963874
62.072378739963874
62.31284003869674
62.31284003869674
62.31284003869674
62.31284003869674
62.31284003869674
62.34071505481182
62.34071505481182
62.34071505481182
62.34071505481182
62.34071505481182
62.34071505481182
62.34071505481182
62.34071505481182
63.309343129514474
63.309343129514474
63.309343129514474
63.309343129514474
63.309343129514474
63.309343129514474
63.34523056043117
63.34523056043117
63.34523056043117
63.361543029029676
63.361543029029676
63.361543029029676
63.361543029029676
63.361543029029676
64.02839674533627
64.02839674533627
64.02839674533627
64.25329131241423
64.56272355590055
64.56272355590055
64.56272355590055
64.56272355590055
64.56272355590055
64.56272355590055
64.56272355590055
64.56272355590055
64.75744598271976
64.75744598271976
65.71118610307097
65.71118610307097
65.71118610307097
65.71118610307097
65.71118610307097
65.71118610307097
65.71118610307097
65.71118610307097
65.71118610307097
65.71118610307097
65.71118610307097
65.71118610307097
65.71118610307097
65.71118610307097
65.71722848538451
65.71722848538451
65.71722848538451
65.71722848538451
65.71722848538451
65.71722848538451
65.71722848538451
65.71722848538451
65.71722848538451
65.71722848538451
65.71722848538451
65.71722848538451
65.71722848538451
65.71722848538451
65.71722848538451
65.71722848538451
65.71722848538451
65.71722848538451
65.71722848538451
65.71722848538451
65.71722848538451
65.71722848538451
65.71722848538451
65.71722848538451
65.71722848538451
65.71722848538451
65.71722848538451
65.71722848538451
65.91292276345398
65.91292276345398
65.91292276345398
65.91292276345398
65.91292276345398
65.91292276345398
65.91292276345398
65.91292276345398
65.91292276345398
65.91292276345398
65.91292276345398
65.91292276345398
65.91292276345398
65.91292276345398
65.91292276345398
65.91292276345398
65.91292276345398
66.10452905740135
66.10452905740135
66.10452905740135
66.10452905740135
66.10452905740135
66.10452905740135
66.27275802509516
66.27275802509516
66.27275802509516
66.27275802509516
66.27275802509516
66.27275802509516
66.27275802509516
66.27275802509516
66.27275802509516
66.27275802509516
66.27275802509516
66.27275802509516
66.27275802509516
66.27275802509516
66.27275802509516
66.27275802509516
66.27275802509516
66.27275802509516
66.27275802509516
66.27275802509516
66.27275802509516
66.27275802509516
66.27275802509516
66.28955981549394
66.28955981549394
66.28955981549394
66.28955981549394
66.28955981549394
66.28955981549394
66.28955981549394
66.28955981549394
66.28955981549394
66.28955981549394
66.28955981549394
66.28955981549394
66.28955981549394
66.28955981549394
66.5998328781915
66.9705923863247
66.9705923863247
66.9705923863247
66.9705923863247
66.9705923863247
66.9705923863247
66.9705923863247
66.9705923863247
66.9705923863247
66.9705923863247
66.9705923863247
66.9705923863247
66.9705923863247
66.9705923863247
66.9705923863247
66.9705923863247
66.9705923863247
66.9705923863247
66.9705923863247
66.9705923863247
66.9705923863247
66.9705923863247
66.9705923863247
66.9705923863247
66.9705923863247
66.9705923863247
66.9705923863247
66.9705923863247
66.9705923863247
66.9705923863247
66.9705923863247
66.9705923863247
66.9705923863247
66.9705923863247
66.9705923863247
66.9705923863247
66.9705923863247
66.9705923863247
66.9705923863247
66.9705923863247
66.9705923863247
66.9705923863247
66.9705923863247
66.9705923863247
66.9705923863247
66.9705923863247
66.9705923863247
66.9705923863247
66.9705923863247
66.9705923863247
66.9705923863247
66.97171250568461
66.97171250568461
66.97171250568461
66.97171250568461
66.97171250568461
66.97753712635618
66.97753712635618
66.97753712635618
66.97753712635618
66.97753712635618
66.97753712635618
66.97753712635618
66.97753712635618
66.97753712635618
66.97753712635618
66.97753712635618
66.97753712635618
66.97753712635618
66.97753712635618
66.97753712635618
66.97753712635618
66.97753712635618
66.97753712635618
66.97753712635618
66.97753712635618
66.97753712635618
66.97753712635618
66.97753712635618
66.97753712635618
66.97753712635618
66.97753712635618
66.97753712635618
67.00643620584209
67.00643620584209
67.00643620584209
67.33407871198567
67.33407871198567
67.33407871198567
67.33407871198567
67.33407871198567
67.33407871198567
67.33407871198567
67.33407871198567
67.33407871198567
67.33407871198567
67.33407871198567
67.33407871198567
67.33407871198567
67.33407871198567
67.33407871198567
67.33407871198567
67.33407871198567
67.33407871198567
67.33407871198567
67.33407871198567
67.33407871198567
67.33407871198567
67.33407871198567
67.33407871198567
67.33407871198567
67.33407871198567
67.33407871198567
67.33407871198567
67.33407871198567
67.33407871198567
67.33407871198567
67.33407871198567
67.33407871198567
67.33407871198567
67.33407871198567
67.33407871198567
67.33407871198567
67.33407871198567
67.33407871198567
67.33407871198567
67.33407871198567
67.33407871198567
67.33407871198567
67.42464221824686
67.42464221824686
67.42464221824686
67.42464221824686
67.42464221824686
67.42464221824686
67.50626118067979
67.50626118067979
67.50626118067979
67.50626118067979
67.50626118067979
67.50626118067979
67.50626118067979
67.50626118067979
67.50626118067979
67.50626118067979
67.50626118067979
67.50626118067979
67.50626118067979
67.50626118067979
67.50626118067979
67.50626118067979
67.50626118067979
67.50626118067979
67.50626118067979
67.50626118067979
67.50626118067979
67.50626118067979
67.50626118067979
67.50626118067979
67.50626118067979
67.50626118067979
67.50626118067979
67.50626118067979
67.50626118067979
67.50626118067979
67.50626118067979
67.50626118067979
67.50626118067979
67.50626118067979
67.50626118067979
67.50626118067979
67.50626118067979
67.50626118067979
67.50626118067979
67.50626118067979
67.51855992844365
67.51855992844365
67.51855992844365
67.51855992844365
67.51855992844365
67.51855992844365
67.51855992844365
67.51855992844365
67.51855992844365
67.51855992844365
67.5773703041145
67.5773703041145
67.62432915921286
67.62432915921286
67.62432915921286
67.95591476855253
67.95591476855253
67.95591476855253
67.95591476855253
67.95591476855253
67.95591476855253
67.95591476855253
67.95591476855253
67.95591476855253
67.95591476855253
67.95591476855253
67.95591476855253
67.95591476855253
67.95591476855253
67.95591476855253
67.95591476855253
67.95591476855253
67.95591476855253
67.95591476855253
67.95591476855253
67.95591476855253
67.95591476855253
67.96382750240208
67.96382750240208
67.96382750240208
67.96382750240208
67.96382750240208
67.96382750240208
67.96382750240208
