46.41176830808642
47.01213292157174
47.34540251200052
48.44269423082591
49.331254586195755
50.003980641268384
51.11697636620752
51.4870464749607
51.46766077826574
52.38297146684151
51.956431598153856
53.04171009214117
53.129875211346736
52.72920760548584
52.64640760631262
52.502454398814166
52.91873023971654
52.980914238527966
53.02000910242805
53.22515242805523
53.10327086201899
53.11949728473233
53.004888163180865
52.86387974568028
52.60889054785525
52.43019052966624
52.814504009434856
52.74753290243446
53.05204434269869
52.65288223009892
53.097517541751735
53.1815200469843
53.26121478642786
53.54405704449287
52.723116871330625
53.01944339942055
53.18050771597255
52.98812289137616
53.32097538888636
53.42380017787953
53.67409817554716
54.21359326042774
54.77554358629792
54.94799350848574
54.86091432119868
54.90009318648767
54.82859336584124
55.60686820877227
55.40051423191661
55.34039152495662
54.918137860477586
54.223977534056836
54.056639030886764
54.43273187810041
54.777241939046824
54.64800549294389
54.76886049765037
55.011328669119166
55.271775519211246
55.23836254407435
55.51738001127012
55.71638501694198
55.43248889869843
55.790441383239184
55.85979522957666
55.8951143717998
55.54243337705513
55.28230306169987
56.167128753394294
56.4581194022539
56.47044433311585
56.35032244019088
56.65455847852324
56.990873084950636
57.43053930677375
57.39136339478371
57.80023071108227
57.52460452199415
57.65437580579601
57.02690467915848
56.55788327682209
56.99752486566153
56.987856358363196
57.36087464055354
57.37141170230037
57.54791979782269
57.39070408271177
57.51073376379154
57.61348368240061
57.90778063280452
58.493695593195945
59.03533164422281
59.406482995208634
59.48726784348814
60.0168881708528
60.05158731880639
60.27153496145868
60.08816188049614
60.16355054129557
60.435185822032736
60.503466088889084
60.32845120069835
59.93999389391611
59.91454536030399
59.70325191118307
59.47371829844501
59.36694728675765
58.65965221561154
59.0247600265498
58.84337743925852
59.39040977001292
59.349195600321465
58.49470293531088
58.36719659817699
58.65043410978744
58.93561201491385
59.12637777216853
59.001800539205036
58.990104553643675
59.36282753939385
59.16540065082209
58.69715424503586
58.62893292757227
58.82713382509304
58.99053917799081
59.04794431739007
59.14773283235902
59.08699436650231
59.25132674859309
59.468242623925505
59.27044624772117
59.140423588544195
58.91672751054377
59.1229171294172
59.47176767294879
58.91437374553111
58.262781624829096
58.60784516820053
58.437791427675094
59.01172855303686
58.87948941610381
58.874811226488745
58.771337130248256
58.94200552684822
58.861473955356175
58.95167683822692
58.99525881548145
59.22613774152505
59.14164530229738
59.11325000865811
58.908335549968214
58.979355489199165
59.27643242056077
59.45499861757554
59.529500269433754
59.67954386081247
59.13740542803437
58.5876208941238
58.70921402707637
58.87142803680712
58.70323696620991
58.763341763802906
58.712594923026664
58.79534820653354
58.414216793280616
58.62050324805191
58.77545490761112
59.08521310500818
59.256154854856426
59.36491590718602
59.36497188381018
59.48448046714232
59.57578210992695
59.60181708220482
59.48877924496363
59.53981342237499
59.60946268118897
60.32107492663064
60.138070866558124
60.043930266107125
59.93885606090621
60.014659606529065
59.99120178111188
59.701024948630774
59.84675366411468
59.934399902441534
60.063529815805325
59.74072862876466
59.84055555408738
59.677186714058465
59.92270212311713
60.02522659394553
59.80704850506445
60.12329626985978
60.55771065248116
60.697050777658866
61.001424814584524
60.735374480750714
60.96175075808046
60.79403503428491
60.526678207641055
60.71326533934634
60.92404686586459
60.420905287298446
60.59816952670955
60.830810099991105
61.14627423963823
61.15685506498005
61.18206617066873
60.89668623252116
60.77725993705148
60.76742909051236
61.13740864963061
61.139096736482124
61.14230836286326
60.850467014535255
61.086758518649034
60.991546168475395
61.21773430703528
61.244803373917044
61.37040421415859
61.14053313980382
60.9810797435018
61.02509911876255
61.09746969018471
61.20531779984226
61.03532072803436
60.78978821807742
60.837217787905274
60.91188283362529
60.51422469976003
60.538664830604795
60.02746980030188
60.0905239813761
60.104797339669744
60.53957271883097
60.18947029263859
60.254640419196676
60.30516657608556
60.93742931520053
60.99096396879414
60.75326129284186
61.281577784452566
61.64741940890842
61.640754924253656
61.67943138224142
61.5667899634538
61.87506521198569
61.6949388839768
61.448344968534514
61.751735138609305
61.30420327117393
61.27557094840457
61.818322212379314
61.85653527555153
61.57625097597686
61.19567657266405
61.53730247922825
61.304597732494116
60.9205220433944
61.3114365546986
61.274712743513305
61.28859027135453
61.25760558528034
60.934913735794126
60.8569737442009
60.74960046260178
60.352028251464844
60.453923445502696
59.9637960581782
59.87589940841919
59.878649389452264
59.923659173830856
59.96492946815435
60.047819625843694
60.474868676324526
60.63016489791361
60.415147746128255
60.56264597591961
60.56830294134983
60.61279094605218
60.75932205593709
60.778737830345804
60.44946034693995
60.462183637063696
60.460442562148636
60.323390121803286
60.252677184357346
60.31217558869131
60.84208303936249
61.09260578742008
60.99339299738095
60.85006650721756
61.15488675597368
61.127756699188204
61.451786517348886
61.52278691749511
61.37656226578529
61.33707054460969
61.58788161412902
61.3515544875432
61.3540768814432
61.44561888349445
61.540115282454465
61.48258815607009
61.37856888040848
61.392010751364694
61.30849856519713
61.63438441012522
61.84145698383188
61.83865795108161
61.77247532480784
61.9233830381818
62.11336802672944
61.99081586114745
61.83177249259444
61.74824901752669
61.74117525921421
61.398180502503656
61.25657687274215
61.33601660300529
61.234968210958414
61.351665124897806
61.66575356589832
61.5886569554918
61.55857055183891
61.47057039080986
61.80530647826173
61.82289448243267
61.84504092304381
61.80220234887629
61.76012520566817
61.46317757210211
61.20810470213471
61.15904514616257
60.96487934838102
60.616925501891956
61.003052614708466
61.088067408494695
60.986553811904194
61.35571778542818
61.15511977777072
61.05140940581132
61.42200951786877
61.52560288483274
61.511012822732326
61.53851186627359
61.01660649652365
61.077973829099086
61.05246215472423
61.410339772255874
61.36394890864746
61.36069835424543
61.24120775050369
61.51918388975945
61.71482426706831
61.84380209185937
62.136445217087655
62.24071174536946
62.21056211094818
62.2288631200842
62.2356830210559
62.21371577050663
61.764267023695766
61.78318780964643
62.03968073010897
61.53931811850057
61.485659232648196
61.5357447754403
61.67557035056416
62.111856294418565
62.041139729606606
61.88243982665868
61.67936042789277
61.844798298138855
61.58661025257256
61.60049797195596
61.46607899960294
61.3262568454551
61.56182481754568
61.72362995203226
61.472399730637804
61.47193539074122
61.54851016371075
61.25581214157978
61.03240967660779
61.139409339627164
61.546062431575784
62.05283022038967
62.10157240042359
61.875265018130634
61.87377532373584
62.008749067277435
62.17987490876946
62.111384571391014
62.42696635608708
62.23332381793997
62.2515710929682
62.2503367129724
62.10956923732722
