551853.0
449215.0
407716.0
307545.0
307545.0
307545.0
298441.0
298441.0
298441.0
244466.0
244466.0
244466.0
244466.0
233034.0
233034.0
233034.0
233034.0
233034.0
193982.0
173755.0
173755.0
173755.0
173755.0
161362.0
161362.0
161362.0
104466.0
104466.0
104466.0
104466.0
104466.0
104466.0
104466.0
104466.0
104466.0
104466.0
104466.0
104466.0
104466.0
74393.0
74393.0
74393.0
74393.0
73842.0
73842.0
72542.0
72542.0
72542.0
72542.0
72542.0
71456.0
71456.0
71456.0
70334.0
70334.0
70334.0
70334.0
65563.0
65410.0
65410.0
65410.0
65410.0
65410.0
65410.0
65410.0
65410.0
65410.0
64981.0
64981.0
64981.0
64981.0
59510.0
59510.0
46147.0
45099.0
45099.0
45099.0
43999.0
43999.0
43999.0
43999.0
42303.0
42303.0
42303.0
42303.0
42303.0
42303.0
42303.0
42303.0
42303.0
42303.0
42303.0
42303.0
36943.0
34942.0
34942.0
34942.0
34942.0
34942.0
34942.0
34942.0
34942.0
34942.0
34942.0
34942.0
34942.0
34942.0
34942.0
34762.0
34762.0
34762.0
33808.0
32302.0
32302.0
32302.0
32302.0
32302.0
32302.0
32302.0
32302.0
32302.0
32302.0
32302.0
32302.0
32190.0
32190.0
32190.0
32190.0
29090.0
29090.0
29090.0
29090.0
29090.0
29090.0
29090.0
27339.0
27339.0
27339.0
27339.0
25285.0
25285.0
25285.0
24129.0
24129.0
24129.0
21235.0
21235.0
21235.0
13655.0
13655.0
13655.0
13655.0
13655.0
13655.0
13655.0
13655.0
13655.0
13655.0
13655.0
13655.0
13655.0
13655.0
13655.0
13655.0
13655.0
13655.0
13605.0
13605.0
13605.0
13605.0
13605.0
13605.0
13605.0
13605.0
13605.0
13605.0
12785.0
9610.0
9610.0
9610.0
9610.0
9610.0
9610.0
8570.0
8570.0
8570.0
0.0
0.0
0.0
0.0
0.0
0.0
0.0
0.0
0.0
0.0
0.0
0.0
0.0
0.0
0.0
0.0
0.0
0.0
0.0
0.0
0.0
0.0
0.0
0.0
0.0
0.0
0.0
0.0
0.0
0.0
0.0
0.0
0.0
0.0
0.0
0.0
0.0
0.0
0.0
0.0
0.0
0.0
0.0
0.0
0.0
0.0
0.0
0.0
0.0
0.0
0.0
0.0
0.0
0.0
0.0
0.0
0.0
0.0
0.0
0.0
0.0
0.0
0.0
0.0
0.0
0.0
0.0
0.0
0.0
0.0
0.0
0.0
0.0
0.0
0.0
0.0
0.0
0.0
0.0
0.0
0.0
0.0
0.0
0.0
0.0
0.0
0.0
0.0
0.0
0.0
0.0
0.0
0.0
0.0
0.0
0.0
0.0
0.0
0.0
0.0
0.0
0.0
0.0
0.0
0.0
0.0
0.0
0.0
0.0
0.0
0.0
0.0
0.0
0.0
0.0
0.0
0.0
0.0
0.0
0.0
0.0
0.0
0.0
0.0
0.0
0.0
0.0
0.0
0.0
0.0
0.0
0.0
0.0
0.0
0.0
0.0
0.0
0.0
0.0
0.0
0.0
0.0
0.0
0.0
0.0
0.0
0.0
0.0
0.0
0.0
0.0
0.0
0.0
0.0
0.0
0.0
0.0
0.0
0.0
0.0
0.0
0.0
0.0
0.0
0.0
0.0
0.0
0.0
0.0
0.0
0.0
0.0
0.0
0.0
0.0
0.0
0.0
0.0
0.0
0.0
0.0
0.0
0.0
0.0
0.0
0.0
0.0
0.0
0.0
0.0
0.0
0.0
0.0
0.0
0.0
0.0
0.0
0.0
0.0
0.0
0.0
0.0
0.0
0.0
0.0
0.0
0.0
0.0
0.0
0.0
0.0
0.0
0.0
0.0
0.0
0.0
0.0
0.0
0.0
0.0
0.0
0.0
0.0
0.0
0.0
0.0
0.0
0.0
0.0
0.0
0.0
0.0
0.0
0.0
0.0
0.0
0.0
0.0
0.0
0.0
0.0
0.0
0.0
0.0
0.0
0.0
0.0
0.0
0.0
0.0
0.0
0.0
0.0
0.0
0.0
0.0
0.0
0.0
0.0
0.0
0.0
0.0
0.0
0.0
0.0
0.0
0.0
0.0
0.0
0.0
0.0
0.0
0.0
0.0
0.0
0.0
0.0
0.0
0.0
0.0
0.0
0.0
0.0
0.0
0.0
0.0
0.0
0.0
0.0
0.0
0.0
0.0
0.0
0.0
0.0
0.0
0.0
0.0
0.0
0.0
0.0
0.0
0.0
0.0
0.0
0.0
0.0
0.0
0.0
0.0
0.0
0.0
0.0
0.0
