1251884.0
1060481.0
1029556.0
1004158.0
958476.0
904050.0
861332.0
808917.0
851476.0
879211.0
752591.0
861528.0
866173.0
791374.0
1013097.0
841515.0
963666.0
896024.0
864985.0
848313.0
913524.0
925636.0
823198.0
787646.0
852421.0
853261.0
803460.0
806031.0
840198.0
868299.0
885221.0
915631.0
787115.0
806846.0
909579.0
869654.0
908215.0
874673.0
835661.0
858590.0
939695.0
868005.0
820420.0
830577.0
881661.0
771929.0
726202.0
882400.0
868791.0
829478.0
773230.0
816512.0
777160.0
729033.0
770262.0
911694.0
851347.0
737363.0
803464.0
771196.0
780241.0
784776.0
1027565.0
827317.0
748355.0
759262.0
892852.0
901841.0
847240.0
747192.0
1033564.0
854437.0
703837.0
805294.0
813538.0
798619.0
739612.0
858890.0
702424.0
728588.0
806258.0
742006.0
921965.0
749398.0
837366.0
824550.0
810182.0
817561.0
750147.0
843490.0
752338.0
867917.0
702747.0
814971.0
888050.0
837099.0
793090.0
784184.0
829670.0
801640.0
842715.0
943135.0
779035.0
809769.0
822830.0
884790.0
832456.0
761310.0
759721.0
846472.0
847515.0
815263.0
850153.0
813586.0
821015.0
886333.0
893170.0
848994.0
829028.0
852753.0
711767.0
835873.0
835804.0
781452.0
832074.0
779830.0
860997.0
862128.0
740619.0
890331.0
957856.0
917467.0
1137918.0
679756.0
848344.0
813838.0
1020134.0
735523.0
910943.0
771864.0
847163.0
875919.0
812462.0
817738.0
720372.0
791853.0
897272.0
812680.0
878781.0
812972.0
907077.0
878839.0
825667.0
900844.0
857031.0
850480.0
835584.0
841227.0
789121.0
775026.0
841332.0
793597.0
830715.0
841424.0
851659.0
785191.0
736812.0
850152.0
853286.0
930472.0
884897.0
903516.0
899003.0
918918.0
849374.0
986800.0
868731.0
859892.0
865921.0
837421.0
774237.0
855899.0
978700.0
871113.0
848811.0
864695.0
963250.0
888978.0
828490.0
811665.0
893539.0
779119.0
869920.0
802179.0
930952.0
898950.0
938035.0
1012831.0
856566.0
886117.0
826327.0
718955.0
782389.0
801207.0
762713.0
866940.0
823443.0
819518.0
880004.0
1000328.0
1031613.0
742004.0
841016.0
842105.0
874152.0
869371.0
925153.0
910524.0
892194.0
929688.0
832550.0
952990.0
955958.0
896415.0
823875.0
956632.0
1028570.0
791695.0
817886.0
874062.0
839371.0
823106.0
971727.0
808733.0
881168.0
888846.0
962845.0
825712.0
910678.0
842406.0
765795.0
900217.0
909187.0
829955.0
858337.0
1011384.0
824859.0
907917.0
879929.0
789845.0
789703.0
822393.0
911959.0
879640.0
958562.0
1078450.0
860927.0
812161.0
821121.0
774248.0
890648.0
799451.0
1020725.0
749054.0
903976.0
911605.0
825377.0
858229.0
812052.0
747671.0
890763.0
783028.0
861863.0
821845.0
797636.0
829788.0
849794.0
783092.0
780418.0
842449.0
812625.0
934484.0
877432.0
925772.0
897844.0
860741.0
956542.0
883957.0
867999.0
868933.0
816879.0
884374.0
882935.0
766103.0
918306.0
940445.0
951569.0
880449.0
857618.0
905729.0
833699.0
795764.0
824113.0
864593.0
798461.0
935995.0
944571.0
991798.0
871290.0
816054.0
812879.0
809078.0
867919.0
888524.0
824409.0
1052596.0
804481.0
921026.0
957782.0
764511.0
849347.0
792781.0
778987.0
858513.0
988467.0
831224.0
890098.0
818264.0
949254.0
1078328.0
853291.0
878072.0
805372.0
916795.0
893329.0
868304.0
828890.0
868957.0
818518.0
893870.0
973919.0
854528.0
862575.0
874161.0
809195.0
821111.0
829335.0
919307.0
777588.0
732788.0
938885.0
760058.0
871867.0
885835.0
809615.0
802271.0
886329.0
853465.0
835801.0
966503.0
820280.0
810606.0
827274.0
889102.0
754474.0
903487.0
847540.0
955044.0
906937.0
849055.0
843106.0
909037.0
986279.0
934152.0
887541.0
982571.0
858500.0
805009.0
855117.0
734875.0
887440.0
926274.0
729657.0
842588.0
869513.0
740563.0
786080.0
804425.0
818565.0
905066.0
900568.0
801811.0
750683.0
794968.0
803042.0
996199.0
732320.0
865142.0
816863.0
775016.0
945655.0
