45.531593337383384
49.9056420520673
52.67925137354085
54.75730565089584
55.62041975989834
58.13555655738285
60.86324821052358
61.83813136777655
60.94748954140725
60.74455081808904
60.81741294552213
61.263757580871854
61.09442219190782
61.32265081103621
61.74980818193548
61.773432985851976
62.41490386759244
62.627692789528446
62.73551390928142
62.76899348950484
62.58125885755603
62.78068076267859
62.725883009816556
62.79010782542613
62.933419600262376
62.78979968347037
63.0821151268124
62.66171057824059
62.6281495488809
62.37457192886111
62.17464072086391
62.177565244735696
62.14172531157761
62.271433352632904
62.071872850107574
62.32898854591395
62.33904725676878
62.5189121395358
62.238983817824625
62.48030142293851
62.448976958387675
62.46086209739344
62.56984287080069
62.180347204073655
62.24654367049757
62.42366936691133
62.360672308312886
62.361217850902285
62.715059307705374
62.18719641045941
62.800117090167966
62.081198101459705
62.57114235258618
62.56057269477881
62.86489252146308
62.58197370791999
62.738415825863186
63.21910019547634
63.28591057197348
63.651983247513535
63.36740558795221
63.48642073226252
63.35983929911991
63.61252970821628
63.251669105384345
63.45588172329516
64.07051062603351
64.4260212475951
64.37585460387244
64.12748099991586
64.20994418964582
64.12419100526695
63.76912939037664
63.84734603547299
63.666238773981014
63.75199882588477
63.88317227040848
64.09813877297327
64.23600664626028
64.18983814021338
64.30989877819083
64.41565345771592
64.58128752092173
64.60240279798407
64.69228640485998
64.64415089074716
64.4927974501747
64.1463157269315
64.39914796314542
63.89982715866749
63.64189873901153
64.2138035099418
64.170737462221
64.13287208842725
64.11087701709845
64.24942171325416
63.72947847267262
64.08786701841828
63.948439462498
64.08627345222486
64.00612395102952
64.15904398300856
64.03438485793797
63.80543898937667
64.01677432394213
63.8620000472334
63.83086989049877
63.65393205417845
63.714048537443226
64.10297180291684
63.73758081439276
63.87457614492427
63.61725148578469
63.61241079206134
63.70325375422537
64.38520676368749
63.80131869409946
64.129991820519
63.75656885189569
63.79282911447571
63.634800862919924
63.668950368922495
63.94712569134112
63.47283124106966
63.816869642436274
63.938178665226154
64.03665236624258
63.68480712211953
63.74901222502965
63.6783965186574
63.52282891159626
63.66964517558612
63.8000712192614
64.09078067530417
63.80729728127349
63.78711419425432
63.799455345407516
63.67138407455846
63.91196793040101
63.484669736763
64.05345109604347
63.86713340134479
63.973487575096264
63.79409132689546
63.74974481850469
63.66697330504548
63.43473474356041
64.02392320453043
63.427248376567576
63.63351655802598
63.87686479620831
63.964451135806236
63.4503707178001
63.65455551514265
63.7752087971098
63.76171196745158
64.04504857782007
63.83974568815285
63.67314659524472
63.406598271323304
63.6648958704748
63.76225065167257
63.97859283790626
63.67773269603503
63.813034638838715
63.67983983079212
63.584568713655926
63.599796754447176
63.808030132273856
63.5568467261244
63.84303352703331
63.52960652484911
64.22957189475223
63.945072309968545
64.02622719649881
63.45587538622717
63.60099448618688
64.35067677489674
63.82630026624553
63.99061026195282
63.7324373885166
63.58261309363227
63.774436742260725
63.65647796892374
63.88916006479825
63.60064373126843
63.48202801260097
63.53777985265724
63.76596104803426
63.833081793770404
64.03774715060703
63.72372354733809
63.53229865149885
63.51476025221916
63.606556332334534
63.617240128244106
63.66331849128561
63.96210200962593
63.99896508320066
63.93378165640596
