53.01976219021953
52.622256627451954
53.6880016775385
55.97595948269983
54.808849970371114
55.468434036860025
58.790009472644186
57.31398364272934
61.390542414185404
62.77182298319908
58.648328128920575
58.894538883769144
59.12953676578379
59.49657922482053
59.202253710510796
59.202253710510796
59.72436821212445
59.84918964574151
60.106062261049836
60.146295677376536
59.224971204210355
59.220726846397746
59.25264174866091
59.04578575182051
59.04578575182051
59.16461540465381
58.570542024723245
57.43812794538041
57.43812794538041
58.15829566973223
58.211065706686135
57.65785905081126
