37478.4375
33544.0625
33595.875
31107.625
30245.875
29945.0
30344.875
31080.875
35193.0
34845.375
34897.25
33576.5
32109.9375
31557.6875
30962.9375
33931.375
34667.75
34726.0
34556.625
36528.3125
37991.375
39205.4375
37824.6875
36672.0625
36636.9375
34090.25
35150.0
36610.0
38321.375
35983.625
34678.6875
34785.75
37060.3125
37348.5625
37233.25
38188.0
40602.5
39603.0
38620.25
36141.0
35861.5
34915.25
36533.0
39622.5
39470.0
38904.0
38105.75
38841.75
38923.25
40943.5
41030.5
40956.75
40125.75
39767.75
41172.25
41123.75
41098.75
40923.25
40831.25
41676.5
41663.25
42563.75
42310.75
41693.75
41722.25
41777.0
41407.75
41093.75
41074.0
40398.5
40310.25
40450.75
38874.75
39474.75
39353.25
39682.25
39888.25
39434.25
38942.5
39686.75
40064.25
40640.75
41416.75
41442.75
41046.0
40103.5
39997.75
39933.5
40000.5
39831.25
42085.0
41535.5
40581.0
40538.25
40032.5
39979.25
39745.0
38903.0
38052.25
38244.75
39495.5
38855.0
38457.5
38216.5
37827.5
38470.75
37754.0
37220.75
38834.0
41079.75
40293.5
40421.5
40115.75
39246.5
39186.25
39729.5
39360.25
38740.5
38481.0
37838.0
36413.5
35560.25
34889.5
34742.0
35333.75
34864.75
34360.25
34563.25
35200.25
34393.5
38509.25
38643.0
38698.75
37816.25
37314.5
38259.5
39200.75
38756.5
39469.5
39370.75
40233.5
38949.25
38874.0
39405.5
40056.0
39477.75
39230.0
39453.25
38527.25
39755.0
38818.0
38152.5
37917.0
37281.25
38276.5
38202.0
38164.5
37365.0
38599.5
38025.25
38230.75
37783.5
38212.75
38840.5
38674.75
37923.75
37430.0
35622.25
35754.75
36712.25
36894.75
36183.75
37832.25
36201.5
36199.0
36092.5
35306.75
35079.0
35524.5
34618.25
34691.5
34647.0
35157.0
34445.25
33884.25
32777.5
31383.25
32628.0
34020.0
33120.25
34787.75
36817.5
35866.25
36063.25
35171.5
35579.5
36181.75
36443.0
36356.25
36636.5
