3382670.0
3156720.0
3398570.0
3307300.0
2667205.0
2769865.0
2339305.0
2291115.0
2291115.0
2288480.0
2291555.0
2264480.0
2264480.0
2264480.0
2300075.0
2264480.0
2264480.0
2264480.0
2264480.0
2264480.0
2273285.0
2280550.0
2264480.0
2264480.0
2264480.0
2264480.0
2264480.0
2264480.0
2264480.0
2264480.0
2040950.0
2040950.0
2040950.0
2040950.0
2040950.0
2040950.0
2040950.0
2040950.0
2040950.0
2040950.0
2040950.0
2040950.0
2040950.0
2040950.0
2040950.0
2040950.0
2040950.0
2040950.0
2040950.0
2040950.0
1518020.0
1518020.0
1518020.0
1518020.0
1518020.0
1518020.0
1518020.0
1518020.0
1518020.0
1518020.0
1518020.0
1275805.0
1275805.0
1275805.0
1275805.0
1306215.0
1275805.0
1275805.0
1275805.0
1275805.0
1275805.0
1275805.0
1275805.0
1275805.0
1275805.0
1275805.0
1275805.0
1275805.0
1275805.0
1275805.0
1275805.0
1275805.0
1275805.0
1275805.0
1275805.0
1275805.0
1275805.0
1275805.0
1275805.0
1275805.0
1275805.0
1275805.0
1275805.0
1275805.0
1275805.0
143695.0
143695.0
145935.0
143695.0
143695.0
143695.0
143695.0
143695.0
143695.0
143695.0
143695.0
143695.0
143695.0
143695.0
143695.0
168515.0
168515.0
168515.0
168515.0
168515.0
916190.0
916190.0
916190.0
916190.0
916190.0
916190.0
916190.0
916190.0
916190.0
916190.0
916190.0
916190.0
916190.0
916190.0
916190.0
916190.0
916190.0
916190.0
916190.0
916190.0
916190.0
916190.0
916190.0
916190.0
56070.0
56070.0
401040.0
401040.0
401040.0
401040.0
401040.0
401040.0
401040.0
401040.0
401040.0
57860.0
58170.0
58170.0
57860.0
57860.0
58260.0
58260.0
58260.0
58260.0
58260.0
58260.0
60170.0
60170.0
60170.0
60170.0
60170.0
60170.0
60170.0
60170.0
60170.0
60170.0
60170.0
60170.0
60670.0
60670.0
60670.0
60670.0
60670.0
60670.0
60670.0
60670.0
60670.0
60670.0
60670.0
60670.0
60670.0
60670.0
60670.0
60670.0
60670.0
60670.0
60670.0
60670.0
60670.0
62900.0
62900.0
62900.0
62900.0
62900.0
60670.0
60670.0
60670.0
60670.0
60670.0
60670.0
56350.0
55450.0
55450.0
55450.0
55450.0
55450.0
55450.0
55450.0
55450.0
55450.0
55450.0
55450.0
55450.0
55450.0
55450.0
55450.0
55450.0
55450.0
55450.0
55450.0
55450.0
55450.0
55450.0
55450.0
55450.0
55450.0
55450.0
55450.0
55450.0
55450.0
55450.0
55450.0
55450.0
55450.0
55450.0
55450.0
55450.0
55450.0
55450.0
55450.0
55450.0
55450.0
55450.0
55450.0
55450.0
55450.0
55450.0
55450.0
55450.0
55450.0
55450.0
55450.0
55450.0
55450.0
55450.0
55450.0
58830.0
58830.0
55450.0
55450.0
55450.0
55450.0
55450.0
55450.0
55450.0
55450.0
51860.0
51860.0
51860.0
51860.0
51860.0
51860.0
51860.0
51860.0
417860.0
417860.0
417860.0
52950.0
52950.0
52950.0
52950.0
52950.0
52950.0
52950.0
52760.0
52760.0
52760.0
52760.0
1413405.0
1413405.0
1413405.0
1413405.0
1413405.0
1413405.0
1413405.0
1413405.0
1413405.0
1413405.0
1413405.0
1413405.0
1413405.0
52760.0
52760.0
52760.0
52760.0
52760.0
52760.0
52760.0
52760.0
52760.0
52760.0
52760.0
52760.0
52760.0
52760.0
52760.0
52760.0
52760.0
52760.0
52760.0
52760.0
52760.0
52760.0
52760.0
52760.0
52760.0
52760.0
52760.0
52760.0
52760.0
52760.0
52760.0
52760.0
52760.0
52760.0
52760.0
52760.0
52760.0
56350.0
52760.0
52760.0
52760.0
52760.0
52760.0
53250.0
52960.0
52960.0
52960.0
52960.0
52960.0
52760.0
52760.0
52760.0
52760.0
52760.0
52760.0
52760.0
52760.0
52760.0
52760.0
52760.0
52760.0
52760.0
52760.0
52760.0
52760.0
52760.0
52760.0
52760.0
52760.0
52760.0
52760.0
52760.0
52760.0
52760.0
52760.0
52760.0
52760.0
52760.0
52760.0
52760.0
52760.0
52760.0
52760.0
52760.0
52760.0
52760.0
52760.0
52760.0
52760.0
52760.0
52760.0
52760.0
52760.0
52760.0
54255.0
54255.0
54255.0
54255.0
54255.0
54255.0
51320.0
51320.0
51320.0
51320.0
51320.0
51320.0
51320.0
51320.0
51320.0
51320.0
51320.0
51320.0
51320.0
51320.0
51320.0
51320.0
51320.0
51320.0
51320.0
51320.0
51320.0
51320.0
51320.0
51320.0
51320.0
51320.0
51320.0
51320.0
51320.0
51320.0
51320.0
51320.0
51320.0
51320.0
51320.0
51320.0
51320.0
51320.0
51320.0
51320.0
51320.0
51320.0
51320.0
51320.0
51320.0
51320.0
51320.0
51320.0
51320.0
51320.0
51320.0
51320.0
51320.0
51320.0
51320.0
51320.0
51320.0
51320.0
51520.0
51520.0
51520.0
51520.0
51520.0
51520.0
51320.0
51320.0
51320.0
51320.0
51320.0
51320.0
51320.0
51320.0
51320.0
51320.0
51320.0
51320.0
51320.0
51320.0
51320.0
51320.0
51320.0
51320.0
51320.0
51320.0
51320.0
51320.0
51320.0
51320.0
51320.0
51320.0
51320.0
51320.0
56965.0
56965.0
