49.11096249807609
49.46006724090118
49.13118287916934
51.93986581166704
54.400148361879474
55.38201958722707
54.82640661371941
55.266578041017226
53.14214694464306
54.35755618121216
55.166993838908866
54.847869511789995
55.59312141443443
55.97973392961094
56.27951732397712
56.45733899616224
55.8981549624307
56.27188350835794
56.50384892641533
56.51771140795372
56.583640363916814
56.8829618202944
56.94572131462301
57.52129028378205
57.48060996563987
57.52790299535222
57.53463831567759
57.66593042460075
57.53216889312133
57.321135386348715
57.51120886112115
57.28136539317103
57.079655930079866
56.510360030194946
56.87892892494731
56.802613226410074
56.56457833824646
56.56982917091104
56.87464683495922
56.97909206908999
57.06871427366114
57.42080392054252
57.620657060011204
58.062351327529754
58.50458386837482
59.61006525912213
59.74884202825011
59.705435976194394
59.82810504356964
59.9251675743364
60.18911090194862
60.62261091508142
60.75854045451791
60.677194650102685
60.802122328723975
61.0217617996286
61.01183082298392
60.96879938944426
61.11391615116189
61.115389942536716
61.50237580227988
61.51884982530148
61.49019878113692
61.50246363937869
61.59519310165539
61.56590058586162
61.50339354036457
61.5395998837043
61.53004162391456
61.552684747184706
61.552684747184706
61.50883065369633
61.48540933408365
61.487037962133044
61.48909643687868
61.380456460141
61.380456460141
61.46078339299485
61.457659698707815
61.47559817180697
61.480549205294494
61.49061356092517
61.65507896910283
61.78134944073995
61.77918028078109
61.77918028078109
61.77918028078109
61.80458862054413
61.79244100362655
61.79244100362655
61.99509758589984
61.99509758589984
62.01021304931178
62.01021304931178
62.0182876994128
62.13097889432513
62.13423807798041
62.15060753629107
62.13198691951311
62.1264218349707
62.1264218349707
62.1264218349707
62.12366858261813
62.11825580565269
62.11481633623176
62.07194175332019
62.0600697453669
62.07355640692606
62.07561255921488
62.11836440768091
62.113903770974694
62.113903770974694
62.10597791898954
62.12503005471659
62.14652731523042
62.14959104072062
62.1616135152522
62.21808763492593
62.21808763492593
62.21808763492593
62.21461221977294
62.277481677022465
62.277481677022465
62.47509146885043
62.5279698296222
62.5279698296222
62.5279698296222
62.625182733521136
62.70204957050181
62.68102814183682
62.749683151547664
62.86559850365469
62.81845233041123
62.819437753345554
62.821685763767825
62.821685763767825
62.82751519781324
62.82751519781324
62.87409130409103
62.91122739245647
62.91122739245647
62.975165860942454
63.02016405747904
63.01549103018863
63.01549103018863
63.085368443919
63.085368443919
63.085368443919
63.098084773995424
63.10796628658371
63.30296592936785
63.30527478383726
63.297177880861724
63.29026002844572
63.287155758631116
63.34100521556055
63.5403758644656
63.5403758644656
63.58600922987555
63.58600922987555
63.58600922987555
63.83586021545032
63.83055090355465
63.83055090355465
63.831264513527074
63.831264513527074
63.85760971803925
63.891916701585934
63.891916701585934
63.89673831340806
63.88713288709137
63.87672946288308
63.866493978261495
63.91919715312717
63.935402976681836
63.935402976681836
63.93090936819872
63.93090936819872
63.938140904029126
64.00599187566749
63.99020284094936
63.990603306791726
63.990603306791726
63.99555383525308
64.0079254438754
64.01179477660239
64.06335248636216
64.06335248636216
64.04674013671485
64.04674013671485
64.04674013671485
64.04674013671485
64.04674013671485
64.2791313021222
64.51819481745463
64.5923033889541
64.58414851055016
64.58414851055016
64.59943942424734
64.58804721065988
64.58804721065988
64.98473846539032
64.96504435341572
64.96957642178792
64.95313454247493
65.03863740608134
65.02386531871912
65.03021730502955
65.02879918715561
65.02879918715561
65.02879918715561
65.02865737536821
65.03802286216082
65.03802286216082
65.03802286216082
65.02880509597998
65.01777922950996
65.01777922950996
65.00843146919077
65.02146633598224
65.02146633598224
65.02146633598224
65.0124736360914
65.0124736360914
64.99106843891116
64.99245392551062
64.98624965981205
64.98624965981205
64.98624965981205
64.97930036170595
64.97841403803473
64.97841403803473
64.97841403803473
65.00105938128186
64.99954672221631
64.99954672221631
64.99954672221631
64.99954672221631
64.97464098176934
64.97464098176934
64.97464098176934
64.97464098176934
65.00771271764052
65.00759454115105
65.00759454115105
65.00935537084453
65.00935537084453
65.00935537084453
64.97502449169868
64.99169980331375
64.99169980331375
64.99099988938463
64.99099988938463
64.99099988938463
64.99099988938463
64.99099988938463
64.99030744375065
64.99030744375065
64.98842843756769
65.00467153056906
65.00467153056906
65.06622657679546
65.06622657679546
65.1382551471436
65.10977461317495
65.11992597362271
65.11992597362271
65.10854557768421
65.10854557768421
65.10854557768421
65.1267368823051
65.18111023153145
65.18111023153145
65.18111023153145
65.18111023153145
65.1313728597154
65.24183474237915
65.23803674950082
65.32365875484766
65.33972410381682
65.33972410381682
65.48457822713814
65.56066107185167
65.57049732733762
65.57333045178305
65.57333045178305
65.57626668085722
65.57804195864487
65.57394123445934
65.72843690870685
65.8766033905314
65.9224188306309
65.9483889703304
65.9537553473998
65.95530751205953
65.95615593446645
65.96643333415457
65.97109536298868
65.97922248516937
65.97922248516937
65.97922248516937
65.95195233072403
65.95195233072403
65.95195233072403
65.95195233072403
65.95195233072403
66.05868214653364
66.04111784090169
66.00008091519338
66.00008091519338
66.0025392133173
66.00582269998236
66.00582269998236
65.99497468131663
66.00233710709949
66.01460781673775
66.01460781673775
66.01460781673775
66.08226862824075
66.08226862824075
66.09356713113831
66.09356713113831
66.11251694596386
66.11251694596386
66.11251694596386
66.11251694596386
66.11251694596386
66.11251694596386
66.09659470700996
66.09659470700996
66.09659470700996
66.09659470700996
66.09987366739836
66.09987366739836
66.09713743456406
66.09713743456406
66.09717240335758
66.09522277656977
66.09522277656977
66.09522277656977
66.09522277656977
66.08788430241478
66.13957931202148
66.12061602693316
66.18464691533686
66.16822096903387
66.17057598832234
66.17057598832234
66.21011834324823
66.2055360927408
66.20715440372207
66.20715440372207
66.25281685606181
66.25281685606181
66.25219096478821
66.2665103159385
66.27585265332515
66.27585265332515
66.27585265332515
66.29385215803384
66.37885794364365
66.39583538924953
66.39583538924953
66.37105685481092
66.37105685481092
66.37105685481092
66.37105685481092
66.37105685481092
66.37105685481092
66.37105685481092
66.34381119264314
66.34381119264314
66.34381119264314
66.34381119264314
66.41661986706933
66.39973133964938
66.39973133964938
66.39973133964938
66.39973133964938
66.39973133964938
66.39973133964938
66.39973133964938
66.39973133964938
66.39973133964938
66.39973133964938
66.39973133964938
66.39973133964938
66.38483166588769
66.38483166588769
66.38483166588769
66.38483166588769
66.38483166588769
66.38483166588769
66.36584101878138
66.36584101878138
66.35712923587852
66.3635771468557
66.3635771468557
66.3635771468557
66.3635771468557
66.40075288584315
66.43446766463386
66.43446766463386
66.43941945309315
66.43941945309315
66.63086296436003
66.62540338775293
66.62654746841008
66.7435756566605
66.74615335841351
66.74615335841351
66.74615335841351
66.7928420864016
66.8008091558479
66.8008091558479
66.8008091558479
66.78662759224763
66.78662759224763
66.78887195644229
66.78887195644229
66.85506817045868
66.85506817045868
66.82786513348768
66.82786513348768
66.81425344414306
66.8061751863787
66.80714239118592
66.80714239118592
66.80714239118592
66.80714239118592
66.82782363833431
66.88999523383474
66.87828767270645
67.06799758601728
67.05239540835166
67.05239540835166
67.06135836147872
67.06135836147872
67.06135836147872
67.06135836147872
67.06135836147872
67.07961030108075
67.07326457717069
67.07326457717069
67.07326457717069
67.07346612505847
67.29248349046131
67.29248349046131
67.2592708367654
67.28996965309884
67.28996965309884
67.28996965309884
67.29017384619968
67.29017384619968
67.29744512522794
67.29744512522794
67.30319516790865
67.29336654671845
67.29336654671845
67.29336654671845
67.28903939273178
67.28903939273178
67.28903939273178
67.28903939273178
67.40575340339248
67.40575340339248
67.40575340339248
67.40575340339248
67.40188842625038
67.40188842625038
67.462613619262
67.4369044078122
67.44506709726718
67.4391155066987
67.4391155066987
67.38507425737689
67.38342414565457
67.39161086923677
67.39161086923677
67.39161086923677
67.41515672502885
67.41515672502885
67.41424278589464
67.41424278589464
67.41960892465887
67.41816973688412
67.41816973688412
67.43260216419183
67.39908847813315
67.39750565771472
67.47419064391626
67.47419064391626
67.46721692667215
67.47225393243055
67.47225393243055
67.45815312964558
67.43832669507574
67.43832669507574
67.41206822431852
67.41206822431852
