1205.0
790.0
700.0
770.0
730.0
700.0
700.0
700.0
700.0
700.0
700.0
700.0
695.0
695.0
695.0
640.0
640.0
640.0
640.0
640.0
640.0
640.0
640.0
640.0
640.0
640.0
640.0
640.0
640.0
640.0
640.0
640.0
640.0
640.0
640.0
640.0
640.0
640.0
640.0
640.0
640.0
640.0
640.0
640.0
640.0
640.0
640.0
640.0
640.0
640.0
640.0
640.0
640.0
640.0
640.0
640.0
640.0
640.0
640.0
640.0
640.0
640.0
640.0
640.0
640.0
640.0
640.0
620.0
620.0
620.0
620.0
620.0
620.0
620.0
620.0
620.0
620.0
620.0
620.0
620.0
620.0
620.0
620.0
620.0
620.0
620.0
620.0
620.0
620.0
620.0
620.0
620.0
620.0
620.0
620.0
620.0
620.0
620.0
620.0
620.0
620.0
620.0
620.0
620.0
620.0
620.0
620.0
620.0
620.0
620.0
620.0
620.0
620.0
620.0
620.0
620.0
620.0
620.0
620.0
620.0
620.0
620.0
620.0
620.0
620.0
620.0
620.0
620.0
620.0
620.0
620.0
620.0
620.0
620.0
620.0
620.0
620.0
620.0
620.0
620.0
620.0
620.0
620.0
620.0
620.0
620.0
620.0
620.0
620.0
620.0
620.0
620.0
620.0
620.0
620.0
620.0
620.0
620.0
620.0
620.0
620.0
620.0
620.0
620.0
620.0
620.0
620.0
620.0
620.0
620.0
620.0
620.0
620.0
620.0
620.0
620.0
620.0
620.0
620.0
620.0
620.0
620.0
620.0
620.0
620.0
620.0
620.0
620.0
620.0
620.0
620.0
620.0
620.0
620.0
620.0
620.0
620.0
620.0
620.0
620.0
