33.44725449988608
38.483606557377044
40.611125620266385
40.2116402116402
39.01390644753477
39.01390644753477
39.01390644753477
52.33273056057866
52.33273056057866
52.33273056057866
52.33273056057866
49.5859872611465
42.02157864849517
42.02157864849517
42.02157864849517
52.61818181818181
52.61818181818181
52.61818181818181
52.61818181818181
52.61818181818181
52.61818181818181
52.61818181818181
52.61818181818181
52.61818181818181
52.61818181818181
52.61818181818181
52.61818181818181
52.61818181818181
52.61818181818181
52.61818181818181
52.61818181818181
52.61818181818181
52.61818181818181
52.61818181818181
52.61818181818181
52.61818181818181
52.61818181818181
52.61818181818181
52.61818181818181
52.61818181818181
52.61818181818181
52.61818181818181
52.61818181818181
52.61818181818181
52.61818181818181
52.61818181818181
52.61818181818181
52.61818181818181
52.61818181818181
52.61818181818181
52.61818181818181
52.61818181818181
52.61818181818181
52.61818181818181
52.61818181818181
52.61818181818181
52.61818181818181
52.61818181818181
52.61818181818181
52.61818181818181
52.61818181818181
52.61818181818181
52.61818181818181
52.61818181818181
52.61818181818181
52.61818181818181
52.61818181818181
55.327102803738306
55.327102803738306
55.327102803738306
55.327102803738306
55.327102803738306
55.327102803738306
55.327102803738306
55.327102803738306
55.327102803738306
55.327102803738306
55.327102803738306
55.327102803738306
55.327102803738306
55.327102803738306
55.327102803738306
55.327102803738306
55.327102803738306
55.327102803738306
55.327102803738306
55.327102803738306
55.327102803738306
55.327102803738306
55.327102803738306
55.327102803738306
55.327102803738306
57.38317757009345
57.38317757009345
57.38317757009345
57.20588235294118
57.38317757009345
57.38317757009345
57.38317757009345
57.38317757009345
48.26717076244486
48.26717076244486
48.26717076244486
48.26717076244486
48.26717076244486
48.26717076244486
48.26717076244486
48.26717076244486
48.26717076244486
48.26717076244486
48.26717076244486
48.26717076244486
44.63712267180475
44.63712267180475
44.63712267180475
55.327102803738306
55.327102803738306
55.327102803738306
55.327102803738306
55.327102803738306
43.8212927756654
56.022944550669216
56.022944550669216
56.022944550669216
56.022944550669216
56.022944550669216
56.022944550669216
56.022944550669216
56.022944550669216
55.178268251273344
55.94646271510517
55.94646271510517
55.94646271510517
55.94646271510517
55.94646271510517
57.38317757009345
57.38317757009345
52.52336448598131
52.52336448598131
52.52336448598131
55.327102803738306
58.58508604206501
58.58508604206501
58.58508604206501
58.58508604206501
58.58508604206501
58.58508604206501
58.58508604206501
57.89077212806027
57.89077212806027
57.89077212806027
58.58508604206501
58.40148698884758
58.40148698884758
58.58508604206501
58.58508604206501
58.58508604206501
58.58508604206501
49.75077881619938
49.75077881619938
49.75077881619938
49.75077881619938
49.75077881619938
49.75077881619938
49.75077881619938
52.74131274131274
50.87040618955513
50.87040618955513
50.87040618955513
50.87040618955513
50.87040618955513
50.87040618955513
50.87040618955513
50.87040618955513
58.58508604206501
57.8585086042065
50.87040618955513
50.87040618955513
46.56390494540784
46.56390494540784
46.56390494540784
46.56390494540784
46.56390494540784
46.56390494540784
46.56390494540784
46.56390494540784
46.56390494540784
46.56390494540784
46.56390494540784
46.56390494540784
46.56390494540784
53.00191204588909
53.00191204588909
53.00191204588909
53.00191204588909
53.00191204588909
53.00191204588909
53.00191204588909
53.00191204588909
53.00191204588909
