1995.0833333333333
1763.9166666666667
1727.8333333333333
1670.4166666666667
1529.1666666666667
1521.5
1771.9166666666667
1661.5
1752.3333333333333
1677.5833333333333
1748.8333333333333
1643.3333333333333
1634.3333333333333
1616.6666666666667
1463.5
1415.1666666666667
1420.8333333333333
1391.4166666666667
1383.75
1358.1666666666667
1331.4166666666667
1334.0833333333333
1324.3333333333333
1284.0833333333333
1315.9166666666667
1298.5833333333333
1287.6666666666667
1309.5833333333333
1404.4166666666667
1458.3333333333333
1420.3333333333333
1377.9166666666667
1391.0833333333333
1441.75
1445.0
1430.25
1477.5833333333333
1487.4166666666667
1473.9166666666667
1473.4166666666667
1467.3333333333333
1474.5
1470.3333333333333
1439.1666666666667
1411.0833333333333
1441.6666666666667
1434.6666666666667
1433.5
1436.0
1387.4166666666667
1409.0833333333333
1451.4166666666667
1431.8333333333333
1426.0
1419.75
1433.3333333333333
1422.5
1422.3333333333333
1370.0833333333333
1357.3333333333333
1350.9166666666667
1340.25
1348.75
1352.75
1347.6666666666667
1344.6666666666667
1342.1666666666667
1357.5
1371.0833333333333
1366.9166666666667
1374.0833333333333
1393.8333333333333
1383.5833333333333
1392.1666666666667
1371.25
1368.6666666666667
1309.5833333333333
1332.25
1348.4166666666667
1358.25
1357.4166666666667
1382.0
1391.4166666666667
1350.8333333333333
1392.5
1410.0
1395.6666666666667
1404.5833333333333
1388.0833333333333
1371.75
1361.5
1388.4166666666667
1402.4166666666667
1385.75
1395.4166666666667
1372.25
1365.25
1384.25
1379.9166666666667
1456.6666666666667
1421.75
1418.8333333333333
1420.9166666666667
1411.8333333333333
1416.5
1412.0
1414.5
1428.1666666666667
1431.5
1427.6666666666667
1460.9166666666667
1453.4166666666667
1412.5
1419.1666666666667
1385.3333333333333
1303.25
1297.3333333333333
1338.8333333333333
1362.5
1436.75
1421.6666666666667
1406.25
1401.4166666666667
1397.5
1399.0
1406.0833333333333
1403.0833333333333
1399.6666666666667
1376.25
1363.0833333333333
1379.8333333333333
1378.5833333333333
1393.8333333333333
1404.1666666666667
1351.8333333333333
1368.8333333333333
1387.6666666666667
1399.1666666666667
1386.5833333333333
1385.9166666666667
1403.5833333333333
1377.0
1360.6666666666667
1364.8333333333333
1382.5833333333333
1417.1666666666667
1405.5833333333333
1391.0833333333333
1380.6666666666667
1395.3333333333333
1402.8333333333333
1399.5833333333333
1389.9166666666667
1382.8333333333333
1382.8333333333333
1389.6666666666667
1385.5
1416.4166666666667
1430.0
1420.0
1407.0833333333333
1302.75
1291.5833333333333
1352.8333333333333
1381.8333333333333
1426.4166666666667
1406.25
1397.25
1404.1666666666667
1365.4166666666667
1353.5833333333333
1394.5833333333333
1369.25
1380.25
1370.9166666666667
1332.5833333333333
1333.0
1339.5833333333333
1345.0833333333333
1428.0833333333333
1386.0
1377.8333333333333
1394.75
1381.0833333333333
1406.5
1392.0833333333333
1399.9166666666667
1432.0
1389.9166666666667
1394.0833333333333
1382.0833333333333
1358.5833333333333
1365.5833333333333
1346.5
1390.1666666666667
1381.5
1353.8333333333333
1332.75
1356.5
1349.5833333333333
