48.15838901298419
52.40359573248814
54.53690208153577
55.31389539423738
55.11968978982539
55.89580023800015
57.73396557197187
58.1406408903033
58.5866758704246
58.51973429946379
60.513649636340205
59.56444464878534
60.04405010843537
59.74600397015924
59.68559060468442
60.351642091384626
60.481240955924086
60.692177647099484
60.98686138780075
60.99831522784578
61.037986463914045
61.062467198640185
61.21293073030019
61.02713328351853
61.2664788938562
60.97578470916771
61.020676271939
61.31036506378378
62.01550159647806
61.90948777949145
61.61177336766398
61.551649091845235
61.48868742337926
61.74726562762279
61.800213663168265
61.67035945727988
61.70476018544307
61.731184931026554
61.75746618506249
61.63125425273389
61.53898609919468
61.74630652955229
61.64500454014496
61.517559404639925
61.4946332309152
61.804662935527986
61.716278880857246
61.64323276745638
61.627577501018486
61.5942351175886
61.680112601888794
61.99697534623454
61.720861902115544
61.72852719410888
61.751929475582216
61.858702337725546
61.78669445786691
61.78470175981124
61.77301576646497
61.69423828161754
61.75080383538186
61.56345358321778
61.598897660668975
61.75157587714377
61.82630377136199
61.93165829850082
61.937878247254005
62.09491713935372
62.02802848487409
62.032650777531245
62.04928174845544
62.19951324359767
62.15818688925826
62.178091375896365
62.117798017463585
61.89853700933068
61.83432199920718
61.86841976296295
61.99297437344446
62.01057084014545
62.00132625483114
62.21974704211608
62.20240988228317
61.997559849619776
62.1564432641218
62.143239404062975
62.20329796282421
62.25506538507093
62.07672551702772
62.06542666064194
62.02342822957673
62.09562252918997
62.29746520727426
62.13272825739188
62.26337063850924
62.16138559741428
62.029897896891015
62.306711475837055
62.26209354092494
62.649324756213396
62.20997355109578
62.170298080864846
62.192016818405065
62.13436992318816
62.14184655870218
62.09193334276657
62.15212305046626
62.21106882693606
62.19922876737097
62.16678722075895
62.39987147252253
62.199998662449616
62.03550986759363
62.07321226059321
61.81099074265871
61.77165882100168
61.704816341949716
61.85824286056562
61.932775994141174
62.52756730556389
62.23026978128999
62.19991966612951
62.154572662974935
62.26305062910274
62.19531452069073
62.26426718580441
62.187728075909114
62.19432050880123
61.972990637598414
61.9869482422014
62.16297453387662
62.106117001699545
62.12364409896142
62.19693519947217
62.19329670059554
62.20146190480851
62.26870216116237
62.20253608007269
62.12140243067539
62.12104013963142
62.22367467349279
62.228917911596554
62.137502505861036
62.17844281225301
62.34883415390173
62.593346138875255
62.49018326119285
62.33708703077103
62.257291728988235
62.35199412212466
62.39902609095529
62.428894222712955
62.25837287668629
62.272857255502075
62.28205365615523
62.28205365615523
62.2722432911771
62.427627323024325
62.311176174918295
62.31617452393847
62.20730953091732
61.85408596396534
61.78764782880926
62.011655637605124
62.08046285202841
62.50230661328507
62.281814977586876
62.21758520461965
62.19211386436722
62.102051557104225
62.06958367615197
62.34572930018241
62.17593750223477
62.14742738225856
62.36741303140327
62.10015037024206
61.84760297757406
61.926336120198314
61.88076390497125
62.07439552956558
62.12862081896694
61.976034690387266
62.01190267198893
61.915408632601434
62.1091232819465
62.002729368557006
62.05159360521837
62.15304978168751
61.75943334962926
61.90376601978133
61.86967804260901
61.8722278888916
61.962002376756075
61.98088897815523
62.20170641390732
62.17574060776466
62.03805561107311
61.963517820335376
62.112120271076186
62.06807852356568
