36.664600508274965
36.664600508274965
40.678218606659996
40.678218606659996
47.06195789488542
47.88480168635234
46.33326192346449
45.425804233208524
43.89354480189841
42.31744620774399
46.33326192346449
46.33326192346449
46.66088479623158
47.19442097765408
46.990536379059435
44.82417777777777
45.46456331271868
44.768536972340115
46.32370893929244
45.5058802878708
43.801210850146305
47.758830349820435
48.6014477475578
43.80388855879051
45.41765505477224
46.65275697267994
45.88730746203668
42.21214022555787
44.22651494218225
42.959855813915894
41.35046861687022
40.10438032727107
43.02273328046523
44.17502194090583
43.20103748654204
44.35739694496757
46.02171342577664
42.55985174797156
45.37012889089958
44.72808434509231
45.90569874844339
46.9549974958861
47.646824344390254
43.234545014237874
44.691358024691354
44.14886537565715
46.52323747346371
44.287399937182194
48.034484046985895
45.386809084309874
42.04044102689287
45.9827656274622
46.29028994755108
43.333502873709364
44.8534019172317
48.236149916510996
46.86609686609686
42.69607095012803
40.976600779177325
42.21888837805793
46.12503701639173
45.864733377849845
45.067561707515914
41.74746428630139
44.918297601845396
48.94788988037995
46.632358073212316
46.545193040826234
47.66338244599115
43.58185384666533
43.565512079854024
46.72323147354287
45.92580685491793
42.650188312574784
44.918297601845396
48.1637159930223
43.65382976184387
47.80010270003957
42.58931592941745
46.141267471841495
46.357388545221845
46.433916526138276
43.40764435695539
48.05201181193996
43.14070977054402
45.00974929911754
40.79900779927016
47.36524755917374
42.377807350452635
42.950977463573295
44.012772663183206
46.62040400089406
46.096425513698634
46.56364879615573
42.35480872833748
45.132287299016745
47.80561445762106
44.579937411877985
45.60262956220312
44.94714624314459
46.94624164001163
47.83167437730735
46.944581173813596
44.52632908195479
47.65416735199283
47.490281994203606
45.10720353380904
46.188234274071185
49.716253901283096
45.098862732897786
44.178004246284495
46.67031057100096
41.555203380876925
45.956764527008346
43.97260731027811
43.30090161826793
42.483954200935344
47.23754778980544
46.39547309963034
46.16480809472094
48.72423854202923
47.99394262035625
48.37898924147907
42.20248843594627
45.843376557335354
44.30753845092766
43.39003325210681
46.7712198777504
45.46434836446187
48.21915148948186
47.106205673758865
47.06937349923597
47.02395041273411
46.921034313851855
47.35219277510499
43.404096834264436
45.11339856822129
47.74067692135272
43.49567982076815
43.49567982076815
45.74916446789798
41.234305506356506
44.41261305304327
44.95858037929439
45.476596349172524
45.791144867528644
47.988680225320834
44.55277681101774
48.88061372589675
42.41887329672564
46.96197098463388
40.503976104581255
47.770121082621095
48.97437298508278
46.76196962427911
46.41576106257546
47.96590024578437
45.26323059656393
47.494468881732246
47.846765220155774
41.453054142513516
45.74217276499434
42.25473195750398
45.5738582405249
48.57736367146718
42.422098783016025
47.68104149715215
41.92637635361056
46.50197614850721
47.06236109295334
49.08988639113628
48.36557157952127
40.79775280898876
44.429113371605055
42.41655984427669
47.570485902819435
50.52700189456486
47.434359985428095
48.575048705087724
46.43886466705188
46.358051479562775
49.38999907341631
40.88670635380232
44.78902321244213
43.068572061592995
48.79510744695228
46.15160911686901
47.20586660957072
46.933684083836255
47.23051675853089
46.036175444026064
47.58328745862986
44.452597840755736
45.648526898979966
42.46561901596797
47.30914949366192
48.211247937031864
47.583479347509275
42.99557854075883
43.10734463276837
44.575598535652965
46.7819395061127
49.305423603505865
47.28296495503823
44.31585608875963
46.43576579567996
44.10499823745932
48.84932772853951
49.05450500556174
46.379336340037234
46.48818125290104
47.16431180980322
44.77169690466089
45.38261471686005
48.14016374035813
46.71560932065135
45.29072714516384
48.344946794144654
42.74469492322281
44.71884283205038
44.10950267937246
47.89165037698966
47.20674646354734
46.64063127997642
46.63548000342553
46.69456712773758
47.47805263566345
47.06995249323567
48.025772344292086
44.87893166365015
44.625323437287214
45.33420324040383
43.02457557831963
47.1481766061824
46.66471962616823
43.68558478667849
42.262430126507795
47.796429494357824
48.57241737324797
47.55914665842453
47.644541067061894
44.021425426796455
47.7074750120506
47.24028501075512
44.798127656759135
46.908115007037146
48.19615515325196
47.426585553060235
45.87701630257018
41.827585117806834
48.34451469221354
43.88981838461725
47.37146004335004
48.22961373390558
48.550055136649476
47.28580428391432
45.68164870178293
46.12080297301246
49.61865159026043
45.15490274714257
46.51040571788943
44.6234369204684
47.11695567385232
46.31982012133899
46.91074803863183
43.231781466180244
43.22841187346959
48.06483764360279
45.15385214614005
45.77585318074028
49.13257778426317
46.020689450751405
50.464618378979566
47.15781037920674
47.22806297758859
48.964701032100315
47.76311365439167
47.65764829317887
48.69880838241336
47.87662047384891
47.90357563965084
46.80032678772107
48.361661180956496
47.97582947478881
48.29924231814235
46.77888811699531
46.185917442396935
48.08691102741697
50.1100875121338
47.909859779569466
47.23563158078848
44.59128974086608
47.74403678513268
48.035638970898354
50.34718774502587
44.730606986789255
47.78575814210821
48.4138203924531
49.68515758720415
43.826574703647545
43.60139575078674
43.31523422850527
41.80137072831785
47.88291871564941
47.492881971737496
49.329716347546686
47.63395773464928
46.49588194921071
44.10691025140029
48.87003838118836
46.31801889866406
43.524980398813426
48.114028564104665
47.97164821689653
46.341791814309694
45.05275548977348
48.64278259584569
48.357288250091116
47.82313358381626
47.335905295423316
44.047296019470956
48.640901366775175
49.28863709044393
48.600568846080016
50.134772396823614
47.24795832159955
43.158456426301875
43.95564293416797
48.61708351616206
49.446873654809025
47.706295361312726
40.69189122104839
47.274694051444655
48.675891009101484
46.901332195826235
47.39360692784074
45.92808651451574
47.06610877622096
43.411172272201874
48.14645242049788
46.17165661432203
49.25286524999243
48.75190117594688
48.09460409541244
47.46764675432239
46.86353045891254
47.06175715640868
46.1763614124978
50.51816239316239
47.387800655576356
49.727247835885336
46.95293222029716
47.1778059785674
47.473938968299876
50.371662086944276
48.624765755911575
47.337761192484145
47.58344290937911
47.20318739464742
48.78595815778003
47.617168441293806
44.993724736655324
48.17436923659374
49.083457999002675
49.65776535235709
48.44021391534299
48.409367365152875
41.4478560502121
48.75725171335818
47.264774128441026
48.23257382971266
48.1736356803725
48.13986411796267
48.99653747133193
43.65105034072715
44.01969539716638
45.52254081447367
48.97798873811256
46.214120936959084
48.70646376584619
47.41736694677871
50.06034685852014
47.483681737613594
48.45092386081343
47.524467574285396
47.12227219723471
47.80141843971632
46.63563513263337
45.68901042397046
43.13792071923485
49.19909245604083
47.983345071341006
50.92992364515544
42.67238524477615
42.562809106205066
46.93853479262244
45.31873604671133
50.106415094339624
50.03981260892506
45.56056461689123
45.97718945141147
