36.664600508274965
41.195986356976434
40.678218606659996
47.88480168635234
47.88480168635234
48.636346176007386
46.33326192346449
45.732161131268036
45.65507845459542
46.33326192346449
46.33326192346449
51.22210432847006
50.353801005816635
50.353801005816635
53.03809423863994
53.09505547524203
53.16330747395565
53.56342398840232
50.10730211817168
53.69955985740895
51.4874517256604
53.725705156754586
53.725705156754586
53.75455514223945
53.75455514223945
53.810451989116345
53.90892678179259
53.57999717740039
53.992530967174616
52.721314680870755
53.992530967174616
54.03746531240027
54.06580999562134
54.06580999562134
52.744420015584986
52.744420015584986
50.329284630422
49.19560217101443
49.19560217101443
49.79539770724584
49.452995182866445
49.452995182866445
49.54875562905823
49.54875562905823
49.54875562905823
49.54875562905823
51.46568303916767
48.034484046985895
48.034484046985895
48.09665088981754
51.46568303916767
51.51429666375695
53.023540532025024
53.023540532025024
53.4499129894793
53.4499129894793
53.64251023712026
53.585006556152166
53.86843345154916
53.645257228249335
54.00787096139732
54.00787096139732
54.00787096139732
54.00787096139732
54.115318143822606
52.21736675936187
54.134510378278485
54.134510378278485
54.16631002700748
54.16631002700748
53.0929221707797
54.16631002700748
54.16631002700748
54.21212375772938
54.21212375772938
54.22764643361956
53.375075648247275
54.22764643361956
54.40058730500779
54.01921428728401
54.40058730500779
54.51107223340261
54.51107223340261
54.52925947761003
54.79462285287528
54.79462285287528
55.21649146160228
55.395042531784505
55.60139006292854
55.60139006292854
55.607964684887776
55.607964684887776
55.607964684887776
56.07382361228515
56.07382361228515
56.07382361228515
56.07382361228515
56.49685357377665
55.936642921567554
56.516577439654355
56.516577439654355
56.516577439654355
56.516577439654355
56.516577439654355
56.522964215271905
56.5257819103973
56.5257819103973
56.5257819103973
55.21143872629021
56.5257819103973
56.5257819103973
56.5257819103973
56.5257819103973
56.526157603080684
56.526157603080684
56.53893115431577
56.53893115431577
56.53893115431577
56.58176012022167
56.82182774490465
56.82182774490465
56.89835064485009
56.95548333317723
56.988264383856745
57.077241521415395
57.077241521415395
57.280296715338714
57.280296715338714
57.280296715338714
57.280296715338714
57.36496548623665
57.36590208768463
57.53673819179725
57.53673819179725
57.55003793235865
57.552660416413
57.552660416413
57.56296303234084
57.59031179462204
57.59031179462204
53.58536786814493
57.405426668789616
57.593121598966
57.593121598966
57.593121598966
57.593121598966
57.593121598966
57.593121598966
57.61264637531592
57.61264637531592
57.622343564143144
57.622343564143144
52.575177296396085
55.93861903983596
57.622343564143144
57.632458859781394
57.632458859781394
57.6392023902069
55.30490105445357
57.67108105569643
58.22158117056449
57.96214256947241
57.88927497681911
57.96214256947241
58.048122582397504
58.11462128520451
58.11462128520451
56.69780702742906
58.11462128520451
58.11574520694209
58.11574520694209
58.22158117056449
58.171064944787574
58.22158117056449
58.22158117056449
57.565210875816014
58.10244546638069
58.28527006902752
58.28527006902752
58.28527006902752
58.319549682023805
58.19198456480813
58.319549682023805
58.319549682023805
58.319549682023805
58.319549682023805
58.35139413125533
58.35139413125533
58.361509426893576
58.361509426893576
58.361509426893576
57.38194389879782
57.38194389879782
58.43757535567881
58.43757535567881
57.92901566518587
58.43757535567881
58.43757535567881
58.43757535567881
58.43757535567881
58.441343139619
58.441343139619
58.441343139619
58.441343139619
58.441343139619
57.8047760429226
58.48278876296118
58.540624246443215
58.551362430672775
56.80352329611089
58.551362430672775
57.56159120018082
57.94437243790692
58.551362430672775
58.551362430672775
58.551362430672775
58.551362430672775
58.551362430672775
58.551362430672775
58.551362430672775
58.55418826862792
57.84377260670364
58.55418826862792
58.55418826862792
58.55418826862792
58.55418826862792
58.55513021461297
58.55513021461297
58.330570291777185
58.24409965034965
58.24409965034965
58.54307330600433
58.54307330600433
58.55513021461297
58.55513021461297
58.55513021461297
58.56134705811429
55.355240381223865
58.20058174584036
58.56134705811429
58.56266578249337
58.56266578249337
58.57340396672293
53.7836694451279
58.32868639980708
58.57340396672293
58.57340396672293
58.57340396672293
58.596010670364116
58.596010670364116
58.596010670364116
58.65912105136244
58.65912105136244
58.65912105136244
58.66383078128767
58.66383078128767
58.66383078128767
58.66383078128767
58.66383078128767
58.66383078128767
58.66383078128767
58.66383078128767
56.45717233311534
58.66383078128767
58.66383078128767
58.66383078128767
58.737302568121535
58.737302568121535
58.737302568121535
58.737302568121535
58.737302568121535
58.37050880154329
58.737302568121535
58.7614163853388
58.781197251024835
58.781197251024835
58.781197251024835
58.9004476127321
58.9004476127321
58.9004476127321
58.9004476127321
58.9004476127321
58.9004476127321
58.9004476127321
58.9004476127321
58.9004476127321
58.9004476127321
58.9004476127321
58.373899807089465
58.9004476127321
58.9004476127321
58.9004476127321
58.9004476127321
58.9004476127321
58.9004476127321
58.9004476127321
58.9004476127321
58.9004476127321
58.91533035929588
58.91533035929588
58.91533035929588
58.91533035929588
58.91533035929588
58.978063961900176
58.978063961900176
58.978063961900176
58.978063961900176
58.978063961900176
58.978063961900176
58.978063961900176
58.978063961900176
58.978063961900176
58.978063961900176
58.978063961900176
58.29515312273933
58.978063961900176
58.978063961900176
58.978063961900176
58.978063961900176
58.98088979985531
58.997844827586206
58.997844827586206
58.997844827586206
58.997844827586206
59.03250843983603
59.03250843983603
56.54225732513833
59.03250843983603
59.03250843983603
57.75725880115602
59.03250843983603
59.03250843983603
58.51764076440801
59.080736074270554
59.080736074270554
59.080736074270554
59.080736074270554
59.080736074270554
59.080736074270554
59.080736074270554
59.080736074270554
59.093734928864244
59.093734928864244
59.093734928864244
59.093734928864244
59.097502712804435
59.154019471907404
59.154019471907404
59.19113214371834
59.26196648179406
56.1743774842179
58.87321032655669
58.87321032655669
59.26196648179406
59.26196648179406
59.26196648179406
59.26856010368942
59.26856010368942
59.26856010368942
59.26856010368942
59.26856010368942
59.26856010368942
59.302093380757164
59.302093380757164
59.302093380757164
59.302093380757164
58.628036833855795
59.3770722811671
58.74280069337011
58.74280069337011
56.60433457972416
59.04663762961176
59.04663762961176
59.04663762961176
59.355595912707976
59.355595912707976
59.355595912707976
59.355595912707976
59.355595912707976
59.355595912707976
59.355595912707976
59.355595912707976
59.355595912707976
59.355595912707976
59.355595912707976
59.355595912707976
59.355595912707976
59.355595912707976
59.355595912707976
59.3312937062937
59.355595912707976
59.355595912707976
59.355595912707976
59.355595912707976
59.355595912707976
59.355595912707976
59.355595912707976
59.355595912707976
59.3770722811671
59.3770722811671
59.3770722811671
