793776.3166666667
747660.7666666667
701743.3
662499.2666666667
596953.0333333333
636227.2333333333
530425.0
484129.68333333335
464065.35
489228.48333333334
476921.18333333335
507291.2833333333
480049.85
479569.95
496642.73333333334
484408.6
494372.13333333336
516356.73333333334
437247.65
456564.2833333333
427807.4666666667
432107.9
322864.88333333336
324505.61666666664
326536.0833333333
323086.9
326359.45
297412.1666666667
299367.2166666667
301455.38333333336
305025.1666666667
315977.4666666667
315206.63333333336
301744.6
275845.0
258292.38333333333
267681.0833333333
250314.83333333334
241990.38333333333
245005.8
251301.16666666666
229276.03333333333
234281.71666666667
238837.01666666666
229887.45
208612.08333333334
213724.63333333333
218417.18333333332
226001.91666666666
204238.5
214490.03333333333
189320.85
213954.71666666667
192385.98333333334
212733.45
185366.58333333334
192964.16666666666
180219.4
193956.95
184933.95
192347.35
191164.13333333333
186622.01666666666
176126.16666666666
185772.51666666666
186473.55
195441.96666666667
198245.58333333334
207896.21666666667
218174.31666666668
199420.03333333333
198996.03333333333
211797.61666666667
214821.63333333333
219439.63333333333
217403.66666666666
213216.15
218975.95
223388.13333333333
212656.28333333333
213044.41666666666
210979.16666666666
215196.91666666666
191273.88333333333
196913.36666666667
200056.11666666667
193640.65
181547.03333333333
183819.41666666666
186996.86666666667
169654.0
184596.83333333334
180594.03333333333
189377.1
182361.58333333334
187448.7
185506.48333333334
202676.75
194148.43333333332
191371.43333333332
186076.53333333333
175498.6
178915.08333333334
175884.85
173231.36666666667
174526.81666666668
175442.98333333334
167637.66666666666
163071.4
164155.91666666666
164826.31666666668
170159.2
163797.23333333334
182106.85
186612.0
182924.05
183985.61666666667
184298.58333333334
188708.5
190935.63333333333
186056.86666666667
182169.25
183696.81666666668
181699.86666666667
183292.63333333333
182669.56666666668
188787.56666666668
188873.5
187458.73333333334
182225.55
185130.03333333333
183126.05
183466.05
177400.38333333333
177112.63333333333
169154.91666666666
174052.31666666668
175796.7
172464.7
176709.16666666666
167019.81666666668
167500.66666666666
170608.13333333333
171870.06666666668
168108.41666666666
164619.95
162226.18333333332
157294.21666666667
163583.13333333333
159823.88333333333
174577.21666666667
165857.88333333333
156968.46666666667
163271.9
166665.93333333332
171854.48333333334
163522.08333333334
171250.88333333333
162993.5
159594.7
165295.0
161021.33333333334
162950.23333333334
162288.6
156130.81666666668
161288.93333333332
161771.4
156415.51666666666
160352.5
159489.3
172612.53333333333
164735.38333333333
162732.8
164144.45
156871.5
147390.23333333334
157396.33333333334
158895.05
167894.83333333334
159763.65
155007.46666666667
150245.05
151887.88333333333
156231.55
156122.63333333333
146673.35
154938.08333333334
154183.8
155750.71666666667
159863.51666666666
144582.03333333333
148195.13333333333
145781.11666666667
150075.4
147960.21666666667
144847.86666666667
144883.16666666666
137877.91666666666
135790.81666666668
142482.3
148910.35
142564.66666666666
142687.15
144305.03333333333
144192.63333333333
144915.51666666666
141683.8
143925.08333333334
146042.1
138189.86666666667
146436.05
125608.91666666667
125583.5
127448.15
124761.18333333333
122248.01666666666
127252.46666666666
125051.93333333333
125339.65
127297.0
132368.43333333332
124577.55
123059.75
130280.08333333333
128427.65
132745.3
141439.48333333334
138631.11666666667
135921.55
139171.41666666666
142714.4
145867.46666666667
150939.3
151258.96666666667
138982.53333333333
139225.95
146375.3
143666.88333333333
147225.4
146672.56666666668
147456.48333333334
142416.38333333333
142344.63333333333
137781.26666666666
134155.06666666668
137007.75
141800.13333333333
144376.86666666667
140580.2
136211.63333333333
138050.46666666667
134843.28333333333
136011.08333333334
136124.03333333333
144323.13333333333
144524.43333333332
150889.03333333333
151402.5
151084.4
153729.28333333333
156254.86666666667
160632.21666666667
149828.86666666667
150451.93333333332
152543.8
149240.76666666666
152512.5
158760.65
158623.06666666668
160195.06666666668
165414.73333333334
156890.0
167790.38333333333
169996.0
169996.0
168315.08333333334
168466.28333333333
168370.81666666668
167561.05
166975.01666666666
164488.73333333334
166579.0
165505.76666666666
161718.75
166460.26666666666
168718.45
169375.18333333332
170868.31666666668
163532.55
163728.73333333334
159756.76666666666
156345.0
153864.6
151585.26666666666
148423.03333333333
152254.23333333334
152401.41666666666
150097.16666666666
153528.76666666666
153528.76666666666
153462.45
151223.45
151619.53333333333
158881.26666666666
157899.25
158282.93333333332
158347.53333333333
156243.86666666667
158386.78333333333
158824.08333333334
159572.21666666667
161758.1
165356.36666666667
164637.03333333333
159367.36666666667
169638.78333333333
173972.63333333333
169222.85
165113.13333333333
165877.01666666666
166211.41666666666
158862.58333333334
158898.1
154601.0
156693.91666666666
154499.41666666666
144311.41666666666
149102.81666666668
151782.76666666666
145502.18333333332
147661.78333333333
151935.73333333334
147261.46666666667
150523.48333333334
150305.56666666668
148159.3
149664.85
145858.8
147788.81666666668
146504.41666666666
142232.3
147630.06666666668
146300.4
145443.63333333333
146298.81666666668
146433.86666666667
146519.73333333334
143104.65
144178.61666666667
144519.16666666666
136168.1
140342.58333333334
140845.6
140205.03333333333
135730.01666666666
134193.48333333334
141654.05
141663.28333333333
142330.51666666666
140583.43333333332
140696.35
142237.43333333332
150543.25
149455.41666666666
149908.83333333334
149689.75
145944.76666666666
146775.0
141461.63333333333
141456.56666666668
136241.01666666666
133548.25
142898.95
130243.58333333333
130445.6
138761.65
137100.56666666668
142880.18333333332
142434.36666666667
140292.06666666668
138786.4
138419.16666666666
131584.51666666666
134292.61666666667
127818.91666666667
129626.58333333333
128919.46666666666
129441.31666666667
130105.81666666667
128473.56666666667
133351.65
134058.76666666666
138396.23333333334
136236.25
132906.38333333333
133654.88333333333
137265.96666666667
140926.38333333333
127437.96666666666
128412.96666666666
118300.48333333334
