893380.1857142857
782443.2642857142
751142.3714285714
680566.3714285714
671827.9785714286
615770.7857142857
627525.2571428572
545249.8714285714
560147.6214285714
532327.4357142857
573951.1357142857
545462.9214285715
582038.7714285714
557618.4
564716.5785714285
575089.7142857143
571561.7928571429
517323.6142857143
535120.4
445012.64285714284
470229.8785714286
426030.6928571428
435864.3857142857
388174.97142857144
403504.22857142857
395412.70714285714
384075.3857142857
364776.84285714285
364453.17142857146
375002.5142857143
358341.8
387565.5
380479.59285714285
369165.8142857143
370780.90714285715
364891.2
343059.3857142857
354940.0071428571
331428.52857142856
330237.17142857146
331895.55
331315.78571428574
295120.72142857144
327450.5
333823.22857142857
320998.6285714286
315299.89285714284
324973.8714285714
320321.6357142857
306597.34285714285
305609.52142857143
323039.47857142857
279862.35714285716
275647.35
314006.59285714285
297723.6785714286
282711.03571428574
284538.52857142856
315554.5
306461.55
293127.5
300215.39285714284
302154.6785714286
280864.6785714286
295877.84285714285
313167.65714285715
299980.10714285716
331213.71428571426
304178.10714285716
282850.75
320182.45
290312.4
262190.97857142857
291104.9
331148.4
329356.1214285714
286481.57857142854
290585.3071428572
298935.97142857144
351890.8714285714
298281.02142857143
278589.2357142857
282493.9857142857
302771.21428571426
250967.8
295522.8642857143
310601.4357142857
285332.5142857143
291551.1214285714
303441.8357142857
308614.3785714286
285406.6142857143
282488.07857142854
271894.89285714284
293719.95714285714
287558.34285714285
301457.4928571429
271777.3142857143
290549.79285714286
266297.6785714286
301052.09285714285
272475.3785714286
256206.80714285714
288020.9142857143
256833.65
268260.52857142856
276301.77857142856
270622.78571428574
288462.8
243284.11428571428
282777.7642857143
286714.7357142857
294352.2428571429
276145.14285714284
291959.15714285715
300164.89285714284
279657.3714285714
290882.0714285714
298206.89285714284
283423.22857142857
293047.27142857143
265215.8357142857
311092.0
281634.6285714286
291036.8214285714
268587.3071428572
288263.21428571426
283861.3142857143
269515.02857142856
307657.77142857143
266588.2428571429
274365.8071428572
279798.0857142857
270547.35714285716
302296.27857142856
272506.42142857146
249432.92142857143
266467.14285714284
259179.92142857143
247925.34285714285
274253.2428571429
256529.4
225844.69285714286
259466.5357142857
282975.2642857143
262158.97142857144
263933.67142857146
266596.14285714284
281584.3357142857
257276.49285714285
215360.35
285319.5714285714
261561.61428571428
264193.45
285856.75
270621.0714285714
276081.54285714286
257005.79285714286
301171.9
255460.61428571428
269265.3357142857
256964.92142857143
270494.96428571426
282400.39285714284
300478.8857142857
260824.25714285715
305862.6642857143
266251.64285714284
262827.7
297121.4357142857
280919.40714285715
263395.05
293444.8071428572
274448.8642857143
287366.57857142854
268387.14285714284
274014.85
242148.0
278449.59285714285
278496.1142857143
270917.82857142854
270705.96428571426
282285.1928571428
273477.35714285716
264524.4928571429
266717.05
223359.5285714286
264599.1
231011.47857142857
246203.75
268560.35714285716
277259.8785714286
261281.95
251422.24285714285
260274.4
216625.82142857142
246053.45
264126.1
255649.75
256292.87857142856
225290.90714285715
249916.3
253194.04285714286
265313.7428571429
259456.72857142857
260130.9
271488.22857142857
248599.49285714285
251433.2214285714
262498.0142857143
232693.22857142857
242193.2
228457.83571428573
270693.25
238690.41428571427
258319.76428571428
213880.57857142857
259992.4714285714
245277.38571428572
226976.25
221822.3142857143
258092.32857142857
212592.84285714285
224305.98571428572
253762.2
261494.9
250519.2857142857
234403.42857142858
259219.7857142857
242344.86428571428
257831.5285714286
267513.95
256727.30714285714
259268.3
226442.97857142857
262590.5
238755.9357142857
257825.7857142857
237651.5
234175.4642857143
269600.07857142854
235580.73571428572
257302.50714285715
268646.03571428574
244157.99285714285
254874.37142857144
247638.09285714285
243262.3
267036.22142857144
238423.12857142856
237889.41428571427
249110.61428571428
275833.5642857143
243069.11428571428
255934.05
258400.02142857143
242466.37142857144
254608.85
263062.8857142857
260499.12857142856
268609.3142857143
252736.3142857143
262717.42142857146
271936.6642857143
257831.34285714285
261388.7214285714
242287.77142857143
278082.8714285714
295551.84285714285
256111.5
274684.4285714286
265438.75
274723.78571428574
261969.12857142856
292512.52142857143
275168.45714285714
292172.75
272198.85
265138.14285714284
294835.9857142857
253845.67142857143
286226.15
277171.52142857143
228707.49285714285
249448.49285714285
277073.35
278081.1142857143
295017.9357142857
273813.90714285715
264408.10714285716
261746.32857142857
268764.82857142854
280563.21428571426
261254.2785714286
272025.9857142857
278287.35
272653.02142857143
282453.6285714286
250005.72857142857
278056.9928571429
260048.99285714285
265064.7571428571
256707.2
239541.2142857143
274997.54285714286
261731.2857142857
275186.1214285714
246314.1
273498.0571428572
273234.65
295792.9857142857
307496.1785714286
287138.72857142857
319478.8785714286
282003.9285714286
283488.77142857143
234980.98571428572
297386.54285714286
266563.1142857143
263896.7642857143
249803.6
267193.72142857144
272599.25
264260.6285714286
260549.30714285714
244568.1857142857
246837.75
261083.07142857142
290278.5642857143
264600.4285714286
268541.25
248704.47857142857
237116.7214285714
252838.13571428572
250177.7785714286
257330.51428571428
264678.8714285714
275050.70714285714
249373.2
243272.62142857144
260415.5285714286
250221.6
256718.07142857142
258961.26428571428
271768.7428571429
258790.00714285715
264289.47142857144
293544.6214285714
237515.04285714286
240614.10714285713
267608.8357142857
271706.5071428571
242827.98571428572
280301.3357142857
266591.15
248616.44285714286
229004.58571428573
251999.29285714286
235904.2785714286
235075.67142857143
249980.12142857144
252989.50714285715
290393.8785714286
258029.8142857143
262751.2357142857
290341.45
282156.2428571429
233705.55
238966.3142857143
246117.36428571428
239776.42857142858
233424.07857142857
246807.25714285715
246624.62857142856
263395.97142857144
219947.07142857142
257253.02142857143
248197.7214285714
238938.51428571428
248733.7785714286
235108.73571428572
237676.50714285715
244031.66428571427
239127.07142857142
246973.7785714286
222449.17857142858
256615.32857142857
250559.7857142857
276704.8642857143
238116.76428571428
254458.15714285715
231958.1857142857
210010.2142857143
260315.67142857143
213482.14285714287
270539.02142857143
237654.07142857142
243504.0642857143
226669.70714285714
232145.7
213311.4
