258295.2
248575.2857142857
216928.07142857142
189232.17142857143
175835.34285714285
167147.57142857142
172558.77142857143
167476.84285714285
164989.37142857144
161892.54285714286
141092.9714285714
130599.11428571428
130210.74285714286
122811.91428571429
116615.84285714285
115523.57142857143
116367.22857142857
116583.45714285714
117457.47142857143
119662.5
113336.3
112047.61428571428
110184.32857142857
105323.61428571428
104548.8
101003.35714285714
98929.41428571429
96893.05714285714
94506.74285714286
92832.05714285714
92011.5
91432.6
91034.18571428572
90653.21428571429
93397.61428571428
92359.17142857143
91377.6
89667.31428571428
89054.18571428572
89513.88571428572
88598.0
89316.57142857143
91404.85714285714
93068.4857142857
93211.88571428572
93200.8
94200.85714285714
88663.42857142857
88908.42857142857
88874.88571428572
90457.57142857143
90467.11428571428
90702.97142857143
89888.54285714286
90023.17142857143
87224.57142857143
87514.85714285714
87359.45714285714
87348.25714285714
87169.14285714286
86268.88571428572
85056.71428571429
82297.42857142857
81954.25714285714
82071.4
82178.17142857143
81818.62857142858
83133.88571428572
83118.42857142857
84696.45714285714
85425.5142857143
87965.34285714285
89233.25714285714
90088.34285714285
91676.4857142857
91334.62857142858
90763.77142857143
88305.05714285714
91396.08571428571
91568.88571428572
90562.91428571429
92505.22857142857
90711.94285714286
91985.71428571429
89460.4857142857
89870.5142857143
87948.14285714286
83684.14285714286
80077.08571428571
77537.77142857143
77674.37142857142
77849.62857142858
76795.17142857143
76992.94285714286
76431.22857142857
76385.0
79811.2
79809.82857142857
80988.02857142857
80533.57142857143
82948.4857142857
81870.62857142858
82528.0
84194.4
83655.77142857143
82759.34285714285
80047.82857142857
80642.82857142857
75922.62857142858
73911.71428571429
71679.71428571429
70745.4
70913.77142857143
71526.45714285714
71072.65714285715
71444.11428571428
72893.6
73503.77142857143
71295.42857142857
72095.57142857143
70585.0
70965.77142857143
72009.4
72136.02857142857
71114.34285714285
70469.62857142858
70472.91428571429
70844.8
70192.28571428571
69982.42857142857
69763.05714285714
69165.54285714286
66350.25714285714
64901.57142857143
63757.171428571426
63507.28571428572
63568.142857142855
62210.08571428571
62206.4
61204.171428571426
60705.94285714286
60490.77142857143
61683.71428571428
60534.8
60973.94285714286
61777.114285714284
60980.42857142857
61595.45714285714
63129.68571428571
65156.25714285715
64392.485714285714
67545.08571428571
67506.5142857143
68097.37142857142
67072.6
68188.42857142857
66549.42857142857
63971.37142857143
63682.42857142857
61955.22857142857
61744.57142857143
61689.885714285716
58752.71428571428
57243.34285714286
57714.2
57649.22857142857
57914.77142857143
60246.22857142857
62393.857142857145
63813.05714285714
64327.54285714286
66706.02857142857
66528.2
68838.11428571428
67788.6
68883.82857142857
70140.85714285714
71214.91428571429
71644.25714285714
72584.4
74055.28571428571
73010.17142857143
72839.6
72698.28571428571
72564.22857142857
72867.82857142857
71930.71428571429
71249.31428571428
70971.82857142857
69317.82857142857
68765.25714285714
70248.05714285714
70998.45714285714
70627.91428571429
71789.34285714285
72385.02857142857
74199.74285714286
73371.85714285714
72649.54285714286
72311.11428571428
72952.62857142858
74230.8
74417.22857142857
73550.6
71573.34285714285
72150.28571428571
72039.22857142857
69795.4
69520.74285714286
66183.74285714286
65821.02857142857
62146.62857142857
61433.0
62916.828571428574
63807.05714285714
63812.0
64502.0
64726.77142857143
65872.25714285714
66697.11428571428
68657.97142857143
68822.0
67039.17142857143
68120.45714285714
69596.97142857143
69257.85714285714
69039.57142857143
69868.17142857143
70166.97142857143
71257.85714285714
71436.65714285715
71390.05714285714
70291.88571428572
70183.88571428572
68224.17142857143
67890.31428571428
67930.28571428571
68822.14285714286
68863.14285714286
68823.65714285715
66151.45714285714
65143.71428571428
65670.65714285715
67237.91428571429
68395.71428571429
67465.4
68845.0
68547.05714285714
68476.54285714286
68170.2
67927.74285714286
67103.45714285714
66734.31428571428
67222.6
69360.62857142858
71481.31428571428
70824.11428571428
68681.57142857143
69573.77142857143
68324.6
68808.37142857142
70165.25714285714
70213.54285714286
70005.5142857143
71970.25714285714
70639.74285714286
69525.34285714285
69142.62857142858
69614.05714285714
69977.45714285714
69328.4
69359.62857142858
68605.68571428572
65429.68571428571
65274.142857142855
65364.71428571428
63528.97142857143
63274.28571428572
63272.08571428571
64636.6
65232.08571428571
66277.91428571429
67586.25714285714
67054.71428571429
67003.74285714286
67116.2
66334.42857142857
65767.85714285714
65968.28571428571
65590.68571428572
64896.2
64705.4
65044.857142857145
70431.0
72680.68571428572
72267.8
72054.74285714286
72036.4857142857
71555.74285714286
71568.34285714285
71079.6
70355.2
70401.45714285714
74337.31428571428
74934.02857142857
74867.05714285714
75740.31428571428
74548.77142857143
74086.45714285714
74087.4
74128.61428571428
73684.3
73349.9857142857
73451.14285714286
74016.85714285714
73995.58571428571
73209.32857142857
74208.67142857143
74900.04285714286
74239.17142857143
73472.1
72720.55714285714
73904.72857142857
73655.24285714286
73901.45714285714
74849.92857142857
74324.4
74600.14285714286
73871.55714285714
74188.4
76297.41428571429
76680.05714285714
76461.22857142857
75609.54285714286
75400.4
75275.97142857143
76703.1
77274.72857142857
76942.52857142857
76842.67142857143
75901.75714285714
76026.95714285714
76343.34285714285
76435.15714285715
76453.07142857143
76437.61428571428
76312.18571428572
76153.9
76058.92857142857
76573.92857142857
76120.47142857143
75410.25714285714
75325.32857142857
76272.41428571429
75833.5142857143
75047.82857142857
74434.11428571428
73573.0
74101.18571428572
73411.2
73475.64285714286
73171.27142857143
72981.87142857142
74355.55714285714
72252.08571428571
71873.74285714286
72055.87142857142
72122.88571428572
71958.94285714286
70988.85714285714
71049.45714285714
70250.22857142857
69578.85714285714
68276.38571428572
66334.41428571429
66364.77142857143
65454.34285714286
65325.47142857143
64575.47142857143
63333.72857142857
63267.3
61869.87142857143
60888.15714285714
64136.47142857143
65163.671428571426
65898.81428571428
64533.5
62844.72857142857
63089.857142857145
62392.3
62322.1
62828.15714285714
63922.357142857145
65012.15714285714
66095.4
66594.25714285714
66763.37142857142
68552.14285714286
69860.71428571429
69679.72857142857
