423654.0
482220.0
417916.0
409382.0
398174.0
398174.0
398174.0
398174.0
398174.0
398174.0
311782.0
315452.0
315452.0
315452.0
315452.0
315452.0
315452.0
315452.0
315452.0
315452.0
315452.0
315452.0
293424.0
140950.0
140950.0
134844.0
133432.0
128286.0
128286.0
128286.0
128172.0
128172.0
128172.0
127316.0
127316.0
127316.0
127316.0
127316.0
127316.0
135922.0
152738.0
135922.0
135922.0
135042.0
135042.0
135042.0
137066.0
137066.0
137066.0
137066.0
137066.0
137066.0
137066.0
137066.0
137066.0
137066.0
137066.0
137066.0
137066.0
115590.0
115590.0
115590.0
115590.0
114298.0
114298.0
114298.0
114298.0
130576.0
115078.0
115078.0
115078.0
122340.0
115078.0
122914.0
122914.0
122914.0
122914.0
122914.0
122914.0
113046.0
113046.0
118262.0
118262.0
118262.0
118262.0
113356.0
113356.0
113356.0
113356.0
119216.0
113356.0
113356.0
113356.0
113356.0
113356.0
113356.0
133588.0
118058.0
123186.0
113356.0
113356.0
113356.0
113356.0
113356.0
113356.0
113356.0
113356.0
113356.0
113356.0
113356.0
113356.0
100056.0
100056.0
100056.0
100056.0
100056.0
100056.0
105284.0
100056.0
100056.0
92296.0
92296.0
92296.0
92296.0
90186.0
90186.0
90186.0
90186.0
90006.0
90006.0
90006.0
89876.0
91132.0
91132.0
91132.0
91132.0
91132.0
91364.0
91364.0
91364.0
91364.0
91364.0
91364.0
91364.0
91364.0
103448.0
91364.0
91364.0
91364.0
115472.0
92386.0
93574.0
93574.0
93574.0
93574.0
93574.0
93574.0
93574.0
93574.0
93574.0
93574.0
93574.0
93574.0
93574.0
93574.0
93574.0
93574.0
93574.0
101028.0
101028.0
93574.0
95962.0
93574.0
95436.0
93574.0
93574.0
93574.0
93574.0
93574.0
93574.0
89536.0
89536.0
89536.0
89536.0
89536.0
100956.0
90002.0
89536.0
89536.0
89536.0
89536.0
89536.0
89536.0
89536.0
89536.0
89536.0
89536.0
89536.0
89536.0
89536.0
89536.0
89536.0
89536.0
89536.0
89536.0
89536.0
89536.0
89536.0
89536.0
89536.0
86160.0
86160.0
86160.0
101088.0
86160.0
86160.0
86160.0
86160.0
86160.0
86160.0
86160.0
86160.0
86160.0
86160.0
86160.0
86160.0
86160.0
86160.0
86160.0
86160.0
86710.0
87898.0
87898.0
87898.0
87898.0
87898.0
87898.0
87898.0
87898.0
87898.0
87898.0
87898.0
87898.0
87898.0
87898.0
87898.0
87898.0
87898.0
87898.0
87898.0
93542.0
87898.0
87898.0
87898.0
86720.0
86720.0
86720.0
86720.0
86710.0
99580.0
99580.0
88458.0
88458.0
88458.0
88458.0
88458.0
88458.0
88458.0
87094.0
87094.0
87094.0
87094.0
87094.0
87094.0
87094.0
87094.0
87094.0
87094.0
87094.0
87094.0
87094.0
87094.0
87094.0
87094.0
87094.0
87094.0
87094.0
87094.0
87094.0
87094.0
87094.0
87094.0
87094.0
96854.0
87094.0
87094.0
87094.0
87094.0
87094.0
87094.0
87094.0
87094.0
87094.0
87204.0
87204.0
87094.0
87094.0
87094.0
87094.0
87094.0
87094.0
86894.0
86894.0
86894.0
86894.0
86894.0
86894.0
86894.0
86894.0
86894.0
86894.0
86894.0
86894.0
85228.0
85228.0
85228.0
85228.0
85228.0
85228.0
85228.0
85228.0
85228.0
85228.0
85228.0
85228.0
85228.0
86322.0
85228.0
85228.0
85228.0
85228.0
85228.0
85228.0
85228.0
85228.0
85228.0
85228.0
85228.0
85228.0
85228.0
85228.0
85228.0
85228.0
85228.0
85228.0
85228.0
85228.0
85228.0
85228.0
85228.0
85228.0
85228.0
85228.0
85228.0
85228.0
85228.0
85228.0
85228.0
85228.0
85228.0
85228.0
85228.0
85228.0
85228.0
85228.0
85228.0
85228.0
85228.0
85228.0
85228.0
85228.0
84248.0
84248.0
87370.0
84248.0
84248.0
84248.0
84592.0
92990.0
84248.0
84248.0
84248.0
84248.0
84248.0
84248.0
84248.0
84248.0
84248.0
84248.0
84248.0
