46.32879001514439
46.11923716129981
50.940726692555465
48.57717492984098
50.318143928869134
49.98648283319817
49.98648283319817
49.98648283319817
49.98648283319817
49.98648283319817
49.98648283319817
49.98648283319817
49.98648283319817
50.46921382744422
50.092610364683296
50.16118512997298
50.16118512997298
50.16118512997298
51.52572268495836
51.52572268495836
51.52572268495836
52.898943093663775
52.898943093663775
53.05513614827928
50.92394314196049
50.92394314196049
53.27186715582159
53.27186715582159
52.3258583052193
52.3258583052193
52.3258583052193
52.3258583052193
52.3258583052193
52.3258583052193
52.3258583052193
52.3258583052193
52.3258583052193
52.3258583052193
52.3258583052193
52.3258583052193
52.3258583052193
52.3258583052193
52.3258583052193
52.3258583052193
52.3258583052193
52.39364210923499
52.39364210923499
52.39364210923499
52.39364210923499
52.39364210923499
52.39364210923499
52.39364210923499
52.39364210923499
52.39364210923499
52.39364210923499
52.39364210923499
52.39364210923499
52.39364210923499
52.39364210923499
52.39364210923499
52.39364210923499
52.39364210923499
52.39364210923499
52.39364210923499
52.39364210923499
52.39364210923499
52.39364210923499
52.39364210923499
52.39364210923499
52.39364210923499
52.39364210923499
52.39364210923499
52.39364210923499
52.39364210923499
56.63854778430326
56.63854778430326
56.63854778430326
56.63854778430326
56.63854778430326
56.63854778430326
57.90282968499732
57.90282968499732
57.90282968499732
55.954261101425494
55.954261101425494
55.954261101425494
55.954261101425494
55.954261101425494
55.954261101425494
55.954261101425494
55.954261101425494
55.954261101425494
55.954261101425494
55.49730914889376
53.688280785246874
53.688280785246874
55.954261101425494
55.954261101425494
55.954261101425494
55.60817969908878
55.60817969908878
55.60817969908878
55.60817969908878
55.60817969908878
55.60817969908878
55.60817969908878
55.60817969908878
55.60817969908878
55.60817969908878
55.60817969908878
55.60817969908878
55.60817969908878
55.60817969908878
55.60817969908878
55.60817969908878
55.60817969908878
55.60817969908878
55.60817969908878
55.60817969908878
55.60817969908878
55.60817969908878
55.60817969908878
55.60817969908878
55.60817969908878
55.60817969908878
55.60817969908878
55.60817969908878
55.60817969908878
55.60817969908878
55.60817969908878
55.60817969908878
55.60817969908878
55.60817969908878
55.60817969908878
55.60817969908878
55.60817969908878
55.60817969908878
55.60817969908878
55.60817969908878
55.60817969908878
55.60817969908878
55.60817969908878
55.60817969908878
55.60817969908878
55.60817969908878
55.60817969908878
55.60817969908878
55.60817969908878
55.60817969908878
55.60817969908878
55.60817969908878
55.60817969908878
55.60817969908878
55.60817969908878
55.60817969908878
55.60817969908878
55.60817969908878
55.60817969908878
55.60817969908878
56.081600473046215
56.081600473046215
56.081600473046215
56.081600473046215
56.081600473046215
56.081600473046215
56.081600473046215
56.081600473046215
56.081600473046215
56.081600473046215
56.081600473046215
56.081600473046215
56.081600473046215
53.51766819724496
53.51766819724496
53.51766819724496
53.51766819724496
53.51766819724496
53.51766819724496
53.51766819724496
53.51766819724496
53.51766819724496
55.703618005889766
55.703618005889766
55.703618005889766
53.16142599639494
53.16142599639494
55.703618005889766
55.703618005889766
55.87083753784056
55.87083753784056
55.87083753784056
55.87083753784056
56.39295878570675
56.69765382912793
56.652303612860464
56.652303612860464
56.652303612860464
56.652303612860464
54.530861640430814
54.530861640430814
54.530861640430814
54.530861640430814
54.530861640430814
54.530861640430814
54.530861640430814
54.530861640430814
54.530861640430814
54.530861640430814
54.530861640430814
54.530861640430814
54.530861640430814
54.530861640430814
54.530861640430814
54.530861640430814
54.530861640430814
54.530861640430814
54.530861640430814
54.530861640430814
54.530861640430814
54.530861640430814
56.652303612860464
56.652303612860464
56.652303612860464
56.652303612860464
56.652303612860464
56.652303612860464
56.652303612860464
56.652303612860464
56.652303612860464
56.652303612860464
56.652303612860464
56.652303612860464
56.652303612860464
56.652303612860464
56.652303612860464
56.69765382912793
57.72960638904734
57.72960638904734
57.72960638904734
57.72960638904734
57.72960638904734
57.72960638904734
57.72960638904734
57.72960638904734
57.72960638904734
57.72960638904734
57.72960638904734
58.4789906239148
58.4789906239148
58.4789906239148
58.4789906239148
58.4789906239148
58.4789906239148
58.4789906239148
58.4789906239148
58.4789906239148
58.4789906239148
58.4789906239148
58.4789906239148
58.4789906239148
58.4789906239148
58.4789906239148
58.4789906239148
58.4789906239148
58.4789906239148
58.4789906239148
58.4789906239148
58.4789906239148
58.4789906239148
58.4789906239148
58.4789906239148
58.4789906239148
58.4789906239148
58.4789906239148
58.4789906239148
58.4789906239148
58.4789906239148
58.4789906239148
58.4789906239148
58.4789906239148
58.4789906239148
58.4789906239148
58.4789906239148
58.4789906239148
58.4789906239148
58.4789906239148
58.4789906239148
58.4789906239148
58.4789906239148
58.4789906239148
58.4789906239148
58.4789906239148
58.4789906239148
58.4789906239148
58.4789906239148
58.4789906239148
58.4789906239148
58.4789906239148
58.4789906239148
58.4789906239148
58.4789906239148
58.4789906239148
58.4789906239148
58.4789906239148
57.87014428412874
58.4789906239148
58.4789906239148
58.4789906239148
58.4789906239148
58.4789906239148
58.4789906239148
58.4789906239148
58.4789906239148
58.4789906239148
58.4789906239148
58.4789906239148
58.4789906239148
58.4789906239148
58.4789906239148
58.4789906239148
58.4789906239148
58.4789906239148
58.4789906239148
58.4789906239148
58.4789906239148
58.4789906239148
58.4789906239148
58.4789906239148
58.4789906239148
58.4789906239148
58.4789906239148
58.4789906239148
58.4789906239148
58.4789906239148
58.4789906239148
58.4789906239148
58.4789906239148
58.4789906239148
58.4789906239148
58.4789906239148
58.4789906239148
58.4789906239148
58.4789906239148
58.4789906239148
58.4789906239148
58.4789906239148
58.4789906239148
58.4789906239148
58.4789906239148
58.07769145394006
58.07769145394006
58.07769145394006
58.07769145394006
58.07769145394006
58.07769145394006
58.07769145394006
58.07769145394006
58.07769145394006
58.07769145394006
57.21975582685904
57.21975582685904
57.21975582685904
57.21975582685904
57.21975582685904
57.21975582685904
57.21975582685904
57.21975582685904
57.21975582685904
57.21975582685904
57.21975582685904
57.21975582685904
57.21975582685904
57.21975582685904
57.21975582685904
57.21975582685904
57.21975582685904
57.21975582685904
57.21975582685904
57.21975582685904
57.21975582685904
57.21975582685904
57.21975582685904
57.21975582685904
57.21975582685904
57.21975582685904
57.21975582685904
57.21975582685904
57.21975582685904
57.21975582685904
57.21975582685904
57.21975582685904
57.21975582685904
57.21975582685904
57.21975582685904
57.21975582685904
57.21975582685904
57.21975582685904
57.21975582685904
57.21975582685904
57.21975582685904
57.21975582685904
