224187.16666666666
203486.83333333334
197501.78333333333
191131.13333333333
142820.76666666666
141174.53333333333
105762.2
106423.1
106091.61666666667
97895.35
96686.15
97834.05
97172.11666666667
96702.51666666666
95187.68333333333
93331.46666666666
88081.1
88664.8
88865.05
87470.01666666666
84181.61666666667
83564.13333333333
81339.81666666667
79958.73333333334
80168.21666666666
79941.08333333333
81744.68333333333
80221.23333333334
81395.5
81214.46666666666
80700.03333333334
78541.03333333334
79486.96666666666
80615.2
78373.6
75067.41666666667
74646.68333333333
76608.18333333333
78875.65
79330.03333333334
78733.7
79180.66666666667
79073.48333333334
78158.18333333333
76877.36666666667
78567.01666666666
80487.15
76107.13333333333
75999.73333333334
75999.73333333334
79800.25
80612.48333333334
79897.21666666666
80389.35
79829.11666666667
79829.11666666667
79230.88333333333
82288.28333333334
82710.05
83739.55
83239.83333333333
81598.83333333333
79688.31666666667
79688.31666666667
79001.85
76099.08333333333
75240.58333333333
75240.58333333333
75240.58333333333
76228.45
74355.15
74165.85
74082.41666666667
74082.41666666667
75953.0
77152.63333333333
75534.4
76390.06666666667
74477.03333333334
70398.03333333334
71124.46666666666
67376.3
67866.03333333334
66732.63333333333
66481.9
64752.05
65570.8
65017.96666666667
66394.53333333334
66032.8
64534.333333333336
64534.333333333336
65526.63333333333
64735.23333333333
62051.933333333334
61262.7
60747.933333333334
60747.933333333334
60747.933333333334
58301.5
59067.03333333333
57229.0
57816.9
57816.9
58775.5
58186.166666666664
58186.166666666664
58186.166666666664
58186.166666666664
57106.03333333333
58376.38333333333
56825.21666666667
56964.38333333333
55909.03333333333
55909.03333333333
55909.03333333333
55795.46666666667
55795.46666666667
55669.7
57546.9
56192.6
55518.0
55157.53333333333
55161.6
52829.083333333336
52829.083333333336
52829.083333333336
52829.083333333336
52829.083333333336
52670.683333333334
54052.86666666667
54052.86666666667
54052.86666666667
54052.86666666667
54016.2
56080.833333333336
54997.9
54018.15
54117.45
54066.15
54415.96666666667
55136.4
56393.23333333333
56393.23333333333
55401.76666666667
57080.13333333333
56995.7
56869.333333333336
56869.333333333336
55536.6
56591.8
56549.433333333334
56549.433333333334
55765.96666666667
55765.96666666667
55765.96666666667
54290.7
55388.13333333333
54111.75
55420.55
55206.45
55206.45
54999.28333333333
54999.28333333333
54999.28333333333
54999.28333333333
54706.05
54706.05
54706.05
54593.35
54593.35
54115.416666666664
52765.21666666667
49069.35
49014.35
49312.683333333334
49742.683333333334
49742.683333333334
49742.683333333334
49839.75
50470.666666666664
51724.666666666664
51724.666666666664
50481.8
49902.0
49694.933333333334
49557.53333333333
49557.53333333333
49508.53333333333
49508.53333333333
48851.23333333333
48851.23333333333
48794.76666666667
48413.833333333336
47050.63333333333
46983.5
46983.5
46983.5
46849.0
46849.0
47181.96666666667
47725.26666666667
47725.26666666667
47725.26666666667
47725.26666666667
47725.26666666667
47725.26666666667
47590.433333333334
47569.46666666667
47362.23333333333
46273.53333333333
45083.066666666666
45083.066666666666
44921.2
45438.2
44868.7
46098.86666666667
46153.63333333333
46153.63333333333
46098.86666666667
46062.13333333333
46681.96666666667
46609.933333333334
46138.23333333333
46138.23333333333
46240.6
46232.96666666667
45749.333333333336
45644.76666666667
45593.333333333336
46687.166666666664
48257.1
47838.86666666667
48716.5
48653.01666666667
48691.083333333336
48539.5
48539.5
47109.53333333333
46829.433333333334
46813.61666666667
46813.61666666667
46406.35
46406.35
46399.583333333336
46399.583333333336
46399.583333333336
45844.01666666667
45844.01666666667
45590.61666666667
45563.11666666667
45089.61666666667
45089.61666666667
45615.916666666664
45899.28333333333
45899.28333333333
45891.75
45891.75
45891.75
45891.75
45756.28333333333
46135.01666666667
46135.01666666667
46133.816666666666
46133.816666666666
46200.816666666666
48326.316666666666
48270.88333333333
48270.88333333333
48270.88333333333
48270.88333333333
48270.88333333333
48270.88333333333
48270.88333333333
47638.75
48747.01666666667
48747.01666666667
48659.55
48622.933333333334
48622.933333333334
48750.333333333336
48750.333333333336
48750.333333333336
47916.4
47916.4
47916.4
47916.4
48257.46666666667
48257.46666666667
48230.2
48230.2
49087.53333333333
49087.53333333333
49087.53333333333
49087.53333333333
49015.23333333333
49015.23333333333
49015.23333333333
47914.083333333336
47895.61666666667
47876.35
47876.35
47876.35
47961.75
47331.11666666667
48781.15
48781.15
48781.15
48781.15
48781.15
49779.916666666664
49779.916666666664
49014.683333333334
48639.433333333334
48639.433333333334
48639.433333333334
47397.6
47170.166666666664
47163.3
47163.3
47163.3
47163.3
47163.3
47163.3
46574.066666666666
46574.066666666666
46549.933333333334
46549.933333333334
46549.933333333334
46467.566666666666
46417.0
46417.0
46417.0
46508.73333333333
46508.73333333333
46508.73333333333
45752.96666666667
45752.96666666667
45752.96666666667
45752.96666666667
45752.96666666667
45752.96666666667
45752.96666666667
45604.53333333333
45604.53333333333
45313.96666666667
45274.2
45274.2
46080.0
45441.73333333333
45441.73333333333
45429.666666666664
45429.666666666664
46006.46666666667
45932.9
45932.9
45203.666666666664
45203.666666666664
45203.666666666664
46448.7
46226.933333333334
46226.933333333334
46226.933333333334
46226.933333333334
46212.333333333336
46212.333333333336
45656.4
45656.4
45610.6
45561.4
46234.46666666667
47186.36666666667
47186.36666666667
46297.03333333333
46297.03333333333
46462.5
46462.5
46333.833333333336
47726.566666666666
48246.166666666664
48246.166666666664
48364.95
48364.95
48364.95
48364.95
48364.95
48364.95
48364.95
48364.95
49007.25
48503.28333333333
48293.083333333336
45812.566666666666
45812.566666666666
43197.333333333336
44071.73333333333
44260.833333333336
44260.833333333336
44260.833333333336
45405.36666666667
45405.36666666667
