275330.7357142857
225217.2857142857
211914.37142857144
210689.17857142858
190495.8142857143
144806.47857142857
143618.12142857144
129454.50714285714
126823.05
129323.42142857143
135280.72857142857
126741.50714285714
128973.07142857143
122289.06428571428
126550.1
116074.95714285714
122810.92142857143
114322.79285714286
112602.37857142858
116426.61428571428
111196.24285714286
112624.86428571428
107886.30714285714
113368.55714285714
105882.19285714286
114256.79285714286
109483.61428571428
110432.95
100902.97142857143
114504.85
106843.19285714286
103604.43571428572
108719.77142857143
104331.78571428571
116982.87857142858
109345.95714285714
105118.94285714286
112871.29285714286
101290.45714285714
117527.39285714286
105133.85714285714
107674.35714285714
105500.62142857142
123585.25
112679.5
103997.17142857143
107027.77142857143
117790.62142857142
110442.04285714286
110544.02142857143
111896.7642857143
112235.8
123434.53571428571
111397.34285714285
121788.85
112224.02142857143
119473.66428571429
110032.83571428571
118022.59285714285
109732.57142857143
118143.64285714286
113193.59285714285
107067.55714285714
119246.02142857143
108097.33571428571
111761.27142857143
106036.22857142857
108127.15
103075.47857142857
104403.7
105430.60714285714
108363.40714285715
101520.44285714286
113660.07857142857
101744.90714285715
108913.22857142857
111466.92142857143
98788.96428571429
106926.13571428572
106138.87142857142
96427.65
104584.3
102216.90714285715
99435.75714285714
97123.45714285714
104238.67857142857
96933.43571428572
105846.04285714286
94228.2642857143
107432.44285714286
109498.65714285715
99754.67142857143
102619.03571428571
105744.04285714286
99076.52857142857
98652.11428571428
90562.63571428572
103310.75714285714
99447.35
101730.15714285715
94959.42142857143
99799.89285714286
103546.96428571429
102486.39285714286
95382.00714285714
93948.03571428571
97783.15
100608.6
98168.62142857142
104086.97857142857
99089.68571428572
97732.34285714285
98918.97142857143
104114.47142857143
103705.67142857143
103530.5
83488.27142857143
95239.03571428571
99403.69285714286
98903.55
100264.65
98947.53571428571
100138.92857142857
101206.09285714285
92971.24285714286
101307.27142857143
97830.3
98839.02857142857
101114.60714285714
96609.75
91441.14285714286
91016.42142857143
91089.30714285714
92461.49285714286
93546.43571428572
100624.07857142857
102564.45
96804.07857142857
93763.47857142857
109782.91428571429
103530.86428571428
93879.02857142857
95327.75
102425.65714285715
106068.0142857143
95386.24285714286
92637.28571428571
97297.37142857142
104649.09285714285
97041.70714285714
105838.40714285715
101020.36428571428
93675.11428571428
90505.7357142857
108485.81428571428
96714.52142857143
98315.10714285714
87408.03571428571
94681.32142857143
92379.46428571429
91364.94285714286
98174.95714285714
91582.89285714286
88751.12857142858
103584.83571428571
93125.0142857143
87881.92857142857
96678.68571428572
93071.99285714286
99054.43571428572
96578.82857142857
99804.0
103621.20714285714
95714.39285714286
89438.60714285714
99479.09285714285
97787.47142857143
93531.40714285715
103696.8
93621.28571428571
89166.18571428572
91193.10714285714
93321.50714285714
90579.4
88656.17857142857
86369.35
86554.54285714286
89072.41428571429
92495.80714285714
102670.63571428572
82897.09285714285
91090.78571428571
92199.50714285714
91401.72142857143
94764.02142857143
84435.29285714286
87101.64285714286
90091.86428571428
87982.69285714286
91281.08571428571
84782.47857142857
98807.12857142858
97161.8
84558.29285714286
93619.5
92921.92142857143
95316.95714285714
91818.45714285714
89993.17142857143
92406.89285714286
91167.54285714286
91799.45
83677.55
89003.2357142857
86097.14285714286
86599.47142857143
90317.10714285714
84839.37857142858
89060.72142857143
87657.18571428572
90603.78571428571
95889.75
83490.46428571429
94703.55714285714
97676.95
95519.9
86369.15714285715
79507.90714285715
90400.2
84176.34285714285
83114.2
90027.94285714286
87256.45714285714
88616.34285714285
86959.72857142857
84948.97857142857
84885.85
87477.62857142858
90903.80714285714
94541.93571428572
95165.67142857143
85490.86428571428
95836.39285714286
90856.05714285714
88567.53571428571
98406.50714285714
90985.85
90397.87857142858
94913.7357142857
89879.49285714286
93520.72857142857
90232.5
87784.99285714286
95828.7
93006.15
88932.34285714285
94230.6
95726.34285714285
91267.97142857143
85971.50714285714
94404.43571428572
98646.39285714286
83966.79285714286
101564.59285714285
76818.7
85883.30714285714
92772.29285714286
109077.97857142857
92892.94285714286
106916.74285714286
96191.24285714286
88529.02857142857
93546.06428571428
87543.20714285714
98790.31428571428
104771.27857142857
107141.9
98044.3
97238.94285714286
95220.43571428572
95032.21428571429
83140.3
90062.34285714285
87830.41428571429
92469.27142857143
92103.83571428571
82221.72857142857
86055.2
92064.85
91491.44285714286
88860.62857142858
92699.92142857143
84120.03571428571
90380.8
91098.6
89855.95714285714
92663.69285714286
91706.35
96099.68571428572
99644.72857142857
90687.06428571428
93227.47857142857
94557.90714285715
89647.79285714286
91014.14285714286
100335.47857142857
88477.92142857143
87284.14285714286
99196.14285714286
84315.34285714285
84959.27857142857
92622.18571428572
94220.35714285714
98809.87142857142
100018.9857142857
97050.60714285714
94180.32857142857
85881.28571428571
92317.27857142857
94678.20714285714
90529.65
95523.1
87268.18571428572
101289.25
92587.96428571429
93825.2357142857
89105.71428571429
99679.46428571429
90741.37857142858
81291.00714285714
86535.19285714286
94729.82857142857
89245.2357142857
100412.64285714286
85358.65714285715
88909.88571428572
86453.2
91870.80714285714
92982.90714285715
88830.8
90288.32857142857
94747.19285714286
91663.2
94269.52857142857
95029.29285714286
85944.87142857142
88067.82142857143
85079.81428571428
81108.82857142857
88912.0
90392.03571428571
82770.66428571429
92672.12142857142
88250.9857142857
85340.97857142857
93782.35714285714
92700.29285714286
92158.71428571429
85889.87142857142
91980.91428571429
80118.47857142857
98113.93571428572
86115.71428571429
83522.21428571429
91586.91428571429
86238.0142857143
95591.95714285714
91846.80714285714
78731.11428571428
91610.62857142858
84644.95
80918.14285714286
95533.2642857143
87075.92142857143
86004.09285714285
88323.99285714286
86285.34285714285
84672.81428571428
86186.18571428572
87244.72142857143
87206.02857142857
89259.7357142857
81042.6
88392.95714285714
96287.87857142858
84531.79285714286
88150.78571428571
89247.64285714286
89561.19285714286
99493.97142857143
87528.55
93330.54285714286
93606.25
82506.80714285714
89847.66428571429
83760.77142857143
82738.62142857142
80282.45
84876.47142857143
85833.62857142858
84872.60714285714
