68.7705630392948
71.06661045531197
74.30678217960579
74.30678217960579
74.42011988532708
74.42011988532708
75.89006870705809
75.89006870705809
75.89006870705809
75.89006870705809
75.89006870705809
75.89006870705809
75.89006870705809
75.89006870705809
75.89006870705809
75.89006870705809
75.89006870705809
75.89006870705809
75.89006870705809
76.13252197430695
76.13252197430695
76.13252197430695
76.13252197430695
76.13252197430695
76.13252197430695
76.13252197430695
76.13252197430695
76.13252197430695
76.13252197430695
76.53250486877492
76.53250486877492
76.53250486877492
76.53250486877492
76.53250486877492
76.53250486877492
76.53250486877492
76.53250486877492
76.53250486877492
76.53250486877492
76.53250486877492
76.53250486877492
76.53250486877492
76.53250486877492
76.53250486877492
76.53250486877492
76.53250486877492
76.53250486877492
76.53250486877492
76.53250486877492
76.53250486877492
77.40592895160292
77.40592895160292
77.40592895160292
77.40592895160292
77.40592895160292
77.40592895160292
77.40592895160292
77.40592895160292
77.40592895160292
77.40592895160292
77.40592895160292
77.40592895160292
77.40592895160292
77.40592895160292
77.40592895160292
78.8941146013117
78.8941146013117
78.8941146013117
78.8941146013117
78.8941146013117
78.8941146013117
78.8941146013117
78.8941146013117
78.8941146013117
78.8941146013117
78.8941146013117
78.8941146013117
78.8941146013117
78.8941146013117
78.8941146013117
78.8941146013117
78.8941146013117
78.8941146013117
78.8941146013117
78.8941146013117
78.8941146013117
78.8941146013117
78.8941146013117
78.8941146013117
78.8941146013117
78.8941146013117
78.8941146013117
78.8941146013117
78.8941146013117
78.8941146013117
78.8941146013117
78.8941146013117
78.8941146013117
78.8941146013117
78.8941146013117
78.8941146013117
78.8941146013117
78.8941146013117
78.8941146013117
78.8941146013117
78.8941146013117
78.8941146013117
78.8941146013117
78.8941146013117
78.8941146013117
78.8941146013117
78.8941146013117
78.8941146013117
79.34419762078174
79.34419762078174
79.34419762078174
79.34419762078174
79.34419762078174
79.34419762078174
79.34419762078174
79.34419762078174
79.34419762078174
79.34419762078174
79.34419762078174
79.34419762078174
79.34419762078174
79.34419762078174
79.34419762078174
79.34419762078174
79.34419762078174
79.34419762078174
79.34419762078174
79.34419762078174
79.34419762078174
79.34419762078174
79.34419762078174
79.34419762078174
79.34419762078174
79.34419762078174
79.34419762078174
79.34419762078174
79.34419762078174
79.34419762078174
79.34419762078174
79.34419762078174
79.34419762078174
79.34419762078174
79.34419762078174
79.34419762078174
79.34419762078174
79.34419762078174
79.34419762078174
79.34419762078174
79.34419762078174
79.34419762078174
79.34419762078174
79.34419762078174
79.34419762078174
79.34419762078174
79.34419762078174
79.34419762078174
79.34419762078174
79.34419762078174
79.34419762078174
79.34419762078174
79.34419762078174
79.34419762078174
79.34419762078174
79.34419762078174
79.34419762078174
79.34419762078174
79.34419762078174
79.34419762078174
79.34419762078174
79.34419762078174
79.34419762078174
79.34419762078174
79.34419762078174
79.34419762078174
79.34419762078174
79.34419762078174
79.34419762078174
79.34419762078174
79.34419762078174
79.34419762078174
79.34419762078174
79.34419762078174
79.34419762078174
79.34419762078174
79.34419762078174
79.34419762078174
79.34419762078174
79.34419762078174
79.34419762078174
79.34419762078174
79.34419762078174
79.34419762078174
79.34419762078174
79.34419762078174
79.34419762078174
79.34419762078174
79.34419762078174
79.34419762078174
79.34419762078174
79.34419762078174
79.34419762078174
79.34419762078174
79.34419762078174
79.34419762078174
79.34419762078174
79.34419762078174
79.34419762078174
79.34419762078174
79.34419762078174
79.34419762078174
79.34419762078174
79.34419762078174
79.34419762078174
79.34419762078174
79.34419762078174
79.34419762078174
79.34419762078174
79.34419762078174
79.34419762078174
79.34419762078174
79.34419762078174
79.34419762078174
79.34419762078174
79.34419762078174
79.34419762078174
79.34419762078174
79.34419762078174
79.34419762078174
79.34419762078174
79.34419762078174
79.34419762078174
79.34419762078174
79.34419762078174
79.34419762078174
79.34419762078174
79.34419762078174
79.34419762078174
79.34419762078174
79.34419762078174
79.34419762078174
79.34419762078174
79.34419762078174
79.34419762078174
79.34419762078174
79.34419762078174
79.34419762078174
79.34419762078174
79.34419762078174
79.34419762078174
79.34419762078174
79.34419762078174
79.34419762078174
79.34419762078174
79.34419762078174
79.34419762078174
79.34419762078174
79.34419762078174
79.34419762078174
79.34419762078174
79.34419762078174
79.34419762078174
79.46666666666667
79.46666666666667
79.46666666666667
79.46666666666667
79.46666666666667
79.46666666666667
79.46666666666667
79.46666666666667
79.46666666666667
79.46666666666667
79.46666666666667
79.46666666666667
79.46666666666667
79.46666666666667
79.46666666666667
79.46666666666667
79.46666666666667
79.46666666666667
79.46666666666667
79.46666666666667
79.46666666666667
79.46666666666667
79.46666666666667
79.46666666666667
79.46666666666667
79.46666666666667
79.46666666666667
79.46666666666667
79.46666666666667
79.46666666666667
79.46666666666667
79.46666666666667
79.46666666666667
79.46666666666667
79.46666666666667
79.46666666666667
79.46666666666667
79.46666666666667
79.46666666666667
79.46666666666667
79.46666666666667
79.46666666666667
79.46666666666667
79.46666666666667
79.46666666666667
79.46666666666667
79.46666666666667
79.46666666666667
79.46666666666667
79.46666666666667
79.46666666666667
79.46666666666667
79.46666666666667
79.46666666666667
79.46666666666667
79.46666666666667
79.46666666666667
79.46666666666667
79.46666666666667
79.46666666666667
79.46666666666667
79.46666666666667
79.46666666666667
79.46666666666667
79.46666666666667
79.46666666666667
79.46666666666667
79.46666666666667
79.46666666666667
79.46666666666667
79.46666666666667
79.46666666666667
79.46666666666667
79.46666666666667
79.46666666666667
79.46666666666667
79.46666666666667
79.46666666666667
79.46666666666667
79.46666666666667
79.46666666666667
79.46666666666667
79.46666666666667
79.46666666666667
79.46666666666667
79.46666666666667
79.46666666666667
79.46666666666667
79.46666666666667
79.46666666666667
79.46666666666667
79.46666666666667
79.46666666666667
79.46666666666667
79.46666666666667
79.46666666666667
79.46666666666667
79.46666666666667
79.46666666666667
79.46666666666667
79.46666666666667
79.46666666666667
79.46666666666667
79.46666666666667
79.46666666666667
79.46666666666667
79.46666666666667
79.46666666666667
79.46666666666667
79.46666666666667
79.46666666666667
79.46666666666667
79.46666666666667
79.46666666666667
79.46666666666667
79.46666666666667
79.46666666666667
79.46666666666667
79.46666666666667
79.46666666666667
79.46666666666667
79.46666666666667
79.46666666666667
79.46666666666667
79.46666666666667
81.30453958353023
81.30453958353023
81.30453958353023
81.30453958353023
81.30453958353023
81.30453958353023
81.30453958353023
81.30453958353023
81.30453958353023
81.30453958353023
