58.202740317922576
61.44891189072502
63.1958242169267
64.10960411698463
63.13028290214721
63.79563460749776
61.27933956425362
62.31400709421913
63.4757949877517
62.513758940781365
62.94113894634488
63.91717198084094
63.94618488995726
64.35654840391172
64.33622310895298
64.75628364840192
63.537651016872175
64.20696338946986
64.79650232033462
64.45212356039802
64.01538373050079
64.30665163348016
63.745584719448274
63.832509897593695
64.4034941001273
64.60814438647509
65.40609743420502
65.21534526818532
65.83615789338255
65.96057929650867
66.04262948940838
65.77385223342782
66.12227406173844
66.32944616641512
65.88289677560292
65.39148288645652
65.35763971388745
65.78030252239006
66.35298872318391
66.46490250740308
66.43796366613248
66.56627191377565
66.66398012577226
66.4871885547598
66.35996333784477
67.08480226181742
67.4639769114886
66.50550304603833
66.6790191117469
66.6790191117469
67.39818477461989
67.86147810545269
67.86059060387448
68.11916409423233
68.13551187291252
68.13551187291253
68.09609110335794
69.0079738907824
69.25227512713818
69.49479043248623
69.52871838390553
69.13643885444603
68.9526653041093
68.9526653041093
68.77755917511546
68.52542803617686
68.57221111323013
68.57221111323013
68.57221111323013
68.93817940068604
68.64709678754971
68.70608896914669
68.75164784640747
68.75164784640747
69.45046207247745
69.50752791373365
69.27256622546757
69.60825230379176
69.32816909408204
68.7644793943771
69.01057680292898
68.54805552946608
68.58427896730144
68.34596117343702
68.34942884783963
68.16977726755196
68.42331615340053
68.34076152386889
68.65127201719572
68.6483153000395
68.33513117271387
68.33513117271387
68.60936725377637
68.35631689389918
67.69263928774222
67.84120404119365
67.90217854994326
67.90217854994326
67.90217854994326
67.34841448982783
67.57584868155377
67.21192966564196
67.37260003541671
67.37260003541671
67.86985585389418
67.69377510500036
67.69377510500036
67.69377510500036
67.69377510500036
67.43878054422407
67.7547192115491
67.48263511996996
67.59976417732913
67.37963025089726
67.37963025089726
67.37963025089726
67.3857465463748
67.3857465463748
67.39175203083828
67.91680294619019
67.60855498157596
67.49722952617078
67.42980498462286
67.32155600827487
66.75225154138406
66.75225154138406
66.76319346642727
66.76319346642727
66.76319346642727
66.76844173113786
67.09146595634908
67.09146595634908
67.09146595634908
67.09146595634908
67.17920999168659
67.70066944289643
67.46556922213247
67.29436255427781
67.40867479337787
67.4122268768506
67.6184655904686
67.80908552395479
68.16428790761188
68.1642879076119
67.97369286432532
68.47287256053492
68.4843608714086
68.50024969185756
68.50024969185755
68.21887686574024
68.42115800274873
68.43891843115006
68.43891843115006
68.33534429616944
68.33534429616944
68.33534429616945
67.81268791645746
68.11395283047051
67.81311193806268
68.19541489147049
68.19639717320143
68.19639717320143
68.26223722522867
68.26223722522866
68.26223722522867
68.26223722522867
68.23501865247337
68.23501865247336
68.23501865247337
68.24589154866793
68.24589154866793
68.14630417563392
67.7514692097349
67.05962756194633
67.02565998137536
67.05055402965249
67.15404923738762
67.15404923738764
67.15404923738762
67.14183124006954
67.31310206520001
67.6882381742562
67.6882381742562
67.39791272470457
67.10262517881144
67.11409526362698
67.20887497271418
67.20887497271417
67.24914372676977
67.24914372676976
67.0480988647408
67.0480988647408
67.06187913626223
67.05021263159293
66.73245385813607
66.7486297289997
66.7486297289997
66.7486297289997
66.68771902256543
66.68771902256543
66.82458421379351
66.85658497141365
66.85658497141365
66.85658497141365
66.85658497141365
66.85658497141365
66.85658497141365
66.78382453414724
66.82759228657687
66.75950395022586
66.6243188103239
66.34256289555935
66.34256289555935
66.38517064423915
66.57939511200793
66.36987409539013
66.70494446758508
66.73160115116306
66.73160115116306
66.75441042373807
66.83049944842024
67.07880428774862
67.09867163697308
66.92155296412595
66.92155296412595
67.01887745148505
67.02554379006187
66.92566699370917
66.94401213253256
66.95439106053011
67.24146143974114
67.60378323819613
67.48002095754927
67.69825353526431
67.70122831093228
67.74703208268967
67.7747194000379
67.7747194000379
67.47290528829858
67.39815386662089
67.44984645924437
67.44984645924437
67.43925072122782
67.43925072122782
67.43950925083352
67.43950925083352
67.43950925083352
67.34112244468379
67.34112244468379
67.32327967988178
67.31664047341819
67.22019676163872
67.22019676163872
67.41413396765489
67.56270866895458
67.56270866895458
67.57966731025702
67.57966731025702
67.57966731025702
67.57966731025702
67.58819603094098
67.748972556861
67.748972556861
67.77353349908927
67.78333627880819
67.79944743041956
68.13895515617467
68.13967818478687
68.13967818478687
68.13967818478687
68.13967818478687
68.13967818478687
68.13967818478687
68.13967818478687
68.06284004464013
68.30688889182528
68.30688889182528
68.31148630384736
68.34339522943168
68.34339522943168
68.44185503265514
68.44185503265516
68.44185503265514
68.26037196610314
68.26037196610314
68.26037196610314
68.26037196610315
68.44379529309785
68.44379529309784
68.47394954451379
68.47394954451379
68.67715792473902
68.67715792473903
68.67715792473903
68.67715792473903
68.70334142590872
68.7033414259087
68.70334142590872
68.41527191083657
68.47175911410595
68.48217775211461
68.4821777521146
68.4821777521146
68.5726750768138
68.36247113110728
68.71876335847368
68.71876335847368
68.71876335847365
68.71876335847368
68.71876335847365
68.94773682165781
68.94773682165781
68.87367559650043
68.84338117221361
68.84338117221363
68.84338117221363
68.58942169740708
68.38225806381669
68.39412766253135
68.39412766253135
68.39412766253135
68.39412766253135
68.39412766253135
68.39412766253135
68.34966521552272
68.34966521552272
68.35330775111984
68.35330775111986
68.35330775111986
68.34435337584112
68.44620482095691
68.44620482095691
68.44620482095691
68.47567946858447
68.47567946858447
68.47567946858447
68.35824396261039
68.35824396261039
68.35824396261039
68.35824396261039
68.35824396261039
68.35824396261039
68.35824396261039
68.3734089305005
68.37340893050052
68.36909614299238
68.39089942632096
68.39089942632096
68.64009113643701
68.44500769688639
68.44500769688638
68.44618057983266
68.44618057983266
68.67635844983738
68.72274476785
68.72274476785002
68.50164856823362
68.50164856823362
68.50164856823362
68.74496819875635
68.74730833074221
68.74730833074221
68.7473083307422
68.74730833074221
68.7281618616415
68.7281618616415
68.65567249095473
68.65567249095471
68.65879116903001
68.69849498102914
68.7923370004923
68.97888602182745
68.97888602182744
68.76537550162006
68.76537550162003
68.81986827797104
68.81986827797103
68.85301328391046
69.16211339073442
69.33680911823294
69.33680911823294
69.34614581104515
69.34614581104515
69.34614581104515
69.34614581104516
69.34614581104515
69.34614581104515
69.34614581104515
69.34614581104513
69.5020314969278
69.36282301126035
69.40249984620945
68.95633220052311
68.9563322005231
68.51547662098922
68.65344374133282
68.66065697145244
68.66065697145245
68.66065697145245
68.84405269934003
68.84405269934003
