566039.0
450879.0
440175.0
426967.0
394208.0
353990.0
225030.0
193003.0
193003.0
193003.0
186998.0
186998.0
171956.0
161401.0
161401.0
161401.0
161401.0
161401.0
161401.0
161401.0
161401.0
161401.0
161401.0
161240.0
161240.0
161240.0
159593.0
159593.0
159593.0
159593.0
159593.0
159593.0
159593.0
159593.0
159593.0
133823.0
133823.0
133823.0
133823.0
133823.0
133823.0
133073.0
78916.0
78916.0
78916.0
78916.0
78916.0
78916.0
78916.0
78916.0
78916.0
72340.0
72340.0
72340.0
72340.0
72340.0
52932.0
52932.0
52932.0
52932.0
52932.0
52932.0
52932.0
52932.0
50637.0
50637.0
50637.0
50637.0
48087.0
48087.0
44355.0
44355.0
41905.0
41905.0
41905.0
41905.0
41905.0
41905.0
41905.0
41905.0
41905.0
41905.0
41905.0
41905.0
41905.0
41905.0
41905.0
41905.0
41905.0
36449.0
36449.0
36449.0
36449.0
36449.0
36449.0
36449.0
35739.0
35739.0
35739.0
34725.0
34725.0
34725.0
33725.0
33725.0
33725.0
33725.0
33725.0
20450.0
20450.0
20450.0
20450.0
20450.0
20450.0
20450.0
20450.0
20450.0
20450.0
20450.0
20450.0
20450.0
20450.0
20450.0
20450.0
20450.0
20450.0
20450.0
20170.0
20170.0
20170.0
20170.0
20170.0
20170.0
20170.0
16330.0
16330.0
16330.0
16330.0
16330.0
16330.0
16330.0
16330.0
16330.0
16330.0
16330.0
16330.0
16330.0
16330.0
16330.0
16330.0
16330.0
15850.0
15850.0
15850.0
15850.0
15850.0
15850.0
15850.0
15850.0
15850.0
15850.0
15850.0
15850.0
15850.0
15850.0
15850.0
15850.0
15850.0
15850.0
15850.0
15850.0
15850.0
15850.0
15850.0
15850.0
15850.0
15850.0
15850.0
15850.0
15850.0
15850.0
15850.0
15850.0
15850.0
15850.0
15850.0
15850.0
15850.0
15850.0
15850.0
15850.0
15850.0
15850.0
15850.0
15850.0
15850.0
15850.0
15850.0
15850.0
15850.0
15850.0
15850.0
15850.0
10615.0
10615.0
10615.0
10615.0
10615.0
10615.0
10615.0
10615.0
10615.0
6995.0
6995.0
6810.0
6810.0
6810.0
6810.0
6810.0
6810.0
6810.0
6810.0
6810.0
6810.0
6810.0
6810.0
6810.0
6810.0
6810.0
6810.0
6810.0
6810.0
6810.0
6810.0
6810.0
6810.0
6810.0
6810.0
6810.0
6810.0
6810.0
6810.0
6810.0
6810.0
6810.0
6810.0
6810.0
6810.0
6810.0
6810.0
6810.0
6810.0
6810.0
6810.0
6810.0
6810.0
6810.0
6810.0
6810.0
6810.0
6810.0
6810.0
6810.0
6810.0
6810.0
6810.0
6810.0
6810.0
6810.0
6810.0
6810.0
6810.0
6810.0
6810.0
6810.0
6810.0
6810.0
6810.0
6810.0
6810.0
6810.0
6810.0
6810.0
6810.0
6810.0
6810.0
6810.0
6810.0
6810.0
6810.0
6810.0
6810.0
6810.0
6810.0
6810.0
6810.0
6810.0
6810.0
6810.0
6810.0
6810.0
6810.0
6810.0
6810.0
6810.0
6810.0
6810.0
6810.0
6810.0
6810.0
6810.0
6810.0
6810.0
6810.0
6810.0
6810.0
6810.0
6810.0
6810.0
6810.0
6810.0
6810.0
6810.0
6810.0
6810.0
6810.0
6810.0
6810.0
6810.0
6810.0
6810.0
6810.0
6810.0
6810.0
6810.0
6810.0
6810.0
6810.0
6810.0
6810.0
6810.0
6810.0
6810.0
6810.0
6810.0
6810.0
6810.0
6810.0
6810.0
6810.0
6810.0
6810.0
6810.0
6810.0
6810.0
6810.0
6810.0
6810.0
6810.0
6810.0
6810.0
6810.0
6810.0
6810.0
6810.0
6810.0
6810.0
6810.0
6810.0
6810.0
6810.0
6810.0
6810.0
6810.0
6810.0
6810.0
6810.0
6810.0
6810.0
6810.0
6810.0
6810.0
6810.0
6810.0
6810.0
6810.0
6810.0
6810.0
6810.0
6810.0
6810.0
6810.0
6810.0
6810.0
6810.0
6810.0
6810.0
6810.0
6810.0
6810.0
6810.0
6810.0
6810.0
6810.0
6810.0
6810.0
6810.0
6810.0
6810.0
6810.0
6810.0
6810.0
6810.0
6810.0
6810.0
6810.0
6810.0
6810.0
6810.0
6810.0
6810.0
6810.0
6810.0
6810.0
6810.0
6810.0
6810.0
6810.0
6810.0
6810.0
6810.0
6810.0
6810.0
6810.0
6810.0
6810.0
6810.0
6810.0
6810.0
6810.0
6810.0
6810.0
6810.0
6810.0
6810.0
6810.0
6810.0
6810.0
6810.0
6810.0
6810.0
6810.0
6810.0
6810.0
6810.0
6810.0
6810.0
6810.0
6810.0
6810.0
6810.0
6810.0
6810.0
6810.0
6810.0
6810.0
6810.0
6810.0
6810.0
6810.0
6810.0
6810.0
6810.0
6810.0
6810.0
6810.0
6810.0
6810.0
6810.0
6810.0
6810.0
6810.0
6810.0
6810.0
6810.0
6810.0
6810.0
6810.0
6810.0
6810.0
6810.0
6810.0
6810.0
6810.0
6810.0
6810.0
6810.0
6810.0
6810.0
5970.0
5970.0
5970.0
