885425.1714285715
748721.2428571428
703230.9285714285
681337.2571428572
685586.5142857142
585859.3
573933.8357142857
607663.3928571428
506019.59285714285
571376.4285714285
525256.8428571429
523399.70714285714
524150.52142857143
542029.85
538320.6785714285
596440.0
473261.21428571426
482875.4857142857
477339.14285714284
473213.22857142857
483162.72142857144
479441.7357142857
461611.5857142857
463264.3357142857
429165.39285714284
438836.6
459203.25
474371.85714285716
502652.4142857143
456249.7571428571
516971.28571428574
465464.1785714286
502591.8785714286
508039.22857142857
465386.82857142854
495681.2
464044.20714285714
492369.27857142856
498358.42142857146
491063.59285714285
453039.3357142857
423447.17142857146
518749.02857142856
466661.6357142857
486922.8357142857
419877.1785714286
529273.3071428571
444997.29285714286
419696.78571428574
477747.47857142857
456626.0642857143
399703.29285714286
478399.4928571429
408688.22857142857
464439.9428571428
457623.4357142857
428790.6142857143
437546.09285714285
424114.52857142856
455924.22142857144
427005.7428571429
464747.0642857143
388346.5071428571
414867.95714285714
464746.02857142856
450093.21428571426
488383.8142857143
465744.6214285714
468104.0642857143
468023.29285714286
496646.7
446317.4857142857
458113.4428571428
447421.47857142857
375076.1142857143
401109.9285714286
464514.8
403908.2428571429
375755.4928571429
444800.78571428574
444241.1785714286
438787.20714285714
411497.39285714284
471661.3214285714
412931.5642857143
458345.5071428571
444108.22857142857
436730.3
424447.4
410684.60714285716
451098.67142857146
434175.0142857143
443454.8857142857
449943.8142857143
439318.60714285716
437608.47857142857
476929.4
458073.34285714285
357426.1285714286
348489.20714285714
399890.72857142857
349669.6214285714
389590.27857142856
408466.22142857144
376145.77857142856
399870.1142857143
408381.2571428571
399207.6928571428
367976.0714285714
401852.9285714286
355058.1357142857
400792.70714285714
405249.9357142857
390078.8071428572
375790.15
383128.8714285714
427026.34285714285
426832.9428571428
414609.5642857143
418408.1
406055.27857142856
408953.1785714286
406902.6785714286
380920.02142857143
404309.7357142857
398917.8071428572
398573.1642857143
441123.54285714286
422863.52142857143
376962.09285714285
412246.17142857146
375121.7571428571
407502.4142857143
378645.7571428571
356096.1214285714
349693.47857142857
376179.21428571426
396751.09285714285
399747.7357142857
414798.6642857143
371624.4357142857
382623.47857142857
395256.9142857143
397826.90714285715
423561.6214285714
420707.4857142857
411764.47857142857
385361.47142857144
377310.4
366128.9
371133.8785714286
387590.35
351976.9428571428
367667.4428571428
389703.5642857143
388964.10714285716
418669.4285714286
430622.0642857143
413708.5714285714
391312.1357142857
373578.72857142857
383565.85714285716
326563.77142857143
381105.39285714284
383551.8785714286
373714.3857142857
396474.1214285714
418497.52857142856
408860.8357142857
354144.89285714284
410843.85714285716
418825.4357142857
406047.8071428572
424006.21428571426
426868.5714285714
411759.65714285715
390427.8
410967.8
451539.28571428574
417556.35
410686.5
422841.65714285715
422512.92142857146
464915.7357142857
425338.95714285714
458587.8642857143
451774.4428571428
401960.64285714284
415401.9
433668.7571428571
412419.04285714286
412520.96428571426
397963.0642857143
470719.1
409391.9928571429
394290.03571428574
449237.2571428571
441603.4928571429
394392.45714285714
448140.9
514860.59285714285
455603.25
441222.7
436377.3071428572
457166.4428571428
428316.1
433562.04285714286
441190.35
397029.4142857143
425501.89285714284
438049.8785714286
452302.72142857144
489241.45714285714
432211.77142857143
409826.8857142857
442329.1857142857
453918.10714285716
419254.72857142857
410736.77857142856
403177.95
443926.1928571428
436345.3071428572
389963.35714285716
451218.78571428574
404440.4
424340.45714285714
399020.9928571429
413461.77857142856
415845.27857142856
446830.25
431316.9357142857
388266.17142857146
439306.4
401931.3142857143
449695.27857142856
427071.8142857143
381119.9285714286
406294.82857142854
411000.4357142857
366727.6642857143
407734.1785714286
383942.8071428572
452259.2428571429
374204.75
445191.1785714286
405389.72857142857
406266.47857142857
414281.35714285716
439531.22857142857
437882.6
434221.6142857143
405720.8214285714
424116.9357142857
413957.6285714286
398105.9357142857
340681.21428571426
401528.4928571429
427429.85714285716
420374.1357142857
406079.77857142856
469560.0571428572
412562.52857142856
371261.3714285714
473241.72142857144
387421.35714285716
402278.53571428574
404001.67142857146
432682.54285714286
437928.6
457348.89285714284
419380.8357142857
404634.5642857143
429099.77142857143
423618.70714285714
409753.89285714284
427045.5857142857
374122.20714285714
408252.35714285716
442896.4857142857
444379.2428571429
414171.3642857143
447847.02142857143
474104.1214285714
506774.0642857143
417947.6
413543.70714285714
357417.8071428572
419692.5571428572
416185.5642857143
480982.77857142856
454972.3357142857
431651.70714285714
444873.57857142854
489107.65714285715
481380.0857142857
446238.65714285715
461085.0857142857
477072.75
466575.05
450988.53571428574
480728.0071428571
460112.2642857143
419505.6857142857
412541.7357142857
445917.0857142857
451577.3
396162.22142857144
414960.47857142857
412901.52857142856
427875.4928571429
423128.35714285716
428616.6642857143
431602.5142857143
411580.0642857143
408619.4285714286
456697.3214285714
410192.22142857144
429392.6214285714
463341.1
457210.32857142854
425543.6928571428
479340.2428571429
421812.71428571426
434892.97142857144
466294.89285714284
427347.02142857143
390234.55
356692.4285714286
431053.0
410568.53571428574
417112.6142857143
449059.9
434554.1214285714
475824.4428571428
478225.2
451339.0857142857
423889.9928571429
435037.95
498418.3857142857
498651.28571428574
460528.1285714286
490099.5
470655.5
494160.15
453493.60714285716
462332.8214285714
440294.55
471455.79285714286
476819.8785714286
479471.1357142857
463367.95714285714
475946.9928571429
440839.52857142856
515816.3071428572
480485.10714285716
422568.0
480365.02142857143
491145.8214285714
486963.97857142857
458124.8357142857
459090.4857142857
459099.3785714286
482796.0857142857
429095.4357142857
487304.8785714286
442253.8
446967.3
471288.3857142857
473029.84285714285
425874.79285714286
414088.8642857143
439317.42142857146
421748.7571428571
410224.64285714284
432981.8
458211.82857142854
425349.75
447547.52857142856
414111.09285714285
444612.34285714285
434689.29285714286
427472.39285714284
477642.4
447319.90714285715
473837.2571428571
457989.8642857143
383627.8357142857
401866.1785714286
473995.6785714286
465695.3785714286
510473.0071428571
443819.64285714284
460151.3
433662.5142857143
470201.5714285714
474186.71428571426
471198.1285714286
486755.4857142857
427715.84285714285
483878.84285714285
431787.8857142857
464334.35
447952.02857142856
482488.3357142857
440747.3
379003.1857142857
451900.40714285715
481307.1
461066.3785714286
439610.45714285714
450026.7428571429
442493.47142857144
397487.3357142857
440820.14285714284
424247.67142857146
410718.65714285715
427194.8357142857
411707.47142857144
426121.8357142857
489290.0
446941.22857142857
406518.22857142857
454731.5
447028.40714285715
418371.9428571428
441495.54285714286
391400.4357142857
380990.4928571429
412911.2357142857
368690.27857142856
393558.4857142857
424965.97857142857
418123.78571428574
449436.3214285714
386155.4285714286
422730.1857142857
429625.75
390894.8714285714
405491.95714285714
404348.0
497281.47857142857
459514.27857142856
437405.2571428571
397847.10714285716
466570.9928571429
443766.40714285715
422770.96428571426
447384.7
462302.1142857143
463741.22142857144
467591.72142857144
441881.04285714286
434759.6285714286
421832.39285714284
457361.34285714285
439834.9857142857
435766.59285714285
420298.95
446729.5714285714
420479.71428571426
418307.8857142857
410230.3642857143
459482.4357142857
434434.02857142856
412790.22857142857
402815.8857142857
398552.72857142857
450563.9
365280.6142857143
383656.5857142857
428518.3857142857
381919.8
363765.1357142857
351163.40714285715
310385.9428571428
314045.21428571426
358043.4857142857
353364.25
354505.05
338146.4
362318.1142857143
338265.8857142857
362717.02857142856
326201.90714285715
323013.1142857143
345145.1214285714
379213.90714285715
289642.45
345087.54285714286
358438.1
355258.2
326221.72857142857
325051.8214285714
373830.5642857143
320242.5571428572
377118.52857142856
330496.97142857144
331171.4285714286
340205.9285714286
399302.64285714284
365030.82857142854
