47.24316346974944
49.067384054969175
50.13278002119426
51.21886780604742
52.63923792333226
54.483615705334735
54.79945195315995
54.24102037654231
56.34328039643372
55.369231899391146
55.70579017741208
56.899323007069185
56.60832171312258
56.904012503133266
57.82789022626092
56.43229478488296
56.00247962184472
56.44708307493316
55.91912845422321
56.7615360143801
56.14646080673344
55.79909400995355
55.69554590001074
55.95517225414475
56.35744181072172
56.59317728623007
56.687055752233015
56.17891059694834
56.42868558105254
57.348658994422344
57.542729556183204
58.52663466791642
58.54944374175259
57.990690426635744
58.45738161756425
57.69735737828696
58.56175735527665
58.49765293063494
57.77293226272412
57.2520302693161
58.30390948018455
60.55379977484435
58.18350447548499
57.85806597021251
57.47015940878334
59.52388995248642
58.43267925178487
57.20569562213945
58.6472749772626
58.08925811049344
57.93880911096382
59.85147646344298
58.75148349909293
58.767386985700256
58.87203619755894
58.50898212869965
58.93833535791215
58.34104028958612
58.040982384237765
58.61691872763357
58.76772934448457
58.61213458940547
58.906531443723175
59.661583644681286
59.20966893586607
59.18231200186631
57.95415433400638
59.27909279720389
60.43613544868265
61.109591716687724
59.814621741815564
59.60340883262639
59.99470746622777
58.263412771660185
60.429361393678285
60.72610458604415
59.29586903856957
59.19623279535431
59.3062206220612
59.46757981043783
59.335228181903624
59.71520000512376
60.509804607112045
59.966813073883124
60.52999341473394
60.43470762447653
59.43869423405749
59.33745526568975
59.19260663997192
59.45398084028958
59.35961317706922
58.58136051981957
58.84720363634023
59.65585826106419
59.34809896272191
59.995364054952475
59.97066828416793
57.603070669073894
57.88726548412483
59.03936462012099
57.694325515802774
58.79332754424333
58.80013116395782
59.64402409030585
59.710683721149266
59.72405853916429
60.529015518671905
58.55178724550233
59.28678836367667
59.064958155356976
59.42414563714504
59.20939829448951
58.87707685257842
59.795635426920406
59.610416977445375
60.09216682343275
60.14089312494587
60.554937834170275
61.19447319571552
59.887644826989465
59.5838659875014
59.878510267203026
59.6867228374545
61.0485892300951
62.08505733564766
62.20442569800844
62.132112619380194
61.90092675183122
61.58628543791215
61.60952300773079
60.63128060812003
61.7813845976241
61.5870017315807
61.934862453043586
61.27054619683977
60.873910161156445
60.701187028231274
61.0523233244902
60.92613755431713
60.816525625000345
61.14940472529099
61.241220939579065
61.39957073582619
61.26802088862561
61.34345315053908
61.2185165476242
60.74480501768006
60.704710733770625
61.069094070225006
61.20538360888813
61.38522738365703
61.03233995668852
61.27342176481444
61.28538090461179
61.288236208366776
61.562003851936836
61.34933137198111
60.80951093080981
60.474983535294896
60.29346447459211
59.61917000153209
60.301806908204334
61.11648091534318
61.174478673781856
60.54713502474115
61.32899614096473
61.09570018119578
61.696646542079215
61.81658426549948
62.51987126379102
62.59006950946819
62.727145919259215
62.81548168778929
63.0367740666853
62.79331533323755
62.51945267314444
63.09179592475686
63.102690461845434
63.16217437443278
62.75974587143028
62.194801536052545
62.06531637297981
62.47594670397617
62.89310859750849
62.334349640005165
62.662817718807794
62.415743763867205
62.09763833111386
62.902949801366084
62.06191883605436
62.91317836500511
62.387626626503696
63.28001286606728
61.258674876553336
61.7256673847818
62.813862004233314
62.326790604208924
63.28563966563205
64.94514493959215
64.6862647301169
64.46250488805813
64.61136053038663
63.613153592294644
63.4769755036012
63.30196176916492
64.15802106213548
63.31512020112542
63.588224321018366
63.80325682317812
64.01585000762223
63.7544192809153
63.770400693186865
62.04937766914902
62.07217258482922
63.11830281861873
63.41180818756179
63.516685337245896
64.52471629269148
64.97863762109714
64.98488888921025
63.991562104793076
62.76650512174364
63.94933274793569
63.38457776430331
64.1628070740266
63.56286798961847
64.2478769849344
65.18325432918985
64.69164345018754
63.51948406095726
63.919105593737974
64.55460581713456
64.42939392553795
64.95761271407207
64.96658642207667
64.33826388774109
64.64234195864542
64.03115444882562
63.78313467456303
64.15449546893758
64.3316930556748
64.49156803077132
63.887208565017445
64.38433845457982
64.03482865913836
64.45507686531549
64.94107619495524
65.07122692326158
64.74305614730135
64.22614787719064
63.33730837486407
63.918951828532606
63.62666207826951
63.591025537609376
63.2958006064897
64.28411551235065
63.93830880171951
63.99686257304005
64.34726240367291
65.29080822808777
64.65227355300789
64.67233787310384
64.69955048047574
64.42632364496963
64.87709085722804
64.45073997508607
64.49446670167724
64.85163493887889
64.23891472533137
63.841987238979804
64.72364892878893
64.1029754077004
64.10517853628909
63.88369876444588
64.23621507473908
64.20406649183133
64.82202389300997
64.35787698505142
64.73619141629376
64.87552539567285
65.15917590535966
65.53158360365025
65.61852440739708
65.38461811506919
65.0532979041028
64.56428339452661
64.76264520672402
66.1169170742257
65.86914649786485
66.22387802100812
65.29469189226583
65.9229065599512
66.2307491871004
66.057848983301
65.65497850803412
66.25797601380515
66.27088751752369
66.13868568626204
66.14268388227609
66.12184794381693
65.85774017614001
65.0971815493803
65.23048297092392
66.07413662322618
65.73842340965233
65.05747292126965
65.70782538166661
66.22978780545762
66.47858667547733
66.20311315939998
65.88309359571925
65.54649021821393
65.26215237241271
65.59761885459943
66.5583861487692
66.59247234141084
66.00129552679465
66.39614090863854
65.83770741912254
66.03517349434549
66.47306525789514
66.39008905307296
66.79570903893293
66.67556926997376
66.21659427652402
66.0416349487828
64.30211581260642
65.96431290343118
66.41686984173326
66.61308503974657
66.72151179778406
66.61840643493782
66.15513906075209
66.50826188062288
66.28194558828062
65.84366923840093
66.38691959460536
66.89867315454812
66.32744889092488
65.86688284985964
66.24506140655369
66.07302015057333
66.25736615789783
66.0311169512098
65.98893190726238
66.28621773801784
66.49668092555402
67.05409132123248
66.51543105754155
65.81234422889334
66.31622356453013
66.42295735967723
67.64819915212377
66.76616169609953
67.03394603540063
67.13761376660804
66.36095266094186
66.51731470573021
66.55941699803327
66.186264520654
66.1541950784846
65.8315301872934
65.18199213505734
66.03829363292552
65.14899432566985
65.34649951728677
65.90705399481939
65.70179162877527
65.37302190789596
65.9652848036886
66.06494672507311
66.82519949019778
66.95983654001742
67.0254843683255
66.74235137840498
66.85577267296671
67.46210379146613
67.13088357021141
66.85096946229082
67.18594896011099
66.16377061590045
66.84181437231123
66.88381328983083
66.92866242925399
67.12346562314117
66.25661388789374
67.96020561621125
67.86179727504683
67.8880448178305
67.95208058975473
67.7109384886904
67.93331608755882
67.35778773043498
67.48507738934293
67.73824997243464
66.98604423758674
66.8084986339864
66.19921278973672
67.24599668067482
66.70869920227838
66.86599463127575
66.41442216544536
66.9186307296243
66.49409486974494
66.3973968752989
67.30346284905823
66.6128769660888
66.76476013144766
66.6780983472868
67.13862680219205
65.52030435668536
64.94609509438177
66.33983439929521
66.96035035734674
67.43334087395404
67.37166361105729
68.07662165854819
68.07167425378762
68.3550694550306
67.82022814862007
67.5579648047197
67.72429373723438
65.83284729750477
66.03756364870576
66.49976350863666
65.77382621030014
66.03483673104408
66.13550093092773
66.48609897773024
66.09226985029096
66.39892859986942
66.03977405131921
66.77748354824296
66.78227116463164
67.17200978444588
66.98357336650183
66.82679568095726
67.29799999762966
67.30629659948836
67.15966120597325
66.91985931835443
66.91340039329758
66.53058040009022
66.8735279592344
67.04977950006896
66.87154808730418
67.3769447704375
67.95864240114805
68.21965553725
67.57098157578291
66.7995122922641
67.73259157370654
67.71082515517631
67.92984755536284
67.69302191651752
67.50870252054554
67.66762517338604
67.95489141506637
67.67065566055622
67.8040415794706
67.51016595993467
67.57002572716925
67.01625158293999
66.46018744650938
66.89473288296074
66.34722784457271
66.4845355803602
66.35878918830649
65.38316864513445
66.32221919770255
66.18501415835749
65.55822697174617
65.6233180538822
65.7671284957182
66.37242388480315
66.15112820307365
66.25498531777924
65.91071647932414
66.0175890638016
66.23175139551711
65.74175758311293
66.45040195469852
65.93682943029881
66.18817080915261
66.65579868741465
66.63470222255141
66.4590896981073
67.62671691772897
67.24173923882111
66.99173001546595
66.5575219481715
67.14724661324924
67.24374268010838
66.74167998710415
66.88629493569748
66.78179586625384
67.06643587466382
66.81581962325599
67.50123077122906
67.31576154276928
67.22271011288102
