44.85753106304466
47.47573016733452
49.19845421030453
50.60645638426426
52.282121837310484
52.39669182133054
53.37625930056634
54.666808985138644
53.09155409365932
55.741890128898476
55.18401473208013
55.34951689423075
55.832557796755275
55.62260559983393
55.57446494242118
58.06055825690652
54.202622109577916
54.56222826584089
55.15429899427549
54.45728701473703
55.65375792064721
55.54538592388932
55.229423145701524
54.9480427472193
54.558121041915115
55.554895224778
55.930327039121146
56.75156962254646
56.985161350947415
55.532862625194745
57.72970708003564
56.19925377737063
56.91846175857911
57.84600279443253
57.33863315844318
57.07699037322484
56.745858947352815
57.53519207725596
57.17917304186193
57.520979128160484
56.916339742758396
56.00030572938894
59.53703345744971
57.93759964742076
57.61280631871089
55.53445680898483
59.17906592777468
57.630831406459734
57.15066485450008
57.997498679075356
58.29549093919805
56.50999316182699
58.845120292044264
56.680210053679446
57.7409270527291
57.76699429119091
56.87563840137848
56.8590936449789
56.97847103136721
58.44938949717906
57.19369127987071
58.20788083113234
57.55367297760046
57.435005637933585
58.561886144812654
56.82043037707469
60.020038340135216
58.30081776370582
58.08591591205944
59.49375976106165
59.107272738716
58.723704339682484
58.77266621257833
59.14807858928209
56.78992754198588
57.94885138266484
60.282839669910715
56.750607891224
57.91910179085378
58.42195728924398
58.41498595756185
58.39799337624748
58.99807016958934
59.97575679013158
59.55692698405244
59.69511156931624
59.462063862971625
59.16141026358932
59.367011927183505
58.98469956836558
60.12474571944498
58.63242303813634
60.118847859481214
59.206327382130596
59.3281858087875
59.1084286040734
60.189036580385604
60.09271561762814
57.515400557805414
56.626058280106385
58.97310247518809
56.64350574485476
57.68858863799005
58.38755782973652
56.60796868393651
59.264151031018145
58.30945089612565
59.13594800090401
58.23494253696242
59.19513500525457
58.44944948577023
57.200109747212736
57.32801880641028
58.77622485938079
58.557308284089466
58.20620964614872
58.90198169664107
58.898314077235526
58.95015369182804
59.62628645286381
59.469420477879105
58.52254384177839
59.02989375294333
58.93396204973508
59.68463227285317
58.767853040803764
59.0541913227286
60.03731857360148
60.366010748639575
58.73428405185884
60.15453975579702
58.80032521506823
60.56820721384351
58.85839771724468
59.09683026530804
58.07000187774676
59.15214849574174
58.62294981616685
58.91166186131458
60.02473149612841
58.817307079114066
59.20704768024737
58.60427904212164
58.83406474589594
59.512137413662835
59.269255621487716
59.45958745864005
59.521186942807354
58.890355101679205
58.79010436127449
58.55396775315145
59.19044489241096
58.08298076126323
58.61344246896681
58.833839286561854
59.48909925964665
59.839615839787896
60.09357859687427
60.34394630529549
59.78469435445317
60.29742099469621
58.580756120657135
57.661943163195446
58.870929794087715
59.958243614667495
59.50480755518519
59.66947505235366
59.94563474323568
60.27857828181823
59.54143418751224
60.2932535332922
60.69200671321275
60.39432121126825
59.72407396074293
60.951403068663964
60.77041881279878
59.77362480961188
60.5395968576684
60.962656662242544
61.1905146851955
61.71467989198704
61.01435479535769
60.75409036674138
61.42044928816714
61.86438724287314
61.58616709000138
61.3200067930628
61.132107327161705
60.78331091539805
61.98783616707704
60.23804757517735
61.42900575371171
60.43566086752636
62.37645622911446
59.92741603420264
60.02859640756425
62.81869238356178
61.59908288873272
61.21537761641982
61.752832456403404
62.45461984667584
60.77530294778345
62.1409602104453
61.83476226038648
62.31051567388312
61.7315476993446
62.061832603962685
62.00648424232114
62.39320499926904
61.74225923424895
61.86014857678031
62.368495402890794
62.46987760644341
61.310897026443634
60.24928264489542
61.285630339739676
62.20255035211086
61.12865936920332
60.12887689053097
60.67869696749764
62.180035974044856
61.999337672543554
60.6074122899998
63.0666584441809
61.4560513312223
62.978168109159434
61.551851149866955
61.269281194135836
62.4897016825621
61.99006538094097
61.40340564048585
61.09977901310297
61.97660305886268
60.6511561334687
62.46434614819904
61.8510787587137
61.52718204460504
61.53627480414052
61.89049030492059
62.0153419478522
61.64686548483968
61.442660360589926
62.96650999094563
61.7371835012437
62.36805135522199
62.19607223018031
60.954465997700964
61.38522072503691
61.551651274162396
63.205532683936276
62.60740695700832
61.7090209837562
62.615602483468855
62.71441565520411
62.709572707385824
61.8291517201617
62.13226261708479
62.44298146717323
62.629580716261586
61.37227732834515
63.16982569990283
62.14838643570647
62.34658435950379
63.55657991594292
62.56019056285114
63.257135963957886
61.70387168753601
62.48093328604013
63.05344947336167
62.6816676940926
62.2664028266048
63.20457305818406
62.7404748074859
62.15779917935515
62.63231283989356
63.483972123836885
62.130543279236136
63.40465009692298
61.94475746253872
62.143279267119865
62.74135187542984
63.30253050500165
63.80099663737561
64.28375361275214
63.55350406871272
63.94605728829513
62.350610758932234
62.02297421359426
63.52411745340423
62.5693531689796
63.68713963570696
63.41121077402707
62.81486535097031
64.28406524554376
63.090820523520115
63.865811293527585
64.294622121591
63.69584704409178
64.0430736845952
63.99337168446317
63.17808305450217
64.12440289000516
63.029852291565554
62.16269739559272
62.67363245968305
63.311559728409584
61.96729594540022
63.25699869774147
63.074995521053346
63.74298025197021
63.36970348771412
62.94027626102869
63.51412358999717
63.59113276876849
63.01406627790019
63.339282260989044
64.87994500919191
62.094181921467886
63.72291741384948
62.738732189664724
63.22521230881314
64.77677965319347
63.083063236397294
63.802342606234596
63.39923580155811
64.35743062598841
64.49854572570595
62.77974328956187
63.08286543640844
63.403592591806074
64.03636718569821
64.8977075033453
64.30010719343143
64.16643431786693
64.00808076589587
64.54687517442399
63.97035622213851
63.88636418580775
64.4415339485238
64.77692645417895
64.29759488499765
65.03738457368513
62.902418430179246
64.85864306700516
64.37501315545533
64.31271967069922
63.285329342829506
62.57805640235517
63.69662245676026
64.25554140636214
63.73879962656209
64.01037192075506
63.683977927992444
65.59980961200257
64.43420177547827
63.89906720464153
64.52517344216123
64.3478882302148
65.05186158616308
64.01701582382191
64.53693700706995
64.18484284559287
64.7101425883374
62.82947919455315
64.57500474616077
64.21409988372298
63.63080290812559
64.21222739011162
64.8032691539771
63.46627771271827
64.37654428067111
63.59307535647211
63.65236676939078
64.14478006444016
64.99221905837135
63.596727784408515
63.507304458461476
64.60770980355404
64.36665522004363
62.40742716772958
65.3166159231308
63.601094304825686
64.2463245329318
64.52242652453215
65.09582103492266
64.78532128777296
63.41347315550307
65.0323419916729
65.54555392933685
64.96557985335959
65.08492961891102
64.2415016105598
64.94919204223712
64.73490594494406
64.12077155296328
64.82760827051351
63.92400396773889
65.13079506496015
63.757080727629116
65.64721680066498
63.846031192835234
64.85716531942634
63.29414920583769
64.65161699423696
63.93983588803724
63.154164136105685
64.63971782199404
64.65653388941404
64.65569222713218
64.20052061434144
65.02705773834461
64.35186757773133
63.310879392671374
63.49981894862111
63.88132359053799
64.77970541122707
63.996738562626746
65.05960062356797
63.77464314317948
65.6988812012639
66.06299492204933
63.21848295482384
64.65733808456356
63.52862938571042
63.496931502450686
64.90286471020414
63.06354486572917
63.141138015745376
63.96348020237684
64.68988020330512
63.39503055526028
64.2321660087962
63.98019376671187
64.29278515861867
64.05437069360465
64.03825066227743
64.59327260828955
63.237623454729004
63.94243279304772
63.80805366679514
64.7444261837157
64.7343108928289
64.37117120425222
64.57022126825115
64.65272001358062
64.15647493403279
63.94275359517487
64.3775551537457
65.05253305233687
64.7108419682864
64.49566581519889
63.9933347778139
64.43171755579876
63.18964321164075
64.6819223135555
64.92989746291028
63.863469880853636
63.63063345594981
65.07494750939138
63.45313332592139
64.68249879762921
64.17975382915037
64.8313700095887
65.43461819673068
63.809750260604545
63.77218645871812
63.79274963410917
63.59401653517568
63.80693680861658
62.16384295704209
64.17250444675992
64.05010141795776
62.463987755651
63.03296145631527
62.333671067924804
63.16527187023223
62.253412205281336
63.141846398623656
61.77644087102049
63.33372190085822
62.39204603965491
61.75756851573981
63.45325176777025
62.30961078742809
61.62346989601905
63.05855795817801
63.87889010766928
63.252271533205956
63.70264316598192
63.67504655301538
64.28248873037127
63.26889161388668
63.06457664536422
63.88220184768979
63.04141177094351
64.37432707478308
63.80267920048861
63.49576404403452
63.84271242740172
64.97595910369508
64.87207986043616
