45.07814204898357
56.12898257349059
54.46195083682008
57.377331618119996
55.1146365076571
54.67637471047439
55.1146365076571
55.1146365076571
55.1146365076571
55.44292298147656
54.783740942028984
55.44292298147656
56.07903079710145
56.07903079710145
56.07903079710145
60.406035598310424
60.406035598310424
60.406035598310424
61.98937983640533
61.98937983640533
61.98937983640533
62.28983481108127
64.01478931599414
64.01478931599414
65.91216647516914
63.46043440819061
65.78776166239332
65.78776166239332
65.78776166239332
65.78776166239332
65.78776166239332
65.46789225073408
65.46789225073408
65.46789225073408
65.46789225073408
65.46789225073408
68.29535495179667
68.29535495179667
68.31468783832551
68.00272525099305
68.55047840472145
68.55047840472145
68.39079725603914
68.39079725603914
68.39079725603914
68.39079725603914
68.39079725603914
68.39079725603914
68.45083736794369
68.45083736794369
68.34736398359755
68.34736398359755
67.2467464276338
68.34736398359755
68.34736398359755
68.57091759175279
68.57091759175279
68.66544883177272
68.68461056961459
68.68461056961459
68.50786392643586
67.67306799794288
67.67306799794288
67.67306799794288
67.67306799794288
68.2233942266045
68.2233942266045
68.23485948686591
68.23485948686591
68.23485948686591
68.23485948686591
68.57244770567402
68.57244770567402
68.57244770567402
68.57244770567402
68.57244770567402
68.57881729470814
68.57881729470814
68.57881729470814
70.056590999093
70.056590999093
70.056590999093
70.056590999093
70.056590999093
70.38872778835221
70.38872778835221
70.38872778835221
70.38872778835221
70.45898749377244
70.45898749377244
70.45898749377244
70.45898749377244
70.45898749377244
70.45898749377244
70.45898749377244
70.45898749377244
70.45898749377244
70.45898749377244
70.45898749377244
70.59184220947613
70.59184220947613
70.59184220947613
70.59184220947613
70.59184220947613
70.59184220947613
70.59184220947613
70.59184220947613
70.59184220947613
71.0696082063336
71.0696082063336
71.0696082063336
71.0696082063336
71.0696082063336
71.0696082063336
71.0696082063336
70.98785145820825
70.98785145820825
70.98785145820825
70.98785145820825
70.98785145820825
70.98785145820825
71.3186124713915
71.3186124713915
71.83004948153072
71.83004948153072
71.02161477329443
71.02161477329443
71.46952304168106
71.75746407135819
71.75746407135819
70.78671798084669
70.78671798084669
70.78671798084669
71.76523702031604
71.76523702031604
71.76523702031604
71.76523702031604
71.79748468236053
71.79748468236053
71.79748468236053
68.86933211946489
72.30655168377102
72.30655168377102
72.30655168377102
72.30655168377102
72.30655168377102
72.30655168377102
72.30655168377102
72.30655168377102
72.42361571779763
72.42361571779763
72.42361571779763
72.6031139033051
72.62262457564287
72.62262457564287
72.62262457564287
72.62262457564287
72.62262457564287
72.62262457564287
72.62262457564287
72.62262457564287
72.6551423628725
72.6551423628725
72.6551423628725
72.6551423628725
72.6551423628725
72.6551423628725
72.70326868797233
72.70326868797233
72.70326868797233
72.70326868797233
72.70326868797233
73.12512406537418
73.12512406537418
71.99695829251947
71.99695829251947
71.86033922771563
71.86033922771563
70.35881837397535
67.84160139251523
67.84160139251523
67.84160139251523
67.84160139251523
67.84160139251523
67.84160139251523
68.24443615566331
68.24443615566331
68.24443615566331
68.30908864851425
68.30908864851425
68.30908864851425
68.30908864851425
69.4342906875544
69.4342906875544
69.89142155018932
69.89142155018932
69.89142155018932
69.89142155018932
69.91022844103414
71.22038444345104
71.22038444345104
71.22038444345104
71.29063158566959
71.29063158566959
71.29063158566959
71.29063158566959
71.29063158566959
71.38003703940227
71.7018966728399
71.7018966728399
71.7018966728399
71.7018966728399
71.7018966728399
72.04036017625647
72.04036017625647
72.04036017625647
72.04036017625647
72.04036017625647
72.04036017625647
72.06590459160866
72.06590459160866
72.06590459160866
72.06590459160866
72.06590459160866
72.06590459160866
72.06590459160866
72.06590459160866
72.06590459160866
72.06590459160866
72.06590459160866
72.06590459160866
72.06590459160866
72.06590459160866
71.72105498435404
71.72105498435404
72.19107222683441
72.19107222683441
72.19107222683441
72.44651638035634
72.44651638035634
72.44651638035634
72.89354364901973
72.89354364901973
72.89354364901973
72.89992975285779
72.89992975285779
73.1540966856121
73.1540966856121
73.1540966856121
73.1540966856121
73.1540966856121
73.30225429465483
73.64710390190945
73.64710390190945
74.01015620972316
74.01015620972316
74.01015620972316
74.01015620972316
74.01015620972316
74.01015620972316
73.6814971387328
73.6814971387328
73.6814971387328
73.6814971387328
73.6814971387328
73.6814971387328
73.6814971387328
73.90060318605971
73.90060318605971
73.90060318605971
73.90060318605971
73.90060318605971
73.90060318605971
73.90060318605971
73.73305150280973
73.73305150280973
73.73305150280973
73.73305150280973
73.73305150280973
73.73305150280973
74.52116402116403
74.72157229761346
74.72157229761346
74.72157229761346
74.72157229761346
74.72157229761346
74.30175063477215
74.30175063477215
74.13329768032622
74.13329768032622
74.13329768032622
74.10522093722842
74.10522093722842
74.10522093722842
74.10522093722842
73.56051240234633
73.56051240234633
73.56051240234633
73.56051240234633
72.99497593182
72.99497593182
72.99497593182
72.99497593182
73.06862719309784
73.06862719309784
73.06862719309784
73.06862719309784
73.06862719309784
73.06862719309784
73.06862719309784
73.4237314885446
73.4237314885446
73.4237314885446
73.4237314885446
73.4237314885446
73.4237314885446
73.4237314885446
73.53552358155562
73.53552358155562
73.53552358155562
73.53552358155562
73.90377988794488
73.90377988794488
73.90377988794488
73.90377988794488
73.90377988794488
73.90377988794488
73.90377988794488
73.90377988794488
73.90377988794488
74.16945050898282
74.16945050898282
74.24967777573193
74.24967777573193
74.24967777573193
74.24967777573193
74.24967777573193
74.24967777573193
74.24967777573193
74.24967777573193
74.24967777573193
74.82022010621252
73.47666971637695
73.96680172526467
73.96680172526467
73.96680172526467
73.96680172526467
73.96680172526467
73.97987191216835
73.97987191216835
73.97987191216835
74.0975035943014
74.0975035943014
74.0975035943014
74.0975035943014
74.0975035943014
74.0975035943014
74.0975035943014
74.0975035943014
74.0975035943014
74.0256175663312
74.0256175663312
74.0256175663312
74.0256175663312
74.0256175663312
74.0256175663312
74.0256175663312
74.0256175663312
74.12625800548948
74.12625800548948
74.12625800548948
74.12625800548948
74.12625800548949
74.12625800548949
74.12625800548949
74.12625800548949
74.12625800548949
74.13932819239315
74.13932819239315
74.13932819239315
74.13932819239315
74.13932819239315
74.13932819239315
74.13932819239315
74.15631943536792
74.15631943536792
74.15631943536792
74.15631943536792
74.15631943536792
74.33015292118678
74.33015292118678
74.33015292118678
74.33015292118678
74.33015292118678
74.68304796758594
74.68304796758594
74.68304796758594
74.68304796758594
74.68304796758594
74.68304796758594
74.68304796758594
74.68304796758594
74.68304796758594
74.68304796758594
74.68304796758594
74.68304796758594
74.68304796758594
74.68304796758594
74.68304796758594
74.68304796758594
74.68304796758594
74.68304796758594
74.85730031885998
74.71689695442797
74.71689695442797
74.71689695442797
74.71689695442797
74.71689695442797
74.71689695442797
74.71689695442797
74.70377514466796
74.85730031885998
74.85730031885998
74.85730031885998
74.85730031885998
74.85730031885998
74.85730031885998
74.85730031885998
74.85730031885998
74.85730031885998
74.85730031885998
74.85730031885998
74.85730031885998
74.85730031885998
74.85730031885998
74.85730031885998
74.85730031885998
74.70377514466796
74.70377514466796
74.70377514466796
74.79169127005996
74.79169127005996
74.79169127005996
74.79169127005996
74.79169127005996
74.945216444252
74.945216444252
74.945216444252
74.945216444252
74.945216444252
74.945216444252
74.28256505137189
74.28256505137189
74.2593447161975
74.2593447161975
74.2593447161975
74.22638275430154
74.22638275430154
74.22638275430154
74.22638275430154
74.22638275430154
74.22638275430154
74.22638275430154
74.22638275430154
74.22638275430154
74.46107192300086
74.46107192300086
74.46107192300086
74.46107192300086
74.46107192300086
74.46107192300086
74.75113718768542
74.75113718768542
74.75113718768542
74.75113718768542
74.75113718768542
74.75113718768542
74.75113718768542
75.02406223218406
75.02406223218406
74.28439763001975
74.28439763001975
74.28439763001975
74.28439763001975
74.28439763001975
74.3041474654378
74.3041474654378
74.3041474654378
74.3041474654378
74.37788872849593
74.37788872849593
74.37788872849593
74.37788872849593
74.37788872849593
74.5440168687401
74.5440168687401
73.34321815368746
73.34321815368746
73.34321815368746
74.08691631992602
