41.2395740439595
45.07814204898357
54.46195083682008
50.116369278510476
53.34382710797243
49.852255054432355
53.11996949927984
51.449539058709355
50.76274509803921
52.57212902180079
47.4336378677793
51.94083849713703
50.7367405613982
53.48671726755219
51.49322893024663
53.15203826955075
59.78257094230836
55.79732838029007
59.62792285372931
58.26092609044224
55.582427776305316
57.36434108527131
60.855009013649244
57.631909547738694
55.98676833370711
62.133144976161034
53.7284374476637
59.695389620518306
59.98668053137669
60.97239091843409
60.02078976949947
54.577028297854156
61.54873164218959
59.218372192255934
57.88392789229482
59.25800162113611
60.90562843842573
61.83913134655264
63.140806561859186
61.959902610640604
60.47876827896513
65.6043956043956
61.881589618815894
61.82452858169539
56.498015873015866
60.184969753373665
60.7922595332954
62.59687680740313
59.79232415969632
63.53675919885966
61.71647082069342
62.47114230307508
59.70620522628762
62.22296610952073
61.95160891367407
59.53279563385086
60.18152804970519
63.62278244631187
60.92002364281168
60.00841138492316
62.299540998469986
60.26725553479418
60.26725553479418
57.86452106289248
61.470222754050084
60.374420296444484
59.449549439438215
59.630379918742435
62.27414690572586
62.77073548857782
61.58861885002964
61.0399981746412
59.57914572864321
60.618831218846616
60.763225355395015
58.12284639458794
61.1610560622963
64.1107034229711
59.12319780134535
61.89430384159521
62.6221517095491
60.89235420132885
64.22948473282442
61.60108242191905
60.35026393793031
64.59262237886297
60.925493191929185
59.047470539751835
58.12381694688787
60.661385919237794
63.14139408506636
61.6658132787165
59.243500924461465
58.540347076691226
62.57917254236478
60.15174006267524
61.72712211962881
63.383799765509515
61.38269025051621
65.10980044759418
58.32980737111679
60.621475563909776
60.933433776195045
63.340241432201104
59.985422740524776
57.977135451621116
60.145849532291884
60.60927726795416
61.27044128523297
60.8172289551261
59.25688173212926
62.02010346705391
57.684385920251785
65.17711037562903
61.36486001435749
59.11039716390628
62.41342623497997
62.25464324310739
56.59936667639858
61.967727723317545
61.14735658042745
59.09931867279676
61.405464318446406
61.65544247940949
62.1448838959986
60.9302223874396
60.291098234247386
60.765245456089694
61.70570768723194
63.49219489120152
60.569068061373265
60.846279773197885
61.524892654055925
61.88641686182671
63.331572725672174
62.70278205975189
61.510361103029126
61.28347766244193
62.31025245555646
60.02961346633417
63.183940242763775
61.44730679156909
62.830611060442756
64.04285714285713
62.66221405184324
62.863750948383476
61.88111565269286
63.51309523809523
61.96804815929613
62.84360925609567
60.63175867956745
60.65655422232284
62.67730602036562
57.77247381741116
63.94300292744866
61.811565259841124
62.70131134996
61.298050863994106
62.93457901228927
60.68166512332688
61.352587137183356
61.40262979168754
58.84688070779269
58.12740478590975
59.14243882033048
59.153215741742244
62.41207519637014
62.1721475169751
62.89875173370319
62.87383941968164
59.523271212170144
64.3112825996002
63.337346122480675
61.77223871320338
61.818564759018514
61.42657435760884
61.45212586972331
59.48953766891128
65.8831438142333
61.43417453115215
62.75097901623017
59.41878567721847
61.28094941218382
61.27394602632465
64.15663715770985
55.029394258982734
61.60520126037367
62.00168280239853
62.350841976134724
57.97671370190454
60.31547152925384
61.52830964280305
60.51447540395803
55.63559630357273
60.32150861735837
59.143406106161066
59.387218312362265
55.74918019002775
57.38821215101763
60.7478085485998
60.01082251082251
58.86726901036978
61.185079459758846
61.14010764964932
60.303174363074525
58.560889144390146
59.30699915724874
59.270038627390136
58.53738275613275
60.1826690821256
59.14144240210311
59.58806818181818
58.370535714285715
59.914176989717426
58.454950073127875
61.04244147888865
57.79937727887255
60.86493864001759
60.37157287157288
62.54889805690345
60.12569989431314
63.86576482830385
63.7357601152285
60.7868264907976
61.22932692816405
61.26603042051893
59.03182701652089
60.33881882257334
59.0114437734893
60.772907647907644
58.52669120790881
55.4485832002018
54.235684856638365
58.76289789033233
56.2410661733793
59.141069948214415
59.15610301406847
55.4485832002018
58.72642276863672
61.02211239401815
58.226922547076846
61.79637814542529
59.76225200824132
60.124197175679235
60.9608577614351
60.74002672683856
54.019170940889595
58.88062917474682
57.971455876329806
61.362637362637365
62.387889599127895
59.885171459888305
63.66066254302036
63.761831388950036
55.48642058353653
61.28503843201942
58.363334987383475
58.89937653212886
59.164504180806
60.51227092487408
59.78517218639275
58.716661062724384
58.44972214592094
57.67294342049814
60.9482170327446
58.25023578157619
60.20093988008426
61.31713839982171
56.939047055841854
62.76523751309816
58.537253269656276
62.20788992798022
59.554799585860074
60.16190615285109
60.18076222550604
53.41636515446702
61.22261877476179
59.78689531024006
60.42810543590575
58.74595992243051
63.530407097772475
58.01342337064331
59.96835795619136
60.16190615285109
57.453259741194124
59.989119614788066
53.39250924416524
60.45301602157007
61.18105812762302
59.217707065194574
62.4664262144118
61.315267964845766
61.901423341012034
54.78211601924376
59.390873598925324
60.42792463852782
61.793468895398924
57.248011917541135
61.918927754168024
57.73763883716345
57.97834612817089
59.91312121767834
58.29687577856395
59.27564785805799
60.329585537918874
60.28442246870686
60.76322381022543
57.68725217429404
60.46600458365164
58.31212449933245
57.60619536880846
60.82797805193764
61.28815204562251
54.18174227664904
60.18927379397559
61.57085679099226
57.78543889353542
59.977208096353294
57.2918264069928
58.7432017661946
58.10568054855741
61.28191367016791
63.160741618809766
59.09178940930635
60.94237649387227
61.131161770752435
59.67312544852653
60.15994183933116
59.08424908424909
60.00163894124395
58.09231459574121
54.73639219116536
61.78754110339788
58.79528590135312
60.27849156191402
61.26902479486067
58.27234897402785
59.39880084265111
60.125830594547004
58.99293453653298
60.55663257347862
60.70444706808343
57.69272898547549
58.3127040112165
54.5127430320862
62.733155690902166
61.01233881982545
57.9267648488178
53.40741918810385
53.89226264174675
58.784744667097605
64.8824895293071
58.080487217122695
62.06711229048403
60.97645669838183
60.45674468134361
58.93925121037527
59.09206657869759
61.19296473584823
58.37471210936674
53.9302612222178
58.99039860343323
57.850461147501484
59.63187463039622
61.45434663750684
59.1898408954501
60.681373021224665
57.25695861989552
60.71139199481445
60.035419126328215
61.65694336515153
57.573168346390226
60.03317468749662
64.2221418656464
57.818178074717665
58.035454507668646
59.1070372560615
60.798954342442265
58.52778004405646
57.8451999796717
60.68476056777414
53.06946045882868
59.94855856821347
56.83286962998663
63.67789513856929
60.63535021586443
56.96212237386903
56.8635397726028
57.60868427388541
54.34674565623633
58.82971498674611
60.7498209877203
58.43031713703811
59.89751575668936
59.0040975067713
59.54514923806726
54.7155182696513
55.47194942547016
60.07531148660181
53.748359906166755
60.07531148660181
53.65393026122222
58.96281369060738
62.656146464770416
55.23339032245239
61.09442234310302
60.20791717679403
59.65719191733358
60.66693406421997
58.84482385995245
60.329864768083574
57.64111222063229
59.781457795095506
58.551519781466304
58.76237203177436
61.43409456571333
55.19164247942428
58.303597977995835
53.718540018289545
60.63541263076327
61.281606291601676
53.255687236071374
58.825333537800944
60.75302717780461
60.4845243882677
58.68750282281739
59.00168685784389
59.83009198975092
53.45016102739453
58.84090070136581
57.976427804675005
53.37342129332321
59.6167963588313
57.88368219019338
61.634668833112414
54.44117530118086
60.217582748029294
58.589680488905294
61.47548657561036
60.73134837691422
58.943814642518404
57.52568572877113
58.22163576174272
54.634010576120225
59.19678044915237
60.52106417931841
58.151685762481655
58.760028870594894
57.34186424719679
59.28368185718802
54.634010576120225
54.635004572382805
59.371959957740145
60.24980131881349
59.361268888650734
61.59267011043819
57.11197356365621
58.65916614579716
60.25135370011365
53.38256928153951
59.68383279992241
57.802342744088186
56.221657502135955
60.6189063162357
59.016184529119414
54.09427060554253
58.64459876881284
57.47803798716235
53.409422616615096
53.409422616615096
58.09595850443052
63.00456879091894
59.04225229537444
59.031886545323154
62.06502682887957
58.63565988785673
55.699574569599626
57.88431909612257
59.38028103803505
60.96667692862981
60.848606958707045
53.69866009303805
59.778154585276255
57.33865445519131
52.95559545665463
54.098492948937796
58.749450193300454
60.030582385426065
63.12770894444201
59.47724002752465
58.44601845889675
59.388349727254806
59.811096252461326
63.11065172451311
59.68226367372747
60.606810379488444
61.098038353272344
60.54795403979062
53.05554451115264
60.030582385426065
