265787.51666666666
279789.3
238515.9
275358.73333333334
181432.0
213202.9
263626.6666666667
205424.45
173183.48333333334
160765.85
176669.58333333334
139365.6
140905.13333333333
140062.6
135662.7
138360.46666666667
133510.96666666667
135502.86666666667
133400.73333333334
131960.46666666667
124404.46666666666
132848.1
141607.53333333333
139033.7
146839.23333333334
130508.76666666666
128749.46666666666
130401.3
132658.96666666667
138275.33333333334
116826.03333333334
122370.6
117877.03333333334
127545.26666666666
126659.06666666667
121524.76666666666
126029.73333333334
121396.63333333333
133814.5
126451.03333333334
128167.93333333333
131342.06666666668
119766.66666666667
106928.5
120313.16666666667
105736.2
106198.46666666666
112598.66666666667
122289.73333333334
120464.66666666667
114153.9
111509.26666666666
111246.93333333333
116848.76666666666
104399.16666666667
115717.9
114481.43333333333
101135.46666666666
96283.43333333333
108408.16666666667
108956.23333333334
101553.76666666666
87519.73333333334
98437.7
79958.53333333334
92760.43333333333
87011.93333333333
101157.16666666667
82783.61666666667
85490.28333333334
78772.53333333334
91429.6
100217.25
105549.96666666666
78061.6
75364.23333333334
84892.36666666667
85208.7
90415.13333333333
99860.63333333333
100220.6
108858.66666666667
103165.76666666666
91151.83333333333
94915.4
97808.0
103147.66666666667
85539.1
94036.53333333334
90717.93333333333
100448.3
90976.4
76467.26666666666
83690.23333333334
91677.0
92502.2
81128.66666666667
76329.9
79385.1
92000.13333333333
99581.56666666667
96328.73333333334
86122.5
71935.73333333334
73335.73333333334
72238.7
71469.0
70149.16666666667
92785.66666666667
90774.5
81605.43333333333
68397.2
72598.06666666667
70366.01666666666
77191.0
81634.25
93152.6
80611.78333333334
75426.98333333334
71030.0
82032.78333333334
93766.16666666667
100794.85
101474.36666666667
91350.68333333333
90750.41666666667
96959.2
82904.36666666667
89561.11666666667
86207.3
86722.63333333333
90469.33333333333
94352.06666666667
101018.26666666666
84055.56666666667
87745.4
90184.83333333333
104567.7
105524.8
92398.06666666667
85550.3
98971.1
104331.88333333333
105174.01666666666
94325.71666666666
93499.7
98957.26666666666
102591.5
94419.18333333333
100815.93333333333
92955.9
91292.48333333334
90899.2
81622.26666666666
85472.6
97531.03333333334
99881.6
104129.85
93206.68333333333
71545.55
72199.9
72247.05
76655.95
69933.13333333333
72020.51666666666
78490.68333333333
76930.56666666667
84168.86666666667
65200.38333333333
59445.8
64827.75
60293.46666666667
68470.88333333333
68899.3
64301.13333333333
69492.28333333334
61074.98333333333
70667.85
72604.56666666667
69652.55
78183.4
69337.6
60264.0
63343.88333333333
61779.45
61902.21666666667
62016.38333333333
61750.98333333333
65440.316666666666
64591.96666666667
53682.083333333336
50813.85
51948.816666666666
50106.15
47938.13333333333
46056.0
50317.433333333334
50822.666666666664
49560.833333333336
47784.2
50405.55
46886.6
50368.666666666664
51925.53333333333
53799.666666666664
52901.75
52367.88333333333
58559.1
61846.066666666666
59583.166666666664
57931.73333333333
59205.76666666667
54131.0
53213.0
55531.76666666667
58959.166666666664
54993.46666666667
57100.76666666667
57692.833333333336
61409.2
61006.066666666666
58280.26666666667
51894.8
46408.566666666666
43579.21666666667
40797.11666666667
40277.03333333333
45913.45
52694.916666666664
50686.9
50171.65
39938.8
39177.75
44980.26666666667
45290.48333333333
49263.95
54538.0
52264.833333333336
60244.03333333333
54889.6
59293.666666666664
60613.3
56694.2
59540.666666666664
61079.433333333334
59841.63333333333
55658.333333333336
58763.4
50569.46666666667
48558.7
46379.833333333336
50097.666666666664
54197.36666666667
54688.833333333336
60903.333333333336
60844.86666666667
59109.666666666664
59857.9
59564.96666666667
57867.26666666667
58291.73333333333
56322.5
53706.46666666667
52727.3
50975.3
53236.0
54496.3
55250.23333333333
55493.4
55753.5
57240.46666666667
52903.4
52401.8
49897.566666666666
53264.86666666667
60670.86666666667
54568.066666666666
55835.4
57534.4
52999.7
56973.0
55102.1
56573.8
57379.5
53121.0
53458.26666666667
53413.2
55464.13333333333
58426.9
62397.4
58942.333333333336
60482.36666666667
57003.6
56314.03333333333
49380.7
51336.3
54301.63333333333
53784.36666666667
48045.6
52818.23333333333
58027.9
58264.1
52515.53333333333
55192.433333333334
53821.76666666667
54246.63333333333
52104.0
54639.9
52326.96666666667
49200.03333333333
50408.63333333333
49435.2
46139.46666666667
43627.26666666667
45598.46666666667
45065.26666666667
43716.36666666667
44870.96666666667
43136.2
40377.4
44148.0
42461.2
45494.36666666667
46224.26666666667
44521.433333333334
44082.7
44386.433333333334
41552.833333333336
39765.96666666667
42955.7
48406.166666666664
48609.833333333336
51163.6
48467.333333333336
47037.566666666666
46901.73333333333
45780.933333333334
44319.0
44691.46666666667
43864.9
46939.666666666664
47645.63333333333
46573.73333333333
46344.6
46442.76666666667
44872.13333333333
44242.2
43904.933333333334
46250.03333333333
49408.03333333333
49061.63333333333
51054.2
50773.6
49754.933333333334
45977.73333333333
43575.76666666667
43655.1
40858.6
38057.333333333336
35543.333333333336
37229.73333333333
35349.76666666667
39110.13333333333
44515.86666666667
44628.066666666666
46799.96666666667
45147.76666666667
41160.2
43491.26666666667
41837.03333333333
41234.5
43774.166666666664
47501.46666666667
46042.76666666667
42355.46666666667
40764.5
40984.1
42732.5
41769.76666666667
41655.26666666667
43164.73333333333
42468.566666666666
41260.3
41095.666666666664
43024.53333333333
40419.666666666664
38681.7
36486.8
36137.5
38262.166666666664
37446.433333333334
36420.6
36783.26666666667
35898.933333333334
37631.76666666667
37851.36666666667
36890.23333333333
38391.73333333333
37405.23333333333
37503.03333333333
35585.23333333333
35159.76666666667
35770.666666666664
35328.8
34792.6
35036.7
33975.166666666664
34792.1
34629.7
34411.36666666667
33874.96666666667
33613.433333333334
34549.36666666667
34315.5
34630.9
35035.63333333333
35783.166666666664
34639.4
34942.53333333333
34989.8
35312.13333333333
36116.833333333336
36157.433333333334
35517.4
35804.7
35963.333333333336
36340.0
35682.2
34043.566666666666
34558.9
34869.03333333333
35225.066666666666
35370.23333333333
34939.26666666667
35254.166666666664
35871.7
34957.96666666667
35466.2
36355.2
37051.36666666667
37276.23333333333
37076.1
34549.7
33664.76666666667
34061.666666666664
35097.7
35274.03333333333
35510.933333333334
35182.23333333333
35023.833333333336
34981.03333333333
35837.9
36236.03333333333
36410.066666666666
36694.933333333334
34840.2
34590.46666666667
33813.6
34456.2
34517.5
34091.1
34010.3
35444.833333333336
34629.0
35983.46666666667
36540.3
35634.2
35091.6
35042.0
34474.46666666667
36403.2
36385.86666666667
35840.2
33770.13333333333
33476.3
33014.2
32940.9
34120.13333333333
35215.63333333333
35065.333333333336
34763.6
35272.6
33778.833333333336
33195.23333333333
33028.9
34243.4
34436.433333333334
35102.433333333334
32779.0
33248.066666666666
32988.566666666666
32231.0
32293.2
32186.6
32743.7
33122.433333333334
32450.433333333334
32415.666666666668
33274.9
34709.36666666667
