286258.9625
271464.22142857144
318034.1142857143
235496.61428571428
294227.6142857143
187383.8
234313.80714285714
270200.79285714286
219786.15
173737.26428571428
172226.17857142858
170221.30714285714
145108.42857142858
151277.4714285714
145552.88571428572
143073.27142857143
148575.0
141328.12857142856
147483.05
139731.85714285713
140817.04285714286
133924.3
147581.48571428572
149703.64285714287
141665.3142857143
150795.2142857143
133813.41428571427
133955.01428571428
140661.55714285714
141304.58571428573
137707.85714285713
124013.71428571429
135191.0
126074.21428571429
135704.24285714285
131506.72857142857
128714.14285714286
138931.58571428573
126700.75714285714
140398.3142857143
133099.22857142857
136375.37142857144
132643.94285714286
123373.9857142857
119337.77142857143
129588.37142857142
116570.77142857143
115550.75714285714
117217.37142857142
130248.4857142857
130399.61428571428
123456.85714285714
113606.8
115595.5142857143
121137.21428571429
112283.87142857142
129494.41428571429
114655.92857142857
105644.94285714286
106320.67142857143
110068.24285714286
106674.38571428572
111406.17142857143
96699.47142857143
105918.28571428571
93199.2
108892.16428571429
107224.9857142857
108376.75
96927.8
100320.27142857143
92712.07857142857
105719.12142857142
103979.7
109501.45714285714
90890.42142857143
84871.32857142857
98923.71428571429
95641.45
107657.27142857143
104499.65714285715
117490.28571428571
123409.85714285714
117949.38571428572
97966.55714285714
106174.12857142858
112348.2357142857
111592.42857142857
94246.4857142857
106829.7
103336.18571428572
114748.6
98062.38571428572
83808.59285714285
99257.7
113158.67142857143
106512.92857142857
99815.74285714286
82933.75714285714
96654.0
102176.57142857143
109075.31428571428
98213.94285714286
93806.61428571428
82876.12857142858
87203.94285714286
85190.1
88193.70714285714
88130.3
118643.67142857143
95071.67142857143
100470.78571428571
77318.38571428572
84046.13571428572
80842.05714285714
97928.64285714286
93042.9857142857
109601.97142857143
92166.32142857143
83273.95
81274.02142857143
95478.65
107023.17857142857
107349.45
110188.16428571429
97452.35
97294.29285714286
105577.62142857142
90773.5142857143
96605.77142857143
95852.85
95592.35
102945.77142857143
105327.4857142857
109652.4
96967.38571428572
96995.96428571429
104592.58571428571
116935.82857142857
117197.27142857143
95731.21428571429
93353.87142857142
112735.56428571428
116583.39285714286
113512.30714285714
95792.45714285714
99621.72857142857
104382.14285714286
112962.95
98218.81428571428
114943.28571428571
99628.67857142857
102841.32142857143
94939.4
89313.94285714286
101405.95714285714
104137.62142857142
106758.92142857143
118825.90714285715
102568.07857142857
87090.49285714286
84955.17142857143
87237.12857142858
88561.49285714286
87956.77142857143
85682.95714285714
89206.17857142857
81950.83571428571
99277.83571428571
88211.02857142857
75941.02142857143
79432.33571428571
73847.95714285714
84568.27857142857
85943.93571428572
81836.94285714286
88654.40714285715
85577.6
82667.67857142857
89053.03571428571
82044.25714285714
93935.9
80174.80714285714
79950.65714285715
75269.05714285714
73561.12857142858
72961.12857142858
71520.47857142857
71029.52857142857
77454.81428571428
74333.07857142857
62759.142857142855
69365.42142857143
67929.64285714286
65247.05
60132.02142857143
63491.93571428571
67942.78571428571
65054.20714285714
62661.75
59133.514285714286
66922.24285714286
59003.52857142857
66382.36428571428
68517.67142857143
68630.84285714285
69876.08571428571
61946.135714285716
73127.63571428572
75690.64285714286
71085.37142857142
71096.67142857143
70239.83571428571
65609.39285714286
64187.264285714286
64566.392857142855
70542.10714285714
68878.43571428572
72001.52142857143
67820.08571428571
75782.31428571428
68641.91428571429
71072.75
63206.90714285714
65113.02857142857
60789.142857142855
59921.357142857145
57605.77857142857
63000.83571428571
69204.07142857143
65607.85
65163.5
57126.81428571429
59341.09285714286
64774.385714285716
62881.56428571429
68407.06428571428
72002.30714285714
68363.32142857143
69538.18571428572
63816.93571428571
72181.78571428571
75532.30714285714
70856.5142857143
68596.53571428571
74973.09285714285
73099.54285714286
67615.52857142857
72302.78571428571
60143.31428571429
62925.45714285714
70797.14285714286
68889.80714285714
68230.07142857143
66878.62142857142
75740.29285714286
75589.44285714286
73536.33571428571
76402.06428571428
71414.03571428571
71348.9
71326.46428571429
66988.03571428571
66970.45714285714
70108.95714285714
66464.99285714286
71937.0
69850.77142857143
68093.62857142858
65708.58571428571
68728.89285714286
70745.9857142857
65986.05
67124.32857142857
66818.91428571429
72108.07142857143
75273.86428571428
71229.47142857143
72655.40714285715
72159.11428571428
69823.57857142857
73953.5
66080.2357142857
75338.32857142857
73874.31428571428
66455.82857142857
69010.9
65528.985714285714
70284.9
72766.69285714286
70168.9
68540.04285714286
69209.57142857143
64705.16428571429
69678.30714285714
59000.87142857143
66573.58571428571
66325.68571428572
66910.17857142857
63221.22857142857
67652.74285714286
71185.42857142857
73291.27857142857
59822.55714285714
68363.99285714286
64665.22857142857
65412.21428571428
68313.35714285714
69721.34285714285
66906.20714285714
66806.6
62700.97142857143
59009.62142857143
65466.22857142857
56846.921428571426
56228.72857142857
59971.78571428572
55467.34285714286
60993.671428571426
58014.44285714286
55416.114285714284
59502.43571428571
55539.1
58877.328571428574
56293.66428571429
60452.671428571426
58454.985714285714
63757.42857142857
60048.642857142855
52026.82142857143
58527.25
64204.27142857143
64221.8
65468.18571428571
61873.114285714284
63204.3
57643.37142857143
64840.12857142857
54312.94285714286
67362.82857142857
59497.27857142857
62676.21428571428
64023.07142857143
61388.68571428571
66099.58571428571
59925.65714285714
60133.642857142855
60060.828571428574
58135.71428571428
60474.671428571426
62609.47142857143
59307.34285714286
65027.34285714286
62233.3
63938.514285714286
56848.68571428571
57499.68571428571
53560.44285714286
59911.44285714286
56284.24285714285
52343.74285714285
51814.22857142857
51916.114285714284
57614.75714285715
60391.97142857143
60580.514285714286
57896.28571428572
57512.34285714286
58565.0
56130.52857142857
54203.014285714286
55759.357142857145
57987.24285714285
53940.828571428574
61090.014285714286
54167.642857142855
58790.9
53016.3
61242.485714285714
64463.25714285715
58269.3
60010.07142857143
56684.6
56723.75714285715
54522.15714285714
58832.08571428571
56572.77142857143
54826.21428571428
53473.642857142855
49883.671428571426
55324.81428571429
52717.56428571429
53363.2
54215.107142857145
55521.614285714284
53546.45714285714
53736.03571428572
53295.642857142855
49839.78571428572
53458.385714285716
54213.05714285714
51641.6
50302.87142857143
48251.78571428572
52164.22857142857
50723.15714285714
49699.864285714284
50313.45714285714
49136.7
53443.62142857143
52696.1
56525.114285714284
48710.12142857143
52100.41428571429
55293.25
48321.357142857145
54771.30714285714
51025.9
46096.014285714286
54191.41428571429
49545.114285714284
57245.328571428574
51341.357142857145
57282.78571428572
54669.6
52830.25714285715
48565.3
52342.91428571429
54242.18571428571
51457.37857142857
51843.84285714286
52796.892857142855
49946.6
51489.864285714284
49465.32142857143
50542.607142857145
48869.46428571428
52889.57142857143
46893.43571428571
55081.9
51294.642857142855
54424.72857142857
46525.392857142855
48991.17857142857
52787.857142857145
46527.55714285714
51924.02142857143
51580.364285714284
52201.921428571426
48398.69285714286
48326.078571428574
47441.885714285716
51118.83571428571
50021.95714285714
54221.90714285714
54581.87142857143
50809.80714285714
52000.62857142857
46683.6
49754.06428571429
51029.1
51931.235714285714
55062.31428571429
52462.828571428574
48502.06428571429
58481.642857142855
50151.95
52452.94285714286
48894.29285714286
52593.08571428571
47565.6
50759.71428571428
49433.42857142857
52014.93571428571
45351.50714285715
53959.328571428574
49926.52857142857
48674.52142857143
48615.8
51372.55714285714
49692.05714285714
53868.25714285715
50830.99285714285
49320.864285714284
51694.22142857143
51696.642857142855
51409.12857142857
53157.58571428571
49747.18571428571
48086.885714285716
43797.70714285714
48513.5
50369.264285714286
42050.74285714285
44928.87857142857
48551.97142857143
48122.58571428571
45838.80714285714
48208.33571428571
49768.607142857145
