437940.0
437940.0
432506.0
432506.0
401168.0
428038.0
427788.0
398028.0
398028.0
332322.0
332322.0
329592.0
171886.0
169990.0
169990.0
168066.0
167556.0
167556.0
162680.0
162680.0
162680.0
162680.0
161480.0
180484.0
162560.0
162560.0
162560.0
162560.0
162560.0
164550.0
164550.0
164550.0
150414.0
150414.0
155794.0
156456.0
155794.0
155794.0
155794.0
155794.0
154012.0
154012.0
143378.0
144884.0
143378.0
143378.0
142408.0
143556.0
143556.0
143556.0
143556.0
143556.0
143556.0
143556.0
143556.0
143556.0
143556.0
149176.0
149176.0
149176.0
149176.0
149176.0
149176.0
149176.0
149176.0
149176.0
149176.0
149176.0
149176.0
149176.0
149176.0
149176.0
149176.0
149176.0
149176.0
149176.0
149176.0
149176.0
149176.0
151884.0
151884.0
151884.0
148054.0
148054.0
148054.0
148054.0
148054.0
148054.0
148054.0
148054.0
148054.0
145846.0
145846.0
145846.0
145846.0
145846.0
139320.0
139320.0
139410.0
139410.0
139410.0
139410.0
139410.0
139410.0
139410.0
139410.0
139410.0
139320.0
139320.0
139320.0
137142.0
137438.0
137142.0
137142.0
137142.0
137142.0
137142.0
136042.0
136042.0
136042.0
143538.0
143538.0
143538.0
143538.0
138042.0
138042.0
138042.0
122298.0
122298.0
122298.0
122298.0
122298.0
122298.0
122298.0
122298.0
122298.0
122298.0
123448.0
123448.0
123448.0
123448.0
123448.0
123448.0
123448.0
123448.0
123448.0
123448.0
123448.0
122508.0
122508.0
122508.0
122508.0
122508.0
122508.0
122508.0
122508.0
122508.0
122508.0
122508.0
120544.0
120544.0
120544.0
120544.0
120544.0
120544.0
120544.0
120544.0
120544.0
117944.0
117944.0
117944.0
117944.0
117944.0
120544.0
120544.0
120544.0
120544.0
120544.0
120544.0
120544.0
120544.0
115904.0
90736.0
90736.0
90736.0
91566.0
90736.0
95654.0
90736.0
90736.0
72070.0
69728.0
64190.0
64190.0
64190.0
64190.0
64190.0
64190.0
64190.0
64190.0
75628.0
75628.0
75628.0
75628.0
75628.0
75628.0
75628.0
75628.0
75628.0
75628.0
75628.0
75628.0
66168.0
66168.0
66168.0
66168.0
66168.0
66168.0
66168.0
66168.0
66168.0
66168.0
66168.0
66168.0
71768.0
71768.0
71768.0
71768.0
71768.0
71768.0
71768.0
71768.0
71768.0
71768.0
69938.0
69938.0
69938.0
69938.0
69938.0
75578.0
75578.0
75578.0
75578.0
75578.0
75578.0
75578.0
75578.0
75578.0
73078.0
73078.0
73078.0
73078.0
73078.0
73078.0
73078.0
73078.0
73078.0
73078.0
73078.0
73588.0
73588.0
73588.0
73588.0
73588.0
75202.0
75202.0
75202.0
75202.0
75202.0
75202.0
75202.0
75202.0
75202.0
75202.0
75202.0
75202.0
73588.0
73588.0
73588.0
73078.0
73078.0
73078.0
73078.0
73078.0
73078.0
73078.0
73078.0
73078.0
73078.0
73078.0
73078.0
73078.0
73078.0
73078.0
73078.0
73078.0
73078.0
73078.0
73078.0
73078.0
73078.0
73078.0
73078.0
73078.0
73078.0
73078.0
73078.0
73078.0
61938.0
61938.0
61938.0
61938.0
59054.0
59054.0
59054.0
59054.0
59054.0
59054.0
59054.0
57530.0
57530.0
57530.0
57530.0
61640.0
61640.0
61640.0
61640.0
59630.0
59630.0
59630.0
59630.0
59630.0
59630.0
59630.0
57530.0
57530.0
57530.0
57530.0
57530.0
57530.0
57530.0
57530.0
57530.0
57530.0
57530.0
53538.0
53538.0
53538.0
53538.0
53538.0
53538.0
53538.0
53538.0
53538.0
53538.0
53538.0
53538.0
53538.0
53518.0
53518.0
53518.0
53518.0
53518.0
53518.0
53518.0
53518.0
53518.0
53518.0
53518.0
53518.0
53518.0
53518.0
53518.0
53518.0
53518.0
53518.0
53518.0
53518.0
53518.0
53518.0
53518.0
53518.0
47898.0
47898.0
47898.0
47718.0
47718.0
47718.0
47718.0
47718.0
47718.0
47718.0
47718.0
47718.0
47718.0
47718.0
47718.0
47718.0
47718.0
47718.0
41230.0
41230.0
41230.0
41230.0
41230.0
40660.0
40660.0
40660.0
40660.0
40660.0
40660.0
40660.0
40660.0
40660.0
40604.0
40604.0
40604.0
40604.0
40604.0
40604.0
40514.0
40514.0
40514.0
40514.0
40514.0
40514.0
40514.0
40514.0
40514.0
40514.0
40514.0
40514.0
40514.0
40514.0
40514.0
40514.0
40514.0
40514.0
40514.0
40514.0
40514.0
40514.0
40514.0
38894.0
38894.0
38894.0
38994.0
38994.0
38994.0
38994.0
38994.0
38994.0
38994.0
38994.0
38994.0
38754.0
38754.0
38754.0
38754.0
38754.0
38754.0
38754.0
38754.0
38754.0
38754.0
38754.0
38754.0
38754.0
38754.0
38624.0
38624.0
38624.0
38624.0
38624.0
38624.0
38624.0
38624.0
38624.0
38624.0
38624.0
38624.0
38624.0
38624.0
38624.0
38624.0
38624.0
38624.0
38624.0
35092.0
35092.0
35092.0
35092.0
35092.0
35092.0
35092.0
39324.0
39324.0
39324.0
39324.0
39324.0
