36.00006849603777
41.67117548972146
42.635955649419216
42.03679808115617
43.585697769185565
41.80369268758066
40.107696908858856
44.32982567771023
43.21610834652074
44.08104513518054
46.24946964331294
41.44342534745299
47.398265629522164
45.953855892731845
43.755402241046035
42.31898120072771
45.187597172108305
43.707723072907214
41.853200129101026
43.830237748542295
43.067656780955744
44.60798612356825
43.18461802132512
44.60798612356825
45.616076099270515
44.159817924871476
42.568557928122964
41.04080407483738
43.804384729522425
42.72407160007529
42.72407160007529
42.73123898718289
44.474670379729424
47.18992713039067
44.0707652913095
45.236303114263194
43.20806546937003
48.34098018265414
44.03853015701429
43.94194765370721
43.60127213489296
46.82191573861708
44.9719821504436
45.10309439531712
47.7024911181947
42.878330395208984
50.851199378592085
44.072353359881504
43.66093885755238
46.924483921481986
46.60921279080738
45.15530625630183
45.31146342015929
45.433663585542696
44.619840672728905
45.7880685966391
45.95265403117341
47.466146373863594
44.83363808398343
44.0585191836265
44.431630500732446
48.5542321719277
46.69846345370613
48.84271117764769
45.325433502689314
44.53136517765
49.09769398048605
51.45946292334036
47.62937440325459
47.98713797707666
44.213579552273465
47.14727879164183
48.35982521689571
50.47153893325882
46.60410300437923
46.25953372640234
45.65649077285605
47.82626552022106
48.11599442235191
45.02015380212741
45.292924661961024
47.132632582778
49.034957528855195
47.09391212812351
50.41088994767292
49.07786741739849
48.418015707645466
45.438685263540215
48.169565833739604
48.44365839588522
46.131856786660435
48.05061881098598
46.05329180460285
48.495127698657825
48.66387898667607
46.918244868411826
45.9537522446602
49.81675392670158
50.26362918866455
50.90526272789013
46.12088134222762
51.94452224059972
49.46323529411765
46.69829222011384
50.089330861284346
50.216872773986815
50.16429294389822
49.06960512051324
47.175326112386266
46.338442643593694
48.116369028745936
43.05710958697404
46.504944846622934
47.638184131274315
47.785050640328116
52.34443972141387
49.04912046651721
45.5674105437891
47.22833378052052
49.946517790598186
44.10995429958874
46.97799199277421
48.14305477511937
47.37372599103497
50.617011536650196
45.22431148517574
50.48695793474728
52.21924084463722
49.39901068325919
45.83467560079892
45.72112000927959
47.99186613708948
49.50062701912616
48.97771605497355
50.83090055543613
45.148381260493245
49.46756448591215
49.93802706151648
49.34015433678224
46.974141891448454
46.86702628649713
48.549124286167796
47.29870448553794
50.06157505471384
50.69631595507462
48.319195140986054
46.472822717445005
49.693010155318625
46.13873103610085
51.15790853686936
46.68824108556997
51.2935124117736
49.43240454076368
50.61977149294521
45.58846267613208
50.11179726469959
51.114651914487844
44.526849812234516
50.50121473254721
50.63010127623389
52.65205984796254
51.24492834543086
49.52257221760768
50.618578684816775
47.04970136928424
44.85167079326409
50.82482779562128
47.766956672293645
49.71251851206551
49.93328559171458
47.88806333935085
44.396283218618805
48.209080579022775
50.2606378742833
48.38943927780561
47.785568830439274
51.253600558977865
51.616813521575416
51.14570637119113
48.22459080360627
48.61446674227109
50.596938477351394
45.393246468915805
48.57207027927738
51.56597803833984
51.012461739125875
46.06073418064691
52.26221516834826
45.4264364471942
51.38378080176536
46.054414385971846
48.76966641435986
46.54634581105169
49.94791096483019
46.89708567297536
48.008125649956824
46.79399032340209
46.43757987746758
47.73407612611242
48.888648882168695
50.061685748124745
50.21842781455548
42.614475842150334
46.59842207866426
48.7152523054932
46.09973412918777
49.76982965272916
51.898573937749774
50.385507698537296
46.59842207866426
46.740493104889254
49.52273031568704
44.78350298771882
48.119049260313496
46.7277989139271
47.79585667851316
51.53908039312324
50.08096359447711
47.65803108808289
46.823451430521516
50.978725012281295
47.899335503190606
47.75421498339248
50.671524628397385
50.81096196868009
47.519419384970874
50.80113051057872
52.70401924821521
49.495993624477734
51.06897728148146
49.956042899382886
46.616855697502885
51.82752168863229
47.26982219738201
49.3016809537043
50.32224532224531
47.21192665505461
49.37996125773357
48.047303887979744
48.12332415732244
52.28159788525925
49.85729981890326
49.06072581301834
49.548135567696
47.48806891119856
51.2346685032043
50.239315057075615
41.57181571815719
48.40045094470909
51.79694989106754
50.5606480570171
48.81234308063273
51.095833602123285
50.80980117476468
49.24405037986244
53.57673982165713
49.22132917645073
49.235147821213396
52.54707233065442
50.55523106479103
48.83406579695278
49.1062877914089
43.5072931611669
49.79635640707607
47.75285093343115
49.74292802317643
48.19541431412965
50.5606480570171
46.80420111017931
41.27281170509916
46.15000480169021
53.760836113777295
47.027527623427225
50.70334144586796
50.168994750217976
51.056015953074336
50.49797977198446
50.62659042701599
51.06613730657097
47.58785339334462
46.21081187682169
52.16041777761433
49.80320366132723
50.97530604370549
50.19455049967662
51.88249448131595
48.7743037735109
41.482266996583014
49.090785216598
45.74753762878143
45.87397779796942
53.974844232225
45.306068251228254
43.071952027130294
49.94353462681841
49.39863440431155
52.09685570206407
53.362453095684806
48.612272425409216
52.60097694003168
51.114292022933014
50.90644209800209
51.35366161506254
51.986059501003986
47.170724913685326
48.98753868681697
46.604638972611724
47.972974110855326
53.12699200972471
47.490051118104454
51.90762605711575
49.04037126299209
48.81686102116092
50.645792192009736
49.2663621244974
52.59793550388605
44.85483495961179
46.95145631067961
50.30583485742276
51.07569046648378
50.11648745519714
48.93350236336499
51.81867825937982
49.99652340789465
46.374645375699124
51.28611636240512
48.22429545871161
48.40948398537558
53.21142476113857
49.25742358649165
50.23738105783039
45.90062413876956
52.982574095914124
48.00927167735373
52.26298324694965
51.34160595683655
50.716771974949665
47.979405733234444
50.54269094475028
47.62580117278058
47.1175881373531
51.09920224103283
46.22309800677923
45.243463415539345
44.754783208706144
51.18767764964115
51.87000806851577
49.72881474242635
48.986533591442196
48.86070583819499
44.46821152703505
46.91834446076236
40.65694962528688
52.503431051889955
51.21690029418
47.414361502490294
50.958882666017324
51.55787830947066
52.72826757848739
46.824031600407736
49.72293322556019
45.26100148212526
52.18793621057754
48.36638621794872
52.122194932708595
46.97484506015311
49.8320890886307
51.36653982060342
45.463264087077725
50.70411154125866
47.93952810856631
50.697810039191815
51.48319396030126
53.10511458331372
52.974840652697985
51.277418233939976
53.93777992979057
51.13967113967114
50.30352879520178
51.17246402272094
47.75472334682861
43.98774813895781
51.19062141216992
53.47128460281821
49.746066861639825
49.1289281266151
54.84335261204574
55.257896234468376
51.19328516594381
52.04835531951346
52.496059414095235
49.06342239675572
49.06342239675572
49.4432209757235
50.38836624156954
51.46240793894489
53.67481904369787
51.50394359244511
47.831753454490205
51.13738701177413
48.760072259799195
