780012.6
673802.7
583053.3166666667
510046.65
531370.45
475926.23333333334
546302.2166666667
374509.15
414510.7833333333
464756.11666666664
455363.95
515034.3
450122.95
455161.2166666667
391219.63333333336
390297.86666666664
458403.18333333335
395411.43333333335
327760.6666666667
291576.4666666667
387968.15
329001.05
276822.55
267579.2
245251.98333333334
293814.0333333333
351992.8
292715.68333333335
316061.43333333335
302566.93333333335
327486.9666666667
292155.7
337165.6666666667
334564.2
395910.6
402203.26666666666
374317.23333333334
362206.86666666664
432802.65
363610.0
406146.65
355572.1666666667
372627.01666666666
359360.7833333333
343453.9
399779.26666666666
358382.23333333334
363322.55
400407.61666666664
389038.2166666667
377470.81666666665
405859.23333333334
405904.0333333333
394046.1
376686.45
399803.0
387257.85
410576.8333333333
405240.51666666666
389705.51666666666
420261.86666666664
390662.31666666665
398710.95
388540.11666666664
377542.43333333335
393260.31666666665
400931.36666666664
395240.86666666664
434647.4666666667
458677.35
478311.36666666664
456248.4166666667
429086.6
426290.9666666667
423642.86666666664
421456.63333333336
434690.38333333336
399448.01666666666
395196.48333333334
403204.88333333336
405973.68333333335
374198.5333333333
397216.45
387972.76666666666
358749.88333333336
394749.15
372321.25
387160.4166666667
357873.31666666665
365845.85
339587.0333333333
362118.81666666665
350523.26666666666
345699.45
350337.38333333336
369552.5
354335.15
363392.9
385985.0833333333
365105.38333333336
371315.11666666664
355091.45
368707.88333333336
370387.2
381832.05
361097.11666666664
357467.0
378601.9
395913.93333333335
380129.8333333333
410563.01666666666
390831.01666666666
409792.31666666665
344865.43333333335
369209.88333333336
344221.8
333008.15
363422.1
366427.86666666664
343614.51666666666
365609.5833333333
383688.61666666664
394797.35
416706.2
393858.23333333334
406448.7
395214.93333333335
362268.45
381023.0833333333
375189.68333333335
368720.3333333333
378520.0333333333
368117.55
379579.38333333336
354377.2166666667
360283.8333333333
354807.43333333335
365782.05
353764.81666666665
347398.6666666667
354725.95
344898.0833333333
343988.36666666664
331571.81666666665
326239.1
365422.13333333336
352344.55
325991.43333333335
336173.4
355078.7166666667
355429.5
358442.45
363883.7833333333
363980.31666666665
371136.25
373998.06666666665
381837.2
380252.45
393360.81666666665
395333.0833333333
394400.3333333333
382751.68333333335
390226.95
379512.43333333335
360649.1
332392.01666666666
349178.51666666666
351023.38333333336
358060.6
415640.05
415128.86666666664
429717.5
423904.95
417998.56666666665
414628.18333333335
401467.4
412638.93333333335
398298.7
395232.11666666664
385587.9166666667
405453.85
394762.5
397090.31666666665
382056.13333333336
405624.51666666666
377399.2833333333
386887.6666666667
356212.76666666666
372341.65
396445.01666666666
399131.55
362058.73333333334
391672.51666666666
361374.11666666664
372870.61666666664
377979.88333333336
408729.1
383266.3
395042.25
388407.01666666666
364446.48333333334
333909.4
378555.0833333333
350752.98333333334
374510.76666666666
384328.4
403291.6
409707.75
381834.1666666667
361705.98333333334
363589.98333333334
388699.11666666664
355879.75
378429.98333333334
389589.23333333334
386824.48333333334
367272.43333333335
368828.7166666667
378008.95
394498.0833333333
390910.1
409267.7166666667
422700.2166666667
420223.23333333334
395611.26666666666
394006.85
398948.68333333335
397793.93333333335
368438.25
362751.6666666667
362886.6666666667
383990.3
409865.73333333334
420500.05
422868.9
412506.13333333336
387074.05
395687.13333333336
399626.2
408481.86666666664
405101.2166666667
403545.65
405479.68333333335
395081.6
405090.56666666665
385340.2166666667
423298.5333333333
419859.35
409210.36666666664
390289.5
399124.9166666667
421063.81666666665
414563.63333333336
426639.73333333334
432073.38333333336
427311.7833333333
423836.2833333333
421072.55
401236.9
378323.2166666667
379843.5833333333
389640.55
358643.6
356424.61666666664
350856.75
377887.8333333333
362876.5833333333
363678.65
363678.65
362237.38333333336
352119.73333333334
355215.8
362116.0833333333
354411.5333333333
355022.5
354752.56666666665
383073.85
376542.01666666666
362445.7833333333
369535.93333333335
382742.8
374824.35
385369.9666666667
386037.56666666665
376804.43333333335
338619.1666666667
336266.0333333333
363962.05
364762.36666666664
369674.5
388680.9
376651.2
371835.11666666664
386529.6666666667
369352.01666666666
368999.31666666665
365300.25
346605.31666666665
379338.9
370773.11666666664
389683.6
380770.2166666667
373041.8
398067.1
398869.4666666667
392273.51666666666
399612.48333333334
391774.9666666667
383893.13333333336
399362.2833333333
401640.61666666664
418411.56666666665
433026.7833333333
404520.3
367765.26666666666
373735.93333333335
380933.0
380960.13333333336
379728.23333333334
388374.7833333333
401658.45
382231.38333333336
393103.4
393001.18333333335
398587.11666666664
389575.4666666667
378062.18333333335
377858.5
393636.26666666666
400053.88333333336
362965.8
364709.13333333336
349670.7166666667
356348.31666666665
355494.26666666666
363311.9166666667
382500.88333333336
368946.2166666667
378144.9166666667
368594.3333333333
379202.7166666667
385991.93333333335
378921.61666666664
377394.5
356022.65
340311.86666666664
370588.31666666665
386803.06666666665
385217.0833333333
381169.0
392356.6
399862.98333333334
412918.4
404697.98333333334
401513.45
403424.5833333333
412508.6666666667
380205.0
366273.11666666664
357484.7
367824.65
369232.18333333335
380305.63333333336
408913.86666666664
388150.0833333333
397145.18333333335
407402.2833333333
405791.9
415644.86666666664
426028.01666666666
411407.9666666667
431158.51666666666
420352.7166666667
378642.35
389434.4
411833.73333333334
336290.35
337347.68333333335
355224.88333333336
349050.2833333333
348427.48333333334
357832.5333333333
355840.15
365033.81666666665
369936.23333333334
370881.5
385236.48333333334
390501.65
371959.63333333336
373654.81666666665
384983.31666666665
384827.81666666665
373112.3333333333
356487.8
358712.05
381165.63333333336
381330.8
381325.8
371244.61666666664
380722.23333333334
390355.26666666666
