1362181.0
1268409.0
1054874.0
1032350.0
905455.0
914022.0
1029178.0
992625.0
916158.0
909421.0
871724.0
901426.0
908340.0
898436.0
1041657.0
946024.0
857224.0
943610.0
1072807.0
880364.0
1091309.0
951912.0
922837.0
969042.0
927779.0
927874.0
951330.0
976234.0
872392.0
974705.0
967522.0
991982.0
922871.0
938364.0
922351.0
941293.0
959947.0
921706.0
889171.0
932325.0
914021.0
915769.0
1007938.0
880536.0
1039428.0
952251.0
916104.0
879816.0
932732.0
979889.0
1005843.0
975618.0
938101.0
956459.0
907045.0
911581.0
954025.0
968842.0
968650.0
1069524.0
1067710.0
914980.0
1192291.0
930117.0
1090461.0
1094362.0
929919.0
968457.0
1003054.0
935098.0
885737.0
900234.0
888445.0
933470.0
997388.0
942763.0
1098065.0
912998.0
1035466.0
1139324.0
933679.0
916286.0
1047988.0
963333.0
936564.0
1045110.0
953110.0
917326.0
998142.0
874767.0
877110.0
1008555.0
890986.0
1036968.0
909514.0
935554.0
901608.0
1138839.0
875007.0
966521.0
810272.0
1012890.0
1025949.0
892785.0
928182.0
952101.0
937916.0
1055606.0
1038754.0
941326.0
1122730.0
1015907.0
1135034.0
1076492.0
1193736.0
997509.0
1032283.0
1070411.0
970205.0
1068172.0
862775.0
808536.0
955986.0
878471.0
1066555.0
861665.0
1016559.0
944137.0
995433.0
836150.0
904120.0
943385.0
911390.0
838194.0
1017940.0
922112.0
947030.0
1012119.0
1047859.0
1030574.0
855249.0
1016881.0
941866.0
819186.0
952865.0
850689.0
946394.0
888535.0
914767.0
929470.0
1011954.0
968120.0
874840.0
988812.0
1009161.0
966500.0
913981.0
891168.0
874942.0
863808.0
924957.0
891622.0
893877.0
885555.0
969965.0
878940.0
954835.0
970051.0
955106.0
1031876.0
1026097.0
861980.0
877178.0
998839.0
830503.0
893513.0
989518.0
987306.0
846283.0
905942.0
850167.0
966296.0
1056978.0
916089.0
851661.0
969750.0
934082.0
948842.0
857262.0
870166.0
959105.0
1004954.0
925333.0
947456.0
879954.0
973205.0
979243.0
834698.0
948774.0
994599.0
1031954.0
942961.0
814326.0
922546.0
999143.0
1041208.0
910708.0
890143.0
1016455.0
923960.0
965686.0
935620.0
899595.0
880360.0
1084611.0
986984.0
994719.0
988892.0
857031.0
852778.0
967790.0
893458.0
878349.0
930243.0
1125275.0
868014.0
1072080.0
1002491.0
868163.0
883067.0
1052861.0
990188.0
939458.0
917388.0
888480.0
912267.0
937409.0
971481.0
960285.0
839262.0
981816.0
858833.0
886249.0
927444.0
942063.0
980349.0
1000716.0
974008.0
917576.0
998737.0
950021.0
919233.0
937967.0
961731.0
872093.0
898555.0
861429.0
908788.0
952900.0
959677.0
1023200.0
1067302.0
1007081.0
906047.0
899007.0
1025760.0
974197.0
1026465.0
896380.0
1039368.0
1001709.0
843956.0
1036219.0
848192.0
951900.0
954185.0
907331.0
991028.0
926583.0
887918.0
969973.0
846733.0
965102.0
910565.0
912401.0
950558.0
887993.0
1106929.0
1009802.0
1017821.0
907282.0
911451.0
949652.0
897406.0
1014324.0
1076588.0
897654.0
954971.0
874149.0
1087780.0
999635.0
945532.0
999177.0
896739.0
1021463.0
964473.0
915259.0
1154690.0
1094718.0
880257.0
980513.0
937288.0
1050954.0
1094988.0
951008.0
1085057.0
1037602.0
1065601.0
1026399.0
923917.0
878770.0
1003142.0
958381.0
873320.0
812096.0
839001.0
895870.0
966453.0
933852.0
1041788.0
1196397.0
837127.0
1074218.0
919283.0
1017069.0
988304.0
927248.0
960410.0
894569.0
1011720.0
890412.0
938903.0
914930.0
948622.0
1110624.0
989436.0
1087300.0
969692.0
1109735.0
930253.0
972667.0
933316.0
980668.0
934333.0
991172.0
904639.0
893348.0
925422.0
869064.0
934354.0
890377.0
942955.0
1024940.0
1006723.0
942936.0
934144.0
957065.0
1053306.0
907452.0
972052.0
947714.0
1042893.0
972721.0
957543.0
1019417.0
1021397.0
959813.0
1000244.0
1078243.0
910252.0
875469.0
984087.0
964505.0
1204783.0
1001331.0
926923.0
1032452.0
897931.0
1059142.0
1021397.0
865403.0
1152593.0
963963.0
924770.0
975462.0
982184.0
934316.0
970579.0
1097388.0
1158829.0
998648.0
