2133705.0
1332720.0
1332720.0
1332720.0
1332720.0
1332720.0
1320095.0
1117800.0
1117800.0
1117800.0
1105600.0
1023305.0
1023305.0
1023305.0
963580.0
960640.0
960640.0
888940.0
888940.0
888940.0
888940.0
888940.0
883160.0
883160.0
364540.0
364540.0
364540.0
364540.0
144320.0
144320.0
141180.0
129235.0
124545.0
124545.0
116720.0
116720.0
53235.0
53235.0
53235.0
53235.0
53235.0
53235.0
53235.0
53235.0
53235.0
53235.0
53235.0
52265.0
52265.0
52265.0
52265.0
52265.0
52265.0
52265.0
52265.0
52265.0
52265.0
52265.0
52265.0
52265.0
52265.0
52265.0
52265.0
52265.0
52265.0
52265.0
52265.0
52265.0
52265.0
52265.0
52265.0
52265.0
52265.0
52265.0
52265.0
52265.0
52265.0
52265.0
52265.0
52265.0
52265.0
52265.0
43415.0
43415.0
43415.0
43415.0
43415.0
43415.0
43415.0
43415.0
43415.0
43415.0
43415.0
43415.0
43415.0
43415.0
43415.0
43415.0
43415.0
43415.0
43415.0
43415.0
43415.0
43415.0
43415.0
43415.0
43415.0
43415.0
40425.0
40425.0
40425.0
40425.0
40425.0
40425.0
40425.0
40425.0
40425.0
40425.0
40425.0
40425.0
40425.0
40425.0
40425.0
40425.0
40425.0
40425.0
40425.0
40425.0
40425.0
40425.0
40425.0
40425.0
40425.0
40425.0
40425.0
40425.0
40425.0
40425.0
40425.0
40425.0
40425.0
40425.0
40425.0
40425.0
40425.0
40425.0
40425.0
40425.0
40425.0
40425.0
40425.0
40425.0
40425.0
40425.0
40425.0
40425.0
40425.0
40425.0
40425.0
40425.0
40425.0
40425.0
40425.0
40425.0
40425.0
40425.0
40425.0
40425.0
40425.0
40425.0
40425.0
40425.0
40425.0
40425.0
40425.0
40425.0
40425.0
40425.0
40425.0
40425.0
40425.0
40425.0
40425.0
40425.0
40425.0
40425.0
29730.0
29730.0
29730.0
29730.0
29730.0
26930.0
26930.0
26930.0
26930.0
26930.0
26930.0
26930.0
26930.0
24380.0
24380.0
24380.0
24380.0
24380.0
24380.0
24380.0
24380.0
24380.0
24380.0
24380.0
24380.0
24380.0
24380.0
24380.0
24380.0
24380.0
24380.0
24380.0
24380.0
24380.0
24380.0
24380.0
24380.0
24380.0
24380.0
24380.0
24380.0
24380.0
24380.0
24380.0
24380.0
24380.0
24380.0
24380.0
24380.0
24380.0
24380.0
24380.0
24380.0
24380.0
24380.0
24380.0
24380.0
24380.0
24380.0
20880.0
20880.0
20880.0
20880.0
20880.0
20880.0
20880.0
20880.0
20880.0
20880.0
20880.0
20880.0
20880.0
20880.0
20880.0
20880.0
20880.0
20880.0
20880.0
20880.0
20880.0
20880.0
16040.0
16040.0
16040.0
16040.0
16040.0
16040.0
16040.0
16040.0
16040.0
16040.0
16040.0
16040.0
16040.0
13940.0
13940.0
13940.0
13940.0
13940.0
13940.0
13940.0
13940.0
13940.0
13940.0
13940.0
13940.0
13940.0
13940.0
13940.0
13940.0
13940.0
13940.0
13940.0
13940.0
13940.0
13940.0
13940.0
13940.0
13940.0
13940.0
13940.0
13940.0
13940.0
13940.0
13940.0
13940.0
13940.0
13940.0
13940.0
13940.0
13940.0
13940.0
13940.0
13940.0
13940.0
13940.0
13940.0
13940.0
13940.0
13940.0
13940.0
13940.0
13940.0
13940.0
13940.0
13940.0
13940.0
13940.0
13940.0
13940.0
13940.0
13940.0
13940.0
13940.0
13940.0
13940.0
13940.0
13940.0
13940.0
13940.0
13940.0
13940.0
13940.0
13940.0
13940.0
13940.0
13940.0
13940.0
13940.0
13940.0
13940.0
13940.0
13940.0
13940.0
13940.0
13940.0
13940.0
13940.0
13940.0
13940.0
13940.0
13940.0
13940.0
13940.0
13940.0
13940.0
13940.0
13940.0
13940.0
13940.0
13940.0
13940.0
13940.0
13940.0
13940.0
13940.0
13940.0
13940.0
13940.0
13940.0
13940.0
13940.0
13940.0
13940.0
13940.0
13940.0
13940.0
13940.0
13940.0
13940.0
13940.0
13940.0
13940.0
13940.0
13940.0
13940.0
13940.0
13940.0
13940.0
13940.0
13940.0
13940.0
13940.0
13940.0
13940.0
13940.0
13940.0
13940.0
13940.0
13940.0
13940.0
13940.0
13940.0
13940.0
13940.0
13940.0
13940.0
13940.0
13940.0
13940.0
13940.0
13940.0
13940.0
13940.0
13940.0
13940.0
13940.0
13940.0
13940.0
13940.0
13940.0
13940.0
13940.0
13940.0
13940.0
13940.0
13940.0
13940.0
13940.0
13940.0
13940.0
13940.0
13940.0
13940.0
13940.0
13940.0
13940.0
13940.0
13940.0
13940.0
13940.0
13940.0
13940.0
13940.0
13940.0
13940.0
13940.0
13940.0
13940.0
13940.0
13940.0
13940.0
13940.0
13940.0
13940.0
13940.0
13940.0
13940.0
13940.0
13940.0
13940.0
13940.0
13940.0
13940.0
13940.0
13940.0
13940.0
13940.0
13940.0
13940.0
13940.0
13940.0
13940.0
13940.0
13940.0
13940.0
13940.0
13940.0
13940.0
13940.0
13940.0
13940.0
13940.0
13940.0
