50.07694333338832
51.55214021547482
52.653366404636074
52.03305559512163
51.96247896546974
53.381892014644635
54.18994443943092
55.13645188469009
54.724586786138765
54.87696367021711
53.61575436621479
53.735276862968384
54.81782880114336
55.67126334368936
56.10595499219928
55.05272985681829
56.83417350728113
56.72872437279295
56.731135027531174
56.448965286205826
56.78739184116675
56.8638676706337
56.880772812891756
57.50617924566418
55.372916273124396
55.14599462805529
55.09673947056331
54.97596647384207
54.843917157437225
55.61990750224057
55.555032170551726
55.89215186965755
55.8217828072888
56.15514706032421
56.079668301334195
56.061166617933395
56.28417463515804
56.104205984285144
56.12418749433093
56.21986956936498
56.249709792584596
56.27133768693652
56.45311145903904
56.66778267450974
56.655667331413454
56.7758813351586
56.58616908475467
56.58647129851256
56.66724640844202
56.66724640844202
56.71269844868651
56.685043922743944
56.73262253899988
56.770528327310274
56.84969758978057
56.83142442437709
56.879372532696344
56.73995039365447
56.74557095637829
56.76854632811926
56.66364045810144
56.77486713125843
57.07737520477828
57.119338553355156
57.115679364609704
57.115679364609704
57.12322052646802
57.04206134750327
57.21667732135247
57.10856902200685
57.40640123886244
57.39959593063717
57.41371679921052
57.811144517962894
57.72841516910133
57.80950620141781
57.91843751418893
57.80634638879955
57.96933402594741
57.90429797295504
58.17794108916529
58.17972702148906
58.279397645877715
58.31532531695476
58.33515603292885
58.4465420383266
58.30956669332365
58.30956669332365
58.238262700484896
58.2528096404796
58.302335429075264
58.29484050048179
58.61116460737922
58.65575656191536
58.630615773237686
58.635010177048365
58.60489625634286
58.61067081976872
58.61067081976872
58.51552575316604
58.7067088307856
58.63124515846914
58.73607244954767
58.76175809983605
58.75689998000409
58.7561218874093
58.75643957121074
58.75643957121074
58.77241857186324
58.73388151999253
58.82701430864815
58.767175674103406
58.818733126707784
58.826748981449406
58.555642839345936
58.67041549383066
58.67041549383066
58.67041549383066
58.671489298633524
58.35097357102692
58.77127624289917
58.76980964857935
58.754077636822686
58.76835819266894
58.86962070713109
58.88184024551492
58.88184024551492
58.90947512325753
59.20254669728752
59.15066111417209
59.183122750420125
58.85747656047666
58.86274477210192
59.02506345268066
59.17526162921897
59.16752568126789
59.26728676207797
59.26728676207797
59.26728676207797
59.263689922918374
59.200717941832906
59.23255729292924
59.21270213871461
59.23853379435643
59.18521526602376
59.21288143328064
59.142646437517406
59.19495497099864
59.15354932828321
59.32325343130499
59.32325343130499
59.37833977340598
59.422576970649935
59.45556787024608
59.51607530631816
59.36505307562203
59.423261760427565
59.746518378675134
59.72639597738976
59.87031805858146
59.87330880565209
59.88423459208859
59.8884506813681
59.91561512007051
59.915461619807004
59.93704502849651
59.930397906489155
60.07835184761133
60.07835184761133
60.032622283792
60.032622283792
60.06519230355444
60.06519230355444
60.38463020608947
60.38463020608947
60.28674404360036
60.28674404360036
60.28674404360036
60.14308144033263
60.37999818231307
60.442759491494634
60.443853159070315
60.30101959239103
60.30101959239103
60.09917990749
60.09021039134522
60.076465882443166
59.775567767865894
59.875044876684726
59.875044876684726
59.875044876684726
59.96251765443984
59.98209883201789
60.18530510176195
60.36956293346009
60.14502797325457
60.192970886423936
60.22039701697685
60.22039701697685
60.37156412998147
60.30153588321933
60.28091417902257
60.1147817823981
60.10885985271186
60.202366256824234
60.221244938987255
60.24354556989173
60.23248996478278
60.26690851293479
60.26690851293479
60.26690851293479
60.26690851293479
60.27500880836654
60.27500880836654
60.2865199438524
60.2865199438524
60.31894815617501
60.258833788015544
60.42759001637212
60.448703287287834
60.48253457915489
60.58802346658298
60.65027077711284
60.65317675744295
60.5398278659213
60.5398278659213
60.46379869019198
60.46379869019198
60.46379869019198
60.437538976396525
60.41842453450583
60.47578596436555
60.47578596436555
60.47578596436555
60.480666058226305
60.630526140961464
60.635134926150975
60.779160740531246
60.6556821936455
60.77880631111013
60.666563173642544
60.70209853992636
60.77549296129639
60.76257251798118
60.79799841880818
60.6945346904861
60.6908698419427
60.6908698419427
60.6908698419427
60.58634511141713
60.48495876758504
60.490437425360554
60.35789956525154
60.36347867078822
60.64552912957339
60.6458864489504
60.557496970709295
60.55829497437812
60.57929526857119
60.57929526857119
60.507028004053176
60.57658839222954
60.60101762994217
60.6212214445334
60.6212214445334
60.6212214445334
60.659905411816496
60.708672411597135
60.68513671867331
60.54148255650506
60.540138855992346
60.540138855992346
60.540138855992346
60.61711041584488
60.72587981902287
60.844134756388385
60.844134756388385
60.844134756388385
60.83398179885701
60.84325769081356
60.80650439107431
60.662038797219495
60.66510378189675
60.66510378189675
60.72478495904936
60.76716460921067
60.76716460921067
60.76716460921067
60.712989495433554
60.712989495433554
60.870757929590525
60.76921019108552
60.77625819772506
60.66230661701828
60.676487426186796
60.75716504444931
60.872295591908575
61.06172128339847
61.06172128339847
60.93455341486616
60.93455341486616
60.93455341486616
60.91721290599819
60.941785133174506
60.916417431341884
60.88154654329443
60.88285705765655
60.88285705765655
60.88285705765655
60.83597164451753
60.83597164451753
60.93420410685712
60.887893553012454
61.03345309972595
61.03345309972595
61.03345309972595
61.03345309972595
60.7580061628782
60.913214613381015
60.913214613381015
60.848274256302645
60.824009162551114
60.95321616566059
61.04520719628579
61.10489376746457
61.022352665249
61.02637898733205
61.08147521444179
61.05754820307819
61.05754820307819
61.05754820307819
61.014161284040256
61.014161284040256
61.039431243342065
61.02017650750307
61.02017650750307
60.891472994439084
60.86955891291552
60.94520289506041
60.91055257363085
60.92256835908297
60.90567251860392
61.036511636947886
60.9766999531382
60.99944348250092
60.95396731264327
61.04310099321312
61.04675284468167
61.049216677887316
61.049216677887316
61.044409401869224
61.04753086871284
60.99824794086656
60.99824794086656
61.03492050139903
61.03492050139903
61.20398572692859
61.10135909036662
61.310575963592065
61.310575963592065
61.49643312004787
61.53293439788206
61.44791878783893
61.45113776322918
61.45113776322918
61.45113776322918
61.44149561389834
61.25921430013026
61.4866973718887
61.486756543935385
61.4952877808333
61.64157855058769
61.62159895862876
61.68404454257956
61.67953924789077
61.44411585875088
61.44411585875088
61.4470208460085
61.49761131666107
61.49761131666107
61.58477609342026
61.54918921099737
61.58346315422498
61.539927000580704
61.55912289493002
61.55912289493002
61.68900556815072
61.68900556815072
61.63369791798991
61.621086792247766
61.44967209932755
61.44967209932755
61.38974903829693
61.40101597617932
61.40101597617932
61.30486420759725
61.311345430350876
61.311345430350876
61.311345430350876
61.31659979173131
61.31659979173131
61.402484078994064
61.44515733504071
61.50042300125479
61.55980471488577
61.58629090035494
61.563941263278444
61.604946466464945
61.50618249987249
61.53287001818889
61.53657546239009
61.58117218470535
61.568611506444896
61.709340620262296
61.85544169052832
62.57591911158611
62.30449036375101
62.25332790798787
62.01000125874445
62.09541621790447
62.299512901317996
62.18628061831678
62.20200501257018
62.20200501257018
62.2255804657428
62.147206038411255
62.147206038411255
62.21977273428653
62.098327988533505
62.05921961400484
62.10509046022169
62.042393711198784
62.30559377663799
62.372879858011196
62.95416873216444
62.83613653421337
63.03386529340055
62.940763535938444
62.99927717502743
62.99927717502743
62.66980825894493
62.74925173644774
62.75033638219045
62.98203818746292
62.34157982914009
62.326376698998146
62.17579465243266
62.2933283985794
62.18712010279354
62.18712010279354
62.15969636260655
62.12516197795179
62.170472799377976
62.24380453246199
62.24380453246199
62.40206898928756
62.5123872212263
62.56975868932866
62.61588386290731
62.70272866720495
62.70272866720495
62.70272866720495
62.36011563338691
62.36011563338691
62.36323103505539
62.3652248298083
62.3652248298083
62.419453035017156
62.50328107371431
62.51408283075112
62.40811013532093
62.42504761164147
62.42504761164147
62.40711339868999
62.47068676570027
62.38140810730969
62.28559742186612
62.56944594453954
62.71986936169718
62.43199896485886
62.47780759902006
62.73539642716234
62.67107425591483
62.75912833625231
62.75912833625231
62.727898877273596
62.727898877273596
62.649884744962264
62.58298489763591
62.231653555039884
62.46664324655795
62.53012024981812
62.32972694242702
62.479531084873045
62.431401192150496
62.431401192150496
62.58420842779897
63.01384919951073
63.14994576057327
63.11800025948727
