872129.1125
773436.35
694645.6142857143
646310.55
597191.9
570569.7857142857
514076.1285714286
494733.1357142857
455059.1857142857
409551.8785714286
418768.5857142857
417967.6857142857
413939.4428571428
384603.8357142857
397163.6928571428
377729.3142857143
297912.6928571428
378190.3
339079.8785714286
369586.2642857143
321813.9142857143
418264.4285714286
303002.72857142857
311618.71428571426
351672.53571428574
305364.84285714285
318342.65714285715
309688.97142857144
330689.52857142856
304306.0
379946.17142857146
395992.96428571426
352709.3142857143
406319.42142857146
416192.5071428571
365863.0714285714
423300.67142857146
362390.8071428572
382763.5571428572
383155.6142857143
407099.27142857143
381274.10714285716
399225.95
448717.35
385578.65714285715
382374.1
410999.02857142856
413514.21428571426
372536.3214285714
408485.52142857143
387326.14285714284
414136.3642857143
385667.59285714285
387315.7571428571
439426.1357142857
378411.3785714286
400686.64285714284
381644.2428571429
419540.8357142857
356356.47857142857
392287.6285714286
337633.9928571429
396554.5071428571
347071.27857142856
389638.77142857143
391378.20714285714
372698.9928571429
357165.53571428574
385964.25
374837.8714285714
381424.5857142857
375397.3857142857
403856.70714285714
368363.35
398731.8214285714
362492.6928571428
389490.42142857146
341704.77142857143
351153.2642857143
383899.1642857143
334990.5857142857
373693.0571428572
294209.8857142857
367782.6642857143
323627.60714285716
350774.4285714286
365679.85
351032.25
348843.6357142857
334121.3642857143
350334.3357142857
346220.0642857143
356020.6785714286
402911.2428571429
366189.8142857143
383327.28571428574
393010.3
330946.40714285715
373035.72142857144
355042.3214285714
375087.27857142856
337576.75
352172.7428571429
364365.15714285715
361672.35714285716
371570.5642857143
351062.22142857144
375959.67142857146
355736.35
367663.0071428571
380397.8642857143
404059.60714285716
360976.1785714286
364869.5857142857
386444.0857142857
343849.3357142857
412732.0
373509.6
366815.6857142857
370010.79285714286
405088.25
356909.0
409141.9285714286
371333.6285714286
355884.6642857143
384066.25
352598.60714285716
360873.20714285714
376251.67142857146
404494.5142857143
369511.0571428572
412055.96428571426
380092.7571428571
405792.14285714284
365320.95714285714
365193.72857142857
351211.8857142857
408491.3357142857
360577.78571428574
399143.46428571426
374057.6642857143
341732.05
394884.3357142857
344470.52142857143
398776.7428571429
359924.2357142857
393442.1928571428
360034.59285714285
429119.7357142857
341573.67142857146
351598.2
354549.77857142856
393845.1857142857
335051.25
387193.1642857143
344948.1357142857
338196.8714285714
352338.8142857143
388869.6357142857
361512.27142857143
330250.5857142857
399430.1214285714
324422.28571428574
366169.20714285714
362962.02142857143
384921.1285714286
348749.1357142857
312454.4428571428
362586.32857142854
356634.04285714286
344988.71428571426
330577.46428571426
349736.9928571429
348935.02142857143
352831.52142857143
336021.4428571428
346335.8071428572
374130.46428571426
361414.77142857143
376444.05
330155.6285714286
323758.4142857143
301004.97857142857
374342.0571428572
329213.3142857143
349893.96428571426
355106.5
370711.8785714286
347381.65714285715
328919.3071428572
337195.6642857143
331870.77142857143
384577.59285714285
380952.15714285715
366964.2
390533.09285714285
374184.2
401087.8785714286
368532.7357142857
344536.07857142854
374594.65714285715
366052.5071428571
374778.1357142857
369340.15
359695.7571428571
394671.54285714286
395434.52857142856
406762.4142857143
409153.1857142857
393753.6
418791.2428571429
381785.15714285715
409558.35714285716
386267.0571428572
407715.8214285714
415608.8714285714
384792.35714285716
397636.2571428571
402615.59285714285
372017.1928571428
416023.1857142857
415956.75
355096.2642857143
367080.1214285714
384506.6142857143
372209.9357142857
367379.54285714286
351648.09285714285
404217.8714285714
395984.95714285714
384202.04285714286
382741.85
400272.35
379503.25
358592.46428571426
397651.3
383532.47857142857
406921.97142857144
356077.0857142857
339940.8785714286
408266.77142857143
377127.8357142857
386861.82857142854
392144.4285714286
345688.97142857144
347333.1357142857
412364.5
385013.0642857143
382068.64285714284
367125.3071428572
376465.85
397898.8857142857
369269.5071428571
369483.6
358455.15
373180.15714285715
379325.6214285714
364998.1
380996.77857142856
409616.0071428571
393589.2357142857
402063.72142857144
376618.3071428572
419868.02142857143
403410.78571428574
406167.72857142857
395675.1928571428
414963.02857142856
438476.4928571429
383685.17142857146
436326.29285714286
430045.35
419964.6
427729.79285714286
451500.34285714285
422790.85
424657.9428571428
469998.8785714286
447139.22857142857
429362.72142857144
410926.90714285715
448928.4357142857
429833.95
420315.1
456100.7
444605.3857142857
427394.8214285714
461108.72142857144
440237.54285714286
453928.22857142857
447678.95714285714
446647.7428571429
451395.0714285714
453755.8071428572
446770.4
471540.39285714284
464464.28571428574
455359.2
456447.65714285715
466202.1142857143
464736.3857142857
442597.27857142856
460027.7
427791.59285714285
470738.2
486700.09285714285
452199.1
456444.67142857146
445024.9
441373.4357142857
464283.27142857143
466221.27857142856
436915.90714285715
477814.0642857143
454122.54285714286
434515.2571428571
462019.45
459697.7428571429
477167.6214285714
460199.4142857143
439203.4928571429
425137.75
456341.9
436595.02142857143
438462.09285714285
411287.6785714286
446674.8857142857
432884.54285714286
429433.85
422486.52142857143
446612.4142857143
437560.6928571428
449065.5642857143
411608.9928571429
449622.4285714286
453607.85714285716
442245.2642857143
409817.97142857144
422875.59285714285
471431.0642857143
430772.4
457121.92142857146
469293.3357142857
424543.67142857146
435737.7642857143
417128.45
463124.85
420820.9928571429
442590.79285714286
427107.0071428571
431766.47142857144
441473.55
439190.45
430899.45714285714
432555.22857142857
438697.6
443196.1857142857
445014.72142857144
419642.15
450793.27142857143
422499.47857142857
427600.39285714284
457748.2357142857
453635.96428571426
444799.22142857144
418924.8142857143
455271.1928571428
434861.5071428571
448927.64285714284
444102.8142857143
452263.1357142857
418768.4285714286
428755.42142857146
423088.3357142857
428649.2
430467.0571428572
412128.7428571429
451553.25
421919.6857142857
457803.72857142857
430439.3857142857
422743.3071428572
408036.9857142857
421156.46428571426
425591.0
410353.71428571426
428881.20714285714
429160.8785714286
449399.4
446333.15
422845.1142857143
441562.02142857143
399872.15714285715
416068.8357142857
415768.35714285716
414165.4
430397.39285714284
422099.10714285716
420250.6642857143
427660.54285714286
423541.64285714284
410936.28571428574
401796.05
403931.97857142857
423728.42142857146
443781.64285714284
447543.52857142856
400774.5714285714
420181.1642857143
436865.9357142857
385965.32857142854
433045.7
396211.1142857143
382739.8857142857
429647.4928571429
387686.17142857146
389160.95714285714
401605.45714285714
388474.4142857143
406782.5714285714
406187.52857142856
392933.8714285714
384268.1
397609.7357142857
392479.9
408152.72857142857
390507.04285714286
406495.5857142857
397106.2
380459.7571428571
387446.1785714286
397274.55
408648.90714285715
390798.04285714286
393362.5714285714
391972.20714285714
407972.79285714286
399497.2428571429
390556.28571428574
394995.3857142857
391405.2571428571
376543.70714285714
375444.7571428571
387336.54285714286
403467.84285714285
382594.6642857143
396643.3785714286
412893.79285714286
391516.82857142854
394804.1214285714
375011.75
398332.78571428574
386202.6357142857
399008.6642857143
377751.60714285716
413209.8214285714
384544.10714285716
398790.90714285715
396921.35
394350.4285714286
396141.22857142857
362276.9142857143
402445.82857142854
391407.59285714285
386836.9928571429
374655.04285714286
370791.5071428571
403072.40714285715
369088.05
392521.20714285714
388663.55
373686.2571428571
377832.82857142854
388175.14285714284
379453.5
372603.14285714284
367918.97142857144
384402.45
382968.4
360425.4285714286
374708.15
379522.55
384522.1285714286
338378.22142857144
383404.6857142857
368577.07857142854
352401.89285714284
341868.90714285715
370744.5142857143
381948.6928571428
366563.14285714284
361826.77142857143
363426.72142857144
352788.7
376654.02857142856
368279.8785714286
379199.5071428571
379322.6214285714
361095.2357142857
373583.0642857143
377768.7642857143
