1198823.0
1090637.0
1089106.0
1073554.0
930934.0
958379.0
951690.0
961430.0
1044705.0
867189.0
940927.0
966493.0
879243.0
928639.0
981637.0
953041.0
968034.0
957596.0
992700.0
894678.0
1090471.0
1052190.0
830937.0
882595.0
922039.0
945304.0
910134.0
909199.0
867300.0
961929.0
908805.0
961972.0
943983.0
877241.0
911945.0
860090.0
959875.0
844835.0
878130.0
855975.0
817781.0
963354.0
907159.0
1002791.0
968266.0
944901.0
916487.0
1057640.0
930417.0
961418.0
928447.0
910396.0
970886.0
921260.0
866941.0
950958.0
966962.0
870142.0
927325.0
878898.0
807644.0
776131.0
789935.0
920143.0
836442.0
890488.0
774280.0
914394.0
861002.0
879442.0
941062.0
792651.0
766666.0
799264.0
960006.0
882094.0
907130.0
766137.0
748744.0
853286.0
985556.0
888816.0
736979.0
865576.0
876186.0
831205.0
899930.0
846849.0
854992.0
912522.0
864964.0
854424.0
856579.0
935271.0
1001852.0
933278.0
823866.0
924315.0
948389.0
872795.0
869009.0
915534.0
863147.0
899562.0
901633.0
755188.0
966363.0
883075.0
837762.0
922952.0
943688.0
996383.0
875913.0
1019872.0
929555.0
752909.0
846788.0
979489.0
941476.0
874056.0
1009101.0
952518.0
904159.0
892008.0
746538.0
960853.0
871057.0
967199.0
875980.0
954376.0
912557.0
872844.0
983243.0
895904.0
947747.0
695264.0
816945.0
981352.0
1016804.0
867091.0
919727.0
940531.0
839045.0
920199.0
901503.0
924781.0
960192.0
994838.0
899831.0
908871.0
932558.0
854178.0
939472.0
900192.0
946517.0
893930.0
950988.0
926963.0
909217.0
977500.0
908659.0
749310.0
998265.0
831187.0
832258.0
992041.0
935101.0
818828.0
924779.0
958885.0
852163.0
1039113.0
871896.0
981806.0
879585.0
985405.0
907920.0
980698.0
920225.0
877238.0
1049249.0
933304.0
805181.0
946503.0
861706.0
870229.0
1052390.0
952754.0
1033423.0
904248.0
968457.0
865270.0
1004969.0
887774.0
1033753.0
860032.0
951207.0
1030474.0
941525.0
850521.0
893689.0
1005887.0
890794.0
882569.0
1007054.0
830012.0
953897.0
901182.0
900674.0
1023200.0
1017122.0
847833.0
966824.0
851798.0
935453.0
946799.0
906154.0
972917.0
1009374.0
969615.0
945641.0
973638.0
1059520.0
888273.0
850789.0
907609.0
886331.0
894686.0
923852.0
1026229.0
940084.0
980848.0
948319.0
903977.0
814721.0
971250.0
847103.0
923326.0
999115.0
890336.0
957972.0
911014.0
999482.0
1029993.0
804505.0
794100.0
1044081.0
876729.0
1044194.0
1052853.0
889988.0
867935.0
1003091.0
937427.0
885070.0
1058015.0
1009894.0
996108.0
1066138.0
846912.0
1017856.0
916363.0
800984.0
954843.0
923332.0
991226.0
1000297.0
990572.0
914240.0
1007552.0
980202.0
955425.0
892425.0
999821.0
931842.0
892949.0
1027049.0
998273.0
1060693.0
966122.0
896286.0
971191.0
957251.0
914067.0
928978.0
1011388.0
926520.0
936857.0
935099.0
1068231.0
1091613.0
925205.0
843769.0
928104.0
1004438.0
965117.0
1027802.0
969319.0
980562.0
955261.0
945622.0
965510.0
994990.0
994176.0
1100484.0
917799.0
888310.0
927968.0
916243.0
897143.0
996684.0
898744.0
884202.0
958924.0
876382.0
987209.0
1098661.0
953895.0
1009933.0
938747.0
911282.0
1016222.0
991828.0
919553.0
944872.0
935148.0
984586.0
1050746.0
964257.0
992278.0
1009608.0
1010612.0
827288.0
826346.0
957390.0
1019815.0
953302.0
957749.0
891562.0
931225.0
1045979.0
1048514.0
1073925.0
942773.0
1031591.0
860325.0
971814.0
999606.0
1021758.0
1062305.0
984355.0
940212.0
1003697.0
876350.0
816211.0
956358.0
1057950.0
970191.0
961040.0
992353.0
878562.0
901764.0
954996.0
1022498.0
1028265.0
877338.0
941853.0
1055470.0
997568.0
924744.0
1001213.0
1101053.0
879174.0
917996.0
928418.0
908476.0
882133.0
927367.0
865617.0
962962.0
952791.0
1017579.0
905413.0
1054863.0
1029850.0
1000758.0
927431.0
871646.0
963973.0
1018967.0
1071089.0
1022544.0
951778.0
1005992.0
977818.0
859930.0
1009846.0
877886.0
924691.0
985870.0
961804.0
962534.0
934019.0
894706.0
1007602.0
955229.0
1029661.0
981970.0
988018.0
990481.0
938124.0
1106176.0
952891.0
921137.0
963153.0
901922.0
1007451.0
978355.0
877310.0
1007758.0
893936.0
952824.0
946493.0
932118.0
948256.0
880437.0
1019272.0
1074325.0
918743.0
946555.0
939666.0
958055.0
973514.0
936573.0
829848.0
1012164.0
979898.0
1097720.0
906306.0
996884.0
889417.0
994633.0
930101.0
895026.0
949719.0
877340.0
1020173.0
850923.0
936011.0
1081642.0
972609.0
971231.0
952988.0
940347.0
978881.0
972975.0
969641.0
936201.0
953331.0
950560.0
922342.0
947234.0
1005633.0
979607.0
901232.0
939728.0
934394.0
1017515.0
959004.0
976103.0
931243.0
927017.0
942720.0
1047083.0
979031.0
1002863.0
1068612.0
945651.0
1103243.0
919292.0
936203.0
946758.0
974780.0
815824.0
839299.0
940036.0
932526.0
931193.0
985236.0
1035517.0
995203.0
994027.0
1070524.0
932408.0
977529.0
972492.0
1077733.0
951996.0
873195.0
964055.0
975482.0
