53.94718976667738
56.69944801742037
58.009181438747255
58.95576598780646
58.95576598780646
62.6495019630653
62.6495019630653
62.6495019630653
62.6495019630653
62.6495019630653
64.71727570460975
64.71727570460975
64.71727570460975
64.71727570460975
64.71727570460975
64.71727570460975
64.71727570460975
64.71727570460975
64.71727570460975
64.71727570460975
64.71727570460975
64.71727570460975
64.71727570460975
64.71727570460975
64.71727570460975
64.71727570460975
64.88935850761654
64.88935850761654
64.88935850761654
64.88935850761654
64.88935850761654
64.88935850761654
64.88935850761654
64.88935850761654
64.88935850761654
64.88935850761654
64.88935850761654
64.88935850761654
64.88935850761654
64.88935850761654
64.88935850761654
64.88935850761654
64.88935850761654
64.88935850761654
64.88935850761654
64.88935850761654
64.8997131298964
64.8997131298964
65.43653846153846
65.43653846153846
65.43653846153846
65.44819390755914
65.44819390755914
65.44819390755914
65.44819390755914
65.44819390755914
65.44819390755914
65.44819390755914
65.44819390755914
65.60102301790282
65.85723419802703
65.85723419802703
65.85723419802703
65.85723419802703
65.85723419802703
65.85723419802703
65.85723419802703
65.85723419802703
65.85723419802703
65.85723419802703
65.85723419802703
65.85723419802703
65.85723419802703
65.85723419802703
65.85723419802703
65.85723419802703
65.85723419802703
65.85723419802703
66.33426196565583
66.33426196565583
66.33426196565583
66.33426196565583
66.33426196565583
66.33426196565583
66.33426196565583
66.33426196565583
66.33426196565583
66.33426196565583
66.33426196565583
66.67313664596273
66.67313664596273
66.67313664596273
66.67313664596273
66.67313664596273
66.67313664596273
66.67313664596273
66.67313664596273
66.67313664596273
66.67313664596273
66.67313664596273
66.67313664596273
66.67313664596273
66.67313664596273
66.67313664596273
66.67313664596273
66.67313664596273
66.67313664596273
66.67313664596273
66.67313664596273
66.67313664596273
66.67313664596273
66.67313664596273
66.67313664596273
66.67313664596273
66.67313664596273
66.67313664596273
66.67313664596273
66.67313664596273
66.67313664596273
66.67313664596273
66.67313664596273
66.67313664596273
66.67313664596273
66.67313664596273
66.67313664596273
66.67313664596273
66.67313664596273
66.67313664596273
66.67313664596273
66.67313664596273
66.67313664596273
66.67313664596273
66.67313664596273
66.67313664596273
66.67313664596273
66.67313664596273
66.67313664596273
66.67313664596273
66.67313664596273
66.67313664596273
66.67313664596273
66.67313664596273
66.78019552191736
66.78019552191736
66.78019552191736
66.78019552191736
66.78019552191736
66.78019552191736
66.79895871392034
66.79895871392034
66.79895871392034
66.79895871392034
66.79895871392034
66.79895871392034
66.79895871392034
66.79895871392034
66.79895871392034
66.84148653082055
66.84148653082055
66.84148653082055
66.84148653082055
66.84148653082055
66.84148653082055
66.84148653082055
66.84148653082055
66.84148653082055
66.84148653082055
66.84148653082055
66.99054621848741
66.99054621848741
66.99054621848741
66.99054621848741
66.99054621848741
66.99054621848741
66.99054621848741
66.99054621848741
66.99054621848741
67.28005504319616
67.28005504319616
67.28005504319616
67.28005504319616
67.28005504319616
67.49601530124325
67.49601530124325
67.49601530124325
67.49601530124325
67.78041651443185
67.96857873584216
67.96857873584216
67.96857873584216
67.96857873584216
68.06334490317866
68.06334490317866
68.06334490317866
68.06334490317866
68.06334490317866
68.06334490317866
68.06334490317866
68.06334490317866
68.06334490317866
68.06334490317866
68.06334490317866
68.06334490317866
68.06334490317866
68.06334490317866
68.06334490317866
68.06334490317866
68.06334490317866
68.1413749857485
68.1413749857485
68.1413749857485
68.1413749857485
68.1413749857485
68.16759776536314
68.16759776536314
68.16759776536314
68.16759776536314
68.16759776536314
68.16759776536314
68.16759776536314
68.16759776536314
68.16759776536314
68.16759776536314
68.16759776536314
68.85595542564852
68.85595542564852
68.85595542564852
68.85595542564852
68.85595542564852
68.85595542564852
68.85595542564852
68.85595542564852
68.85595542564852
68.85595542564852
68.85595542564852
68.85595542564852
68.85595542564852
68.85595542564852
68.85595542564852
68.85595542564852
68.85595542564852
68.85595542564852
68.85595542564852
68.85595542564852
68.85595542564852
68.85595542564852
69.15093826242325
69.15093826242325
69.15093826242325
69.15093826242325
69.15093826242325
69.15093826242325
69.15093826242325
69.15093826242325
69.15093826242325
69.15093826242325
69.15093826242325
69.15093826242325
69.15093826242325
69.15093826242325
69.15093826242325
69.15093826242325
69.15093826242325
69.43187280626174
69.43187280626174
69.43187280626174
69.43187280626174
69.43187280626174
69.43187280626174
69.43187280626174
69.43187280626174
69.43187280626174
69.43187280626174
69.43187280626174
69.43187280626174
69.43187280626174
69.43187280626174
69.43187280626174
69.43187280626174
69.43187280626174
69.43187280626174
69.43187280626174
69.43187280626174
69.43187280626174
69.43187280626174
69.43187280626174
69.43187280626174
69.43187280626174
69.43187280626174
69.43187280626174
69.43187280626174
69.43187280626174
69.43187280626174
69.43187280626174
69.43187280626174
69.43187280626174
69.43187280626174
69.43187280626174
69.43187280626174
69.43187280626174
69.43187280626174
69.43187280626174
69.43187280626174
69.43187280626174
69.43187280626174
69.43187280626174
69.43187280626174
69.43187280626174
69.43187280626174
69.43187280626174
69.43187280626174
69.43187280626174
69.43187280626174
69.43187280626174
69.43187280626174
69.43187280626174
69.43187280626174
69.43187280626174
69.43187280626174
69.43187280626174
69.43187280626174
69.43187280626174
69.43187280626174
69.43187280626174
69.43187280626174
69.43187280626174
69.43187280626174
69.5332269152979
69.5332269152979
69.5332269152979
69.5332269152979
69.5332269152979
69.5332269152979
69.5332269152979
69.5332269152979
69.5332269152979
69.5332269152979
69.5332269152979
69.5332269152979
69.5332269152979
69.5332269152979
69.5332269152979
69.5332269152979
69.5332269152979
69.5332269152979
69.5332269152979
69.5332269152979
69.5332269152979
69.5332269152979
69.5332269152979
69.5332269152979
69.5332269152979
69.5332269152979
69.5332269152979
69.5332269152979
69.5332269152979
69.5332269152979
69.5332269152979
69.5332269152979
69.59512774699112
69.63956936974522
69.72210381200289
69.72210381200289
69.72210381200289
69.72210381200289
69.72210381200289
69.72210381200289
69.72210381200289
69.72210381200289
69.72210381200289
69.72210381200289
69.72210381200289
69.72210381200289
69.72210381200289
69.72210381200289
69.72210381200289
69.72210381200289
69.72210381200289
69.72210381200289
69.72210381200289
69.72210381200289
69.72210381200289
69.72210381200289
69.72210381200289
69.72210381200289
69.72210381200289
69.72210381200289
69.72210381200289
69.72210381200289
69.72210381200289
69.72210381200289
69.72210381200289
69.72210381200289
70.01232117188036
70.01232117188036
70.01232117188036
70.01232117188036
70.01232117188036
70.01232117188036
70.01232117188036
70.01232117188036
70.01232117188036
70.01232117188036
70.01232117188036
70.01232117188036
70.01232117188036
70.01232117188036
70.01232117188036
70.01232117188036
70.01232117188036
70.01232117188036
70.01232117188036
70.01232117188036
70.01232117188036
70.01232117188036
70.02251363583615
70.02251363583615
70.02251363583615
70.02251363583615
70.02251363583615
70.02251363583615
70.02251363583615
70.02251363583615
70.02251363583615
70.02251363583615
70.02251363583615
70.02251363583615
70.02251363583615
70.02251363583615
70.02251363583615
70.02251363583615
70.02251363583615
70.02251363583615
70.02251363583615
70.02251363583615
70.02251363583615
70.02251363583615
70.02251363583615
70.02251363583615
70.02251363583615
70.02251363583615
70.02251363583615
70.02251363583615
70.02251363583615
70.02251363583615
70.02251363583615
70.02251363583615
70.02251363583615
70.02251363583615
70.02251363583615
70.02251363583615
70.02251363583615
70.02251363583615
70.02251363583615
70.02251363583615
70.02251363583615
70.02251363583615
70.02251363583615
70.02251363583615
70.02251363583615
70.02251363583615
70.02251363583615
70.19087869217907
70.19087869217907
70.19087869217907
70.19087869217907
70.19087869217907
70.19087869217907
70.19087869217907
70.19087869217907
70.19087869217907
70.19087869217907
70.38454393460896
70.38454393460896
70.48578859372097
70.48578859372097
70.48578859372097
70.48578859372097
70.63997770759799
70.74586661712799
70.74586661712799
70.85245216422071
70.85245216422071
70.85245216422071
70.85245216422071
70.85245216422071
70.85245216422071
70.85245216422071
70.85245216422071
70.85245216422071
70.85245216422071
70.85245216422071
70.85245216422071
70.85245216422071
70.85245216422071
70.85245216422071
70.85245216422071
70.85245216422071
70.85245216422071
70.85245216422071
70.85245216422071
