38.71929967237494
40.244797889287135
42.904128395183335
42.904128395183335
43.39961345484333
43.39961345484333
43.54382104877155
43.54382104877155
43.54382104877155
43.54382104877155
43.54382104877155
43.54382104877155
43.54382104877155
43.54382104877155
46.32333430737348
46.32333430737348
45.07919061025622
45.07919061025622
46.7731876095156
47.39282194223151
46.95854277640233
47.787213011636794
48.04555870063351
48.04555870063351
44.36257836909821
44.36257836909821
44.36257836909821
45.52348832494794
45.71051007910416
45.71051007910416
45.71051007910416
45.25413565119488
45.25413565119488
45.25413565119488
46.3314406209113
46.3314406209113
45.50090822326898
45.50090822326898
45.89321231476034
46.25427595845278
46.25427595845278
45.6566685323326
45.6566685323326
45.6566685323326
45.6566685323326
45.6566685323326
45.6566685323326
45.6566685323326
45.6566685323326
47.758033850531156
43.96334207533324
45.479580044749326
45.479580044749326
46.5777385214944
46.5777385214944
46.5777385214944
44.86658114759319
44.86658114759319
44.86658114759319
45.14072739733921
45.9915297159068
49.7616573977877
48.99498673355518
51.148198155765584
50.63298310671611
50.63298310671611
48.39611487602214
48.39611487602214
48.39611487602214
48.39611487602214
48.39611487602214
48.39611487602214
48.39611487602214
48.39611487602214
48.39611487602214
48.39611487602214
48.39611487602214
47.176851636570305
48.396114876022146
48.396114876022146
48.396114876022146
48.396114876022146
49.17323373419982
49.17323373419982
49.73436287470987
49.22149381538136
49.22149381538136
49.22149381538136
44.876300375906986
44.876300375906986
44.876300375906986
44.876300375906986
43.25432845856447
43.25432845856447
43.25432845856447
41.75064505136069
41.75064505136069
41.75064505136069
41.75064505136069
43.09063975764056
43.139801138126096
44.52036417885805
45.437754587893906
45.439004601562196
45.525078064888916
45.560274989704425
45.85215722553043
49.643922905287944
49.645633991759404
49.645633991759404
50.1707664298523
50.1707664298523
51.16180042445487
51.16180042445487
51.16180042445487
50.54082452561963
50.54082452561963
50.54082452561963
50.54082452561963
51.38692304735144
51.38692304735144
51.38692304735144
51.38692304735144
51.38692304735144
51.38692304735144
51.87774368491162
51.87774368491162
52.44643055600369
52.48078716357439
52.48078716357439
52.48078716357439
52.54644561992001
52.54644561992001
52.54644561992001
52.54644561992001
52.54644561992001
51.294690660570836
52.77634427099012
52.77634427099012
53.52990842371891
53.59810352666104
53.59810352666104
53.59810352666104
53.59810352666104
53.59810352666104
53.59810352666104
53.59810352666104
52.75744549010496
52.75744549010496
52.75744549010496
52.69319194031638
52.75744549010496
52.75744549010496
52.75744549010496
52.72065373145889
52.72065373145889
52.75744549010496
52.22037781892216
51.35815625065296
51.35815625065296
51.35815625065296
53.923771299356154
48.66412781529856
48.66412781529856
54.088232613253126
54.088232613253126
54.088232613253126
54.088232613253126
54.088232613253126
54.09734755263879
54.09734755263879
54.18018751352084
54.18018751352084
54.18018751352084
54.18018751352084
54.18018751352084
54.18018751352084
54.18018751352084
54.18110418110418
54.18110418110418
54.18110418110418
54.18110418110418
54.18110418110418
54.08064074985769
54.08064074985769
53.40031533854995
53.801587829596606
53.801587829596606
53.801587829596606
53.801587829596606
53.801587829596606
53.801587829596606
53.801587829596606
53.801587829596606
53.801587829596606
53.833004383533286
53.942962322311665
53.942962322311665
53.62491591451741
53.62491591451741
53.62491591451741
53.62491591451741
53.62491591451741
53.62491591451741
55.19475279823863
55.19475279823863
55.19475279823863
55.19475279823863
55.19475279823863
55.19475279823863
55.19475279823863
55.19475279823863
55.19475279823863
55.19475279823863
55.19475279823863
55.03351053268447
54.744982966632456
55.19475279823863
52.78588688074699
55.19475279823863
55.19475279823863
55.19475279823863
55.19475279823863
55.19475279823863
55.19475279823863
55.19475279823863
55.19475279823863
55.19475279823863
55.19475279823863
55.19475279823863
55.19859521311954
55.19859521311954
55.19859521311954
55.19859521311954
55.19859521311954
55.19859521311954
55.19859521311954
55.38425989580946
55.38425989580946
55.38425989580946
55.38425989580946
55.38425989580946
55.38425989580946
55.38425989580946
55.38425989580946
55.639704441447364
55.639704441447364
55.639704441447364
55.64738927120917
55.64738927120917
55.64738927120917
55.8085785754631
55.8085785754631
55.8085785754631
55.83048034028426
55.83048034028426
55.83048034028426
55.83048034028426
55.83048034028426
55.83048034028426
55.83048034028426
55.83048034028426
55.83048034028426
55.83048034028426
55.83048034028426
55.83048034028426
55.83048034028426
55.83048034028426
55.83048034028426
55.838357290790114
55.838357290790114
55.838357290790114
55.838357290790114
55.838357290790114
55.838357290790114
55.838357290790114
55.838357290790114
55.838357290790114
55.838357290790114
55.838357290790114
55.838357290790114
55.838357290790114
55.85564815775418
55.85564815775418
52.37608674279133
55.93499402504486
55.93499402504486
55.93499402504486
55.93499402504486
56.06755733843606
56.06755733843606
56.06755733843606
56.06755733843606
56.06755733843606
56.26889987819545
56.304826457331906
56.304826457331906
56.33422093117082
56.3430584853969
56.3430584853969
56.344979692837356
56.344979692837356
56.344979692837356
56.344979692837356
56.344979692837356
56.344979692837356
56.36611297468234
56.453335792478846
56.453335792478846
56.453335792478846
56.453335792478846
56.453335792478846
56.453335792478846
56.453335792478846
56.453335792478846
56.453335792478846
56.453335792478846
56.453335792478846
56.453335792478846
53.66854309506639
56.453335792478846
56.453335792478846
56.453335792478846
56.453335792478846
56.453335792478846
56.453335792478846
56.453335792478846
56.453335792478846
56.453335792478846
56.453335792478846
56.45525699991931
56.45525699991931
56.45525699991931
56.45525699991931
56.45525699991931
56.45525699991931
56.45525699991931
56.45525699991931
56.547474957061006
56.33954565252275
56.547474957061006
56.547474957061006
56.71942302298149
54.575065480376274
56.601845127625815
56.59358393563187
56.59358393563187
56.71942302298149
56.71942302298149
56.71942302298149
56.71942302298149
56.71942302298149
56.73671388994555
56.73671388994555
56.73671388994555
56.73671388994555
56.73671388994555
56.73671388994555
56.73671388994555
56.73671388994555
56.73671388994555
57.03257983577518
57.03257983577518
57.03257983577518
57.03257983577518
57.03257983577518
57.03257983577518
57.03450104321563
57.03450104321563
57.03450104321563
57.03450104321563
57.03450104321563
57.03450104321563
57.03450104321563
57.03450104321563
57.03450104321563
57.03450104321563
57.03450104321563
57.03450104321563
57.03450104321563
57.03450104321563
57.11711296315507
57.11711296315507
57.11711296315507
57.11711296315507
57.11711296315507
57.11711296315507
57.11711296315507
57.11711296315507
57.11711296315507
57.11711296315507
57.11711296315507
57.11711296315507
57.11711296315507
57.11711296315507
57.11711296315507
57.11711296315507
57.11711296315507
57.11711296315507
57.11711296315507
57.11711296315507
57.11711296315507
57.11711296315507
57.14593107476186
57.14593107476186
57.27772590517688
57.118265687619356
57.118265687619356
57.118265687619356
57.118265687619356
57.118265687619356
57.118265687619356
57.118265687619356
57.118265687619356
57.118265687619356
57.118265687619356
57.118265687619356
57.118265687619356
57.118265687619356
57.118265687619356
57.18147341241024
57.18147341241024
57.18147341241024
57.18147341241024
57.41931889353821
57.448137005144986
57.448137005144986
57.448137005144986
57.448137005144986
57.54606937733438
57.54606937733438
57.54606937733438
57.54606937733438
57.54606937733438
57.54606937733438
57.54606937733438
57.54606937733438
57.54606937733438
57.54606937733438
57.54606937733438
57.71099601008872
57.71099601008872
57.71099601008872
57.71099601008872
57.85680351328491
57.85680351328491
57.85680351328491
57.85680351328491
57.85680351328491
57.85680351328491
57.85680351328491
57.85680351328491
57.85680351328491
57.85680351328491
57.92729323337312
57.92729323337312
57.92729323337312
57.92729323337312
57.92729323337312
57.92729323337312
57.92729323337312
57.92729323337312
57.92729323337312
56.04835695490969
56.04835695490969
57.92203397741063
57.92729323337312
41.29345505528471
56.5986310221501
56.5986310221501
57.92729323337312
57.92729323337312
57.92729323337312
57.92729323337312
57.92729323337312
57.92729323337312
57.92729323337312
57.92729323337312
57.92729323337312
57.92729323337312
57.92729323337312
57.92729323337312
57.934536719606335
57.934536719606335
55.22831873886284
57.934536719606335
57.934536719606335
57.934536719606335
57.934536719606335
57.934536719606335
57.934536719606335
57.934536719606335
57.934536719606335
57.95338821645406
57.95338821645406
57.95338821645406
57.95338821645406
57.95338821645406
57.95338821645406
57.95338821645406
