744862.5125
697981.7375
675045.8875
650082.125
633911.9
617408.85
616316.3125
620761.4875
609316.7125
601784.025
602617.875
603180.7875
590869.9
572677.4875
543016.8625
546611.85
528449.2875
508353.9125
497979.5125
484660.125
488501.6
478127.0125
495485.7625
468405.9
470104.75
450404.0875
418076.325
411607.0625
416683.775
391876.7625
395310.7125
356919.8875
355716.3125
366353.9125
382499.325
420020.825
392644.5125
401766.8375
394073.1375
382175.5125
374767.0375
394161.125
401782.7625
406598.575
395154.4375
408380.575
374982.325
361912.4125
332250.475
325012.925
307556.375
350509.025
326458.0
310216.8
287167.525
292031.6
273752.1875
293886.525
297202.5125
295537.25
330426.125
303807.6875
339740.0125
332128.225
304540.6875
286692.9125
291813.4125
291937.85
289751.05
275487.8125
274057.0
275784.7625
286931.825
288639.4
280410.425
319852.65
300659.8
281559.9125
288379.8625
281145.8
257676.8375
260073.5
246198.1875
244812.4
245480.225
258912.825
268482.5875
275969.8375
275565.125
266978.2375
275963.9125
278658.55
259631.3375
247430.9
260075.7125
262422.275
266047.4375
256515.25
260016.9625
251707.0375
238245.575
230842.25
229449.125
220477.375
213403.4125
216216.3875
222823.8375
226796.3875
235158.3875
228802.625
240001.7625
254703.1625
254946.325
262525.3375
233798.2
239659.1625
236823.9625
228858.8
226092.5375
226178.2375
251621.8125
256667.425
261015.9875
268172.6125
257210.5
261937.9125
256980.975
263817.1
258209.0125
253684.325
254337.9625
234730.95
221978.8625
233980.3625
235842.9
228892.7125
210917.6625
213161.775
204331.3875
222944.575
228091.6875
234195.35
245340.8125
247499.75
251078.7875
250269.6875
250008.0875
249004.4625
246073.8625
235910.9375
233123.4375
238551.1
239699.1875
246623.5125
239630.525
230148.55
222318.8125
221646.85
217618.6
216988.1875
234254.4625
237845.6
223749.0125
227753.5375
206098.175
200185.3625
209133.95
219309.8625
226660.0375
224767.2625
216417.425
214044.0375
213967.4875
209090.4125
224467.9875
241736.6
252347.3125
263848.375
268205.7625
265644.2375
260168.9625
252739.6875
245395.8125
247256.0
248597.325
244782.4
246689.075
237965.2375
231465.3125
225974.075
246895.6875
256988.05
269647.4
273253.4375
280427.3875
283386.675
277650.625
273820.8625
292554.3375
269442.075
276792.1875
278947.5125
272385.125
282090.6625
314888.1125
317983.825
299610.1125
295156.1875
293832.2375
281236.575
294264.9125
309520.7875
315185.2625
327650.5625
330911.3
304618.2875
304429.3375
302183.95
294472.3375
276999.0875
271794.4375
269330.4625
249554.0875
270163.45
264313.5625
263926.4625
269862.7375
269555.85
225903.3625
207470.4
209966.775
216377.9625
222526.625
223802.25
227694.925
236474.2875
244997.9
251421.7625
248520.2125
250293.4125
238955.7
235945.4875
218881.375
224266.6375
228177.525
236725.6125
228827.025
215466.45
214899.0375
211105.65
218289.3125
232998.325
236146.975
234386.1125
229965.3875
212049.3125
212756.25
206671.7875
207833.8875
216567.4625
216502.525
215932.25
186173.6875
180504.9375
181211.9
180338.425
180284.6625
191770.0625
196298.525
197292.525
210049.375
209614.875
203253.775
203753.45
201224.5375
196286.25
198088.8125
198088.8125
197934.0375
191985.1
190379.7875
188957.825
185746.5875
182244.3625
177184.275
188933.2125
201599.675
207625.0
209628.9
210322.6375
211716.0875
225381.0625
225658.0625
226157.2625
223229.75
220980.35
211701.6
206727.2375
197988.5
196795.8375
170330.7
166231.325
179841.4375
183712.5
187038.2625
191235.6
195766.425
195118.1375
194055.0875
203314.025
207834.0375
198587.825
205707.2375
220008.9375
214863.75
227544.15
235799.4125
230999.675
228311.225
234465.9875
220770.2125
215912.5125
218766.9625
217698.725
220253.3125
198907.9
198719.7125
185155.775
187852.475
186820.1625
185900.4625
188346.0375
188034.425
202108.5875
205398.7875
200316.1875
206844.65
206844.65
207542.35
221178.05
219490.2875
220102.15
223151.375
225372.6625
235794.0625
235407.6875
220125.85
235490.55
229444.2625
222640.8875
223206.675
217616.9875
229501.525
230731.075
235697.225
224449.775
216852.1
207434.75
191218.3875
183826.125
191759.3125
196867.6625
181333.0375
179088.9625
178814.9125
178930.8375
177017.5
164231.075
168223.2625
168066.325
169706.65
156382.825
158539.9625
164061.3875
175587.6625
183420.375
182856.2125
183158.4
185008.35
183475.3125
202770.8875
188342.925
195963.875
211418.9
206112.3375
207699.3375
206237.2
203087.825
199439.9
193937.675
187166.025
179650.75
178644.325
164948.3875
158442.225
154760.1375
163422.9875
162274.325
164517.0625
163481.525
151656.5375
153567.1
154536.0375
160961.9125
170800.7375
176906.0
182348.35
190400.8375
196596.2
203449.7625
215081.475
190468.9125
193937.95
188422.1375
177464.8375
165906.4375
165619.0
150851.475
149300.175
148508.7625
168288.7
169194.3125
174931.0875
177831.15
185163.075
183162.3
188382.4125
203711.1
197603.9
204145.3625
203395.7375
199876.4125
194151.0375
184793.0
168505.3
171806.5375
176457.675
176457.675
190923.6875
187997.8875
168147.325
170817.825
172626.4125
174101.9
171279.1125
169819.9
145632.9625
149480.275
155090.875
159716.975
152880.025
160618.7625
160500.55
158259.9125
145815.9875
144493.7
141886.9875
148579.3
156253.475
163684.025
164613.7
168395.75
156766.35
154391.075
156205.475
153522.4
153687.7375
156925.3375
161527.6625
166135.65
168088.725
162907.25
164064.375
170048.3
170048.3
172796.575
174308.825
165741.9
165219.625
165219.625
167004.9625
155626.85
150564.0
149087.075
141331.1125
143618.725
149480.975
148508.7125
153012.5375
158772.5
161080.05
155970.375
168403.3
160261.8125
159810.8875
155446.375
157911.225
157459.8375
160130.7375
159621.0
