968955.0
987260.0
987260.0
933135.0
833245.0
858780.0
827667.0
827667.0
827667.0
832351.0
832351.0
824101.0
824101.0
837898.0
837898.0
848333.0
848040.0
848040.0
848040.0
848040.0
848040.0
848040.0
830636.0
831206.0
831206.0
831206.0
831206.0
831206.0
831206.0
831206.0
831206.0
831206.0
831206.0
831206.0
831206.0
831206.0
831206.0
753899.0
753899.0
753899.0
753899.0
753899.0
753899.0
753899.0
753899.0
753899.0
711750.0
711750.0
676082.0
676082.0
676082.0
676082.0
687308.0
687308.0
687308.0
687308.0
687308.0
687308.0
667802.0
667802.0
667802.0
665577.0
665577.0
637544.0
637544.0
637544.0
637544.0
637544.0
637544.0
617933.0
617933.0
656407.0
656967.0
656967.0
656967.0
656967.0
656967.0
656967.0
656967.0
656967.0
656967.0
656967.0
656967.0
656967.0
656967.0
656967.0
656967.0
656967.0
613500.0
613500.0
613500.0
613500.0
613500.0
613500.0
589047.0
589047.0
589047.0
589047.0
589047.0
589047.0
589047.0
589047.0
589047.0
589047.0
589047.0
589047.0
574283.0
574283.0
574283.0
574283.0
560632.0
560632.0
560632.0
560632.0
560632.0
560632.0
560632.0
560632.0
560632.0
560632.0
560632.0
560632.0
560632.0
560632.0
560632.0
560632.0
560632.0
560632.0
560632.0
560632.0
560632.0
560632.0
560632.0
560632.0
560632.0
560632.0
560632.0
559967.0
559967.0
559967.0
595238.0
595238.0
595238.0
595238.0
595238.0
595238.0
595238.0
595238.0
595238.0
595238.0
595238.0
595238.0
563790.0
563640.0
563640.0
563640.0
559696.0
559696.0
559696.0
559696.0
559696.0
564726.0
564726.0
564726.0
559696.0
559696.0
559696.0
559696.0
559696.0
559696.0
559696.0
559696.0
559696.0
559696.0
559696.0
559696.0
559696.0
559696.0
559696.0
559696.0
559714.0
559714.0
559714.0
568141.0
559714.0
576009.0
559714.0
559714.0
559714.0
559714.0
559714.0
559714.0
559714.0
559714.0
566799.0
566799.0
566799.0
566799.0
569499.0
569499.0
591262.0
591262.0
591262.0
591262.0
591262.0
591262.0
591262.0
591262.0
591262.0
591262.0
591262.0
591262.0
591262.0
591262.0
591262.0
591262.0
591262.0
591262.0
591262.0
591262.0
570730.0
570730.0
570730.0
581370.0
581370.0
581370.0
581370.0
570730.0
570730.0
570730.0
558211.0
558211.0
558211.0
558211.0
558211.0
558211.0
558211.0
558211.0
558211.0
558211.0
558211.0
558211.0
558211.0
558211.0
546036.0
546036.0
546036.0
546036.0
546036.0
546036.0
546036.0
546036.0
546036.0
546036.0
546036.0
546036.0
546036.0
546036.0
546036.0
546036.0
546036.0
546036.0
546036.0
546036.0
546036.0
546036.0
546036.0
546036.0
546036.0
546036.0
546036.0
545186.0
545186.0
545186.0
545186.0
545186.0
545186.0
545186.0
545186.0
545186.0
545186.0
545186.0
545186.0
545186.0
545186.0
545186.0
545186.0
545186.0
545186.0
545186.0
545186.0
545186.0
545186.0
545186.0
545186.0
539366.0
539366.0
539366.0
539366.0
539366.0
539366.0
539366.0
544244.0
544244.0
544244.0
544244.0
544244.0
544244.0
544244.0
539456.0
539456.0
539456.0
539456.0
539456.0
539456.0
539456.0
539456.0
539456.0
539366.0
539366.0
539366.0
539366.0
539366.0
539366.0
539366.0
539366.0
539366.0
539366.0
539366.0
539366.0
539366.0
539366.0
539366.0
539366.0
539366.0
539366.0
539366.0
539366.0
539366.0
539366.0
539366.0
539366.0
539366.0
539366.0
539366.0
539366.0
539366.0
539366.0
539366.0
539366.0
539366.0
539366.0
563006.0
563006.0
563006.0
563006.0
563006.0
563006.0
563006.0
563006.0
563006.0
563006.0
563006.0
563006.0
563006.0
563006.0
563006.0
563006.0
563006.0
563006.0
563006.0
564441.0
564441.0
564441.0
565596.0
565596.0
565596.0
565596.0
565596.0
565596.0
565596.0
564441.0
564441.0
564441.0
564441.0
564441.0
564441.0
564441.0
564441.0
564441.0
564441.0
564441.0
564441.0
564441.0
564441.0
564441.0
564441.0
564441.0
564441.0
564441.0
564441.0
564441.0
541974.0
541974.0
541974.0
541461.0
541461.0
541461.0
541461.0
541461.0
541461.0
541461.0
541461.0
541461.0
541461.0
541461.0
541461.0
534309.0
534309.0
534309.0
568439.0
568439.0
568439.0
568439.0
568439.0
568439.0
568439.0
568439.0
568439.0
568439.0
568439.0
568439.0
568439.0
568439.0
568439.0
568439.0
568439.0
568439.0
568439.0
568439.0
568439.0
568439.0
568439.0
568439.0
568439.0
533990.0
533990.0
533990.0
533990.0
533990.0
533990.0
533990.0
533990.0
533990.0
533990.0
533990.0
533990.0
533990.0
533990.0
533990.0
533990.0
532040.0
532040.0
532040.0
532040.0
532040.0
532040.0
532040.0
532040.0
532040.0
532040.0
532040.0
532040.0
532040.0
532040.0
532040.0
532040.0
532040.0
532040.0
532040.0
532040.0
532040.0
532040.0
532040.0
532040.0
532040.0
532040.0
532040.0
532040.0
532040.0
532040.0
531480.0
531480.0
531480.0
531480.0
531480.0
531480.0
531480.0
531480.0
531480.0
