47.56850536470603
49.29893357745043
50.502484316834675
51.62727843798221
52.37966729440747
52.90254112013581
53.627567647321506
54.10460956983509
54.132038333887394
54.54473537050226
54.99663715508829
55.71955354944195
55.97097362680641
55.712240792537976
55.19210944655767
55.8398146416007
55.644219573592
55.351096196079894
55.504065533306665
55.53802990028794
56.097202653879336
56.14169055757823
56.78077886744671
56.686072964916534
56.62146294155325
56.54966799306163
56.272942721395985
56.34777379938912
56.53894023024177
56.13941105349833
56.29111122512497
55.57896896396754
55.579349592156916
55.96221783449632
56.48118312034546
57.53081045809622
57.35330543583999
57.92408807192415
57.88628478415408
57.805708605756536
57.842964616453
58.16805548153718
58.49952423157274
58.826440333566254
58.80211414472559
59.120305410246466
58.523139566416035
58.24050522537094
58.06103472275057
58.040240463769464
57.13068200026238
58.31456111748872
57.83204375022412
57.539504310725604
57.1267562389527
57.30065230000643
56.81403427281633
57.53060609918013
57.70346549056236
57.75919946976701
59.13305237703287
58.66508552703245
59.76428215605016
59.72528935210228
59.14736123402518
58.87423363872516
59.099239080955314
59.11510737726653
59.11161474626093
58.73730748895522
58.85214029249865
58.982862861423925
59.24024622433028
59.31426084437642
59.12172041438039
60.10976908457908
59.65472412822237
58.87303154982086
59.36444350806768
59.39091367918509
59.08245053196932
59.40842437148901
59.12389776280834
59.30582675052202
59.29487123507242
59.74459329854447
60.1982978482455
60.523235217781554
60.68321548139405
60.372272500834036
60.692913122527635
60.697587795204264
59.96799723078209
59.790222755176
60.23171896636304
60.16061776186982
60.282447899700024
60.086179069004785
60.37784254447661
60.19985426279919
59.63008439855188
59.18214568102219
59.16479511611029
58.89042947700468
58.91235797589591
59.16377771330408
59.48495159901788
59.80830580798134
60.00492676906176
60.164211171565455
60.7780651359509
61.37312379257024
61.54607728771506
61.765954159117015
60.65528690756927
60.90789622091363
60.94904490931992
60.65915686884629
60.68870606460901
60.72571468626717
61.493556387499595
61.86933626549184
62.01139053715398
62.47573312404846
62.15345409290798
62.61063219630739
62.31556492272919
62.56281077693784
62.55417247799461
62.516679522252254
62.43921906895524
62.04513752213537
61.67606138440523
61.99833971087261
61.95280742374835
61.74163340149772
61.22413284269171
61.61196359494378
61.41519185389247
62.25982774299699
62.525184207036844
62.89915226156127
63.29971318990606
63.426876894992986
63.69325986359756
63.80474969979808
63.950751352926396
63.907429268560044
63.6946691816352
63.246173279581036
63.110630355377644
63.39348804984398
63.43817125403414
63.65669804636345
63.426991486893655
62.8232371292738
62.80847903070156
62.78098337932141
62.58114931910224
62.63799558289772
63.32461004601525
63.54188106569372
62.80244821230808
63.0970389847797
62.527927144328245
62.25434674869572
62.68918250704045
62.91217215018075
63.218054777802294
63.07106057691821
62.70808994302943
62.71523714191268
62.69302412577557
62.48008156259628
63.0363141992313
63.70602210684562
63.996716100085905
64.28912050461909
64.49390975572089
64.51303413274651
64.38892923243597
64.28084223414257
63.959807059535834
63.99989710698446
64.08310878176464
63.894881847437546
63.958001852965616
63.793927402361156
63.545246484666336
63.36380836992352
64.14595387404661
64.39874029025233
65.05953564917372
65.2188983705577
65.32291847364696
65.46448911524972
65.27803637284345
65.28446358792442
65.93043755210303
65.49851090451834
65.61479339348166
65.50249336770855
65.03849950583546
65.4689444239489
66.26275717243014
66.21511728550873
65.88110793922024
65.96247433236434
65.92806785812405
65.70879820719722
66.10207067963387
66.37192800836125
66.5320271358776
66.84044505288122
66.89291425775444
66.19531009970052
66.03194785058415
66.20699663454096
66.01051873568301
65.62654974746113
65.51247617801977
65.37146776016472
65.11358216223076
65.59937937449959
65.55063984042208
65.60690525640503
65.83521497503179
66.02512551208183
64.97486898798988
64.60614191780157
64.77767941319814
64.98137508571651
65.14805517256987
65.19690116161182
65.42271709992488
65.59402192762656
65.91302382494226
66.10984557336107
66.02611294762484
66.10468265475127
65.6931629819064
65.69787550374136
65.26511332560762
65.25506756225697
65.41589098902622
65.80103687116801
65.67582813580087
65.3942542352427
65.61526900540656
65.40039980722557
65.70544364445348
66.03462763035618
66.0348048945313
65.98654746529506
65.74300023735495
65.4136744091243
65.61108303578251
65.37226497365454
65.39053971372928
65.59155813849088
65.52790938907036
65.54002376531957
64.71057518396279
64.71692433017463
64.79266731417418
64.73828429980314
64.75123740305463
65.26803937509285
65.20854807481076
65.24768546024305
65.96996024307568
65.95495059083956
65.70115466648146
65.75131585566689
65.71504837032916
65.39528612982019
65.4624386719436
65.46342756546343
65.39582745694862
65.07738737343838
65.0302825397749
64.89036196893053
64.70231725487322
64.30311032349344
64.0675140747538
64.66098422266796
64.84578453193477
65.06115968163454
65.21138909341187
65.21840026167781
65.37593744005255
65.7913124150909
65.85854219893257
65.920367080881
65.93756913888215
65.70435985480074
65.48610330737813
65.27665738127165
64.85762801815616
64.79500303683001
64.19250052622621
64.19120040844282
64.62270188025938
64.7108943827718
64.92489543728541
65.1756648424741
65.48072567339258
65.46045543477115
65.44703262086279
65.66643217911144
65.7667687133054
65.4643676460186
65.6735825386821
66.11836803291604
66.08201216051776
66.6434248325972
67.11637197712564
66.8114804181698
66.65958493871852
66.7500751072488
66.71140143359578
66.47435468728634
66.34271999168126
66.31192320415063
66.3128695279594
65.96280153975344
65.66000603747578
65.04937254920901
65.0332823075669
65.02913055476361
64.9918562564223
64.9736016760564
64.96724172902151
65.2605768722779
65.45203991921171
65.2112409422025
65.39635918349671
65.40512347437084
65.47119137261521
65.88417206338976
65.51518814283389
65.44958388677146
65.62917300270823
65.64481965325905
65.97316907365875
65.9620493502236
65.58556180040053
66.03926489837389
66.08036907975156
65.8783985427213
65.57818380227468
65.4472795691641
65.77189557459437
65.66864175213117
65.78603350846306
65.49682929338658
65.42157844244521
65.19581344811907
64.80753369943997
64.79380570197014
65.1379134718434
65.27762060243677
64.97490015600303
65.04290967547435
64.98510192863553
65.03372157881469
64.95937525180362
64.59464746095837
64.66930753500215
64.68742626626263
64.82174879990555
64.43626545275299
64.56185104467836
64.65731553478005
64.89665320484946
65.15398162033856
65.12950247802232
65.15643890529887
65.2627128581079
65.13047205098262
65.92208436114012
65.54306512401406
65.82352993775756
66.18242036253939
66.05766470918581
66.16792052020254
66.07544383662555
66.09334102926678
65.91571089242231
65.78901238047845
65.76494661562619
65.53319834531689
65.69125850001927
65.22248389379487
65.05973751776062
65.0206286347949
65.15721453863358
65.07268961895504
65.4198092804482
65.35129539646354
64.69239032082066
64.73645981035281
64.87804541284947
64.92305444860035
65.10010918320903
65.29380104468768
65.40561983848724
65.66204279618873
65.9889142260851
66.25089440596032
66.50002599975348
65.65535844117451
65.88333296546963
65.74237837968384
65.07023275504488
64.66832133519908
64.70511307135631
64.3790737975342
64.34877083101796
64.3088815860095
64.78264040155847
64.96859938360326
65.09005750092243
65.06608588837557
65.45054624270456
65.46684674256264
65.5820274844631
66.1073647116859
65.97436043131607
66.19769359036913
66.14198035343823
65.98805032878707
65.65267121441612
65.43572603328886
64.88116978670925
65.07248167840632
65.1883936921399
65.19260514793027
65.7648307339447
65.59463049942154
65.17356515106485
65.33856465865094
65.42844230141162
65.5203671735737
65.36865341939215
65.27075139183623
64.81264289635438
64.89814867280101
65.1773347722433
65.39984204493798
65.33084344922861
65.43053978981001
65.46102693006
65.36843441733916
64.76927141684105
64.86988696757756
64.75677279591076
64.95519954095015
65.18762718240203
65.51585695818204
65.77630929092834
65.97165699146669
65.6728125611041
65.30928985016756
65.46017951525238
65.34208867728395
65.36206595941613
65.31450453485571
65.88840762248023
66.03472791633389
66.22767030398548
66.15182843575221
66.25392560990137
66.3709392069651
66.3709392069651
66.50421491652324
66.56527160563651
66.24805370947306
66.02688096690545
66.02688096690542
66.12113034763809
65.46412878235728
65.2243028415653
65.07587756723784
64.60415633321962
64.75923599775317
65.07085827898769
64.99320992609728
65.26422582700589
65.44712302446203
65.60200781534598
65.7110369094896
66.03142090488723
65.76620921319787
65.61566217932507
65.53597362183413
65.75111258928254
65.58091723471821
65.62081644305898
65.58004473144011
