35.549772566727306
35.549772566727306
35.549772566727306
40.15225973882554
42.07308891071112
41.420675969392164
39.53040083116943
40.97225098364051
39.28257753695539
38.75454058876003
38.75454058876003
41.468308593986954
41.468308593986954
41.4893070960938
41.05697916049112
42.84073095836286
42.84073095836286
39.762594842068346
39.65609055420572
39.65609055420572
35.46124086399086
35.46124086399086
38.90012764696497
38.90012764696497
38.89656606870142
38.90012764696497
38.90012764696497
39.04993861629242
39.04993861629242
40.749859074076
40.749859074076
40.749859074076
41.18505482520689
41.18505482520689
41.18505482520689
41.18505482520689
38.16485446145116
38.16485446145116
40.570804200689686
40.570804200689686
40.570804200689686
40.570804200689686
40.570804200689686
40.570804200689686
43.075794468377346
44.18182753090824
44.18182753090824
44.31198439403142
44.581349988051485
44.609283670582755
44.609283670582755
44.609283670582755
44.609283670582755
45.094165860846346
42.27089134976886
42.27089134976886
42.27089134976886
45.094165860846346
43.989901426343124
45.094165860846346
45.094165860846346
45.25819587981658
45.45402022474582
45.45402022474582
45.45402022474582
41.03568989323485
45.45402022474582
45.98483753518752
45.98483753518752
45.98483753518752
45.98483753518752
45.98483753518752
45.98483753518752
45.98483753518752
45.98483753518752
46.03645736546152
46.03645736546152
47.4253416979411
47.4253416979411
47.4253416979411
47.47773654270615
47.47773654270615
47.657724148975426
47.657724148975426
47.657724148975426
46.66789208177604
46.623592228653465
46.623592228653465
46.623592228653465
48.75987539426311
48.75987539426311
48.75987539426311
49.261912990847215
49.61189070729208
49.778904952104924
49.778904952104924
49.778904952104924
49.778904952104924
49.778904952104924
46.153344208809145
49.778904952104924
50.29471883301067
50.29471883301067
49.98103288499347
50.29471883301067
50.29471883301067
49.5472840618253
49.5472840618253
49.5472840618253
44.995041527209615
46.20037763311235
46.95406434437721
46.95406434437721
44.474415823191485
46.94274681504454
46.94274681504454
46.95406434437721
46.95406434437721
46.95406434437721
45.25565234032755
46.95406434437721
51.274610312238394
51.274610312238394
51.274610312238394
46.90061484067886
46.90061484067886
46.88455935291314
46.88455935291314
46.88455935291314
46.193278496667475
43.128178235443684
51.274610312238394
51.274610312238394
51.274610312238394
51.274610312238394
51.274610312238394
51.274610312238394
51.48019599836669
51.48019599836669
51.48019599836669
51.498216152710256
45.09362058773139
46.66154460603709
46.66154460603709
49.52025492817862
46.007885862344075
46.007885862344075
46.007885862344075
46.007885862344075
51.4389342186102
51.4389342186102
51.4389342186102
51.503605419446615
48.578028031825625
51.503605419446615
51.503605419446615
51.503605419446615
48.785590755183314
51.52067143077846
43.793205693642996
45.67354308855955
47.54957316663306
47.54957316663306
47.95186699279886
47.95186699279886
47.95186699279886
47.95186699279886
47.95186699279886
48.64902989843507
48.64902989843507
49.25354457047742
49.25354457047742
49.25354457047742
45.075291125166345
51.141698123002314
51.52067143077846
51.52067143077846
51.52067143077846
51.70480471093769
51.70480471093769
51.70139150867132
48.13805015708845
48.13805015708845
47.45779388493043
48.4195582061334
48.4195582061334
44.86073972180085
47.33443843322575
47.33443843322575
47.33443843322575
47.33443843322575
47.33443843322575
48.4195582061334
48.88552490799659
47.62744488049469
47.62744488049469
47.62744488049469
47.62744488049469
47.62744488049469
47.95293627305163
49.549022670555885
49.549022670555885
49.549022670555885
50.11837201279771
50.6521117260036
50.6521117260036
50.6521117260036
50.6521117260036
48.65531679296861
50.6521117260036
44.05004484086071
45.83272348275878
51.196610496320176
51.2805267800072
51.29123949707363
51.31445038405091
51.31445038405091
51.31445038405091
51.31445038405091
51.31445038405091
51.31445038405091
51.31445038405091
51.31445038405091
51.31445038405091
51.31445038405091
52.01031087019312
52.06190155262522
50.876246679808446
50.876246679808446
51.97465544352974
52.06190155262522
52.15465729349737
52.523637515726115
52.523637515726115
52.71071721136773
52.71071721136773
52.71071721136773
52.71071721136773
52.71071721136773
47.2760680424856
52.71071721136773
52.71071721136773
52.71071721136773
51.524857609332344
51.524857609332344
49.08203550754474
52.74871099150791
52.95814012106115
46.95778792184367
50.21665889363006
50.21665889363006
45.936704046837605
52.95814012106115
52.98223373773541
52.98223373773541
50.96874438656368
50.96874438656368
50.56852766282367
50.35563760493225
51.03143668024011
51.03143668024011
51.03143668024011
48.643583227445994
47.586753935462276
47.586753935462276
51.53686110253595
47.198430442429114
51.53686110253595
51.53806005594916
51.68398297325168
49.77302768741464
49.77302768741464
50.22611113672719
50.22611113672719
47.59333353904597
51.7291323907339
51.7291323907339
51.7291323907339
43.91636418632788
51.7291323907339
51.7291323907339
51.89554873467828
48.70557254473232
51.89554873467828
51.89554873467828
51.89554873467828
51.89554873467828
51.89554873467828
51.89554873467828
51.94169584824017
51.94169584824017
51.965173545330934
45.79575986164027
45.79575986164027
49.51229291459423
51.965173545330934
51.965173545330934
51.438281192617
49.5727426114407
49.5727426114407
48.29971829450657
47.82186837939951
49.703656814864
49.703656814864
49.511877699284035
49.511877699284035
49.703656814864
48.01287917866116
49.957889953550826
49.957889953550826
50.708403833321306
50.660597781657266
50.708403833321306
52.28043267678399
52.35381747732411
50.052426856079826
50.052426856079826
52.35381747732411
50.52368447721338
52.47251739219774
52.47899479078052
52.47899479078052
52.47899479078052
51.96618300212495
48.39262822904695
50.67038172774704
50.67038172774704
50.67038172774704
49.40843955137226
49.40843955137226
49.40843955137226
49.40843955137226
49.40843955137226
50.67038172774704
52.36858395386637
52.46270466730138
52.46270466730138
51.407802420508276
52.46270466730138
52.46270466730138
47.51210736588443
51.49179936577216
49.85895974901167
49.85895974901167
51.38085672325804
51.38085672325804
50.38882851179078
51.38085672325804
52.23066090840969
52.23066090840969
52.23066090840969
48.18269066783485
49.13530044993471
49.13530044993471
49.13530044993471
52.23066090840969
43.65766661370517
45.345730436459235
45.345730436459235
52.23066090840969
48.290480870208704
50.08456902357478
50.08456902357478
52.29328738311837
53.04948895470858
50.00988636695787
52.384134667485455
52.75567382237802
53.12325947674569
53.180800483934625
53.26748084732822
53.26748084732822
53.26748084732822
53.26748084732822
48.00070831769673
48.00070831769673
48.00070831769673
48.00070831769673
53.04922609216737
53.04922609216737
53.04922609216737
53.61955066375028
53.66934576612533
53.66934576612533
50.58383096907888
53.66934576612533
53.956128670544544
46.59479362655247
49.26534407402761
51.201810491189036
46.21470100341832
46.21470100341832
53.85109816208708
53.956128670544544
53.956128670544544
53.956128670544544
49.668999917891455
51.68218300896702
53.7611900660615
53.7611900660615
