720.0
720.0
720.0
660.0
660.0
600.0
600.0
600.0
600.0
600.0
600.0
600.0
600.0
600.0
600.0
600.0
600.0
600.0
600.0
600.0
600.0
580.0
580.0
580.0
580.0
580.0
580.0
580.0
580.0
580.0
580.0
580.0
580.0
580.0
580.0
580.0
580.0
580.0
580.0
580.0
580.0
580.0
580.0
580.0
580.0
580.0
580.0
580.0
580.0
580.0
580.0
580.0
580.0
580.0
580.0
580.0
580.0
580.0
580.0
580.0
580.0
580.0
580.0
580.0
580.0
580.0
580.0
580.0
580.0
580.0
580.0
580.0
580.0
580.0
580.0
580.0
580.0
580.0
580.0
580.0
580.0
580.0
580.0
580.0
580.0
580.0
580.0
580.0
580.0
580.0
580.0
580.0
580.0
580.0
580.0
580.0
580.0
580.0
580.0
580.0
580.0
580.0
580.0
580.0
580.0
580.0
580.0
580.0
580.0
580.0
580.0
580.0
580.0
580.0
580.0
580.0
580.0
580.0
580.0
580.0
580.0
580.0
580.0
580.0
580.0
580.0
580.0
580.0
580.0
580.0
580.0
580.0
580.0
580.0
580.0
580.0
580.0
580.0
580.0
580.0
580.0
580.0
580.0
580.0
580.0
580.0
580.0
580.0
580.0
580.0
580.0
580.0
580.0
580.0
580.0
580.0
580.0
580.0
580.0
580.0
580.0
580.0
580.0
580.0
580.0
580.0
580.0
580.0
580.0
580.0
580.0
580.0
580.0
580.0
580.0
580.0
580.0
580.0
580.0
580.0
580.0
580.0
580.0
580.0
580.0
580.0
580.0
580.0
580.0
580.0
580.0
580.0
580.0
580.0
580.0
580.0
580.0
580.0
580.0
580.0
