4355.0
4250.0
2750.0
2715.0
2715.0
3435.0
3435.0
3435.0
3435.0
3435.0
3435.0
3435.0
3435.0
3435.0
3435.0
3435.0
3435.0
2975.0
2975.0
2975.0
2975.0
2975.0
2920.0
3795.0
2920.0
2920.0
2920.0
2920.0
2920.0
2920.0
2805.0
2805.0
2805.0
2805.0
2805.0
2805.0
2805.0
2805.0
2805.0
2805.0
2805.0
2805.0
2805.0
2805.0
2805.0
2805.0
2805.0
2805.0
2805.0
2805.0
3215.0
3215.0
3215.0
3215.0
3215.0
3215.0
3215.0
3215.0
3215.0
3215.0
3215.0
3215.0
3215.0
3215.0
3215.0
3215.0
3215.0
3215.0
3215.0
3215.0
3215.0
3215.0
3215.0
3215.0
3215.0
3215.0
3215.0
3215.0
3205.0
3205.0
3205.0
3205.0
3205.0
3205.0
3205.0
3205.0
3205.0
3205.0
3205.0
3195.0
3195.0
3195.0
3195.0
3195.0
3195.0
3195.0
3195.0
3195.0
3195.0
3195.0
3195.0
3195.0
3195.0
3195.0
3195.0
3195.0
3195.0
3195.0
3195.0
3195.0
3195.0
3195.0
3195.0
3195.0
3195.0
3195.0
3195.0
3195.0
3195.0
3195.0
3195.0
3195.0
3195.0
3195.0
3195.0
3195.0
3195.0
3195.0
3195.0
3195.0
3195.0
3195.0
3195.0
3195.0
3195.0
3195.0
3195.0
3195.0
3195.0
3195.0
3195.0
3195.0
3195.0
3195.0
3195.0
3195.0
3195.0
3195.0
3195.0
3195.0
3195.0
3195.0
3195.0
3195.0
3195.0
3195.0
3195.0
3195.0
3195.0
3195.0
3195.0
3195.0
3195.0
3195.0
3195.0
3195.0
3195.0
3195.0
3195.0
3195.0
3195.0
3195.0
3195.0
3195.0
3195.0
3195.0
3195.0
3195.0
3195.0
3195.0
3195.0
3195.0
3195.0
3195.0
3195.0
3195.0
3195.0
3195.0
3195.0
3195.0
3195.0
3195.0
3195.0
3195.0
3195.0
3195.0
3195.0
3195.0
3195.0
3195.0
