64.05201342281879
64.05201342281879
64.05201342281879
64.29752066115702
64.29752066115702
65.20661157024793
65.20661157024793
65.20661157024793
65.20661157024793
65.20661157024793
65.20661157024793
66.98347107438016
66.98347107438016
66.98347107438016
66.98347107438016
66.98347107438016
66.98347107438016
66.98347107438016
66.98347107438016
67.19269102990033
67.19269102990033
67.19269102990033
67.19269102990033
67.19269102990033
67.19269102990033
67.19269102990033
67.19269102990033
67.19269102990033
67.19269102990033
67.19269102990033
67.19269102990033
67.19269102990033
67.19269102990033
67.19269102990033
67.19269102990033
67.19269102990033
67.19269102990033
67.19269102990033
67.19269102990033
67.19269102990033
67.19269102990033
67.19269102990033
67.19269102990033
67.19269102990033
67.19269102990033
67.19269102990033
67.19269102990033
67.19269102990033
67.19269102990033
67.19269102990033
68.03079416531604
68.03079416531604
68.03079416531604
68.03079416531604
68.03079416531604
68.03079416531604
68.03079416531604
68.03079416531604
68.03079416531604
68.03079416531604
68.03079416531604
68.03079416531604
68.03079416531604
68.03079416531604
68.03079416531604
68.03079416531604
68.03079416531604
68.03079416531604
68.03079416531604
68.03079416531604
68.03079416531604
68.03079416531604
68.03079416531604
68.03079416531604
68.03079416531604
68.03079416531604
68.03079416531604
68.03079416531604
68.03079416531604
68.03079416531604
68.03079416531604
68.03079416531604
68.03079416531604
68.03079416531604
68.03079416531604
68.03079416531604
68.03079416531604
68.03079416531604
68.03079416531604
68.03079416531604
68.03079416531604
68.03079416531604
68.03079416531604
68.03079416531604
68.03079416531604
68.03079416531604
68.03079416531604
68.03079416531604
68.03079416531604
68.03079416531604
68.03079416531604
68.03079416531604
68.03079416531604
68.03079416531604
68.03079416531604
68.03079416531604
68.03079416531604
68.03079416531604
68.03079416531604
68.03079416531604
68.03079416531604
68.03079416531604
68.03079416531604
68.03079416531604
68.03079416531604
68.03079416531604
68.03079416531604
68.03079416531604
68.03079416531604
68.03079416531604
68.03079416531604
68.03079416531604
68.03079416531604
68.03079416531604
68.03079416531604
68.03079416531604
68.03079416531604
68.03079416531604
68.03079416531604
68.03079416531604
68.03079416531604
68.03079416531604
68.03079416531604
68.03079416531604
68.03079416531604
68.03079416531604
68.03079416531604
68.03079416531604
68.03079416531604
68.03079416531604
68.03079416531604
68.03079416531604
68.03079416531604
68.03079416531604
68.03079416531604
68.03079416531604
68.03079416531604
68.03079416531604
68.03079416531604
68.03079416531604
68.03079416531604
68.03079416531604
68.03079416531604
68.03079416531604
68.03079416531604
68.03079416531604
68.03079416531604
68.03079416531604
68.03079416531604
68.03079416531604
68.03079416531604
68.03079416531604
68.03079416531604
68.03079416531604
68.03079416531604
68.03079416531604
68.03079416531604
68.03079416531604
68.03079416531604
68.03079416531604
68.03079416531604
68.03079416531604
68.03079416531604
68.03079416531604
68.03079416531604
68.03079416531604
68.03079416531604
68.03079416531604
68.03079416531604
68.03079416531604
68.03079416531604
68.03079416531604
68.03079416531604
68.03079416531604
68.03079416531604
68.03079416531604
68.03079416531604
68.03079416531604
68.03079416531604
68.03079416531604
68.03079416531604
68.03079416531604
68.03079416531604
68.03079416531604
68.03079416531604
68.03079416531604
68.03079416531604
68.03079416531604
68.03079416531604
68.03079416531604
