44.70664515294616
48.22629386095353
50.46033859350055
52.67122230309595
56.179532680820394
57.76402041868035
57.78428536950592
58.97975213301722
60.17754183257037
60.71396695718512
61.29109399349014
62.74901041596037
62.519556457239176
62.40755013257178
61.81061754155134
61.28867351210191
61.64191932263573
61.59124594209588
60.74121117878757
60.991612946964324
60.29933348288914
58.85137239862153
58.3168188350634
60.02106584970316
60.45623811752147
61.28881443726948
61.808903446321594
61.70631324694965
61.66947473186532
62.20959640857146
61.870260122530844
62.6696941736004
62.71789870388979
63.209238181212704
64.07072586147964
64.19757773103787
63.89624145024008
63.930942814470654
64.12193025987314
63.99693271063468
63.80537301507113
63.791842843600634
63.67160220506465
63.68902241254556
63.616183514617624
63.67004201149909
63.49058388040272
63.63315638893129
63.71424756619644
63.3912843378577
63.627368817831396
63.866100972420824
64.23077656947666
64.06378406803287
63.746574608039076
63.518105109304926
63.442426983464934
63.39069688816493
63.381159005523116
63.674633649864624
63.62725120729394
63.89215995153216
63.758906067484105
64.0240442519245
64.28712548988543
64.3440670793486
63.96156262663381
63.91683585231216
63.95614345580147
63.78875514282825
63.44945048781314
63.80594273108465
63.63873738629684
63.588880903551534
63.87905370577875
63.699047642786724
63.46664437679805
63.45525511550783
63.360439170584115
63.44277573304677
63.39016059240467
63.48559482244462
63.51922525977495
63.99250524427024
64.02937381701815
64.05726719209002
63.822563509125764
63.73506207938064
63.3872761353227
62.945154603450156
63.24551164527
63.10741078332778
63.16852587129323
63.478549986002456
63.61064261314886
63.65554528064679
63.61684417365248
63.65897315443927
63.676183966260574
63.28661785899602
63.487045674002395
63.70802519825539
63.79915944296057
64.11156744411441
63.81001140613712
63.368293785930526
63.463448600667704
63.73428481176443
64.01767483388763
63.897983704843405
64.01944683256447
63.73056546385172
63.46841737527331
63.46498881228224
63.58328732988333
63.959244554623474
63.97446678085473
64.03138655083394
63.92484397676478
63.80742335652356
63.74698176835989
63.471106337086816
63.62949133619124
63.749072221848095
63.7667821204059
64.12872504388655
63.8733879501838
63.561549302800564
63.91635267920764
63.955025992914116
64.00499791175429
63.955995798803436
63.97376262989428
64.02355943723522
63.87736138220211
63.63707344743445
63.645848923068456
63.317921327399766
64.33074112974661
64.17287937748243
64.06415988333882
64.23704300627905
64.21407784009219
64.00836232378204
63.91685647762599
63.72335282496154
63.65691837556167
63.674691120881235
63.577193628826656
63.932120996962915
63.79797943887517
63.70694903323598
63.765871121960444
64.09943548068831
64.0470363004177
64.29242387459901
64.04918132015585
64.17383842936998
64.15614844813729
64.16673995574057
64.1591508359214
64.67649163377735
64.49130824782927
64.4129404638928
64.82066869865663
64.81298828179487
64.58707081631219
64.70952226630251
64.68970246215801
64.30045358532278
64.02208858485002
64.32790169596724
64.41051889337247
64.48982275849896
64.23260797658776
64.25692437712149
64.43526165899883
64.05801320591367
64.59169846737116
64.48783200864372
64.24774206398632
64.22437271335288
64.50088535373236
64.34353979298689
64.46141580918317
64.10109369151358
64.47632783835749
64.48618278255263
64.51538928321969
64.49527275258899
64.81775792964895
64.88160439954596
64.3641232881433
64.41040857307208
64.07935751430273
64.00783925278928
64.23209532073821
64.15172125735512
64.12520392940057
64.06868166166846
