770563.6833333333
699451.5333333333
579215.15
548203.7833333333
531934.4666666667
490886.73333333334
511415.0333333333
446267.48333333334
486262.0
421704.06666666665
436961.36666666664
380847.63333333336
311544.25
318601.11666666664
277961.0833333333
357127.11666666664
307838.13333333336
327690.1666666667
284012.1
301025.5
267629.06666666665
299809.4
268398.5
285688.6666666667
275514.88333333336
272237.1
287371.26666666666
293823.3
255537.83333333334
250400.41666666666
273923.61666666664
280206.95
322215.1
304264.26666666666
276486.61666666664
293581.31666666665
277177.2833333333
209205.01666666666
239602.13333333333
249361.48333333334
230318.98333333334
253429.63333333333
255560.21666666667
237108.76666666666
263055.9166666667
244697.56666666668
251599.81666666668
267969.98333333334
266500.51666666666
236001.03333333333
268843.35
267486.98333333334
213660.4
201060.7
229383.75
211387.36666666667
221101.41666666666
221593.61666666667
197963.76666666666
214260.6
222482.9
216580.16666666666
184619.75
191437.88333333333
219114.58333333334
220248.31666666668
206730.86666666667
200275.33333333334
203913.28333333333
212658.2
191734.88333333333
209555.43333333332
182136.68333333332
199244.36666666667
205422.2
226382.3
212884.96666666667
196281.05
210240.13333333333
203643.91666666666
176082.03333333333
190544.4
205096.11666666667
183633.8
168985.65
176945.55
182307.1
181551.83333333334
170643.91666666666
150477.0
180798.73333333334
135522.55
164895.81666666668
138678.13333333333
167788.45
162786.41666666666
143365.7
142297.28333333333
165744.11666666667
156684.36666666667
150833.63333333333
146519.66666666666
157025.56666666668
163635.26666666666
156787.81666666668
166914.71666666667
176807.91666666666
158702.26666666666
163908.45
157989.11666666667
163130.93333333332
165130.28333333333
161294.73333333334
172888.1
180751.23333333334
180751.23333333334
196161.11666666667
177187.4
187505.48333333334
188746.36666666667
171178.55
178964.65
183071.7
177543.85
191676.48333333334
176045.13333333333
189380.61666666667
200476.95
210474.85
194290.0
193350.93333333332
165897.78333333333
164603.88333333333
133950.25
148256.13333333333
141420.76666666666
154126.53333333333
146685.88333333333
148977.43333333332
161748.71666666667
180515.55
164631.5
184374.45
191658.71666666667
195895.76666666666
188296.81666666668
202914.2
209252.41666666666
232321.75
229797.36666666667
227349.75
239464.2
236507.71666666667
236643.46666666667
249873.23333333334
267291.95
245191.11666666667
239516.3
230771.45
221802.2
214127.0
203314.16666666666
190212.33333333334
182580.8
188026.23333333334
198109.81666666668
198095.9
187715.38333333333
183304.05
193189.5
207346.48333333334
190255.38333333333
206687.13333333333
206592.98333333334
212020.8
206467.51666666666
212407.48333333334
232147.9
236060.3
232118.15
226963.43333333332
226865.03333333333
227703.78333333333
229036.06666666668
231925.98333333334
233010.41666666666
227232.7
219416.21666666667
211933.51666666666
206186.25
199283.25
208330.63333333333
207420.46666666667
206221.08333333334
209920.98333333334
196333.88333333333
199422.53333333333
198784.4
197290.98333333334
193390.88333333333
197758.28333333333
187857.03333333333
186865.88333333333
188399.03333333333
183399.16666666666
186405.36666666667
191065.85
193053.15
194620.6
197145.1
201591.45
205671.9
208049.05
208148.93333333332
208013.18333333332
217862.95
199229.5
187674.15
187580.6
189015.08333333334
181265.55
176215.46666666667
163337.06666666668
173845.2
173921.5
188034.83333333334
191955.63333333333
189917.5
195811.21666666667
189193.33333333334
194790.53333333333
198950.11666666667
199518.9
193329.26666666666
191697.86666666667
192272.56666666668
194689.98333333334
189634.9
192631.53333333333
210416.45
211205.53333333333
193908.75
203801.41666666666
203965.88333333333
202626.66666666666
212127.41666666666
202766.83333333334
205510.61666666667
199458.93333333332
190670.31666666668
189581.86666666667
186715.05
193967.51666666666
189907.65
196972.51666666666
185430.46666666667
185430.46666666667
190745.95
183725.15
185085.51666666666
191299.3
191232.63333333333
193222.48333333334
192352.88333333333
199735.55
206850.53333333333
208839.55
210733.26666666666
204962.85
216903.66666666666
192429.26666666666
189573.8
193691.63333333333
191233.65
202435.86666666667
206302.3
194085.65
188203.91666666666
187763.58333333334
190248.61666666667
188371.33333333334
202013.76666666666
212592.43333333332
214267.66666666666
208009.15
215539.15
214174.95
203555.11666666667
213482.75
210716.68333333332
210999.75
212780.51666666666
212780.51666666666
209135.48333333334
215332.33333333334
215332.33333333334
217697.28333333333
203214.33333333334
192707.21666666667
188054.2
186554.61666666667
185647.5
185922.11666666667
191096.46666666667
215604.11666666667
195389.68333333332
198093.63333333333
198395.88333333333
210404.01666666666
216744.06666666668
208581.58333333334
216528.33333333334
217298.28333333333
222447.0
230600.2
226701.75
228982.35
233861.33333333334
230115.53333333333
232648.23333333334
234055.96666666667
232653.83333333334
239686.11666666667
239469.06666666668
241000.78333333333
238338.63333333333
229277.01666666666
247994.18333333332
247863.06666666668
243826.01666666666
243826.01666666666
239599.61666666667
235158.38333333333
228170.81666666668
224448.55
221344.5
223550.76666666666
219949.55
223525.28333333333
226798.78333333333
226406.3
221880.68333333332
221875.93333333332
222893.38333333333
217771.96666666667
212674.23333333334
202013.86666666667
200590.65
199702.18333333332
204831.43333333332
201128.08333333334
199765.63333333333
201772.33333333334
206372.56666666668
213566.15
220884.16666666666
214354.38333333333
218693.51666666666
218684.01666666666
221565.96666666667
221701.78333333333
214388.48333333334
208874.05
221435.73333333334
225180.96666666667
222348.03333333333
206488.96666666667
223474.36666666667
220930.68333333332
231981.6
225621.46666666667
212459.25
219839.78333333333
219839.78333333333
232232.71666666667
229358.81666666668
223823.33333333334
214411.9
203222.7
193391.61666666667
210455.05
209597.93333333332
193122.01666666666
200490.3
194944.6
193475.16666666666
186075.31666666668
189367.05
185241.3
184490.36666666667
185980.73333333334
186793.0
187542.73333333334
175142.75
170874.23333333334
180824.83333333334
190138.4
188122.65
170746.3
171828.48333333334
175848.08333333334
175848.08333333334
174490.96666666667
178452.68333333332
172828.86666666667
175747.56666666668
168959.4
157754.41666666666
167001.65
167389.73333333334
168545.15
175783.33333333334
177019.43333333332
174731.25
181448.45
176694.46666666667
183484.51666666666
182212.18333333332
193407.13333333333
188409.38333333333
194390.16666666666
197273.66666666666
194670.75
185345.7
196782.08333333334
192413.65
194243.45
191834.45
172342.08333333334
175000.93333333332
181929.01666666666
187248.11666666667
163685.9
162168.73333333334
162639.36666666667
171232.5
181465.2
180746.41666666666
173418.26666666666
165081.41666666666
168691.68333333332
164597.26666666666
158223.1
160997.31666666668
158987.01666666666
167301.88333333333
165499.05
165578.85
171266.51666666666
171046.15
159537.16666666666
162538.7
139016.9
138984.25
147684.61666666667
141125.86666666667
149042.66666666666
149196.46666666667
150956.5
165461.6
169653.86666666667
167714.58333333334
165631.68333333332
165343.53333333333
166174.48333333334
170288.5
172592.33333333334
179424.71666666667
191815.41666666666
193655.75
193327.76666666666
198842.95
191871.5
196565.66666666666
192227.46666666667
208254.6
212837.75
209567.73333333334
217705.78333333333
222055.33333333334
214720.28333333333
220007.45
201325.93333333332
203690.2
206301.8
225534.2
216666.66666666666
212409.8
220586.68333333332
220437.58333333334
220339.06666666668
206180.78333333333
202866.86666666667
197816.91666666666
211871.6
203259.23333333334
196251.18333333332
196251.18333333332
204416.36666666667
204119.18333333332
205024.43333333332
