1105992.0
1018345.0
836543.0
786838.0
743947.0
742707.0
742707.0
742707.0
744852.0
745522.0
771539.0
749687.0
749687.0
749687.0
713971.0
713971.0
712164.0
712164.0
598869.0
598869.0
598869.0
598869.0
598869.0
598869.0
596648.0
597568.0
597568.0
597568.0
597568.0
597568.0
597568.0
605077.0
605077.0
589081.0
589081.0
589081.0
589081.0
583539.0
583539.0
583539.0
583539.0
583539.0
583539.0
583539.0
583539.0
583539.0
583539.0
583539.0
583539.0
583539.0
583539.0
583539.0
583539.0
583539.0
583539.0
583539.0
583539.0
583539.0
554443.0
554443.0
554443.0
554443.0
554443.0
554443.0
517932.0
517932.0
517932.0
517932.0
517932.0
517932.0
517932.0
523924.0
517932.0
517932.0
517932.0
517932.0
516412.0
516412.0
516412.0
516412.0
512106.0
512106.0
512106.0
512106.0
512106.0
512106.0
512106.0
512106.0
512106.0
512106.0
512106.0
512106.0
512171.0
516031.0
516031.0
516031.0
516031.0
516031.0
516031.0
516031.0
516031.0
516031.0
516031.0
516031.0
516031.0
516031.0
516031.0
516031.0
488106.0
488366.0
488366.0
488366.0
488366.0
488366.0
489759.0
489759.0
489759.0
489759.0
489759.0
489759.0
489759.0
489759.0
489759.0
489759.0
489759.0
489759.0
489759.0
489759.0
489759.0
489759.0
489759.0
489759.0
489759.0
489564.0
489564.0
489564.0
471746.0
471746.0
471746.0
471746.0
467574.0
467574.0
467574.0
460009.0
460009.0
460009.0
460009.0
561187.0
557219.0
557219.0
557219.0
557219.0
557219.0
463969.0
463969.0
566499.0
566499.0
566499.0
566499.0
566499.0
566499.0
566499.0
566499.0
566499.0
566499.0
566499.0
566499.0
460009.0
460009.0
460009.0
454921.0
454921.0
454921.0
454921.0
454921.0
451029.0
451029.0
451029.0
451029.0
451029.0
451029.0
451029.0
451029.0
451029.0
451029.0
451029.0
451029.0
451029.0
451029.0
451029.0
451029.0
451029.0
451029.0
451029.0
451029.0
451029.0
451029.0
451029.0
451029.0
451029.0
451029.0
451029.0
451029.0
451029.0
451029.0
451029.0
470176.0
470176.0
470176.0
495987.0
495987.0
495987.0
504987.0
504987.0
504987.0
504987.0
504987.0
504987.0
504987.0
504987.0
504987.0
504987.0
504987.0
504987.0
504987.0
504987.0
504987.0
504987.0
504987.0
504987.0
504987.0
504987.0
504987.0
504987.0
504987.0
504987.0
504987.0
476950.0
476950.0
476950.0
476950.0
476950.0
476950.0
476950.0
476950.0
476950.0
476950.0
476950.0
476950.0
476950.0
476950.0
476950.0
476950.0
476950.0
476950.0
476950.0
476950.0
477310.0
477310.0
477310.0
477310.0
477310.0
477310.0
477310.0
477310.0
477310.0
477310.0
477310.0
477310.0
477310.0
477310.0
419126.0
419126.0
419126.0
419126.0
419126.0
419126.0
419126.0
419126.0
419126.0
419126.0
419126.0
419126.0
412021.0
412021.0
412021.0
412021.0
412021.0
498797.0
498797.0
498797.0
498797.0
498797.0
498797.0
498797.0
498797.0
498797.0
498797.0
498797.0
498797.0
498797.0
498797.0
498797.0
498797.0
498797.0
498797.0
498797.0
498797.0
505253.0
505253.0
505253.0
505253.0
505253.0
505253.0
505253.0
505253.0
505253.0
505253.0
505253.0
505253.0
505253.0
505253.0
495965.0
495965.0
495965.0
495965.0
495965.0
495965.0
495965.0
495965.0
495965.0
495965.0
495965.0
495965.0
495965.0
495965.0
495965.0
495965.0
495965.0
495965.0
495965.0
495965.0
495965.0
495965.0
495965.0
495965.0
495965.0
495965.0
495965.0
495965.0
550512.0
552756.0
552756.0
552756.0
552756.0
552756.0
552756.0
552756.0
552756.0
552756.0
552756.0
552756.0
552756.0
552756.0
552756.0
552756.0
552756.0
552756.0
552756.0
552756.0
552756.0
552756.0
552756.0
552756.0
556740.0
556740.0
552756.0
552756.0
552756.0
552756.0
552756.0
552756.0
552756.0
552756.0
552756.0
552756.0
552756.0
552756.0
552756.0
552756.0
552756.0
552756.0
552756.0
494945.0
494945.0
495210.0
495399.0
495399.0
495399.0
494120.0
494120.0
494120.0
494120.0
494120.0
494120.0
494120.0
493985.0
493985.0
493985.0
493985.0
493985.0
493985.0
493985.0
493985.0
493985.0
493985.0
493985.0
493985.0
494060.0
494060.0
494060.0
494060.0
494060.0
494060.0
494060.0
494060.0
494060.0
494060.0
493985.0
493985.0
493985.0
493985.0
493985.0
493985.0
493985.0
493985.0
493985.0
493985.0
493985.0
493985.0
493985.0
493985.0
494285.0
494285.0
494285.0
494285.0
494285.0
494285.0
494285.0
494285.0
494285.0
494285.0
494285.0
494285.0
494285.0
494285.0
501025.0
501025.0
501025.0
501025.0
501025.0
501025.0
490598.0
490598.0
490598.0
490598.0
490598.0
490598.0
490598.0
490598.0
490598.0
490598.0
490598.0
490598.0
490598.0
497015.0
506009.0
506009.0
506009.0
506009.0
506009.0
506009.0
506009.0
506009.0
506009.0
506009.0
506009.0
506009.0
506009.0
506009.0
506009.0
497435.0
497435.0
497435.0
497435.0
497435.0
497435.0
497435.0
497435.0
497435.0
497435.0
