47.70011847660047
50.25291014658701
51.3065625403592
53.82055106396417
54.769817880850304
54.667119718843
56.10992115009536
55.124126001288715
56.970497194205876
55.27100556027147
56.20356427769037
55.3904597700545
53.909972113676844
54.327990635863905
52.40665527363597
55.78980289976895
54.66992869946038
55.77364742481443
54.84929794038157
55.60841679779013
54.65902465877025
56.11074896398982
54.883252139740335
55.82411682297654
55.694552640102806
56.06219860241831
56.66631810321811
57.52050391064213
56.5213969202675
56.40376257851184
57.74920470868476
57.90319738612335
59.506415634309164
59.05932594045253
58.08176566634702
59.11918205861716
58.65734135364479
56.654226671000025
57.3649163207704
57.89348206466061
57.39602448358369
58.23299637197915
58.49848935490458
57.95553778720761
59.24934965717955
58.30867602370412
59.09267509374164
59.45739713233213
59.52827279676998
58.7242843007175
60.002937804876446
59.72802563884485
58.35311905210336
58.484774202802285
59.393218834233345
58.5440328147796
58.785924826446085
59.32986290752544
58.783723294608954
59.34430232600096
59.677540028073636
59.26066834157311
58.33288696179765
58.947874744924526
60.00469605168883
59.91580471319078
59.38172822746734
59.032007335450174
59.44462230026541
59.82497663387014
59.149320781811
60.101009935779736
59.13038139772909
59.94070903965014
59.78947070632284
60.717592900405776
60.52984903311883
60.40030468841581
60.74397520472201
60.572160050681035
59.98368137468141
60.44583055807232
60.9043325672817
60.31008652310244
60.29352580893582
60.86181280534484
60.957824550800446
60.92226692280051
60.571144399867926
59.99199327260083
61.29499845034418
59.82512683751634
61.10472863463285
59.88066722087165
61.50740567897686
60.638510298539714
60.26257134129239
60.138593505243755
61.62176735302601
61.240654614562146
61.10698846375572
61.20354069838939
61.58085370954764
61.46954966752391
61.47638778343735
61.7407363961225
62.035855275691084
61.66796688612771
61.95087841309156
61.5146791551364
61.65353658495173
62.03166002697067
61.518660152363914
62.47338201963648
62.40072224838385
62.40845431627853
62.860174466672795
62.20415748359792
62.748835731693994
62.77726687357458
61.99983006925893
62.75964568509897
62.80209061078923
62.6571545066079
62.99050487340314
62.72997627666104
62.981097197847376
63.43057148980096
63.95085350315297
63.396723080910256
63.58035134195175
62.91706877022873
63.29986981321854
61.98687256624943
63.05432568057827
62.493231155202665
63.34614583955541
62.550813239584535
62.59647126514987
63.31638344147621
64.06005169043344
63.600545041412865
64.06228362310176
64.582823123533
64.49480408072633
63.81666326248308
64.99918034092121
65.08964143318721
65.9092052092852
65.38549613097219
65.1704964770597
66.00785398066563
65.99343146756863
66.03926556195418
66.29827462862198
66.75328725213147
66.03489782669934
66.11427537577933
66.16213467986923
65.96078276183404
66.00208143808594
66.0495361509539
65.81879383133875
65.67390129857932
65.8340647094296
66.19466475309135
66.22430234608304
66.13621247921557
66.16881855302515
66.36697403094315
66.6302277777027
66.13662698220291
66.5846176000679
66.62755939945205
66.7551406412533
66.65646429040537
66.81780778173011
66.86875670342552
67.03502878208101
67.00055954810469
66.95583287119233
66.96958069062339
66.99045271156191
67.08931966939328
67.05562726943974
67.12621682281859
67.12121197707428
67.05998967260047
66.91654486439016
66.85334405765171
66.71255160776383
66.91507279444188
66.88485377548125
66.86141651716446
66.93544955112822
66.72188359415381
66.89171638728817
66.88634188134617
66.82202339379421
66.76297624857638
66.95203954143923
66.7415848907721
66.73824590127627
66.77238060148572
66.6815584058942
66.7849725275683
66.96587619629332
66.98640952090106
67.08379198326332
67.1130636163531
67.15198408532679
67.24505000302989
67.31449801959079
67.22020714215023
67.23590405180433
67.54193334190595
67.27940638627251
67.11340969229087
67.14318629372153
67.03060096394911
66.84789440366836
66.73597875130295
66.5853581740165
66.89434585659494
66.92332737652697
67.22532843759174
67.27095066733497
67.1522250944371
67.3328808412178
67.19045569357156
67.2735150103105
67.38089667551678
67.27389238161778
67.23443242809016
67.15282543798028
67.23219333537655
67.3559656799416
67.202705914398
67.30473761359626
67.68022853575341
67.65738406528644
67.37114758977009
67.56582855166155
67.57215665663104
67.57179167385384
67.92457918362699
67.80986705978654
67.85213931205418
67.72907320114138
67.6149919951896
67.57752421022593
67.58457431426811
67.66423478853018
67.60607348847843
67.75140757127932
67.64223526632269
67.64366852044411
67.79060652085595
67.70271966894609
67.71392255386662
67.95372292379321
67.95497133004191
67.9088612288182
67.7565107978104
67.94793763942515
68.29060651032167
68.42040347357502
68.36709539159261
68.27588621883392
68.61652115056054
68.12120048658927
68.20773001422437
68.35106026774835
68.34699052797676
68.68281099744763
68.75044721198876
68.46721079304476
68.29221334523338
68.29233479760947
68.33933632616458
68.31526397373834
68.69022134290933
69.00636017028337
68.90559993453994
68.86763671895909
69.14776657785514
69.14085729365185
68.95937829986723
69.15749028178615
69.0665739390984
68.96723644737135
69.01621105925346
69.01829079572909
68.91923854966727
69.06093362628366
69.06557164646453
69.1547219354283
68.77142618942631
68.63241425411738
68.55647998514024
68.5398480981684
68.48515081991238
68.4700213054711
68.6131382301361
69.2030339806944
68.79098713642955
68.89709351347898
68.90826501725391
69.22200280508561
69.3349738757731
69.17684264977129
69.30855043289466
69.31764094301313
69.45827922336305
69.64671638606022
69.60064929463847
69.54673336819938
69.83847139186523
69.79593346161731
69.84738608489644
69.94341288198599
69.94167664197565
70.16966775165942
70.19318962813789
70.19291434754543
70.13451202749937
69.89621922860209
70.33107794284446
70.37423548478496
70.30532453590284
70.30709057240138
70.03212870673921
70.13940041337969
70.01706503199628
69.96291360844909
69.66995930736233
69.928269715325
69.84665594940618
69.8908029057728
69.96792709668081
69.99014533283487
69.88165604044441
69.88457615029286
69.92868825598904
69.86319942584116
69.79076864748926
69.51960899198595
69.65493460116177
69.45361060398552
69.73518962480917
69.534460300233
69.44964436963777
69.54881251190983
69.69857246226758
69.86330993685338
70.06442688312602
69.8843103970685
70.02124635050832
70.02902353075068
70.12328763912643
70.13892303855367
69.93202347558689
69.7887808471617
70.14521671400588
70.26903821172021
70.13294054554946
69.71585284824238
70.12498134282284
70.12738377673492
70.46543241360877
70.37393675885875
70.19933984538194
70.33333160814416
70.33567883642795
70.54555244236793
70.44792813252975
70.3754434084454
70.11391865694355
69.88852373621174
69.78932952513188
70.17497304272258
70.15561968391656
69.86120170553822
70.15177088317323
70.00230082041608
69.89502474038605
69.71376355639697
69.84278715614724
69.77816598144165
69.739608727476
69.81010804121927
69.8549592716875
69.91351555669897
69.82134356514207
69.71246260050569
69.89812515890499
70.22342061578955
70.20771182169338
69.91030047179383
69.95077987606541
70.03714386928321
70.0382724995836
69.9867047185596
70.0985861477434
69.93275949007644
70.05050352168496
69.92533035576272
69.6271905867125
69.84377276958159
69.84422002992333
69.98327765256207
70.2328537175311
70.32363662198041
70.29517713631374
70.57929504406056
70.44517303805556
70.56542968665394
70.54158081834257
70.74753178993541
70.63337312474984
70.7739785138776
70.89620928465253
70.80571120269778
70.5486192253192
70.93234402913644
70.84008900448201
70.84924744896229
70.8092289837217
70.33307549841092
70.39034811405232
70.52322419223678
70.70148373658913
70.112285298909
70.03296446115179
70.08770398323868
70.0644950982411
70.54157630011441
70.38989967358174
70.33707646661705
70.22635548620359
70.46177190541668
70.4137004720921
70.37159096308253
70.58046927260689
70.46738842902161
70.78775829907282
70.75481396455416
70.78671384405807
70.97044911239807
71.02690572041261
70.85014447305542
70.88720281724075
70.48678751558127
70.48414344147582
70.7146837289534
70.59851880565876
70.76990542983961
70.79133916099143
70.80379542081627
71.22908219926002
71.3323082466929
71.19768696996327
71.19601883152713
71.1725670012554
71.1392858031267
71.30043552043567
71.26457475369219
71.33594453570552
71.64045699551808
71.63990079239755
71.68699210082016
71.78536110293983
71.74463960647925
71.8423891746057
71.7908341078976
72.09429246353164
72.07996266291984
72.07117240529972
72.24771997402655
72.35551033028558
72.273279536866
72.35572131010592
72.0171850061101
72.1540758375909
72.2544002164107
72.62104345397653
72.38651746021947
72.34858767285121
72.516301185736
72.5189972023949
72.54725585189787
72.30428357635137
72.2680531518062
72.13420588938148
72.4452430495083
72.25004395993818
72.09644206402528
72.1028386071245
72.2418833187328
72.29271690977367
72.34890523825607
