271026.125
267043.25
239924.35
230757.8
215223.475
202560.35
208014.65
190375.35
204321.55
208430.1
201925.6
211818.4
202072.05
207443.45
198151.3
186639.2
180508.25
177272.325
183282.5
180823.75
189721.35
173556.75
172744.95
173568.5
165192.7
168425.35
177005.15
175361.725
180800.35
175899.4
170703.15
166493.95
169719.625
158585.325
168581.7
174836.5
176586.65
198102.3
170059.05
170835.45
179285.0
184902.525
182710.0
190849.25
181675.475
169844.0
176896.25
174358.95
163859.05
157343.75
161433.7
161969.7
163676.15
166800.95
156909.45
162638.25
177800.75
172697.975
165306.7
185896.1
167797.575
182159.225
168072.15
157854.15
160680.9
160711.225
159497.425
156136.4
155157.9
166699.5
163371.9
161346.6
146535.95
165891.8
166343.275
162687.45
157486.7
159333.075
148754.6
157088.5
146721.95
158510.4
154986.4
147820.65
158391.6
160191.1
149837.8
144006.275
159976.35
154925.675
158280.9
154198.35
146055.95
152313.475
150172.05
143059.075
152337.35
154800.25
142627.15
161994.4
153033.9
145807.9
138956.35
148428.4
148909.875
141034.7
148305.2
145794.0
153948.85
162588.7
139959.525
153431.05
153783.55
147343.775
151369.7
147707.0
148079.35
160798.15
150038.5
146383.3
149615.8
151021.925
143276.8
137930.0
139606.2
147671.7
138708.05
142791.75
142799.4
136409.85
151726.05
134435.5
130147.1
128083.975
125853.75
134433.15
134281.2
137357.95
139598.2
138691.65
138846.5
137294.9
135712.0
132697.65
129331.95
128241.25
134015.0
128568.65
131967.95
132377.15
126813.4
129324.2
127829.55
127713.35
127302.85
128009.1
128988.9
127605.75
133159.1
132852.85
134444.5
130973.525
126243.2
126955.25
129798.5
125149.4
132619.25
131822.45
128784.3
135694.725
132591.6
129348.5
132462.0
133083.45
122085.5
122907.05
123329.65
117095.4
126103.45
121139.325
118181.35
116511.1
116667.05
126018.85
116746.2
117883.25
117567.3
118553.5
116316.55
116771.35
115501.95
116457.75
122555.05
114077.15
129804.5
124274.3
140258.4
120847.75
123847.475
137074.75
134683.35
125578.6
126151.0
129329.95
133234.5
128521.6
127686.5
129364.025
136000.925
124106.0
134555.55
126736.95
121898.725
136083.3
130238.3
119138.35
120593.0
141883.95
128095.625
120925.9
136547.0
118255.0
119478.1
124155.85
118797.5
109055.4
110339.225
118268.45
121199.15
115506.6
115066.5
123080.05
115016.5
111876.3
116291.45
113769.15
114729.6
118466.65
117961.1
109770.7
118452.2
125033.275
119239.775
111542.725
118533.925
136887.525
130572.925
132596.15
130130.475
120256.775
125998.725
131483.825
126680.775
117128.975
120386.875
124495.825
124994.525
135745.9
135614.85
138485.275
144236.8
129008.925
140833.225
114204.975
125410.775
146061.675
140591.175
135584.875
152163.675
147617.225
128442.75
146456.6
135704.025
139703.375
144250.225
138860.875
143551.325
141987.375
131244.475
144181.875
140504.675
142032.825
129833.275
134506.475
129043.625
128995.075
128945.075
119637.425
129549.625
133890.975
138432.225
126644.15
129653.925
131886.225
138592.825
131974.225
129673.275
142820.625
128032.75
133564.125
117675.55
126533.65
126021.95
117981.1
124360.5
114874.675
126651.9
122902.45
125965.4
125581.2
127514.15
124783.4
113392.625
153874.075
153356.75
142508.4
153004.25
147854.55
138951.1
152891.175
156833.975
163920.425
153186.05
158172.55
171352.15
142804.2
158273.7
145693.6
139454.65
138876.9
149400.6
146463.65
137302.85
142014.6
135405.45
133588.45
151015.3
151930.25
154175.5
151145.225
149004.25
133257.975
143597.2
144439.95
140093.25
144692.175
151734.475
146438.7
130631.85
142512.65
143220.25
140385.3
144083.45
143310.925
144135.15
145581.75
146157.25
155841.9
140647.3
148789.9
148109.1
151536.65
153001.725
159376.45
150224.2
162337.3
153036.85
157325.9
157070.15
129838.45
146930.75
138061.675
137445.1
134313.5
153230.425
145965.95
133335.025
138223.9
151834.6
169653.95
140989.325
149685.375
159986.6
144787.75
153812.25
150966.425
137832.4
145820.5
151143.925
145974.1
136116.45
139839.4
141911.2
156281.4
147000.05
146335.35
142379.75
132263.75
146435.5
143582.575
151939.1
