296582.64545454545
270042.5875
256921.375
239496.6
228035.1125
221172.7125
214426.975
209868.725
204240.825
212105.85
211263.975
208339.8
212432.675
212437.075
210157.925
203666.25
188926.1
188736.1375
195900.0125
191117.05
193848.95
192355.775
185050.8
183107.725
177200.5875
174048.875
181640.675
187609.0125
193145.7125
190491.075
184172.5625
183695.75
175741.5625
175919.425
180968.275
185322.1125
183955.975
199536.825
193970.675
184409.1
184940.175
186154.2875
191744.2375
194258.0375
191164.925
181147.3375
184460.275
188145.6375
182466.65
166996.025
168453.325
168688.7
169827.15
172540.2625
170622.125
168190.625
181812.15
184521.825
177825.1125
184083.175
186065.6625
177503.1375
184236.1625
172378.1
170816.15
166463.5875
174472.525
168060.1125
164475.675
168286.4
177008.8
170050.825
162108.275
168056.875
176016.5125
174563.3125
171413.25
171571.5375
165668.0875
160507.6875
160846.3
165193.3375
170070.3875
163331.925
172027.4
172674.35
168380.05
160801.7875
176270.1625
166019.8875
170729.375
172952.825
166029.8625
161931.2625
167161.3625
158886.4375
159835.5875
165975.425
162878.35
159489.35
173666.975
160472.575
156503.6375
161776.325
163135.5375
170308.1375
154864.625
158563.325
163719.4125
169746.3625
163667.7375
162592.1625
167885.05
166280.2125
163373.6
165113.5
161255.975
177195.375
173203.225
162994.575
163456.0125
170108.0375
164558.3625
154620.075
152255.7
160169.8
160783.975
157957.325
164107.475
157209.2875
161972.575
158409.25
152588.375
144549.8125
141301.1375
148429.3
148982.275
151736.25
160869.2375
160008.7
156975.25
150173.5
159698.1375
156482.125
150664.625
144543.175
148326.55
145546.5625
152680.425
149992.825
148946.6875
152255.4375
143686.7125
153694.75
147915.275
139779.65
146788.85
145072.6
152088.5625
153081.1
147670.25
147655.5875
152324.7625
140192.5125
140413.1625
144036.925
148581.525
150631.4
145106.925
151229.85
149599.0
145667.75
150148.8
145104.1
144880.325
136105.9625
146789.125
140109.775
146296.225
149760.725
140392.1375
136970.1625
138179.6375
143548.225
145352.7625
134071.9
138129.35
147918.575
138916.525
136900.175
134237.7
135444.475
137457.925
149531.0125
155233.6625
148839.1
150631.85
146703.525
130279.8625
149484.1125
151227.6625
151419.6
139589.6125
144677.7
149470.25
149501.925
145206.9
143238.8125
152451.925
149358.6125
151110.6375
148209.8125
137478.5875
148013.0875
153297.6875
139477.9
134572.3375
151336.9875
155020.0375
140290.5625
147788.85
148953.5125
139445.5
147514.2125
147508.8125
132969.35
123800.2375
136764.3625
152103.025
141795.625
140666.1625
145113.175
143608.2
138601.4375
138972.1
136966.625
135130.95
137850.4
143176.825
136848.975
140117.325
146074.5625
147070.1375
149650.1
134239.2875
149905.0875
151946.2875
152719.9625
146314.6
148115.7125
143687.9625
152235.2375
149042.8875
142537.0375
142375.2875
141586.375
150302.375
147800.625
151339.3875
149343.9
154727.1625
157495.85
149930.0625
140059.1625
132329.5625
158187.7375
162856.9625
151339.0625
155951.9125
172879.7125
151600.95
152658.2625
163673.95
148328.1125
158346.3625
154085.525
154854.3625
156223.975
152413.9625
152688.3875
153699.3875
163223.3125
154367.0625
152263.1375
149757.0125
151440.0875
143648.4125
140110.3875
148133.4
156862.2875
153235.2125
149440.5
142844.95
152047.575
150599.1875
156551.6375
145384.3625
169849.0375
150260.75
150106.45
148096.1125
148626.925
152062.175
151068.2
154790.65
137559.7625
143719.6625
146278.375
147498.1125
147509.975
145935.6375
145748.65
145541.9875
143005.3
166419.6875
165749.8
162700.075
167183.575
159680.15
156489.225
175142.175
177288.75
179073.6125
167917.225
185202.025
174431.8
168161.325
172931.6
156848.625
153556.7
152131.75
162895.9875
157060.05
151844.825
157668.85
149095.5
157483.975
169026.425
173187.875
166214.4375
165293.1125
161446.95
161388.0375
158883.2375
157615.5375
158943.2375
167298.9375
169711.1
149023.35
149276.85
156808.15
153119.35
158665.425
156927.3625
155598.7625
164802.5875
158482.625
162884.275
160747.4
155809.125
167828.2375
164734.025
169662.9875
168852.2125
173966.2
172106.1
174094.7
167455.2
171981.65
154127.9
149963.175
155539.55
152120.0625
151944.95
154723.4625
171896.65
154354.6125
150308.3625
158873.35
181116.525
175110.1375
157939.2875
171237.0125
157804.6
162398.525
163727.2875
158746.6125
155555.575
170940.9375
172986.85
158798.8
159055.6
157458.9
176153.775
167177.1375
167745.225
163853.4
156350.225
159073.3125
151944.6625
170975.8875
