58.55153607071236
60.496978267252395
60.040283807587116
61.40020368230889
61.890122391603654
62.88804739692415
63.30203189362154
64.08147072992918
64.87141807718757
61.902687623578046
62.11362702672816
61.37392411986268
64.94672855300362
64.72689433087004
64.96771018302812
65.67817140963514
66.59508074006695
67.1708313183422
66.41425632968172
67.3149799011858
66.80167252127255
67.31272321201813
68.58233582709275
66.7409333966675
66.86047366903111
67.13863285116602
67.74574249993354
67.14699459235206
67.62010832088325
69.05236291143163
67.53533209215253
67.74013221525648
70.17297701634287
69.9398916411826
69.9394449035639
69.26100009093561
70.4266058954509
69.11621069962744
69.30993881842558
69.48070135582441
68.5063330639078
67.27040571175135
65.61725055924408
65.84247805343786
65.06826092408136
65.99694446153646
68.19223321944517
66.30588820908203
66.34546757018502
65.83432242340818
64.76786079177269
66.28304368241974
63.82027234405393
65.63767072153266
64.96330077834861
66.82761583959498
66.98182813222911
64.99606447190358
67.43499433567249
66.40655889239827
66.34045675475404
66.3674606440305
66.51844619618346
67.83155135354706
66.34217547479008
69.40304799263909
68.14623578323321
67.50134396173722
67.9848854008595
68.89759998186256
67.45777529011231
67.97949412206097
70.99579695336432
67.98441190856704
68.47626240180342
67.98657265050903
68.29546614086323
68.42377632255642
68.85258751654288
68.48679565202374
69.65024743531973
69.26067314269417
69.61720593070865
70.02194317373431
69.15615248077027
68.05935366215533
68.86544299657103
67.82442774805017
68.07183275925749
67.94825057638289
67.32092486147276
68.91050475187151
71.5242120947922
70.2927031170652
70.06383068430608
70.31884518600972
70.02522384860424
69.4433446084507
70.62016052010644
69.53432713607992
69.58000695855131
69.53205355835391
71.71082158752947
69.99781213599059
70.54703887871769
72.1354692300491
70.36669066827251
71.45273417831775
70.05191883335738
69.67836207342926
70.46485019560133
71.35557898465335
70.73600266663021
71.5640624083077
71.89366323305254
70.49352937157231
71.40945893504487
70.74086434494752
72.24717192938492
70.7747846997695
70.4351123589362
69.98794959536977
71.5872165770447
71.27617985145945
71.92017329298297
72.1359148389485
72.03076700112078
71.86122503446981
71.62838387394099
72.53290766743807
72.3181408314319
70.10013354219058
71.10307438305293
70.70218886613574
70.73851140330513
71.09417029649549
70.88873928217697
71.02804195514028
72.50520346128626
71.0204105755928
71.37544658709422
72.53239454713602
72.62025001566664
71.35058207785634
70.7642020749806
69.99304603724673
70.7315916039835
70.77855301165519
70.95030890054619
71.13752592669638
71.59743093566081
70.26029008210443
70.50708580451682
71.20364648377067
70.88862407589492
70.54416608097725
71.07190047540749
70.17937520801568
70.56684163809516
70.328189474849
69.41570838729866
69.47779182130586
70.50165709360162
70.42742381992272
69.09454855840293
70.61905906080023
70.6280156883312
71.0690725228487
70.77883085125568
70.31320858275146
70.62650900014191
71.15008871531917
71.69260904309874
70.85686333912999
70.43759341204365
69.75562616642854
68.85503516764477
69.20606240160647
70.17808036312108
69.76775715657175
69.73410996221278
68.72677279880818
69.38794097491981
69.6794699463928
70.55704027910573
70.0404355138149
69.94538493197119
69.94586221824584
70.26423128250391
70.89104198988085
70.85899945427833
70.53234344790174
69.72159989298777
69.97956048707503
70.04295447265102
68.06856086708156
66.17966838164634
66.52123556244302
65.12227730039125
64.43268479209272
66.42069386609397
66.06386597081982
65.10123622244471
66.13792393794094
66.50308126004627
65.69966181968417
65.21571723257067
66.87223036122107
65.29593122447358
67.04712509409072
66.35169532244136
66.11845907749452
65.22368381465932
67.04656618603815
66.09861140079974
64.5523561077467
65.98407561438435
65.28339866948868
67.58984245637133
66.25287106179914
66.20310470243908
66.13942261179506
66.82936774161072
66.83404608465311
66.67902362512034
66.67004999622014
66.60763837084141
65.45631879599777
66.71136903366722
64.96558878985005
64.65605625869827
65.3304385874821
65.26603519663759
65.89366026950749
66.59322028915872
66.2594010789588
66.55559198425713
65.52238065461657
66.86804021431571
65.72220632373704
66.8732145066674
67.57807782632617
67.62551772624808
67.09193839396376
65.29981898556593
65.6514311442863
66.16320529617937
66.84417910942443
65.36072470974072
66.13107796999245
64.74847035376725
66.09067280599623
65.70666161501087
66.28436009677242
67.93785651675886
67.36816926489274
67.54650728553472
67.81325201121447
67.54799245777723
67.77554976061828
66.71280902675208
67.13881067439226
66.53473792653763
65.77374507412284
67.25630236687313
67.40930710937451
67.72239410521017
66.13533368232275
68.70313825236127
68.89909100773926
69.20121652491885
67.41319960545401
68.58465955130886
68.11358277491338
70.2734023581607
69.20045843570507
68.64782307994881
68.30723987520382
68.29221620302454
69.02756721100384
67.60127249498262
67.98881246936284
67.24388634596087
67.33557521857001
69.06948613059721
69.81729021868931
68.03104108624782
67.01000373609132
69.16808942151309
69.30686655406092
69.18957575824638
68.19424950785933
68.32109987580945
68.24192746475607
68.87446210704857
66.87047652193479
67.2398587482227
68.09697739233884
67.54051559880651
68.97992073124944
69.86282146226431
68.21451435237748
68.93006562065352
70.3332515522431
69.81853667501494
68.66250360887409
68.2338414022553
68.66286707293166
69.5040840861945
68.98303735461363
69.12400288042245
68.40864244340423
69.25368556646336
68.42586909994694
69.51591160457076
69.49559828389575
70.18645989181547
68.66612527640996
68.99157547873422
68.48005025139003
69.58138739929154
68.60094656299138
70.07640582564008
69.92442511374698
68.6459109111031
69.38675737456553
70.0130899510153
70.10237003432395
66.91569742196627
67.4904540783348
69.75295702709788
67.5898219859758
68.1607570383713
68.29993573788121
69.29470058584967
67.69896679352277
68.48378353538578
68.63527189566251
69.13435224046341
69.71816795260816
68.77199638350028
70.56255620105343
71.88890514300802
70.27735638701733
69.24583130034787
70.55085535654081
71.43322119187286
70.99834335736729
69.11695113514138
69.90311192859087
70.50579788407879
70.84398144596898
71.35722271361095
71.02939877114972
69.89426791728036
72.37143246316879
70.41990648242196
70.90697839454174
70.88515721060955
70.26222400690149
69.93790161750101
70.12563186095358
71.6942443468823
71.42340874904356
72.38675216104909
71.46384866407335
69.56975456683789
70.9866522464612
69.97735661253141
70.56933615407331
70.49734152991098
69.8028178182155
68.67213545550604
70.57186950946328
70.66623336191297
70.46241709377783
71.65078455068846
69.61335715212574
70.18257721160036
69.83086958524333
69.87398231258175
68.64619539794678
68.8362680027091
69.05871347678618
70.3728154471915
69.62535318045371
70.36461568196013
69.61682039961279
70.6179990983724
70.3372574512868
70.43322203443509
70.2564838849867
70.0515493309675
71.23208046940957
70.3856380668624
70.9896559917495
69.71769345274421
70.34520696292012
72.01991382243541
70.89965407371963
69.8298988699411
