879976.6875
789469.4928571428
744202.2357142858
732518.4642857143
647731.1
681639.4928571428
634785.3285714285
645700.3928571428
610765.8571428572
583761.0357142857
612044.6857142857
573831.2428571428
551545.9357142857
538783.9928571428
518656.1142857143
489655.25
501842.67142857146
516111.35
528761.1428571428
417395.89285714284
484532.02857142856
433244.7642857143
447995.40714285715
504528.2428571429
464602.7571428571
466435.22857142857
439818.71428571426
421606.6928571428
464754.8785714286
478405.20714285714
481092.17142857146
429920.3142857143
384586.84285714285
406404.22142857144
353449.9857142857
416051.77857142856
360025.8
377774.3071428572
402494.3642857143
356887.10714285716
372753.52142857143
330212.5071428571
392110.09285714285
320005.96428571426
369873.6357142857
387103.8071428572
334180.95
378108.89285714284
415080.97857142857
384855.5142857143
421938.53571428574
335993.3
358246.0857142857
397926.96428571426
405853.29285714286
448955.6928571428
359224.65
408461.90714285715
406283.8214285714
410631.6357142857
393304.6785714286
396726.67142857146
423562.85714285716
389386.4857142857
414881.75
441110.9
439003.1857142857
400331.0571428572
433444.0857142857
396314.95714285714
388530.70714285714
398750.96428571426
424067.96428571426
391145.1785714286
393792.42142857146
392512.96428571426
383955.02857142856
397912.0714285714
407150.0571428572
414028.6285714286
382700.67142857146
432029.0714285714
400296.4285714286
437403.6785714286
415642.15714285715
429354.79285714286
445958.9357142857
382164.45714285714
407807.1642857143
380587.6928571428
406139.5714285714
390445.2642857143
375207.9428571428
409465.20714285714
397476.52857142856
388561.34285714285
405660.4
438216.77857142856
382913.75
390780.17142857146
422667.1214285714
387648.8642857143
406963.27142857143
410929.6642857143
385626.5071428571
401370.95714285714
397512.8071428572
382372.6
380590.8357142857
397557.95
340001.5642857143
374827.3214285714
353976.6357142857
340311.8142857143
315309.22142857144
354660.2
382095.8357142857
379061.0071428571
384245.28571428574
395960.35
400790.8714285714
333535.9857142857
402315.1928571428
368075.5642857143
404621.72857142857
392303.10714285716
394015.90714285715
376589.8142857143
376974.7428571429
377860.05
370512.67142857146
377990.9142857143
362917.8642857143
391156.28571428574
338920.52857142856
381771.4
415517.97857142857
354683.2642857143
394182.14285714284
373336.45714285714
401594.25
355206.9428571428
344963.5142857143
382562.57857142854
388997.0571428572
400239.65714285715
390476.20714285714
396078.2428571429
352301.85714285716
392158.6142857143
397016.52142857143
379609.67142857146
384498.47857142857
394315.5857142857
379088.0142857143
400179.5857142857
393027.3142857143
403564.6357142857
360271.4142857143
423690.15714285715
381874.1357142857
404845.92142857146
404483.3214285714
354059.21428571426
392865.79285714286
340760.7428571429
396633.1857142857
396944.03571428574
390567.07857142854
379104.45714285714
392180.3
389628.8714285714
379829.3642857143
396859.84285714285
382634.9857142857
417417.5571428572
369657.6857142857
425064.3
376228.75
399477.1857142857
400396.2428571429
409591.4142857143
397305.1142857143
401393.3785714286
396010.0
371185.7571428571
389677.4357142857
395991.1857142857
414286.14285714284
424935.45714285714
387990.92142857146
411545.53571428574
392629.9142857143
425037.59285714285
397378.71428571426
411000.8071428572
383277.6642857143
394900.2
409908.3785714286
374054.92142857146
394511.7357142857
382735.0
367473.05
369310.9285714286
389924.47142857144
331679.52857142856
378102.8214285714
337599.65714285715
380106.4428571428
376264.79285714286
354535.0714285714
371749.0857142857
365222.84285714285
380761.03571428574
333450.1
397685.6285714286
360799.4428571428
365938.9142857143
370734.0642857143
367960.35
408517.25
338697.67142857146
367064.0142857143
375243.6928571428
352305.5857142857
396871.75
352991.6
377264.5571428572
398276.89285714284
378998.0714285714
391498.3714285714
366226.55
373841.96428571426
386668.82857142854
353209.55
388857.52142857143
376531.1857142857
363957.8857142857
389590.20714285714
389739.22857142857
394057.82857142854
346372.39285714284
363317.54285714286
375909.10714285716
353160.8785714286
394683.72142857144
372387.17142857146
390305.04285714286
379207.72142857144
376548.1214285714
359431.09285714285
402724.35714285716
371221.3714285714
372086.4357142857
332914.10714285716
397919.5142857143
362167.3214285714
374458.35
379074.92142857146
383867.14285714284
397875.3357142857
381878.47857142857
372661.53571428574
398664.1785714286
372270.3714285714
392633.3357142857
361834.54285714286
386657.47142857144
361207.3071428572
360503.55
329192.35714285716
368831.8214285714
353713.1928571428
347889.42142857146
390352.22142857144
316064.35714285716
369969.9357142857
376223.0642857143
362638.2642857143
347185.46428571426
368394.47142857144
376140.7357142857
337566.6285714286
366659.0071428571
337057.34285714285
373126.96428571426
353264.3642857143
364164.2
373169.46428571426
333321.09285714285
368761.9142857143
340226.45714285714
337673.5071428571
362548.0642857143
359462.6142857143
352847.09285714285
341114.09285714285
357329.8642857143
374713.09285714285
344716.4428571428
356848.05
346862.9
351829.5571428572
356232.1785714286
377471.77857142856
364054.65
327395.70714285714
346295.17142857146
354465.6357142857
332195.90714285715
382341.6928571428
314819.72142857144
349340.3142857143
371922.5071428571
335802.1785714286
362727.84285714285
360678.21428571426
379878.85714285716
386605.47142857144
368646.0
388652.34285714285
370724.65
342744.6
372012.6857142857
355796.35
352148.45
364407.22142857144
384732.6214285714
368096.4285714286
335889.6
359426.34285714285
352902.4357142857
364605.3857142857
384717.60714285716
370717.02857142856
379493.96428571426
364628.40714285715
348574.54285714286
347180.97142857144
353701.27857142856
340317.15
373403.52857142856
381575.52142857143
378722.85
393026.1285714286
364034.17142857146
380544.95714285714
344529.97142857144
367024.8
369930.72857142857
375325.75
385966.6857142857
391419.2357142857
341409.71428571426
350778.3714285714
363540.0571428572
378494.35
339022.0
398898.55
350641.52857142856
377805.2
401134.3642857143
348198.85714285716
374768.57857142854
343214.07857142854
370299.3214285714
376220.17142857146
357395.05
332103.7357142857
376851.3714285714
376570.1357142857
340612.4
383295.9857142857
378106.84285714285
365928.04285714286
360280.8071428572
355390.65714285715
370189.5857142857
353201.6
376518.1214285714
380994.79285714286
321806.9857142857
353070.7
352538.97142857144
393801.35
384532.40714285715
321106.7428571429
398216.6928571428
343690.65
364165.0
371250.40714285715
374834.0642857143
372328.0142857143
376721.25
352176.57857142854
351378.0071428571
369881.3214285714
381600.15714285715
376029.5071428571
381856.5857142857
364251.7571428571
340958.71428571426
398240.90714285715
357419.8357142857
383509.22857142857
342618.47857142857
355881.0642857143
386819.3785714286
357493.3785714286
376575.4928571429
385965.9428571428
380727.15
385862.20714285714
393115.09285714285
387408.1142857143
387154.2428571429
378851.0714285714
370537.71428571426
382631.85
415049.60714285716
399747.89285714284
387647.7642857143
403259.2357142857
394031.34285714285
377262.14285714284
384128.2642857143
388322.15714285715
372482.22857142857
407511.5642857143
402289.8642857143
401566.2642857143
389508.0857142857
385839.92142857146
398488.84285714285
385932.3357142857
406761.75
398605.22857142857
384101.05
376454.52857142856
368378.34285714285
398460.4928571429
374071.1285714286
405285.77142857143
376863.54285714286
367422.1285714286
372902.97142857144
370716.1
346951.34285714285
368621.1642857143
391010.22857142857
398408.42142857146
420596.45714285714
382705.5642857143
432019.3714285714
387765.72142857144
400740.2571428571
398646.1142857143
414409.05
374623.71428571426
407016.3642857143
424309.27857142856
415653.6857142857
412508.02857142856
416044.3642857143
388439.45
409986.1642857143
411969.02857142856
409734.27857142856
398675.1642857143
397858.2428571429
421812.07857142854
397969.4
413580.2
434678.09285714285
423344.02857142856
443095.25
407746.95714285714
418541.8714285714
418720.1857142857
443600.84285714285
434855.53571428574
413515.7571428571
458598.22857142857
385968.5857142857
436906.1357142857
432038.1142857143
449687.3714285714
406809.1357142857
424206.25
412711.35714285716
423575.4428571428
393255.0571428572
414837.0142857143
410119.7571428571
430505.6214285714
394822.95
414677.3214285714
405568.27857142856
379747.05
398832.15
358645.53571428574
