46.814242754249534
49.99742148150198
52.11887040327344
53.17407566014044
55.26885300691283
54.0392709969884
55.13334285329684
54.261167928123065
55.54746471900183
57.097382623751855
56.938066444191605
57.15984942797758
57.35888734049475
57.38131780479496
57.36652108015714
58.04072363202385
58.02974893824102
58.588591233826264
57.63419540177069
59.24540976158474
57.82369180577007
58.48220365774751
59.07631254148646
58.56147214487887
58.78050081209411
58.405971409730896
58.71113264466102
58.2466001462668
58.05545722820312
58.084441919297625
57.97753859289798
58.921288116462826
59.207351123018235
59.422215775629525
59.89518477411905
58.60313104598422
58.92191777441064
59.12727582162922
58.2490845431186
58.296130457993414
57.34487714411761
58.616911019136545
57.76109345663568
58.356702959094164
58.74176028176718
58.827514762590766
59.85252231539168
59.706990320310396
59.585361650423906
59.950028209671835
59.408268084117374
60.21336890264836
60.3511383796966
60.67054701437645
60.580609092034
59.52630136612341
60.30547180317281
60.31792681360533
60.311372940889626
60.09883751048893
61.00832154882837
61.204025996651886
60.529228915968595
60.923525157804825
61.07723942626142
60.81262834738577
61.14049095171246
61.66576674308486
61.67804373815323
61.6982185023152
61.754247827744415
62.134465477979134
61.905694125569006
62.113006400024524
62.338238721193036
62.70946408386389
62.27508834704987
62.28654469493974
62.23481763102203
62.094890045668095
62.84610341443056
62.45915851515325
62.53119533968946
62.54508511373574
62.10994806430174
62.58186204791496
62.41282655775798
62.69857990182498
62.418091522442964
62.318458225803155
62.26142617159826
61.98746470826524
62.03227290146974
61.97896919395522
61.91914509304783
62.05537178552309
62.59173757595426
62.464866421578144
61.97768605823191
62.29492967850182
62.219886813382196
62.471346616231244
62.360259944992826
62.36025994499282
62.34691161282763
62.583370640879345
62.39985466077075
62.23253009802378
62.76960890419873
61.282515097432444
61.2579815509154
60.69171589133234
60.26741280263876
60.31961710736106
60.72294585734521
61.284501700690576
62.04235358594
61.60346424560761
61.587068795875744
61.587068795875744
61.395748606254365
61.74863014429264
61.452650017018286
61.69374839342883
61.69374839342882
60.987912201736584
61.917563274225934
61.90239232653757
60.80419149635612
60.55389113783477
61.42815061208038
61.17258462456355
61.19375632798334
60.97570897677772
60.97570897677772
61.57760802341197
61.47327564735069
62.39694124236951
62.43668601031394
62.75559046300215
62.54848564045498
62.855045679333756
63.23244385477374
63.10136738297332
63.214629713884044
63.17738227592578
63.17738227592579
63.210864632841684
63.251711930425785
63.22935407732071
63.229354077320686
63.24722472752172
63.22895612453653
63.21297745012813
63.22516126185516
63.23901659306632
62.98816099406818
63.01769999836812
63.66457951298733
63.69597950416235
63.91610129776827
63.90409749817717
63.62377052757356
63.78615830967974
63.379408520046255
63.3767398824359
63.385001031327775
63.39714313444652
63.343539796728784
63.471537374279684
63.763151120411486
63.45640863307564
63.4766120532146
63.6504231840107
63.81512595516754
63.6513375237387
63.58713875495315
63.56108616896735
63.63601518734685
63.85291953194135
63.79769574294747
64.02604263634801
64.031141802204
64.031141802204
64.11910241352976
64.01434547328785
64.06461848092918
64.06951195576733
64.03899156472022
64.04220119654434
63.88035547082914
63.880355470829144
63.89851803831838
63.89851803831838
64.04190419224182
63.7037800496753
63.39322805710625
63.116644806008175
63.116644806008175
63.116644806008175
63.123946536493364
63.21269844082849
63.459965407542306
63.58282287106429
63.596982810538165
63.880952649779836
63.65191810860007
63.7073145895743
63.7073145895743
63.73303933835077
63.73303933835078
63.903245828786474
63.90440818254021
63.912200117476345
63.90738611071526
63.82709299759615
64.00676124938839
64.00676124938839
64.00737679351484
64.00737679351482
64.00737679351482
64.25722107864063
64.31787716979505
64.31787716979505
64.32554882738731
63.87856640560357
64.2293461407828
64.15812613846826
64.16699511466179
64.1744856005475
64.19728638102049
64.36662155209429
64.12240265834892
64.14097142019251
64.14097142019251
64.14097142019251
63.82234633363326
63.831711899388395
63.831711899388395
63.50687811845247
63.51431058207886
63.64174746297465
63.106427049423736
63.109169893466444
63.31989644882695
63.31989644882695
63.31989644882695
63.273700565804305
63.273700565804305
63.273700565804305
63.631048861390546
63.63104886139055
63.275630968721316
63.275630968721316
63.387137169051144
63.387137169051144
63.38936734985112
63.31243835000838
63.16712110131827
63.167742997592526
63.167742997592526
63.160785160757754
63.43632520070035
63.43792123884314
63.437921238843145
63.268087955192534
63.492301644720555
63.17012337894284
63.18292451250716
63.182924512507164
63.197827323065255
63.32481450597005
63.24640857256714
63.45291302879371
63.57702447516779
63.88333835492736
63.90287259983612
63.750074968752024
64.1145447773145
64.18746691161861
64.18746691161861
64.09419389127277
64.33736038802431
64.42519498249922
64.43294028818666
64.43294028818666
63.96805779530546
63.69952754407913
63.723916513286895
63.96135973814784
63.962827634393484
63.964029716839704
64.10769104606565
64.04583218856553
63.92905859536685
63.79678879477357
63.79678879477356
63.86956812586478
63.66973380310615
64.20362677228778
64.27438982298366
64.30441169546243
64.30965319591088
64.37990044731688
64.3799004473169
64.38647847983165
64.45795121642279
64.50551618211111
64.24468997016561
64.24468997016561
64.24468997016561
64.24174542457521
64.48524601024074
64.29408861593353
64.29408861593355
64.28340575830644
64.28858037445724
64.28858037445723
64.59415323909259
64.60091458925471
64.232502951252
64.4348990105194
64.6185331424486
64.91215590198816
64.91750361105356
64.91750361105356
65.12492566757561
65.14475621183848
65.14475621183848
64.6841394874217
64.6841394874217
64.68413948742172
64.6841394874217
64.66881769709452
64.70696641515897
64.42787494073757
64.48821695997786
64.48821695997786
64.48866453294917
64.41550655200818
64.42741955821165
64.42741955821165
64.18921734286275
64.33261846272444
64.33405161763928
64.31907180219744
64.31907180219744
64.31907180219744
64.34931414485135
64.37382227791574
64.79059568029446
64.94537426189845
65.06926956259966
65.44580799958376
65.76437344537625
65.78838079655048
65.78838079655048
65.81820187735198
65.53050268534417
65.52573588772722
65.52573588772722
65.52676446925547
65.82480919991235
65.82480919991237
65.62454011408241
65.54439509561216
65.5545989354034
65.6709468096371
65.4755563805432
65.40422330879844
65.40422330879844
65.42735597370879
65.520133769448
65.520133769448
65.52749780149213
65.53421689783957
65.46713826603538
65.46957560268878
65.42243233460006
65.42243233460006
65.42243233460006
65.59476031188261
65.85070422500183
65.85070422500183
65.77159371916224
66.04007084386318
66.16486682795168
66.16486682795168
65.8962907618532
66.12133092767039
66.12133092767039
66.1213309276704
66.12133092767039
65.99365773787396
66.06752438721271
66.40045169245084
66.74751160581671
66.74751160581671
67.00838262312779
67.00880033742189
67.00880033742189
67.01641977604744
67.01641977604744
67.01040276009222
67.01040276009222
66.73567182480151
66.7356718248015
66.7356718248015
66.60357540294483
66.14912085639712
66.1621318493323
66.3009444285442
66.3009444285442
66.29151858880535
65.99265087317909
66.14233090919046
66.14233090919046
66.26135560824942
66.26135560824942
66.26186356574478
66.55479128334099
66.56359507441512
66.67536451994773
66.86022314420048
67.3664950709655
67.3671363860802
67.3671363860802
67.3671363860802
67.3671363860802
67.3738892957344
67.3738892957344
67.40446606278228
67.40844047511483
67.40844047511483
67.1793275685567
67.1793275685567
67.1793275685567
67.31531306074238
67.31531306074238
67.17137108591966
67.25574753818817
67.46087472373772
67.22254161966698
67.1383277696455
67.44859915476489
67.19095765952582
67.16059378424409
67.16059378424409
67.16059378424409
67.16059378424409
67.35162004957864
67.35162004957864
67.35162004957864
67.49371675127927
67.47449813844074
67.47449813844074
67.43053977855472
67.8453248072425
67.855167763276
67.85516776327601
68.2929774663389
68.29622816656173
68.30244873205469
68.06389157265492
68.35433763054816
68.10593289773023
67.94450573126367
67.94456431070368
67.95703106551782
68.30180371112661
68.31265949829077
68.31265949829077
68.46597192863851
68.63840621546606
68.63840621546606
68.6660740065743
68.66607400657429
68.6660740065743
68.49461562555265
68.49461562555265
68.49461562555265
68.53904235153149
68.4956434320712
68.51195130775646
68.5124890707593
68.68265641371173
67.91292590403495
68.1900652085239
67.76560836588175
67.93514480549155
67.71651137797824
67.84197847953004
67.8849805080994
68.57163365559268
68.57163365559268
67.76325548292456
67.87243070782418
68.28114367706095
67.32752442952783
66.92659198174799
67.60106608080028
