96530.0
105310.0
96830.0
76180.0
76900.0
81490.0
81490.0
81490.0
81490.0
68720.0
68720.0
54080.0
54080.0
54080.0
54080.0
54080.0
54080.0
46760.0
46760.0
46760.0
46340.0
63500.0
63500.0
63500.0
63420.0
63420.0
63420.0
48860.0
48860.0
48860.0
47420.0
47420.0
47420.0
46700.0
46700.0
46700.0
46700.0
46700.0
46700.0
46700.0
46700.0
46700.0
46700.0
46700.0
46700.0
46700.0
46700.0
46700.0
46700.0
46700.0
46700.0
46700.0
46700.0
46700.0
46700.0
46700.0
46700.0
46700.0
46700.0
46700.0
46700.0
46700.0
46700.0
46700.0
46700.0
46700.0
46700.0
46700.0
46700.0
46700.0
46700.0
46700.0
46700.0
46700.0
46700.0
46700.0
46700.0
46700.0
46700.0
46700.0
46700.0
46700.0
46700.0
46700.0
46700.0
46700.0
46700.0
46700.0
46700.0
46700.0
46700.0
46700.0
46700.0
46700.0
46700.0
46700.0
46700.0
46700.0
46700.0
46700.0
46700.0
46700.0
46700.0
46700.0
46700.0
46700.0
46700.0
46700.0
46700.0
46700.0
46700.0
46700.0
46700.0
46700.0
46700.0
46700.0
46700.0
46700.0
46700.0
46700.0
46700.0
46700.0
46700.0
46700.0
46700.0
46700.0
46700.0
46700.0
46700.0
46700.0
46700.0
46700.0
46700.0
46700.0
46700.0
46700.0
46700.0
46700.0
46700.0
46700.0
46700.0
46700.0
46700.0
46700.0
46700.0
46700.0
46700.0
46700.0
46700.0
46700.0
46700.0
46700.0
46700.0
46700.0
46700.0
46700.0
46700.0
46700.0
46700.0
46700.0
46700.0
46700.0
46700.0
46700.0
46700.0
46700.0
46700.0
46700.0
46700.0
46700.0
46700.0
46700.0
46700.0
46700.0
46700.0
46700.0
46700.0
46700.0
46700.0
46700.0
46700.0
46700.0
46700.0
46700.0
46700.0
46700.0
46700.0
46700.0
46700.0
46700.0
46700.0
46700.0
46700.0
46700.0
46700.0
46700.0
46700.0
46700.0
46700.0
46700.0
