35.719059327911225
39.56918530876962
40.48320020592517
38.70164277925106
36.57346576542952
35.326218772738294
37.20222156910806
42.26616574436039
41.02017302160845
43.14354576633227
44.42178681547817
43.92548567640656
42.010349072252275
45.324829254702095
44.15126854655091
43.69295573424014
44.915382290722285
45.89425736131447
43.94270881616761
45.59848367631131
44.99285908089364
44.710285257592524
45.538370330873065
43.90214868162609
45.468199320214225
44.31799307416287
44.147626820557626
45.282261604645626
42.926886730713846
44.037884037884034
43.30519155716308
45.59707945357519
43.71237386759263
44.9846956927116
46.07784699789775
44.129128094395824
44.108995349164736
43.99778658253234
43.912605777648096
46.07240904852267
47.191891979616344
45.765494331459905
45.61406844106464
44.96069167938137
46.33089901787963
45.725495159147
42.820111430927966
45.29326140114046
45.31328019251014
44.240537066133406
44.86153071500504
45.84223777941537
43.370011520397014
45.21259571115543
47.38467100242106
47.16263475359344
45.88774416519019
44.63229282730406
47.76647623900468
46.588033957514575
44.809774044172904
43.96635287056169
44.19684308263696
44.05078835793871
45.97917557606024
47.46563605885639
46.92019051919707
46.89399303711571
42.65722040232603
44.566307478928834
44.318721066340466
41.332753220601816
40.7842593083858
45.00482507359986
45.94391291644131
46.00593281537925
43.96490714303146
44.594549923970604
43.99796158278464
45.68446556704875
43.51868462942554
43.461809036016334
45.613330749139365
45.79210286875525
45.03450135773538
45.330366589686
46.77352139248194
42.810017286363724
47.25545845081859
43.31369670056821
41.22298653631332
47.82624725331444
45.32486113448914
42.159063894978736
43.084444676427346
44.58323227423397
43.473651764854985
44.068486441367796
43.86075438454869
45.62751538282749
46.651486158487394
43.91634452262425
46.56883136147147
44.517147624690374
44.54079295821697
46.137076669070616
43.00137558722002
46.40060662120593
42.419859593167914
44.54011857805235
43.101692590939194
45.457784111150694
44.51615389736204
43.08515951801211
43.25933542496068
41.522751741260734
45.890603085554
48.04216473542414
43.07576008194985
46.16186821426997
41.20127140538895
45.233705401634445
41.20127140538895
46.349864214002515
48.08645865159385
47.67239572595251
47.049185568823034
43.56035422705636
42.526834928923705
42.269310689823264
41.52516405791181
41.617135069516024
41.85805455623096
42.622125255043876
46.667962998972186
43.835271936102274
41.598524931858265
43.82490458997967
42.46880492347937
42.2343674274937
40.953611418727704
45.55916524420461
41.96032749020653
41.138955479216946
40.97055943303842
41.86519589067913
40.8006454816286
43.91390718585233
44.95369001430666
42.49407453430442
41.3551401869159
43.065110755699976
43.260166883978506
42.67307179545782
44.48567556059326
43.31370331033569
44.33256471663566
47.05458195552252
41.47177088462169
42.46704578594343
43.02024117140397
43.3127138720716
42.00699419993177
42.91990336906363
41.74027543927816
41.5997556777167
43.704331450094166
43.24819794340745
40.8942728312807
42.66535433070866
40.50272235185803
43.65961362627411
42.770835630887035
41.630526011447124
43.72524272132303
45.01605305007951
43.3911337915712
44.339984308690845
43.296685215102016
43.412794431748594
39.76229771611898
43.32870407227545
40.8075424412517
40.79935809800188
41.3118337009466
43.76224239651876
46.138470379531775
44.36427663630586
42.85485191468531
41.64256858476568
36.95101741289905
41.09140933737709
44.5448261353049
44.544566214164384
43.090476361761574
47.334953499337054
42.54257770376731
40.98204493968285
43.93419042958614
40.98252834604366
39.568948687914855
42.11353655853795
45.247246531026605
42.947345397614775
44.00384353980641
40.34462058561014
42.7614155691251
44.237252698429295
42.80443127071146
38.1090201776382
41.22571316035115
43.422446080330616
41.82373397712249
43.4425271523621
40.98234767251521
42.120718291753406
42.06107048707923
40.975910327242985
42.30595332120005
36.998594872610624
37.961219143856255
42.248562059882815
39.077815794340665
41.20897960285641
42.236112958283464
42.69046856377713
40.064928562770426
36.455348399654504
41.657521835044115
37.1390579424915
38.23379920414833
40.589348856925454
41.43280363994431
39.12897848142694
41.45099762778145
44.107928339158285
36.78896939698443
42.82118224998372
41.23957634627647
35.27177012712117
38.267087308220326
37.54631111924255
37.60965074846675
39.93249200850607
40.66950727053083
41.70443570361018
40.55201245350569
42.689181952373225
46.238619556285954
40.128601797478474
42.77048931212643
42.15446865694614
43.70697349699974
43.042219377170824
41.52118431980816
40.328612043131926
42.06500158499759
42.610721175553095
42.92283287188152
45.33754227319511
41.17957925310976
44.644980414169396
40.41385272911162
43.05983476544224
43.01078154257158
39.31332927346879
43.86757374610957
42.352672492545295
40.866283172017816
40.309741038461645
42.45714921401005
41.471593879565084
43.74917757982482
43.324969944069835
42.2331527788508
40.542568261165144
44.36987421605658
42.2179912153339
40.64245434655227
42.94334911304167
42.23056033855036
43.77566738864189
43.967872828234846
44.30692565554015
43.244900623248725
43.68587283522572
43.43550748045131
43.77140355846228
42.86491655739485
42.604195733238626
42.4080515862092
42.55559170617051
43.983114292900055
41.765298205648826
41.85327254271886
42.14898869976477
42.80992602696605
41.14066400885198
42.85049812639357
43.07346073670359
42.884216188051
41.62247110932936
41.3920620045085
41.92375795961453
41.684746836985944
41.62927108018622
41.49181008835449
39.764530920808035
43.734643042311944
41.646160457599294
43.038792098143475
44.34001009140939
43.28465173383585
41.90748207885305
44.21041790045576
43.772568366337765
40.89265064094678
45.110069290328944
41.57304584247941
42.303219856449736
43.082435431107456
42.56201258712483
45.99538716217473
44.459173818764924
44.73999313172203
45.13349981651048
44.69027331687592
43.902632704172014
43.06135533453126
41.38320554637748
42.59016622555314
41.68027251168129
41.96750823654844
44.63607093845666
44.27454573755423
44.87732572288223
44.089401943988506
45.41547277936963
41.583997625627546
43.78221240510828
42.65950947019289
40.77242348481135
44.614769585143804
45.56325447951064
42.129940680253355
44.355828931517
43.70520895644932
43.08984269669617
43.91980921320367
45.47672621790875
43.70342665199248
43.62751553892359
43.7341964343068
45.57945682721049
43.81288276465441
43.91562485610351
45.03999612452388
41.65510669012497
45.956950930900135
43.62225254714485
40.557271325936455
44.18677244470359
44.503672758291216
41.25806911605815
41.22780531582081
41.84725023307798
43.25091668364229
42.18204324051098
42.810388974822814
42.5983494477701
41.17530938340187
44.8130884629261
42.664106578985695
44.86413832535556
44.44577772034435
46.2637378180738
45.501396452385
43.51074427209335
41.992197395754175
42.59583983994463
42.890469400193034
42.797578224670545
43.46674880409067
42.06408580699159
45.72364243943192
44.09750741123446
44.118600177787286
40.596483268383714
44.35857827863937
40.55931390972324
42.32562113584729
44.3306257388682
43.830106956598605
39.33237913737522
43.51383716821908
42.9935860091612
41.48003250741813
44.391436267746535
43.04740085346779
41.86564748649254
43.895627945504636
45.189642778021415
43.76520896827085
41.79876432783411
40.838749233599025
41.996657016818304
43.63221789262601
43.819324146133354
45.085367515897154
43.502929732467656
42.699610570862596
45.06790156825294
42.00213761626899
45.23670038293133
42.95338610378188
42.0641650179283
44.26913607067854
42.08617525637027
43.01692275090338
46.12235157595268
43.46409598174493
45.20324841142585
43.556374739350616
44.83650384829727
43.08987017816006
44.313998737904924
44.67191049179179
43.09389217084267
44.836090533862766
43.519411316924646
41.449788411458336
43.03742535258379
43.72911083899744
41.74945430703218
42.24202968576491
44.23959832029103
41.8959964755085
42.803780534417456
43.1865854690011
43.66476183231753
41.43603646750937
44.67368300892638
42.78741503992579
41.52345641899227
45.78201198059119
43.4739702090146
44.947125014728414
44.298701420292296
41.17091199847911
43.267476132052856
43.695005843129174
42.31906831891459
43.740416193989624
43.25973091419572
41.849385895992455
44.7954201145575
42.9128087473484
39.54574857061412
44.587172062823555
41.157771296433616
44.16048848382567
44.204552632636776
45.446688992114076
43.458882274777594
44.15999208075303
43.38449915868274
43.7494307462104
41.904363125750734
42.21643444994989
41.6557778859539
41.97907809641597
42.77357378999508
41.12462534789125
38.98684841284728
42.04030270121184
42.07213869032948
45.00074442149144
41.163556375101734
45.285510444639414
42.18795244022938
40.40455704901999
43.3085822323915
46.47272854050388
41.02138883071751
42.587111202626495
44.348615524285066
42.66105485051774
42.88747532868207
44.18218546261616
42.13342907946928
45.41837866040566
41.42952238309203
43.501473299776485
43.548580731683046
40.571649448309785
44.87609930265718
44.1250377652281
40.57976430724767
43.90196318232378
43.28639007226909
44.16413557580428
