785399.8
720651.8833333333
658307.1
636947.4833333333
585462.9166666666
525811.4666666667
528739.3666666667
491714.55
487930.68333333335
470442.6666666667
488827.0833333333
485474.3
485635.98333333334
457203.15
438554.5
473572.61666666664
454577.76666666666
452023.0
448806.13333333336
440632.75
450052.4166666667
454094.81666666665
461837.1
481319.06666666665
477126.9166666667
467859.2
462308.05
438362.0333333333
452053.51666666666
426012.01666666666
422895.68333333335
427914.56666666665
416194.8333333333
418776.9166666667
383201.93333333335
391395.7
376067.6666666667
377573.11666666664
388986.13333333336
386776.51666666666
381020.8
409279.26666666666
397069.4
382570.86666666664
408823.26666666666
381952.5833333333
406856.3
383232.98333333334
393306.13333333336
427259.75
403469.86666666664
398026.86666666664
395287.7
396156.6
392364.05
406557.68333333335
400928.51666666666
404855.0833333333
398898.5
407969.5333333333
420000.61666666664
434856.2
419826.7
423716.51666666666
426657.86666666664
420994.2833333333
418473.06666666665
413599.8
425356.0833333333
420490.63333333336
423601.0
438978.06666666665
428113.43333333335
424148.13333333336
425851.95
413839.6666666667
400149.95
393530.3
397423.8
395451.25
383877.88333333336
396611.4
383784.11666666664
367407.26666666666
371651.4666666667
371498.3333333333
380904.7833333333
391184.5333333333
379237.11666666664
377360.0
374289.86666666664
363959.88333333336
354212.93333333335
354870.15
364176.13333333336
368746.35
363440.93333333335
377992.38333333336
373671.23333333334
376167.1666666667
370043.0
365370.73333333334
362839.38333333336
383539.26666666666
378465.2833333333
381804.45
389883.3333333333
389323.61666666664
375619.9
378061.63333333336
380416.88333333336
371955.9666666667
366011.4666666667
361012.4
366565.7166666667
366500.93333333335
354324.95
347402.95
350432.31666666665
358053.2833333333
342498.86666666664
341980.13333333336
357227.88333333336
343160.3
350428.06666666665
349885.45
350410.86666666664
356901.1666666667
374830.43333333335
349347.85
345807.2
342137.2
354961.76666666666
352710.2
355501.36666666664
352994.05
353317.2833333333
341679.68333333335
333733.93333333335
328271.11666666664
325143.55
331621.2833333333
331493.11666666664
336157.26666666666
351942.6666666667
330620.43333333335
303560.81666666665
314922.81666666665
325552.63333333336
337454.31666666665
318318.4
322391.31666666665
334860.18333333335
312265.85
310594.7833333333
316113.4666666667
298819.38333333336
292996.5333333333
288630.85
296020.0333333333
277516.3
287605.2833333333
273982.0
271285.43333333335
280361.15
273073.98333333334
266978.88333333336
259121.15
252737.43333333332
247343.86666666667
254314.65
249446.1
251528.28333333333
262112.53333333333
258211.68333333332
268635.88333333336
273990.63333333336
262128.6
280400.65
270390.6666666667
262907.5833333333
270617.6666666667
270533.9
269363.86666666664
272558.98333333334
282906.8333333333
277404.36666666664
287384.88333333336
269106.51666666666
277126.75
273500.95
263788.23333333334
278855.2833333333
285145.15
298302.45
286934.06666666665
287960.63333333336
279564.95
284625.7
279319.56666666665
280276.05
277105.8333333333
261250.51666666666
280024.98333333334
277472.65
276143.98333333334
271051.86666666664
272696.6666666667
254159.81666666668
276790.7
279602.35
284417.8333333333
281037.6
280707.8
274721.75
280875.9166666667
287531.7166666667
287567.65
256048.3
266334.2
272746.8333333333
256153.16666666666
253577.46666666667
251292.91666666666
262779.18333333335
252817.78333333333
256235.45
245983.95
249081.38333333333
231672.03333333333
237282.96666666667
241057.33333333334
219561.96666666667
235453.78333333333
228006.65
230784.83333333334
244531.18333333332
235672.63333333333
235486.03333333333
205441.25
218762.56666666668
198161.65
207314.13333333333
204087.73333333334
210586.96666666667
222595.43333333332
214531.8
212464.16666666666
201358.65
210909.66666666666
208514.13333333333
200102.06666666668
198624.66666666666
213049.05
200661.26666666666
217743.43333333332
222140.78333333333
215053.01666666666
217262.01666666666
222628.46666666667
226697.58333333334
224261.68333333332
226412.1
238196.98333333334
249919.25
251635.35
225639.81666666668
240319.73333333334
232350.6
230871.16666666666
221657.01666666666
199931.26666666666
199909.58333333334
200641.33333333334
198403.01666666666
214259.15
206444.41666666666
206937.41666666666
197443.23333333334
185001.08333333334
189822.4
189698.15
192991.36666666667
193368.53333333333
199421.48333333334
184722.08333333334
184765.61666666667
191070.63333333333
198591.33333333334
210883.95
212021.85
178730.43333333332
174468.45
177323.16666666666
183205.96666666667
182002.58333333334
192041.21666666667
194228.88333333333
180876.3
182568.6
184212.13333333333
184645.21666666667
196175.45
190152.8
191635.58333333334
190172.23333333334
169477.95
182454.35
168331.98333333334
175022.35
167353.71666666667
165091.71666666667
168534.8
170968.56666666668
176292.21666666667
182285.58333333334
193410.86666666667
191473.0
172470.61666666667
186393.43333333332
192425.7
203182.21666666667
222325.96666666667
210485.4
213295.75
212203.4
226478.2
207093.51666666666
232099.5
225695.98333333334
221372.7
221330.76666666666
226066.6
226189.28333333333
225737.35
217909.11666666667
220487.93333333332
231782.26666666666
222453.15
216261.96666666667
207644.98333333334
204829.0
222836.9
229061.45
235764.25
234940.56666666668
234562.25
217693.38333333333
217746.6
215546.01666666666
225359.05
235461.83333333334
236616.36666666667
223008.85
238793.95
237013.01666666666
232707.75
240053.56666666668
221699.03333333333
222447.75
227788.58333333334
232042.35
236446.98333333334
258863.11666666667
253572.53333333333
228114.0
238608.08333333334
240764.73333333334
236029.23333333334
234788.43333333332
230126.95
226890.93333333332
228117.98333333334
228333.33333333334
229074.46666666667
232058.68333333332
234990.43333333332
214235.5
213985.71666666667
205402.08333333334
197685.78333333333
181661.46666666667
189233.38333333333
206932.63333333333
199215.61666666667
199164.01666666666
197724.51666666666
200426.7
206178.95
199984.95
207921.01666666666
206826.2
220987.76666666666
202223.88333333333
203420.65
209596.38333333333
206884.96666666667
200045.0
210691.11666666667
211528.5
214076.83333333334
205501.13333333333
211307.21666666667
211393.53333333333
208280.66666666666
213099.13333333333
197943.9
198761.16666666666
206211.23333333334
206425.81666666668
205583.28333333333
213587.8
225777.68333333332
200979.55
199387.95
201559.15
194411.15
205963.4
212483.03333333333
218858.36666666667
201427.55
189430.56666666668
187255.8
195177.0
193784.38333333333
193781.38333333333
204879.68333333332
213275.36666666667
224089.25
223970.23333333334
223367.41666666666
223335.51666666666
223088.98333333334
240279.95
243022.43333333332
228217.28333333333
232763.0
240109.41666666666
214546.78333333333
208541.05
209119.78333333333
190251.3
190251.3
195423.5
206107.4
213491.76666666666
199659.18333333332
196543.33333333334
216106.81666666668
204122.03333333333
212722.95
213495.21666666667
215032.78333333333
220621.91666666666
214818.83333333334
219507.51666666666
237020.1
245083.03333333333
235786.68333333332
222923.28333333333
223336.96666666667
211967.53333333333
204793.45
182770.45
192576.96666666667
191756.6
186313.01666666666
186710.28333333333
175704.25
169798.01666666666
176286.28333333333
156082.31666666668
159288.26666666666
174326.11666666667
171584.8
188007.91666666666
188775.1
189094.9
195067.16666666666
200349.06666666668
204791.2
221684.26666666666
215403.03333333333
224242.28333333333
229050.78333333333
249543.78333333333
241352.6
248979.28333333333
233059.98333333334
226106.0
220939.71666666667
220920.91666666666
222690.56666666668
230781.08333333334
228329.05
227160.43333333332
233759.81666666668
210862.75
211641.45
205578.08333333334
204869.21666666667
