35.05200297159838
39.244341982340366
39.244341982340366
41.859016601923784
41.859016601923784
43.93791061137798
41.898329702251274
42.73917665172549
43.93791061137798
42.52189983779076
45.24735474707157
46.74593623709025
46.380589940139224
46.417284581948344
45.055447731446094
44.35945305175457
42.854922898499524
42.084868421052626
43.30820648943083
37.34561809454619
41.09827570202646
43.59879451872326
46.077394386625244
41.48220320465041
46.077394386625244
46.077394386625244
48.324769018423886
44.3215261556763
46.7743809655554
45.181738530161425
46.49007437738099
45.76522385690535
49.113564640244505
46.63517598790759
46.512260233339916
48.457096581106285
46.68333810589888
43.630392529969825
47.77533370436134
44.66717661057284
47.01623545237062
46.86065987726762
44.41999038140187
43.97357271046702
46.70634211131261
46.34527197975965
45.982296141831846
44.60048544879496
44.33751977374046
44.650023453379895
45.41071428571428
49.450097408263495
46.12522245591328
48.395351465053416
45.255853349856295
45.050002793452144
46.62229339485888
43.204130344541305
46.81164717348928
46.14791153460925
44.740552876824026
46.62897648686032
48.51061751820743
45.476279108243375
50.840186123883804
48.32273874670646
45.42348529701993
47.52510402219141
46.504603187554395
44.907568801708685
46.24323767806668
47.263094747379576
43.386638408554504
48.14523564184609
48.5973834884688
48.41845740061076
48.36843616631515
44.512826888805996
47.54012975817794
46.98903340984443
46.5087036167647
44.49005086106898
43.63242371557437
45.28365674859854
43.700928270042205
45.62834523480755
45.57310692072267
41.82512968112267
41.383760414902284
44.76737379087336
48.712450117751935
45.65450643776825
50.99051303306623
44.60470923885557
41.89423526395946
45.92838290890935
47.72064532091151
44.63281435500831
46.478983750362886
44.28109312171912
47.02625494092109
47.7985293954551
47.80236146999713
47.517416730231375
46.801610293841016
44.45180789944604
46.733705014298685
46.26419635470202
45.718025430067314
48.355751126832885
45.70131189699046
46.90468061584484
47.98377975779979
46.00661806022851
45.94876660341556
46.562811756580466
44.61972583789222
47.76474986405655
43.208939140237746
43.80415469686655
43.7172158566432
47.540104496662174
48.28241839094267
46.59819198073364
49.31691445161936
49.335887588798414
48.06175788416935
45.5003531904874
40.88043561622824
46.13500859577891
45.59975979582645
46.21818982752193
48.77630566862852
48.97013073766581
48.29769379901039
46.752594635690166
