484816.0
440035.0
384117.0
384117.0
384117.0
384117.0
384117.0
327132.0
327132.0
327132.0
221010.0
221010.0
181150.0
181150.0
145040.0
145040.0
128658.0
128658.0
128658.0
125635.0
125635.0
83850.0
83850.0
83850.0
83850.0
83850.0
83565.0
83565.0
83565.0
83565.0
34570.0
34570.0
34570.0
34570.0
34570.0
34570.0
17845.0
17845.0
17845.0
17845.0
12540.0
1226.0
1226.0
1226.0
0.0
0.0
0.0
0.0
0.0
0.0
0.0
0.0
0.0
0.0
0.0
0.0
0.0
0.0
0.0
0.0
0.0
0.0
0.0
0.0
0.0
0.0
0.0
0.0
0.0
0.0
0.0
0.0
0.0
0.0
0.0
0.0
0.0
0.0
0.0
0.0
0.0
0.0
0.0
0.0
0.0
0.0
0.0
0.0
0.0
0.0
0.0
0.0
0.0
0.0
0.0
0.0
0.0
0.0
0.0
0.0
0.0
0.0
0.0
0.0
0.0
0.0
0.0
0.0
0.0
0.0
0.0
0.0
0.0
0.0
0.0
0.0
0.0
0.0
0.0
0.0
0.0
0.0
0.0
0.0
0.0
0.0
0.0
0.0
0.0
0.0
0.0
0.0
0.0
0.0
0.0
0.0
