42.39866086495348
39.244341982340366
43.20485787728645
41.859016601923784
43.93791061137798
43.93791061137798
43.93791061137798
43.93791061137798
46.359552712815244
46.359552712815244
46.74593623709025
47.567116627408346
47.981407122905026
47.981407122905026
48.784753284569106
48.90334534302326
46.077394386625244
46.077394386625244
46.077394386625244
46.077394386625244
46.077394386625244
46.077394386625244
46.077394386625244
46.077394386625244
46.077394386625244
51.06053508224027
51.06053508224027
51.06053508224027
51.06053508224027
51.06053508224027
51.85656694249946
51.85656694249946
51.85656694249946
51.85656694249946
51.85656694249946
53.037265208831556
49.106649342818386
49.106649342818386
49.106649342818386
49.106649342818386
51.1219555978755
55.33175597536707
55.33175597536707
52.297097356677504
52.297097356677504
52.297097356677504
52.297097356677504
55.19100548358325
50.6138049799344
50.6138049799344
50.6138049799344
50.6138049799344
50.6138049799344
50.6138049799344
50.6138049799344
50.6138049799344
50.02592113262297
50.02592113262297
50.02592113262297
50.02592113262297
50.02592113262297
52.57366958984694
52.57366958984694
55.19100548358325
55.19100548358325
55.34641561376826
55.77340237034274
56.62159985076651
55.54827862993239
55.54827862993239
56.82047927692218
56.82047927692218
56.82047927692218
56.82047927692218
57.2523924824167
57.2523924824167
56.88204662401397
57.54379820945917
57.54379820945917
57.54379820945917
55.029551719481105
55.029551719481105
57.54379820945917
56.882866440537875
58.4222162469003
58.4222162469003
57.63727563014974
58.4222162469003
58.8089718965936
58.97256206718889
48.712450117751935
55.90488648042606
55.90488648042606
55.90488648042606
58.97256206718889
58.97256206718889
59.451338675004884
59.451338675004884
59.451338675004884
59.451338675004884
59.451338675004884
59.451338675004884
59.451338675004884
59.451338675004884
59.72631398207056
60.2428594296691
60.2428594296691
60.2428594296691
60.2428594296691
60.2428594296691
60.2428594296691
60.2428594296691
59.56197712591338
60.2428594296691
60.2428594296691
60.2428594296691
60.35842409747585
60.438143142728165
60.438143142728165
60.438143142728165
60.633566571932235
60.76185040226135
60.76185040226135
54.545023059337254
56.93395071716933
58.85970729981871
56.038463369353074
58.85970729981871
58.85970729981871
60.76185040226135
60.76185040226135
60.76185040226135
60.76185040226135
60.76185040226135
60.76185040226135
60.76185040226135
