1153509.0
1153509.0
1090161.0
1163850.0
1017652.0
1084620.0
1084620.0
1047474.0
1047474.0
990961.0
990961.0
990961.0
990961.0
990961.0
842282.0
842282.0
842282.0
835258.0
804452.0
877956.0
804452.0
808628.0
804452.0
804452.0
804452.0
843941.0
843941.0
843941.0
843941.0
843941.0
863173.0
863173.0
843941.0
843941.0
843941.0
873582.0
843941.0
843941.0
843941.0
843941.0
843941.0
843941.0
779626.0
779626.0
779626.0
779626.0
779626.0
791551.0
779626.0
779626.0
779626.0
779626.0
779626.0
815550.0
815550.0
815550.0
815550.0
815550.0
815550.0
815550.0
808768.0
808768.0
808768.0
808768.0
808768.0
808768.0
808768.0
808768.0
808768.0
808768.0
808768.0
808768.0
808768.0
808768.0
808768.0
808768.0
808768.0
808768.0
808768.0
808768.0
779626.0
779626.0
779626.0
779626.0
779626.0
779626.0
779626.0
779626.0
779626.0
779626.0
779626.0
779626.0
779626.0
779626.0
779626.0
779626.0
779626.0
779626.0
779626.0
779626.0
779626.0
779626.0
779626.0
779626.0
779626.0
779626.0
779626.0
779626.0
779626.0
779626.0
779626.0
779626.0
779626.0
779626.0
779626.0
779626.0
699535.0
699535.0
699535.0
736064.0
736064.0
749176.0
749176.0
749176.0
749176.0
749176.0
749176.0
749176.0
749176.0
749176.0
764941.0
764941.0
764941.0
764941.0
764941.0
764941.0
