1253740.0
1153509.0
1153509.0
1163850.0
1163850.0
1129558.0
1149511.0
1099178.0
1107901.0
1199938.0
1096678.0
1099928.0
1063120.0
1115553.0
1087700.0
1044788.0
1216175.0
1037552.0
1137245.0
981003.0
1189176.0
1123736.0
1090219.0
1131016.0
1148320.0
1072368.0
1126592.0
1191025.0
1090677.0
1073508.0
1043073.0
1048084.0
1055595.0
961397.0
1025636.0
1066992.0
1122699.0
958968.0
1075731.0
945528.0
1173123.0
1005434.0
992964.0
951578.0
1134986.0
1007658.0
1011455.0
1191464.0
1190337.0
1016281.0
1033990.0
1447456.0
1043391.0
1183884.0
1060284.0
1098926.0
1109418.0
1003850.0
1106634.0
1085206.0
1188600.0
1087924.0
1143771.0
1111397.0
1162080.0
1115014.0
968228.0
996953.0
871999.0
980200.0
1000312.0
923259.0
1201140.0
1170319.0
1052943.0
1050170.0
1038340.0
938603.0
931133.0
1052617.0
1019675.0
1019617.0
909156.0
880840.0
1030106.0
985885.0
1060209.0
1037824.0
1073013.0
1186308.0
954212.0
949615.0
1034438.0
1214045.0
1018379.0
1163115.0
1347679.0
905820.0
1116741.0
1042665.0
1162176.0
1046467.0
1068893.0
1134076.0
1060008.0
1097771.0
1066656.0
1029524.0
1136407.0
1114838.0
1156347.0
988944.0
1101278.0
1180357.0
1186205.0
1061943.0
1078593.0
917693.0
1027925.0
984492.0
1002023.0
1123649.0
1186370.0
1125512.0
1215578.0
1148496.0
1073062.0
1030596.0
1017108.0
1059825.0
1126425.0
985071.0
1105074.0
1146628.0
1177374.0
1050577.0
