51.8293842504106
60.36595789584762
65.64522553022005
65.64522553022005
65.64522553022005
66.7447260017476
67.3335071707953
68.01977009216132
68.2562602814842
68.38601929294819
69.21270356600512
69.21270356600512
69.9460580912863
69.9460580912863
70.03903936244683
70.03903936244683
70.03903936244683
70.03903936244683
70.55153248002564
70.55153248002564
70.55153248002564
70.55153248002564
70.55153248002564
72.34654422426293
72.34654422426293
72.34654422426293
72.34654422426293
72.34654422426293
72.34654422426293
72.34654422426293
72.34654422426293
72.34654422426293
72.34654422426293
72.34654422426293
72.34654422426293
72.34654422426293
72.34654422426293
72.34654422426293
72.34654422426293
72.34654422426293
72.34654422426293
72.34654422426293
72.34654422426293
72.34654422426293
72.34654422426293
72.34654422426293
72.34654422426293
72.34654422426293
72.34654422426293
72.34654422426293
72.34654422426293
72.34654422426293
72.34654422426293
72.34654422426293
72.34654422426293
72.34654422426293
72.34654422426293
72.34654422426293
72.34654422426293
72.34654422426293
72.34654422426293
72.34654422426293
72.34654422426293
72.34654422426293
72.34654422426293
72.34654422426293
72.34654422426293
72.34654422426293
72.34654422426293
72.34654422426293
72.34654422426293
72.34654422426293
72.34654422426293
72.60980067393912
72.60980067393912
72.60980067393912
72.60980067393912
72.60980067393912
72.60980067393912
72.60980067393912
72.60980067393912
72.60980067393912
72.60980067393912
72.60980067393912
72.60980067393912
72.60980067393912
72.60980067393912
72.60980067393912
72.60980067393912
72.60980067393912
72.60980067393912
72.60980067393912
72.60980067393912
72.60980067393912
72.60980067393912
72.60980067393912
72.6620701744135
72.6620701744135
72.6620701744135
72.6620701744135
72.6620701744135
72.6620701744135
72.6620701744135
73.08694906534042
73.08694906534042
73.08694906534042
73.08694906534042
73.08694906534042
73.08694906534042
73.08694906534042
73.08694906534042
73.08694906534042
73.08694906534042
73.08694906534042
73.08694906534042
73.08694906534042
73.08694906534042
73.08694906534042
73.08694906534042
73.08694906534042
73.08694906534042
73.08694906534042
73.08694906534042
73.08694906534042
73.08694906534042
73.08694906534042
73.08694906534042
73.08694906534042
73.08694906534042
73.08694906534042
75.07006332082553
75.07006332082553
75.07006332082553
75.07006332082553
75.07006332082553
75.07006332082553
