44.904830614479614
47.933804127405025
49.37451394708521
50.88197009224488
52.55967218570705
55.20038586043516
56.010421259618504
56.35522866936248
57.41261021087569
57.506737792304875
58.03804958107235
58.33210394725023
58.050537230719094
57.75397179620959
58.63907482702253
57.61745377956907
56.63580635521347
57.09373502159253
57.818528789849765
55.89555226760565
57.578538752355925
56.44562989029855
58.18926945380315
57.84873090063576
58.350414560872686
58.44488413404883
60.166016505125405
59.396529906539556
59.79571534359689
58.88205867132879
59.31151107570625
59.0511334117674
60.92252146360118
59.45515628100011
59.96585081221568
59.342281415824566
59.99570362476398
59.31312434494305
60.06574674946864
59.71317787516564
60.36748520808156
59.06860806252084
60.64080789931044
59.49727083515574
60.241049148097034
59.47416208465446
60.11625042856652
58.82781141038947
59.694716045585444
60.85941813751562
59.12584864003784
59.875827906400716
60.07183724710039
61.677344136117284
59.71786069889438
60.42861007650429
59.95147639512792
60.295233952861615
59.96539852957251
59.35654529018519
61.07052954603611
59.388783341603926
60.95755761774036
59.49708528760024
61.97192327201697
60.845481853919296
60.0079433892167
60.29536774446063
60.58310801897995
59.94587643233217
59.05120006410724
60.68559257874822
59.770462005064616
60.25638232642637
61.129264521482774
60.51937747099107
61.082452440990345
60.10698723131891
60.65257496830876
59.871788297468136
60.8800434338126
60.72873325544394
60.236537843238175
60.53404651625942
60.125649900967616
60.986060587284804
60.9703997578063
61.72242394062175
60.43781360654721
60.88507722459408
62.147998082574865
60.941440856353864
62.15006787473451
61.60229618135589
62.185565348371114
61.60999114939485
62.41252863677677
61.03128994445861
61.155900416223304
61.47443039562964
61.05169877240504
61.711148491313644
61.55392020461802
62.506490239531075
62.20729448574814
62.84751941662268
62.52387095329569
62.23843548710189
61.76032838518417
63.325038983566266
61.31885300563211
62.288062239100704
63.05681529895852
61.339929734093595
62.85442089357909
61.3666287409823
62.417281012643265
62.680254059254054
62.03142559062567
62.43762274616394
62.46027399547633
63.00550432034504
62.90331660465971
64.07757780864775
62.84379294085834
62.89017734053688
63.64135898707889
62.17272826139184
61.88388820933698
62.36764889111654
62.440198423552815
62.54632903681477
62.91963465348259
63.63278863083472
63.13873105156972
63.08979175731895
