500161.0
469429.0
458451.0
458451.0
458451.0
458451.0
442340.0
420911.0
370011.0
370011.0
321765.0
321765.0
321765.0
239872.0
239872.0
239872.0
183035.0
183035.0
183035.0
183035.0
183035.0
183035.0
183035.0
183035.0
183035.0
183035.0
183035.0
125270.0
125270.0
125270.0
125270.0
125270.0
125270.0
125270.0
125270.0
125270.0
125270.0
105450.0
105450.0
95815.0
95815.0
95815.0
95815.0
95815.0
95815.0
95815.0
95815.0
95815.0
95815.0
95815.0
95815.0
95815.0
95615.0
95615.0
95615.0
95251.0
95251.0
47328.0
47328.0
47328.0
47328.0
47328.0
47328.0
19842.0
19842.0
11966.0
11966.0
11966.0
11966.0
11966.0
8086.0
8086.0
8086.0
8086.0
8086.0
8086.0
8086.0
8086.0
8086.0
8086.0
8086.0
8086.0
8086.0
8086.0
8086.0
8086.0
8086.0
8086.0
8086.0
8086.0
8086.0
8086.0
8086.0
8086.0
8086.0
8086.0
8086.0
8086.0
8086.0
8086.0
8086.0
8086.0
8086.0
8086.0
8086.0
8086.0
8086.0
8086.0
8086.0
8086.0
8086.0
8086.0
8086.0
8086.0
8086.0
8086.0
8086.0
8086.0
8086.0
8086.0
8086.0
8086.0
8086.0
8086.0
8086.0
7149.0
7149.0
7149.0
7149.0
7149.0
5934.0
5934.0
5934.0
5934.0
5934.0
5934.0
5934.0
5934.0
5814.0
5814.0
5814.0
5814.0
5814.0
5814.0
5814.0
5814.0
5814.0
5814.0
5814.0
5564.0
5564.0
5564.0
5564.0
5564.0
5564.0
2379.0
2379.0
2379.0
2379.0
2379.0
2379.0
2379.0
2379.0
2379.0
2379.0
2379.0
2379.0
2379.0
2379.0
2379.0
2379.0
2379.0
2379.0
2379.0
2379.0
2379.0
2379.0
2379.0
2379.0
2379.0
2379.0
2379.0
2379.0
2379.0
2379.0
2379.0
2379.0
2379.0
2379.0
2379.0
2379.0
2379.0
2379.0
2379.0
2379.0
2379.0
2379.0
2379.0
2379.0
2379.0
2379.0
2379.0
1839.0
1839.0
1839.0
1839.0
1839.0
1839.0
1839.0
1839.0
1839.0
1839.0
1839.0
1839.0
1839.0
1839.0
1839.0
1839.0
1839.0
1839.0
1839.0
1839.0
1839.0
1839.0
1839.0
1839.0
1839.0
1839.0
1839.0
1839.0
1839.0
1839.0
1839.0
1839.0
1839.0
1839.0
1839.0
1839.0
1839.0
1839.0
1839.0
1839.0
1839.0
1839.0
1839.0
1839.0
1839.0
1839.0
1839.0
1839.0
1839.0
1839.0
1839.0
1839.0
1839.0
1839.0
1839.0
1839.0
1839.0
1839.0
1839.0
1839.0
1839.0
1839.0
1839.0
1839.0
1839.0
1839.0
1808.0
1808.0
1808.0
1808.0
1808.0
1808.0
1808.0
1808.0
1808.0
1808.0
1808.0
1808.0
1808.0
1808.0
1808.0
1808.0
1808.0
1808.0
1808.0
1808.0
1100.0
1100.0
1100.0
1100.0
1100.0
1100.0
1100.0
1100.0
1100.0
1100.0
1100.0
1100.0
1100.0
1100.0
1100.0
1100.0
1100.0
1100.0
1100.0
1100.0
1100.0
1100.0
1100.0
1100.0
1100.0
1100.0
1100.0
1100.0
1100.0
1100.0
1100.0
1100.0
1100.0
1100.0
1100.0
1100.0
1100.0
1100.0
1100.0
1100.0
1100.0
1100.0
1100.0
638.0
638.0
638.0
638.0
638.0
638.0
638.0
638.0
638.0
480.0
480.0
480.0
480.0
480.0
480.0
480.0
480.0
480.0
480.0
480.0
480.0
480.0
480.0
480.0
480.0
480.0
480.0
480.0
480.0
480.0
480.0
480.0
480.0
480.0
480.0
480.0
480.0
480.0
480.0
480.0
480.0
480.0
480.0
480.0
480.0
480.0
480.0
480.0
480.0
480.0
480.0
480.0
480.0
480.0
480.0
480.0
480.0
480.0
480.0
480.0
480.0
480.0
480.0
480.0
480.0
480.0
480.0
480.0
480.0
