53.12928344064616
54.79595230177206
54.79595230177206
55.50118874146791
58.19376977105785
58.19376977105785
58.19376977105785
58.19376977105785
58.52210462348712
58.52210462348712
58.52210462348712
60.91236271123338
60.91236271123338
60.91236271123338
60.91236271123338
60.91236271123338
60.91236271123338
60.91236271123338
60.91236271123338
60.91236271123338
60.91236271123338
60.91236271123338
61.43467950560506
61.43467950560506
62.89185705916814
62.89185705916814
62.89185705916814
62.89185705916814
62.89185705916814
62.89185705916814
62.89185705916814
62.89185705916814
62.89185705916814
62.89185705916814
62.89185705916814
62.89185705916814
62.89185705916814
62.89185705916814
62.89185705916814
62.89185705916814
62.89185705916814
63.53087287639133
63.53087287639133
63.53087287639133
63.53087287639133
64.6915087114685
64.6915087114685
64.6915087114685
64.6915087114685
64.6915087114685
64.6915087114685
64.6915087114685
64.6915087114685
64.6915087114685
64.6915087114685
64.6915087114685
64.6915087114685
64.6915087114685
64.6915087114685
64.6915087114685
64.6915087114685
64.6915087114685
64.6915087114685
64.6915087114685
64.6915087114685
64.6915087114685
64.6915087114685
64.6915087114685
64.6915087114685
64.6915087114685
64.6915087114685
64.6915087114685
64.6915087114685
64.6915087114685
64.6915087114685
64.6915087114685
64.6915087114685
64.6915087114685
64.6915087114685
64.6915087114685
64.6915087114685
64.6915087114685
64.6915087114685
64.6915087114685
64.6915087114685
64.6915087114685
64.6915087114685
64.6915087114685
64.6915087114685
64.6915087114685
64.6915087114685
64.6915087114685
64.6915087114685
64.6915087114685
64.6915087114685
64.6915087114685
64.6915087114685
64.6915087114685
64.6915087114685
64.6915087114685
64.6915087114685
64.6915087114685
64.6915087114685
64.6915087114685
64.6915087114685
64.6915087114685
64.6915087114685
64.71879188206012
64.71879188206012
64.71879188206012
65.04134995734118
65.04134995734118
65.04134995734118
65.04134995734118
65.04134995734118
65.47058369363806
65.47058369363806
65.47058369363806
65.47058369363806
65.47058369363806
65.47058369363806
65.47058369363806
65.47058369363806
65.47058369363806
65.47058369363806
65.47058369363806
65.47058369363806
65.47058369363806
65.47058369363806
65.47058369363806
65.47058369363806
65.47058369363806
65.47058369363806
65.47058369363806
65.47058369363806
65.47058369363806
65.47058369363806
65.47058369363806
65.47058369363806
65.47058369363806
65.47058369363806
65.47058369363806
65.47058369363806
65.47058369363806
65.47058369363806
65.47058369363806
65.47058369363806
65.47058369363806
65.47058369363806
65.47058369363806
65.47058369363806
65.47058369363806
65.4874729771464
65.4874729771464
65.4874729771464
65.4874729771464
65.4874729771464
65.4874729771464
65.4874729771464
65.4874729771464
65.4874729771464
65.4874729771464
65.4874729771464
65.4874729771464
65.4874729771464
65.4874729771464
65.4874729771464
65.4874729771464
65.4874729771464
65.4874729771464
65.64060549313359
65.64060549313359
65.64060549313359
65.64060549313359
65.64060549313359
65.64060549313359
65.64060549313359
65.64060549313359
65.64060549313359
65.64060549313359
65.64060549313359
65.64060549313359
65.64060549313359
65.64060549313359
65.64060549313359
65.64060549313359
65.64060549313359
65.64060549313359
65.64060549313359
65.64060549313359
65.64060549313359
65.64060549313359
65.64060549313359
65.64060549313359
65.64060549313359
65.64060549313359
66.13728894743144
66.13728894743144
66.13728894743144
66.13728894743144
66.13728894743144
66.13728894743144
66.13728894743144
66.13728894743144
66.13728894743144
66.13728894743144
66.13728894743144
66.13728894743144
66.13728894743144
66.13728894743144
66.13728894743144
66.13728894743144
66.13728894743144
66.13728894743144
66.13728894743144
66.13728894743144
66.13728894743144
66.94760564529287
66.94760564529287
66.94760564529287
66.94760564529287
66.94760564529287
66.94760564529287
66.94760564529287
66.94760564529287
66.94760564529287
66.94760564529287
66.94760564529287
66.94760564529287
66.94760564529287
66.94760564529287
66.94760564529287
66.94760564529287
66.94760564529287
66.94760564529287
66.94760564529287
66.94760564529287
66.94760564529287
66.94760564529287
66.94760564529287
66.94760564529287
66.94760564529287
66.94760564529287
66.94760564529287
66.94760564529287
66.94760564529287
66.94760564529287
66.94760564529287
66.94760564529287
66.94760564529287
66.94760564529287
66.94760564529287
66.94760564529287
66.94760564529287
66.94760564529287
66.94760564529287
66.94760564529287
67.01210434002284
67.01210434002284
67.01210434002284
67.01210434002284
67.01210434002284
67.01210434002284
67.01210434002284
67.01210434002284
67.01210434002284
67.0839961657693
67.0839961657693
67.0839961657693
67.0839961657693
67.0839961657693
67.0839961657693
67.0839961657693
67.0839961657693
67.0839961657693
67.0839961657693
67.0839961657693
67.0839961657693
67.0839961657693
67.0839961657693
67.0839961657693
67.0839961657693
67.0839961657693
67.13829743840758
67.13829743840758
67.13829743840758
67.13829743840758
67.13829743840758
67.13829743840758
67.13829743840758
67.13829743840758
67.13829743840758
67.13829743840758
67.33691000244559
67.33691000244559
67.33691000244559
67.33691000244559
67.33691000244559
67.33691000244559
67.33691000244559
67.33691000244559
67.33691000244559
67.33691000244559
67.33691000244559
67.33691000244559
67.33691000244559
67.33691000244559
67.33691000244559
67.33691000244559
67.33691000244559
67.33691000244559
67.33691000244559
67.33691000244559
67.33691000244559
67.33691000244559
67.33691000244559
67.33691000244559
67.33691000244559
67.33691000244559
67.33691000244559
67.33691000244559
67.33691000244559
67.33691000244559
67.33691000244559
67.33691000244559
67.33691000244559
67.33691000244559
67.33691000244559
67.33691000244559
67.33691000244559
67.33691000244559
67.33691000244559
67.33691000244559
67.33691000244559
67.33691000244559
67.33691000244559
67.33691000244559
67.33691000244559
67.33691000244559
67.33691000244559
67.33691000244559
67.33691000244559
67.33691000244559
67.33691000244559
67.33691000244559
67.53561384201517
67.53561384201517
67.53561384201517
67.53561384201517
67.53561384201517
67.53561384201517
67.53561384201517
67.53561384201517
67.53561384201517
67.53561384201517
67.53561384201517
67.53561384201517
67.57857113721651
67.57857113721651
67.57857113721651
67.57857113721651
67.57857113721651
67.57857113721651
67.57857113721651
67.57857113721651
67.57857113721651
67.57857113721651
67.57857113721651
67.57857113721651
67.57857113721651
67.83783920820994
67.83783920820994
67.83783920820994
67.83783920820994
67.83783920820994
67.83783920820994
67.83783920820994
67.83783920820994
67.83783920820994
67.83783920820994
67.83783920820994
67.84599853157123
67.84599853157123
67.84599853157123
67.84599853157123
68.04192187563379
68.04192187563379
68.04192187563379
68.04192187563379
68.04192187563379
68.04192187563379
68.04192187563379
68.04192187563379
68.04192187563379
68.200371151584
68.200371151584
68.200371151584
68.200371151584
68.200371151584
68.200371151584
