46.73643828414795
48.08918630705027
48.67870183089938
49.19940475286906
49.7866107092112
50.59540878964571
50.566633283898035
50.98548582888283
51.35016885976029
51.67787943416518
51.97568718325332
52.885959899753935
52.90711979375751
52.74566543043274
52.147711119463565
51.82645041682808
51.99481998258993
51.78236998014487
51.69364991977386
51.66324718806237
52.07377712841325
51.68788626925747
51.73529610457317
51.39702619938106
51.1584046542232
51.33789966710443
51.82123592443327
51.91067032286232
51.821211527209435
51.93130259167633
51.822904178211175
52.52394601522069
52.75998057153549
53.161823201849224
53.343100940415766
54.22209118792695
54.77401086722517
54.64578629766699
54.47498385873179
54.54514178474896
54.59656093020982
55.329572189478526
55.734529624268035
56.13740452510181
55.985079858303266
55.89727271760173
55.611765785840056
55.55961072207266
55.77652969884167
56.34442248620561
56.48924783713721
56.26108486720327
56.44578432847875
56.48190171479448
56.754817380650046
56.4384293767244
56.74330890955215
56.51040190776831
57.11690290551479
57.12501482771097
57.16568774901354
57.380541205035414
57.374642369304944
57.82531990602371
58.010312843510086
57.36321149319117
56.99769097162939
56.73881224236197
56.54924783371259
56.2916599491305
57.01246236684119
57.53812349037838
57.91772158519244
57.889795237643554
58.09930893942884
58.35610794644757
58.207336696044344
58.09769963643951
57.976363365982515
57.518888391144664
57.719804069802294
58.150300168388455
58.38847248503358
58.29573306274707
58.147163812028644
57.88878020139295
57.9830515410404
58.272941851261805
58.31403491209922
58.08933789625396
58.0227457232548
57.70033919548128
57.396225784627276
57.43137054817642
57.44801525140148
57.9289908670208
58.19756873812569
58.10787011124046
58.11806834667958
58.19659487455666
57.71914116267968
57.68445540950794
57.844438081218435
57.37350527876517
57.224412666925765
57.8058710255263
57.914163212117856
58.3422427561805
58.44313677231975
58.34397721596923
58.20761221268252
58.55004084247107
58.334532497531924
58.089653071503776
57.88017873308953
57.579391672826645
57.242474047761576
57.109216054335946
57.00038934338055
56.623496158027606
56.62445868116076
56.935327419035545
56.53447637011711
56.80527662707004
56.614635291530135
56.48901079630663
56.36103667278438
56.12011516151313
56.44904385197653
56.49426446929482
57.10005443070266
57.3124687706689
57.056044590915214
57.039386463818104
57.00289823310004
56.893493067835855
57.05172576837201
57.17486849020073
57.00051767995704
56.5669968201568
56.40825219347374
56.0654126056343
55.9265028135146
55.88822269699109
56.327008184870124
56.309551482441215
56.49552464638191
56.23853002484465
56.17865538175714
56.34998651390562
56.51602774582019
56.433160115631935
56.5750262906713
57.14389518057531
57.14661715248127
57.76858569313619
57.15396039757481
57.1560306461047
57.37226668062406
57.33104967024074
57.04972272324312
57.03807213726979
57.14215025620746
57.013846243178044
57.209637457403446
57.38359416731665
57.4502544892026
57.397014259745006
57.326152060600045
57.658950663089705
57.305728335277664
57.3434246898547
57.38918431207129
57.732887007927275
57.76628865426172
57.928269300915154
57.796293646863
58.647729515277796
58.47207543877681
58.47883917704244
57.45614542835612
57.587427941995784
57.64307010781812
57.76374714632946
57.783805317478404
57.78308119912106
57.64313598513295
57.710862694658104
57.9261921767977
57.75928571888702
57.113138445669435
57.3453708033086
57.53735417885623
57.223323191164546
57.10359344275621
56.735207781818495
56.778058746823476
56.804755027049865
57.03007767714214
57.10266748906686
56.93917855066094
56.92775609789239
57.264133444954986
57.78984542740169
57.82172824594245
57.87279150303205
57.8518782183789
57.93506609195399
57.87146164513937
57.885774685695026
57.743839625184464
57.869330766525295
57.262847457463465
57.15689091729681
57.18390246794489
56.89714626510731
56.77222378238537
56.756278608388435
56.79684066383477
57.18693757103914
57.43922859990346
57.08916162825007
57.25696663844305
57.08788753553578
57.10638405704428
57.20891850105414
57.31587984692535
57.384635246125846
57.560099228421414
57.66447816341537
57.867933268207295
58.447240639411554
58.49447934000889
58.33532221149884
58.45968079491833
58.31812647052635
58.773391515049546
59.344422036020944
59.799313750053145
59.96093750103681
59.784960456733344
59.65022402961874
59.68010167967382
59.82907891154552
59.66868097064598
59.526603606671266
59.536704938445894
59.4761058001524
59.27528170725719
59.29302867850697
60.068784248933035
59.967332048470396
59.74766302733597
59.75269116836093
59.60239762702787
59.40705679792451
59.32658283262492
59.36704246080937
59.42553347063356
59.43081220203079
59.61171054460432
59.330807691893064
59.70593635550199
59.73272236601311
59.634275765811466
59.58980631818512
58.80092332215561
58.73249462050918
58.703643031962486
58.73474706209102
58.58453442930623
58.87256826738337
59.20596473344008
59.795772530635745
59.63134426138735
59.28118415515981
59.48179288549428
59.17147928278358
59.17147928278358
59.224936423301926
59.06456850450991
58.83657804149526
58.762915231311624
58.76602284972853
58.716696494307506
58.952086499622126
58.949083412862464
59.18740973067097
59.9789423068015
60.26046535195345
61.178342642147754
61.56303207180298
61.521102140005596
61.03402642696774
60.32003534254361
59.93600073149038
59.799280885832914
59.72859469458282
59.87975660100534
59.91561210383607
59.972045947805626
59.91899349647049
60.08828714954309
60.54498854727899
60.64651140108813
60.94979804276102
60.52780478483927
60.87208344065336
60.987020405493446
60.83648689880714
60.82403676013822
60.77007600239874
61.119222818230114
61.13905195892128
61.174899699404236
60.95604307126068
61.08683033844251
61.100413157455435
60.88842112083792
60.84397849102694
60.66399641901826
60.14325014755015
59.8857491654927
59.85945253045004
59.84389627305099
60.065985596172276
60.62310332375595
60.755099372321865
60.56444179308993
60.61462993228713
61.03342884302475
61.312431614397426
61.31481467170861
61.55300725089685
61.55300725089685
61.50276873259909
61.44681237094436
61.346215564000126
61.33548930431998
61.11435974908094
61.79817355915658
62.11267242227232
62.09458363428702
62.2132742408006
62.20204688160673
62.06168329045151
61.84785821007862
61.65639727473026
61.8089487337863
61.83914310896971
61.958454488538464
61.70871856026563
61.704251244350914
61.76473839413984
61.76389859263243
61.615096872898015
61.719566763378985
61.699560566454906
62.214603603814524
62.49603563181538
62.70825944263105
62.641354460715526
63.036117837584115
63.16834968652567
63.061995382776026
63.6900314699313
63.5460793021654
63.46284616010966
63.241588161618026
63.43454744682988
63.213334503928635
63.158145453958376
63.43203640853994
63.53845303510671
63.498622517327625
63.56996206310235
63.53612223524724
63.449073272904755
63.28683575318403
63.3722759438514
63.37551043867111
63.17568756161173
63.173932156899696
63.222873137830106
64.53280110990553
64.426195733005
64.36507727155222
64.44878214026893
64.47559055306962
64.24364983660047
64.43693876990419
64.2764581200711
63.75771739151304
63.94171391037845
63.93456793720937
63.94173949856794
63.530433535713314
63.26756399378796
63.27567808813065
63.524003292532235
