52.068607068607065
54.66634552000406
58.59353748800986
57.45951959128178
58.79196131592922
59.18017478082707
60.535621123413144
61.45170618854829
62.92883806363691
63.53589496506866
63.126310883243995
64.5949355404449
64.5949355404449
64.87429754510501
64.66370672586548
65.13861504451215
65.13861504451215
65.19131582103874
65.87921365253571
66.37671108967014
66.37671108967014
67.00594487479734
67.00594487479734
67.00594487479734
67.00594487479734
67.00594487479734
67.00594487479734
67.13950511945391
67.13950511945391
67.13950511945391
67.0546173741062
67.51984126984127
67.6541514041514
68.05253317804274
68.05253317804274
68.0663254359886
68.0663254359886
68.0663254359886
68.0663254359886
68.0663254359886
68.0663254359886
68.0663254359886
68.0663254359886
68.5025443713541
69.19254658385093
69.19254658385093
69.19254658385093
69.19254658385093
69.19254658385093
69.29347826086956
69.29347826086956
69.29347826086956
69.29347826086956
69.29347826086956
69.29347826086956
69.29347826086956
69.29347826086956
69.29347826086956
69.29347826086956
69.29347826086956
69.40217391304347
69.40217391304347
69.40217391304347
69.45807453416148
69.45807453416148
69.45807453416148
69.45807453416148
69.45807453416148
69.6113074204947
69.666519434629
69.61384026601417
69.61384026601417
69.6656001003827
69.74402409185018
69.74402409185018
69.74402409185018
69.74402409185018
69.74402409185018
69.74402409185018
69.74402409185018
69.74402409185018
69.74402409185018
69.86802601951463
69.99155616712535
69.99155616712535
69.99155616712535
69.99155616712535
69.99155616712535
69.99155616712535
69.99155616712535
69.98373780335251
69.98373780335251
69.98373780335251
69.98373780335251
69.98373780335251
70.2574568288854
70.2574568288854
70.2574568288854
70.2574568288854
70.2574568288854
70.35007849293564
70.35007849293564
70.35007849293564
70.35007849293564
70.35007849293564
70.49662246685013
70.49662246685013
70.49662246685013
70.49662246685013
70.35007849293564
70.35007849293564
70.35007849293564
70.35007849293564
70.47440895372235
70.47440895372235
70.47440895372235
70.47440895372235
70.47440895372235
70.47440895372235
70.47440895372235
70.47440895372235
70.47440895372235
70.47440895372235
70.47440895372235
70.47440895372235
70.47440895372235
70.47440895372235
70.47440895372235
70.47440895372235
70.69480233800513
70.69480233800513
70.69480233800513
70.69480233800513
70.69480233800513
70.69480233800513
70.69480233800513
70.69480233800513
70.61466909685124
70.91836734693877
70.91836734693877
70.91836734693877
71.45542427497314
71.45542427497314
71.45542427497314
71.70815694698932
71.78397674859418
71.9475643614336
72.27676559582822
72.2864224554175
72.2864224554175
72.2864224554175
72.2864224554175
72.2864224554175
72.3620678555334
72.3620678555334
72.3620678555334
72.3620678555334
72.3620678555334
72.3620678555334
72.3620678555334
72.5513886204008
72.5513886204008
72.5513886204008
72.5513886204008
72.5513886204008
72.5513886204008
72.59481811720617
72.59481811720617
72.59481811720617
72.59481811720617
72.59481811720617
72.59481811720617
72.59481811720617
72.6925071298937
72.6925071298937
72.6925071298937
73.06294024085435
73.06294024085435
73.06294024085435
73.06294024085435
73.06294024085435
73.06294024085435
73.31937546661473
73.3362408735543
73.3362408735543
73.3362408735543
73.3362408735543
73.52970280700596
73.52970280700596
73.53629976580795
73.53629976580795
73.53629976580795
73.53629976580795
73.53629976580795
73.53629976580795
73.53629976580795
73.53629976580795
73.69132829765478
73.69132829765478
73.69132829765478
73.60391859352839
73.61381403173138
73.82656595309562
73.82656595309562
73.82656595309562
73.82656595309562
73.82656595309562
73.82656595309562
73.82656595309562
73.82656595309562
73.82656595309562
73.82656595309562
73.82656595309562
73.82656595309562
73.82656595309562
73.82656595309562
73.82656595309562
73.82656595309562
73.82656595309562
73.82656595309562
73.82656595309562
73.82656595309562
73.82656595309562
73.82656595309562
73.82656595309562
73.82656595309562
73.82656595309562
73.82656595309562
73.82656595309562
73.82656595309562
73.82656595309562
73.82656595309562
73.82656595309562
73.82656595309562
73.82656595309562
73.82656595309562
73.82656595309562
73.82656595309562
73.82656595309562
73.82656595309562
73.82656595309562
73.82656595309562
73.82656595309562
73.82656595309562
73.82656595309562
73.82656595309562
73.82656595309562
73.82656595309562
73.82656595309562
73.82656595309562
73.82656595309562
73.82656595309562
73.82656595309562
73.82656595309562
74.0523765268189
74.0523765268189
74.0523765268189
74.0523765268189
74.0523765268189
74.0523765268189
74.0523765268189
74.0523765268189
74.0523765268189
74.0523765268189
74.0523765268189
74.0523765268189
74.0523765268189
74.0523765268189
74.04645922391225
74.04645922391225
74.04645922391225
74.04645922391225
74.04645922391225
74.04645922391225
74.04645922391225
74.04645922391225
74.04645922391225
74.04645922391225
74.04645922391225
74.04645922391225
74.04645922391225
74.04645922391225
74.02416356877323
74.17020711630377
74.17020711630377
74.17020711630377
74.17020711630377
74.17020711630377
74.17020711630377
74.17020711630377
74.17020711630377
74.17020711630377
74.17020711630377
74.17020711630377
74.17020711630377
74.17020711630377
74.17020711630377
74.23327137546468
74.23327137546468
74.23327137546468
74.36271906532129
74.36271906532129
74.36271906532129
74.36271906532129
74.36271906532129
74.36271906532129
74.36271906532129
74.5251286110012
74.5251286110012
74.5251286110012
74.5251286110012
74.5251286110012
74.5251286110012
74.5251286110012
74.5251286110012
74.5251286110012
74.5251286110012
74.54859267126925
74.54859267126925
74.54859267126925
74.54859267126925
74.54859267126925
74.54859267126925
74.54859267126925
74.54859267126925
74.54859267126925
74.54859267126925
74.54859267126925
74.54859267126925
74.54859267126925
74.54859267126925
74.54859267126925
74.54859267126925
74.54859267126925
74.54859267126925
74.54859267126925
74.54859267126925
74.54859267126925
74.54859267126925
74.54859267126925
74.54859267126925
74.54859267126925
74.54859267126925
74.84233935209771
74.84233935209771
74.84233935209771
75.09957514604356
75.09957514604356
75.09957514604356
75.09957514604356
75.09957514604356
75.09957514604356
75.09957514604356
75.09957514604356
75.09957514604356
75.09957514604356
75.09957514604356
75.09957514604356
75.09957514604356
75.09957514604356
75.09957514604356
75.09957514604356
75.23100445389882
75.23100445389882
75.21574614976102
75.21574614976102
75.21574614976102
75.21574614976102
75.21574614976102
75.21574614976102
75.21574614976102
75.21574614976102
75.21574614976102
75.21574614976102
75.21574614976102
75.21574614976102
75.21574614976102
75.21574614976102
75.21574614976102
75.21574614976102
75.21574614976102
75.21574614976102
75.21574614976102
75.21574614976102
75.21574614976102
75.21574614976102
75.21574614976102
75.21574614976102
75.21574614976102
75.21574614976102
75.21574614976102
75.21574614976102
75.21574614976102
75.21574614976102
75.21574614976102
75.21574614976102
75.21574614976102
75.21574614976102
75.21574614976102
75.21574614976102
75.21574614976102
75.21574614976102
75.21574614976102
75.21574614976102
75.2638741370154
75.81319702602231
75.81319702602231
75.81319702602231
75.81319702602231
75.81319702602231
75.81319702602231
75.81319702602231
75.81319702602231
75.81319702602231
75.81319702602231
75.81319702602231
75.81319702602231
75.81319702602231
75.81319702602231
75.81319702602231
75.81319702602231
75.81319702602231
75.81319702602231
75.81319702602231
75.81319702602231
75.81319702602231
75.81319702602231
75.81319702602231
75.81319702602231
75.81319702602231
75.81319702602231
75.81319702602231
75.81319702602231
75.81319702602231
75.81319702602231
75.81319702602231
75.81319702602231
75.81319702602231
75.81319702602231
75.81319702602231
75.81319702602231
75.81319702602231
75.81319702602231
75.81319702602231
75.81319702602231
75.81319702602231
75.81319702602231
75.81319702602231
75.81319702602231
75.81319702602231
75.81319702602231
75.93949893390193
76.07942430703625
76.07942430703625
76.07942430703625
76.07942430703625
76.07942430703625
76.07942430703625
76.07942430703625
76.07942430703625
76.07942430703625
76.1577158848614
76.1577158848614
76.1577158848614
76.1577158848614
76.27874237447209
76.27874237447209
76.27874237447209
76.27874237447209
76.27874237447209
76.27874237447209
76.27874237447209
76.27874237447209
76.27874237447209
76.27874237447209
76.27874237447209
76.27874237447209
76.27874237447209
76.27874237447209
76.27874237447209
76.27874237447209
76.27874237447209
76.27874237447209
76.27874237447209
76.27874237447209
76.27874237447209
76.27874237447209
76.27874237447209
76.27874237447209
76.27874237447209
76.27874237447209
76.27874237447209
76.27874237447209
76.27874237447209
76.27874237447209
76.27874237447209
76.27874237447209
76.27874237447209
76.27874237447209
76.27874237447209
