51.339826953922156
52.93662787274547
53.13203457188117
57.18845891578588
57.18845891578588
57.18845891578588
57.18845891578588
57.18845891578588
57.18845891578588
57.18845891578588
57.18845891578588
57.18845891578588
57.18845891578588
54.867887665874605
54.867887665874605
54.867887665874605
56.138614658009296
56.138614658009296
56.138614658009296
56.138614658009296
56.521535504259845
56.66846618633334
56.88461618321879
57.27118724700753
57.27118724700753
57.77858817824917
57.95730366364214
57.95730366364214
57.95730366364214
57.95730366364214
58.427272875364494
