48.675735016487025
51.24161401485462
51.398270351332414
52.06869550329409
51.40658373329579
51.60435280306787
52.05160420785977
53.070507568753136
53.310247305518644
52.907788788263815
52.20259714865733
52.669861518534205
52.41437973030899
53.014031756032026
52.45918568082283
53.38765432569727
53.90611995188773
55.19374231704651
55.637547721333895
55.651253533506484
56.02225888592018
56.19212223763791
56.52542131525352
56.8060031296705
56.893440534064325
57.04794852592926
57.177839646692085
57.174714229494306
57.19580115108046
57.3030698991228
57.49289853949674
