1037512.0
1022795.0
931524.0
859484.0
838302.0
838302.0
838302.0
838302.0
838302.0
838302.0
838302.0
720494.0
720494.0
720494.0
720494.0
684238.0
667909.0
667909.0
667909.0
648519.0
648519.0
648519.0
634414.0
731526.0
731526.0
731526.0
731526.0
731526.0
731526.0
731526.0
731526.0
731526.0
731526.0
731526.0
731526.0
731526.0
731526.0
731526.0
731526.0
731526.0
731526.0
731526.0
731526.0
731526.0
648970.0
660298.0
660298.0
760867.0
760867.0
760867.0
648970.0
648970.0
648970.0
648970.0
648970.0
648970.0
648970.0
648970.0
648970.0
648970.0
648970.0
648970.0
648970.0
648970.0
648970.0
648970.0
648970.0
648970.0
648970.0
648970.0
648970.0
648970.0
648970.0
648970.0
648041.0
648041.0
648041.0
648041.0
648041.0
648041.0
611067.0
611067.0
611067.0
611067.0
596710.0
596710.0
596710.0
596710.0
596710.0
596710.0
596710.0
700202.0
700202.0
700202.0
700202.0
700202.0
700202.0
700202.0
700202.0
700202.0
700202.0
700202.0
700202.0
700202.0
700202.0
700202.0
700202.0
701953.0
701953.0
701953.0
767838.0
767838.0
767838.0
767838.0
767838.0
767838.0
701953.0
701953.0
701953.0
701953.0
701953.0
701953.0
701953.0
701953.0
701953.0
701953.0
701953.0
701953.0
701953.0
712344.0
712344.0
712344.0
712344.0
712344.0
712344.0
712344.0
712344.0
712344.0
712344.0
712344.0
712344.0
712344.0
712344.0
712344.0
712344.0
712344.0
712344.0
712344.0
712344.0
712344.0
712344.0
712344.0
712344.0
712344.0
712344.0
712344.0
712344.0
712344.0
712344.0
712344.0
712344.0
712344.0
712344.0
712344.0
712344.0
712344.0
701953.0
701953.0
693726.0
693726.0
693726.0
693726.0
693726.0
693726.0
693206.0
693206.0
693206.0
693206.0
693206.0
693206.0
693206.0
693206.0
693206.0
693206.0
693206.0
693206.0
693206.0
693206.0
693206.0
693206.0
693206.0
693206.0
693206.0
693206.0
693206.0
693206.0
693206.0
693206.0
693206.0
693206.0
693206.0
693206.0
693206.0
693206.0
693206.0
693206.0
693206.0
693206.0
693206.0
693206.0
693206.0
693206.0
693206.0
693206.0
693206.0
693206.0
693206.0
693206.0
693206.0
693206.0
693206.0
693206.0
693206.0
693206.0
675941.0
675941.0
675941.0
675941.0
675941.0
675941.0
675941.0
675941.0
675941.0
675941.0
675941.0
675941.0
675941.0
675941.0
675941.0
675941.0
675941.0
675941.0
675941.0
675941.0
675941.0
675941.0
675941.0
675941.0
675941.0
675941.0
675941.0
675941.0
675941.0
675941.0
675941.0
675941.0
675941.0
675941.0
675941.0
675941.0
675941.0
675941.0
675941.0
675941.0
675941.0
675941.0
675941.0
675941.0
675941.0
675941.0
675941.0
675941.0
675941.0
675941.0
675941.0
675941.0
675941.0
675941.0
675941.0
675941.0
675941.0
675941.0
675941.0
675941.0
675941.0
675941.0
675941.0
675941.0
675941.0
675941.0
675941.0
658611.0
658611.0
658611.0
658611.0
648501.0
648501.0
648501.0
648501.0
648501.0
648501.0
648501.0
648501.0
648501.0
648501.0
648501.0
648501.0
648501.0
648501.0
648501.0
648501.0
648501.0
648501.0
648501.0
648501.0
648501.0
648501.0
648501.0
648501.0
648501.0
648501.0
648501.0
648501.0
648501.0
648501.0
648501.0
648501.0
648501.0
648501.0
648501.0
648501.0
648501.0
648501.0
648501.0
648501.0
648501.0
648501.0
648501.0
648501.0
648501.0
648501.0
648501.0
648501.0
648501.0
648501.0
648501.0
648501.0
648501.0
648501.0
648501.0
648501.0
648501.0
648501.0
648501.0
648501.0
648501.0
648501.0
648501.0
648501.0
592023.0
592023.0
592023.0
592023.0
592023.0
592023.0
592023.0
592023.0
592023.0
592023.0
592023.0
592023.0
592023.0
592023.0
592023.0
592023.0
592023.0
592023.0
592023.0
592023.0
592023.0
592023.0
592023.0
592023.0
592023.0
592023.0
592023.0
592023.0
592023.0
592023.0
592023.0
592023.0
592023.0
592023.0
592023.0
592023.0
592023.0
592023.0
592023.0
592023.0
592023.0
592023.0
