54.68892010245395
55.64290392502379
58.48395387315959
59.770536963492745
59.770536963492745
59.770536963492745
59.770536963492745
59.770536963492745
59.770536963492745
60.4038709290829
61.64638238441587
61.64638238441587
61.64638238441587
61.64638238441587
61.64638238441587
61.64638238441587
61.64638238441587
61.64638238441587
61.64638238441587
62.27386673380696
62.27386673380696
62.27386673380696
62.27386673380696
62.27386673380696
62.27386673380696
62.27386673380696
62.27386673380696
62.27386673380696
62.27386673380696
62.27386673380696
62.27386673380696
62.27386673380696
62.27386673380696
62.27386673380696
63.047832514664506
63.047832514664506
63.047832514664506
63.047832514664506
63.047832514664506
63.047832514664506
63.047832514664506
63.047832514664506
63.33236249096578
63.33236249096578
63.33236249096578
63.33236249096578
63.33236249096578
63.33236249096578
64.24100481301765
64.24100481301765
64.24100481301765
64.24100481301765
64.24100481301765
64.63229462746632
64.63229462746632
64.63229462746632
64.63229462746632
64.63229462746632
64.63229462746632
64.63229462746632
64.63229462746632
64.63229462746632
64.63229462746632
64.63229462746632
64.63229462746632
64.63229462746632
64.63229462746632
64.63229462746632
64.63229462746632
64.63229462746632
64.63229462746632
64.63229462746632
64.63229462746632
64.63229462746632
64.63229462746632
64.63229462746632
64.63229462746632
64.63229462746632
64.63229462746632
64.63229462746632
64.63229462746632
64.63229462746632
64.63229462746632
64.63229462746632
64.63229462746632
64.63229462746632
64.63229462746632
64.63229462746632
64.63229462746632
64.63229462746632
64.63229462746632
64.75392529463703
66.00169899476143
66.00169899476143
66.00169899476143
66.00169899476143
66.00169899476143
66.00169899476143
66.26767864106294
66.26767864106294
66.26767864106294
66.26767864106294
66.26767864106294
66.26767864106294
66.60407141301981
66.60407141301981
66.60407141301981
67.37555042157851
67.37555042157851
67.37555042157851
67.37555042157851
67.37555042157851
67.37555042157851
67.37555042157851
67.37555042157851
67.37555042157851
67.37555042157851
67.37555042157851
67.37555042157851
67.37555042157851
67.37555042157851
67.37555042157851
67.37555042157851
67.37555042157851
67.37555042157851
67.37555042157851
67.37555042157851
67.37555042157851
67.37555042157851
68.04901156133792
68.04901156133792
68.04901156133792
68.04901156133792
68.04901156133792
68.04901156133792
68.04901156133792
68.04901156133792
68.04901156133792
68.04901156133792
68.04901156133792
68.04901156133792
68.04901156133792
68.04901156133792
68.04901156133792
68.04901156133792
68.04901156133792
68.04901156133792
68.04901156133792
68.04901156133792
68.04901156133792
68.04901156133792
68.04901156133792
68.04901156133792
68.04901156133792
68.04901156133792
68.04901156133792
68.42690194708132
68.42690194708132
68.42690194708132
68.42690194708132
68.42690194708132
68.42690194708132
68.42690194708132
68.42690194708132
68.42690194708132
68.42690194708132
68.42690194708132
68.42690194708132
68.42690194708132
68.42690194708132
68.42690194708132
68.42690194708132
68.42690194708132
68.42690194708132
68.54335074561531
68.54335074561531
68.54335074561531
68.54335074561531
68.54335074561531
68.54335074561531
68.54335074561531
68.54335074561531
68.54335074561531
68.54335074561531
68.54335074561531
68.54335074561531
68.54335074561531
68.54335074561531
68.54335074561531
68.54335074561531
68.54335074561531
68.54335074561531
68.54335074561531
68.54335074561531
68.54335074561531
68.54335074561531
68.54335074561531
68.54335074561531
68.54335074561531
69.81402963980372
69.81402963980372
69.81402963980372
69.81402963980372
69.81402963980372
69.81402963980372
69.81402963980372
69.81402963980372
69.81402963980372
69.81402963980372
69.81402963980372
69.81402963980372
69.81402963980372
69.81402963980372
69.81402963980372
70.70205530980108
70.70205530980108
70.70205530980108
70.70205530980108
70.70205530980108
70.70205530980108
70.70205530980108
70.70205530980108
70.70205530980108
70.70205530980108
70.70205530980108
70.70205530980108
70.70205530980108
70.70205530980108
70.70205530980108
70.70205530980108
70.70205530980108
70.70205530980108
70.70205530980108
70.70205530980108
70.70205530980108
70.70205530980108
70.70205530980108
70.70205530980108
70.70205530980108
70.70205530980108
70.70205530980108
70.70205530980108
70.70205530980108
70.70205530980108
70.70205530980108
70.70205530980108
70.70205530980108
70.70205530980108
70.70205530980108
70.70205530980108
70.70205530980108
70.70205530980108
70.70205530980108
70.70205530980108
70.70205530980108
70.70205530980108
70.70205530980108
70.70205530980108
70.70205530980108
70.70205530980108
70.70205530980108
70.70205530980108
70.70205530980108
70.70205530980108
70.70205530980108
70.70205530980108
70.70205530980108
70.70205530980108
70.70205530980108
70.70205530980108
70.70205530980108
70.70205530980108
70.70205530980108
70.70205530980108
70.70205530980108
70.70205530980108
70.70205530980108
70.70205530980108
70.70205530980108
70.70205530980108
70.70205530980108
70.70205530980108
70.70205530980108
70.70205530980108
70.70205530980108
70.70205530980108
70.70205530980108
70.70205530980108
70.70205530980108
70.70205530980108
70.70205530980108
70.72719224113646
70.72719224113646
70.72719224113646
70.72719224113646
70.72719224113646
70.72719224113646
70.72719224113646
70.72719224113646
70.72719224113646
70.72719224113646
70.72719224113646
70.72719224113646
70.72719224113646
70.72719224113646
70.72719224113646
70.72719224113646
70.72719224113646
70.72719224113646
70.72719224113646
70.72719224113646
70.72719224113646
70.72719224113646
70.72719224113646
70.72719224113646
70.72719224113646
70.72719224113646
70.72719224113646
70.72719224113646
70.72719224113646
70.72719224113646
70.72719224113646
70.72719224113646
70.72719224113646
70.72719224113646
70.72719224113646
70.72719224113646
70.72719224113646
70.72719224113646
70.72719224113646
70.72719224113646
70.72719224113646
70.72719224113646
70.72719224113646
70.72719224113646
70.72719224113646
70.72719224113646
70.72719224113646
70.72719224113646
70.72719224113646
70.72719224113646
70.72719224113646
70.72719224113646
70.72719224113646
70.72719224113646
70.72719224113646
70.72719224113646
70.72719224113646
70.72719224113646
70.72719224113646
70.87734559463154
70.87734559463154
70.87734559463154
70.87734559463154
70.87734559463154
70.87734559463154
70.87734559463154
70.87734559463154
70.87734559463154
71.54042223386604
71.54042223386604
71.54042223386604
71.54042223386604
71.54042223386604
71.54042223386604
71.54042223386604
71.54042223386604
71.54042223386604
71.54042223386604
71.54042223386604
71.54042223386604
71.54042223386604
71.54042223386604
71.54042223386604
71.54042223386604
71.54042223386604
71.54042223386604
71.54042223386604
71.54042223386604
71.54042223386604
71.54042223386604
71.54042223386604
71.54042223386604
71.54042223386604
71.54042223386604
71.54042223386604
71.54042223386604
71.54042223386604
71.54042223386604
71.54042223386604
71.54042223386604
71.54042223386604
71.54042223386604
71.54042223386604
71.54042223386604
71.54042223386604
71.54042223386604
71.54042223386604
71.54042223386604
71.54042223386604
71.54042223386604
