47.466449275043345
49.635797692529906
50.64527737442951
51.809531841456355
51.84879202865865
51.33494930809732
51.377634227795355
52.05111361333856
52.46598414958774
52.61069735107658
53.668383039505414
53.75625866413812
53.50890021970699
52.78608036993739
52.879220764025895
52.11675696677326
51.9400136153688
53.18913560053511
53.197771950217856
52.884564920841505
52.643956282630555
52.5919894766677
52.41340491073643
52.80475699432436
52.472628062215826
52.86953638025046
53.670400197167126
53.87504330029863
53.45155317836866
54.00917282620187
54.37230779557308
55.163252368392634
55.361559347618275
55.257613004100186
55.92432339987996
55.92432339987996
56.12849854099198
56.15630963960475
55.93765392958271
56.365096587577575
56.12264303900162
56.60924956389162
56.88718790896212
57.1120128798969
56.885318858631656
57.43477428490338
57.651309839054356
57.50005295162973
57.63540460793056
57.73578173264436
57.57522857233222
57.54970935688798
56.71741282095171
57.678860392428405
57.7965901673713
56.967817209011066
57.106338810443624
56.95723080781086
57.90914840781654
57.68686492668037
57.17300059253204
58.35876444524404
58.318683025651985
58.45957304550755
57.534354714066914
57.86013974112552
58.30063517336408
58.740607536775116
58.85788190657402
58.85788190657403
58.7692128596137
58.88182631328493
58.440880904062915
58.6166891627504
58.45666417504482
58.69100168190003
58.94371138450242
58.34289435969072
58.59232075294066
58.63201245647194
58.61540821111258
58.383816320441575
58.52103527346548
58.44095223928052
58.24384007824328
58.29634277920506
58.438053594716386
58.48500364037457
58.601294590142494
58.62571232188846
59.00911848833211
59.15658249609295
58.86441671690607
59.10264345358097
58.85027317296805
58.82286400246064
59.28723238800405
58.6669161960967
59.05651800715721
59.06641233056905
59.268443864859634
59.51184792323703
59.51184792323703
59.44798042530613
59.420826140886156
59.416856161333634
59.394088448946526
59.83878788010941
59.807441705026214
59.81100365653103
59.85426374803128
60.35573973878101
60.146668817255915
60.18888034786885
60.450496113388446
60.32883439627551
60.278558207055426
60.43316595178656
60.499683254174215
60.71003573275262
60.73993600509645
60.967509461675405
60.97411567020189
60.97411567020189
60.893690317748536
61.01585558737016
61.01841975337289
60.94473667690288
61.081778170384865
61.1492236224437
60.93663861291441
61.09896745547815
61.21302679497974
61.22428772877211
61.18197254108061
60.98012056671697
60.67699547847368
60.80895129022747
61.03267622292686
61.04794496909933
61.09449378988412
61.094493789884126
61.09546769892024
61.30505277000506
61.0192955339255
61.2271260652266
61.22712606522659
61.2271260652266
61.44841614661131
61.4484161466113
61.448416146611294
61.28976291316239
61.289762913162384
61.233350825773684
61.19071620693865
60.88133621760434
61.54621377722238
61.24946418424761
61.30418028655348
61.65303755501703
61.51239496536432
61.53901258985305
61.53901258985304
61.56767358285488
61.805360162637044
61.63913730437783
61.3088123387904
61.59729792227784
61.47558859859969
61.47558859859968
61.66739465854555
61.72283216120524
61.23713414010653
61.60417737712495
61.63981648975841
62.15977825353881
62.225336638395014
61.98761809303482
62.19301272991792
62.44861030604225
62.89046168399172
62.55768511077862
61.86677849947844
62.319611327008836
62.53635378989999
62.504502460425584
62.17086295693072
62.21188044507438
62.21188044507438
62.49194217176873
62.45447108158942
62.45447108158942
62.45447108158942
62.45447108158942
62.7382402387182
61.97133179290446
62.16366809004359
62.16547404565534
62.61784109394908
62.70309762534351
62.70309762534352
63.40872737169929
63.36651480802881
63.12977312461139
62.93362361963819
62.93362361963819
62.93362361963819
63.31711705481903
63.23621892856385
63.34175725401642
63.34789154379127
63.73244542662893
63.73244542662893
63.804377310333024
64.06847013373299
64.26763515414443
64.23697262193716
63.87191047836151
63.87191047836151
63.98116550969169
64.28604267700915
64.30426881518807
64.32947210395479
64.01135175454974
63.70442193888952
64.27685373948358
64.04207200353953
64.04913979380873
64.08277375951374
64.31290929578701
64.40025587113875
64.03895337651369
64.48536202182385
64.48536202182385
64.01868053363016
64.17156717860753
64.20380372652836
64.40762973960945
64.40762973960945
64.40762973960946
64.57465707809493
64.57465707809493
64.59737804855979
64.59737804855979
64.53973291149457
64.55004213551955
64.0344568225764
64.03445682257642
64.0344568225764
64.08150214443218
64.08314707567295
63.839946162104624
63.55148833355292
63.79031536297585
63.94262055858237
64.3313129860014
64.51570230475058
64.51640680823287
64.73383450874492
64.75019699879932
64.75019699879934
64.75330404145403
64.75330404145403
64.69526058774008
64.69526058774008
64.69825157620483
64.76880110423492
64.66139130995319
64.6613913099532
64.6613913099532
64.670042423691
64.68925095919676
64.41634774410649
64.51580142173572
64.52378938919841
64.52378938919841
64.53934810956387
64.51833141359461
64.51833141359461
64.52794475276269
64.59567430729025
64.42294221721853
64.60334688719918
64.80716564922302
64.6989263815079
64.6989263815079
64.69926619511344
64.66362209703989
64.66362209703989
64.62322251280877
64.37823070662841
64.32824108204366
64.32847569077492
64.37696462968559
64.47670490241646
64.20571510489522
64.05745323114311
64.28098524961366
63.811666420617016
63.52900108727447
63.529001087274466
63.57472341928276
63.57472341928277
64.26258333578082
64.2916232217723
64.2916232217723
64.2916232217723
64.45629324437773
64.45629324437773
64.04538498711078
64.26786756872791
64.56049533871636
64.47981226305849
64.51978513086647
64.51978513086648
64.54215358981108
64.5421535898111
64.5421535898111
64.5421535898111
64.5421535898111
64.70786979371604
64.73181158211239
64.7318115821124
64.73181158211241
64.73181158211241
64.83130720601085
64.83130720601086
64.66395251816594
64.99444175861373
64.99444175861375
64.62865223163323
64.77100361888779
64.7958627386767
64.79586273867672
64.80538512394588
64.8053851239459
64.87227129146032
64.88518686059201
64.88518686059201
64.885186860592
65.25867365279173
64.95937193177437
65.02708467971486
65.15029344669772
65.1502934466977
65.15029344669772
65.1502934466977
65.1502934466977
65.1502934466977
65.1502934466977
65.17222568464419
64.89216989477227
65.03559982652274
65.03559982652274
65.0357485340175
65.0357485340175
65.03574853401749
65.0357485340175
65.0361137924299
64.70419362945218
64.98903405345925
64.86805696950233
64.77554678299461
64.8265050519167
64.67077616237849
64.67077616237849
64.9014092932142
64.9014092932142
64.90275124080141
64.95069342416056
64.96166903041136
64.96166903041136
65.07563733849406
64.77103051993235
64.340536468126
64.340536468126
64.40020951789286
64.40020951789285
64.40020951789286
64.40272054431126
64.98887243946915
64.64271391503132
65.06918301316621
65.06918301316621
65.31070807388859
65.23936858901503
65.23936858901503
65.03384303227106
65.03384303227106
64.8385708705052
64.92474177376333
65.08296431424118
65.72674228578383
65.50810164572745
65.3690107977733
65.58961208775403
65.58961208775402
65.58961208775403
65.58961208775403
65.58961208775402
65.60286757018602
