498386.0
381421.0
375455.0
374075.0
353381.0
353381.0
353381.0
352077.0
326212.0
326212.0
304706.0
281226.0
241584.0
241584.0
241584.0
241584.0
241584.0
241584.0
216790.0
216790.0
216790.0
216790.0
187461.0
167759.0
167759.0
167759.0
167759.0
167759.0
167759.0
138161.0
138161.0
138161.0
138161.0
138161.0
103850.0
103838.0
103838.0
103838.0
98175.0
98175.0
98175.0
97695.0
97695.0
97695.0
97695.0
97695.0
97695.0
97695.0
97695.0
97695.0
97695.0
97695.0
85495.0
85495.0
85495.0
85495.0
85495.0
85495.0
85495.0
85495.0
82640.0
82640.0
82640.0
82640.0
82640.0
74992.0
74992.0
74992.0
74992.0
72787.0
72787.0
37654.0
37654.0
37654.0
37654.0
37654.0
37654.0
37654.0
37654.0
37654.0
34696.0
34696.0
34696.0
34696.0
34006.0
34006.0
34006.0
34006.0
34006.0
34006.0
34006.0
34006.0
34006.0
34006.0
34006.0
34006.0
34006.0
34006.0
34006.0
32326.0
32326.0
32326.0
32326.0
32326.0
32326.0
32326.0
32326.0
32326.0
32326.0
32326.0
32326.0
32326.0
32326.0
32326.0
32326.0
32326.0
32326.0
32326.0
32326.0
32326.0
32326.0
32326.0
32326.0
32326.0
32326.0
32326.0
32326.0
32326.0
32326.0
32326.0
32326.0
32326.0
32326.0
32326.0
32326.0
32326.0
32326.0
32326.0
32326.0
32326.0
32326.0
31563.0
31563.0
31423.0
31423.0
31423.0
26375.0
26375.0
24280.0
23693.0
23693.0
23693.0
22948.0
22948.0
22948.0
22948.0
22948.0
22948.0
22948.0
22948.0
22948.0
22948.0
22948.0
22948.0
22948.0
22948.0
0.0
0.0
0.0
0.0
0.0
0.0
0.0
0.0
0.0
0.0
0.0
0.0
0.0
0.0
0.0
0.0
0.0
0.0
0.0
0.0
0.0
0.0
0.0
0.0
0.0
0.0
0.0
0.0
0.0
0.0
0.0
0.0
0.0
0.0
0.0
0.0
0.0
0.0
0.0
0.0
0.0
0.0
0.0
0.0
0.0
0.0
0.0
0.0
0.0
0.0
0.0
0.0
0.0
0.0
0.0
0.0
0.0
0.0
0.0
0.0
0.0
0.0
0.0
0.0
0.0
0.0
0.0
0.0
0.0
0.0
0.0
0.0
0.0
0.0
0.0
0.0
0.0
0.0
0.0
0.0
0.0
0.0
0.0
0.0
0.0
0.0
0.0
0.0
0.0
0.0
0.0
0.0
0.0
0.0
0.0
0.0
0.0
0.0
0.0
0.0
0.0
0.0
0.0
0.0
0.0
0.0
0.0
0.0
0.0
0.0
0.0
0.0
0.0
0.0
0.0
0.0
0.0
0.0
0.0
0.0
0.0
0.0
0.0
0.0
0.0
0.0
0.0
0.0
0.0
0.0
0.0
0.0
0.0
0.0
0.0
0.0
0.0
0.0
0.0
0.0
0.0
0.0
0.0
0.0
0.0
0.0
0.0
0.0
0.0
0.0
0.0
0.0
0.0
0.0
0.0
0.0
0.0
0.0
0.0
0.0
0.0
0.0
0.0
0.0
0.0
0.0
0.0
0.0
0.0
0.0
0.0
0.0
0.0
0.0
0.0
0.0
0.0
0.0
0.0
0.0
0.0
0.0
0.0
0.0
0.0
0.0
0.0
0.0
0.0
0.0
0.0
0.0
0.0
0.0
0.0
0.0
0.0
0.0
0.0
0.0
0.0
0.0
0.0
0.0
0.0
0.0
0.0
0.0
0.0
0.0
0.0
0.0
0.0
0.0
0.0
0.0
0.0
0.0
0.0
0.0
0.0
0.0
0.0
0.0
0.0
0.0
0.0
0.0
0.0
0.0
0.0
0.0
0.0
0.0
0.0
0.0
0.0
0.0
0.0
0.0
0.0
0.0
0.0
0.0
0.0
0.0
0.0
0.0
0.0
0.0
0.0
0.0
0.0
0.0
0.0
0.0
0.0
0.0
0.0
0.0
0.0
0.0
0.0
0.0
0.0
0.0
0.0
0.0
0.0
0.0
0.0
0.0
0.0
0.0
0.0
0.0
0.0
0.0
0.0
0.0
0.0
0.0
0.0
0.0
0.0
0.0
0.0
0.0
0.0
0.0
0.0
0.0
0.0
0.0
0.0
0.0
0.0
0.0
0.0
0.0
0.0
0.0
0.0
0.0
0.0
0.0
0.0
0.0
0.0
0.0
0.0
0.0
0.0
0.0
0.0
0.0
0.0
0.0
0.0
0.0
0.0
0.0
0.0
0.0
0.0
0.0
0.0
0.0
0.0
0.0
0.0
0.0
0.0
0.0
