1106323.0
945006.0
945006.0
945006.0
945006.0
861631.0
775194.0
775194.0
775194.0
775194.0
761161.0
639181.0
639181.0
597122.0
597122.0
597122.0
597122.0
597122.0
527717.0
527717.0
527729.0
527729.0
527729.0
527729.0
527729.0
527729.0
527729.0
527729.0
527729.0
527729.0
529009.0
506110.0
506110.0
506110.0
531567.0
531567.0
531567.0
531567.0
531567.0
531567.0
516042.0
516042.0
516042.0
516042.0
516042.0
516042.0
516042.0
516042.0
516042.0
516042.0
516042.0
516042.0
516042.0
516042.0
516042.0
516042.0
516042.0
516042.0
488238.0
488238.0
488238.0
488238.0
488238.0
466921.0
494015.0
466921.0
466921.0
466921.0
466921.0
466921.0
466921.0
466921.0
466921.0
466921.0
466921.0
466921.0
466921.0
466921.0
466921.0
466921.0
466921.0
466921.0
466921.0
389316.0
389316.0
389316.0
389316.0
389316.0
389316.0
389316.0
389316.0
389316.0
402327.0
402327.0
402327.0
402327.0
388775.0
388775.0
388775.0
388775.0
388775.0
388775.0
388775.0
388775.0
374755.0
374755.0
374755.0
374755.0
374755.0
352020.0
352020.0
352020.0
352020.0
352020.0
352020.0
352020.0
352020.0
352020.0
352020.0
352020.0
352020.0
352020.0
352020.0
352020.0
352020.0
352020.0
352020.0
352020.0
352020.0
352020.0
352020.0
352020.0
352020.0
352020.0
352020.0
371375.0
371375.0
371375.0
371375.0
371375.0
371375.0
371375.0
371375.0
371375.0
371375.0
371375.0
371375.0
371375.0
371375.0
371375.0
371375.0
371375.0
371375.0
371375.0
371375.0
371375.0
371375.0
371375.0
371375.0
371375.0
371375.0
371375.0
371375.0
373625.0
371375.0
350110.0
350110.0
350110.0
350110.0
350110.0
350110.0
350110.0
350110.0
444201.0
350110.0
350110.0
350110.0
350110.0
350110.0
350110.0
350110.0
350110.0
350110.0
350110.0
355776.0
394389.0
350110.0
350110.0
350110.0
350110.0
350110.0
350110.0
350110.0
350110.0
350110.0
350110.0
350110.0
376999.0
376999.0
376999.0
351820.0
351820.0
351820.0
351820.0
351820.0
351820.0
407467.0
407467.0
407467.0
407467.0
407467.0
416696.0
416696.0
416696.0
416696.0
416696.0
416696.0
416696.0
416696.0
416696.0
416696.0
416696.0
416696.0
416696.0
416696.0
416696.0
416696.0
416696.0
416696.0
416696.0
416696.0
410007.0
410007.0
410007.0
410007.0
410007.0
410007.0
410266.0
410266.0
410266.0
410266.0
410007.0
410007.0
410007.0
410007.0
420992.0
420992.0
420992.0
420992.0
420992.0
342222.0
342222.0
342222.0
342222.0
342222.0
342222.0
342222.0
342222.0
342222.0
342222.0
342222.0
342222.0
342222.0
342222.0
340706.0
340706.0
340706.0
340706.0
340346.0
340346.0
340346.0
340346.0
340346.0
340346.0
340346.0
340346.0
340346.0
340346.0
338921.0
338921.0
338921.0
338921.0
338921.0
338921.0
338921.0
338921.0
338921.0
338921.0
338921.0
338921.0
338921.0
338921.0
338921.0
340613.0
340613.0
338921.0
338386.0
338386.0
338386.0
338386.0
338386.0
338386.0
338386.0
345184.0
338386.0
338386.0
338386.0
338386.0
338386.0
338386.0
338386.0
338386.0
338386.0
338386.0
338386.0
338386.0
338386.0
338386.0
338386.0
338386.0
338386.0
338386.0
338386.0
338386.0
338386.0
338386.0
338386.0
338386.0
338386.0
338386.0
338386.0
338386.0
338386.0
338386.0
338386.0
338071.0
338071.0
338071.0
338071.0
338071.0
338071.0
338071.0
338071.0
338071.0
338071.0
338071.0
338071.0
338071.0
338071.0
338071.0
338071.0
338071.0
338071.0
338071.0
338071.0
338071.0
338071.0
338071.0
338071.0
338071.0
338071.0
338071.0
338071.0
338071.0
338071.0
338071.0
338071.0
338071.0
338071.0
338071.0
338071.0
338071.0
338071.0
338071.0
338071.0
343214.0
343214.0
343214.0
343214.0
343214.0
343214.0
343214.0
343214.0
343214.0
343214.0
343214.0
343214.0
343214.0
343214.0
343214.0
343214.0
343214.0
343214.0
343214.0
343214.0
343214.0
343214.0
343214.0
376504.0
378664.0
378664.0
378664.0
378664.0
378664.0
378664.0
378664.0
376504.0
376504.0
376504.0
376504.0
376504.0
376504.0
376504.0
376504.0
376504.0
376504.0
376504.0
376504.0
376504.0
376504.0
376504.0
376504.0
376504.0
376504.0
376504.0
376504.0
376504.0
376504.0
376504.0
376504.0
376504.0
376504.0
376504.0
376504.0
376504.0
376504.0
376504.0
376504.0
376504.0
376504.0
376504.0
376504.0
376504.0
376504.0
376504.0
376504.0
376668.0
376668.0
376668.0
376668.0
376668.0
376668.0
376504.0
376504.0
376504.0
376504.0
376504.0
376504.0
376504.0
376504.0
376504.0
376504.0
376504.0
376504.0
376504.0
376504.0
374236.0
374236.0
374236.0
374236.0
374236.0
374236.0
374236.0
374236.0
374236.0
374236.0
374236.0
382007.0
374236.0
374236.0
374236.0
374236.0
374236.0
374236.0
374236.0
374236.0
374236.0
374236.0
374236.0
374236.0
374236.0
374236.0
374236.0
374236.0
374236.0
374236.0
374236.0
378041.0
378041.0
378041.0
