52.467759816907986
56.13649038317231
59.52803439176657
60.09533989235358
61.08561267179123
62.29464654384853
62.834359935195984
62.001710675700245
64.04003850395338
63.40817573754548
64.05779237325085
63.09556013902003
63.058295794788954
64.64240359569996
62.609701561820316
63.84340193944332
63.996673578339255
64.52616031640885
63.2248323674409
65.07181569690871
65.1246080009324
66.19302306980235
66.72056590245991
65.06833136059116
65.79242871073654
65.62634888950512
65.81242298976163
66.64434039657176
66.48017551369978
66.35569198447448
66.26137835104696
67.40552831497655
65.54736469638046
66.84905147174912
66.61562563533471
66.33149708947683
67.05034721341643
66.24725252661652
66.31492704152252
66.72642102122491
66.18208508682949
66.56309648514139
67.42855100880571
67.74077704919956
67.36877271566425
67.28112104348949
67.17641720309068
67.3275339140761
65.98601995608094
67.20818841502577
66.63116986272607
67.61300552624962
66.34925746168112
67.85242005636051
67.53503550290797
67.07507701622133
66.97238827509607
68.70777433414818
68.38814107899914
67.70259033701412
68.63240873635814
68.06091662615567
68.68753501646677
67.96445268676635
68.41652825366289
68.84833642680324
68.62243044985058
68.27146927054953
68.3313203961515
68.62217749604307
68.95668429139472
68.14966034253773
67.91592160017575
68.20738582243094
68.54068672209867
68.74177954764357
68.38398337762715
68.23886993923743
68.78315927486064
69.25908122086264
68.54082634374141
67.73348233899375
68.57060654641938
68.55703398762064
68.65639996144891
68.17911827800715
68.52359533143805
68.49471807555354
68.25455904514715
69.13092717596275
68.56629944728145
69.87646371369442
68.49696140562824
69.57313129782322
68.2765452117564
69.51668290858802
68.6009446495517
68.74569604134047
69.03642075095807
69.82730624160375
68.45447895850945
69.57680648549805
68.18675776439972
68.5985695030579
69.52579209052627
68.86941149785406
68.6339222406199
68.74794178587568
69.73202705357525
68.62223238686748
69.76001435917435
69.35625056733926
69.32102919807903
69.1588878011403
69.9383413384109
69.79372144996245
69.77872758235293
69.38248662009508
69.54031249667047
70.32880193946657
69.23795817047534
70.50230412769024
69.93002982185837
69.4765966020587
69.70349822082358
70.62694589077758
70.06838851689555
69.18868157123657
69.69184706054374
70.27583426727749
70.07329281953518
69.7884610189852
71.08020438981504
69.60921181681947
70.397675173203
69.85862344544687
69.8440548301333
69.65703659020808
70.08470878723237
69.41262312990365
70.25020475542678
69.9132710793375
70.39872173943608
69.51044814777134
69.71553645713504
70.27363783153106
69.67334457369972
70.16350635548679
70.32572942796462
69.69115858123948
70.59014840260959
71.08369618522694
70.43361262555021
70.11907063091559
69.76047062274897
70.72065922359421
69.32591015132259
70.11574565687462
69.81803126914137
69.94781968016687
70.24617017957857
70.5276017292555
71.12119504323191
70.72357849408166
70.36406467937337
70.51528327247031
71.24123914029913
70.99964162760979
70.4281308256743
70.99311889159124
71.2151606704157
71.16717560891094
71.07052709385684
71.07861479049802
70.69081722024025
70.82452496823525
70.4852588442252
70.54502965461607
71.06048580348039
70.82303304208156
70.73011836391726
70.27814472901892
70.8871862401392
70.54651426276216
70.90484423197931
71.71611300355119
70.72327277955497
71.18659634481315
70.77494781159957
71.35320880463925
70.53567126838303
71.08249031401554
70.63809645838164
71.61454773254013
70.60877361786905
71.19461231954719
71.14605702848962
71.00808219568323
71.06852543288345
70.59520975666155
70.42396086213377
72.31597574954132
70.72499973449402
71.04424409504836
70.92561898169512
70.91353847534026
71.43494271059346
70.76400620811269
71.5698474298263
71.66293429920127
71.6577175924853
70.82576534218595
70.93274057162958
70.75709007765796
71.511323746743
71.14413232062472
70.93197770913915
71.73540041222138
72.4165861918647
70.70725175985082
71.29126846502594
72.21510638768663
71.92416400663168
71.98919044831078
71.07389248206442
71.08444135422195
71.17124248527075
71.2426770334029
71.98631135572715
71.53164396640199
71.34642831831778
71.38936316289183
71.51736244570797
71.72071080324545
72.29629405381134
71.73328711012714
71.59199772363628
71.91262168514561
70.89686446454655
71.73694246083171
72.10249820861361
71.61806098591761
70.82458459685684
72.04113814053372
70.84642912698419
72.1367746352555
71.34292536437218
71.92617970789024
70.56969102429366
71.74582554262463
71.72073299292053
71.55150638398514
72.55063383802865
71.8904447985775
71.72985936861195
71.10353347730648
71.61617366366424
71.6858388132513
71.67010505207419
71.88702768403172
72.03775868793116
71.8371066234535
71.89724759435668
72.35060663374414
71.83379205301969
72.27675840392682
72.21873995552875
72.23890998384572
71.96472362239476
71.90164616576624
72.91355652678595
72.00390208589268
72.99114388022439
72.36407341852545
71.84042840349782
71.87362876888004
71.95083154489498
72.43480782827777
72.96267958774106
72.19016029816517
73.31503237081132
72.63110425095422
72.40080508398198
72.49428439087923
72.15372665367819
72.92771748966923
72.20752864016994
71.6536062871562
71.9681001421802
72.16727099956196
71.85610879334395
72.00819383208842
72.67471916299543
72.60080874686027
72.84454301487581
71.77754119207503
72.49681334298292
72.015278245799
71.25179841805618
72.4200173099999
72.01024088415835
72.09777151860182
71.8648798368215
72.27451924359904
72.32568668199549
72.64306601270442
72.63033165872726
72.27061428238476
72.08838589886322
72.37360266534363
72.80254697749288
72.92034800637543
72.21387310958232
72.61140562235032
72.45600236801207
73.25165628726744
72.82226986545086
72.51915976142492
72.50326903976858
71.96379034895877
72.48488953223216
73.29052378417782
72.55402147604293
72.7031328688876
73.0081384249038
72.48342041066347
71.44223259096998
72.76573606970018
72.75848629069597
72.05816742681925
72.18518906704205
71.71541396847277
72.23612106157212
72.0756884360861
72.31292506549813
72.01514082853778
71.75365374725908
71.87452830055243
71.35676481124104
71.74763372864736
72.21686889169003
71.78128864255632
71.85175989181175
71.22645874691194
71.47704282273887
71.64700551157327
71.49490491229702
72.48141345672944
71.21145215737462
72.26168741270394
70.86248421959392
72.11325362200834
71.46230162880357
72.67284275968369
71.14203660188195
72.06045762750692
71.52552722492912
71.59517866184318
71.78297856675543
71.71998026320382
71.24511351158182
71.682194516136
71.74848426348002
71.8402666289023
71.45627885533281
71.61969045030665
71.49463809717807
72.24212340265065
70.97333145757247
71.78795148392102
71.90274185090227
71.34502633395158
71.81065788919062
71.82485717240043
71.75232431386296
72.4101317162617
70.83854732921293
72.25003951828226
71.77707762842557
71.97849786811892
72.80723651132537
71.09251561174779
72.13161241090411
71.63883717337687
71.36773967041484
72.52326144346982
71.59851983492214
72.32915643622798
71.84900955916324
71.79823805282581
71.88893464507734
71.85066514084944
72.03958493380439
71.92876010032157
71.41870810681522
71.23895405555928
71.60530495752923
72.05694390595671
71.51663678564796
71.78756908629259
71.68971518101448
71.82781436637211
72.25998732545476
71.52000929744531
71.95664006279789
71.30685099635254
71.79564476343282
72.52670706482681
71.38215905101796
72.11876557123965
71.71497939964618
71.66899251913894
71.60837703789548
72.11715063868144
71.51063723099578
71.83043128453969
72.38592115276013
71.57638290613274
71.81966348329817
72.90699008585912
70.77611552261615
73.07945066418286
71.42603997337257
72.95987103545572
71.30303510959668
71.87157986774419
72.16323348773341
71.89088166181651
72.754845381772
72.09245806852476
72.24118275919652
72.08486368876716
72.30631623843195
72.99753084756824
71.55760849632442
72.84073871158012
72.54382419092273
72.1715589240618
71.99452247666684
72.35413863807847
72.30334033247932
72.72043328694357
71.68936782404734
72.32603092341179
72.20668459569235
72.10194222162234
72.91013760879133
71.86197524047307
72.40817048762794
71.7894865487284
72.94528492307566
72.24472493123568
73.27246397503926
71.99940090635066
73.05819653083275
72.4135497923679
72.60258306389701
72.00938042704237
72.29023140347076
72.82793487886624
72.19005862657458
72.54717306436164
73.10787261027464
72.57163873685798
72.2493364854157
73.36942162697613
72.6484585834462
72.84726778283172
72.97344831670249
72.25552462404225
73.07044155408211
72.43184665145391
72.79617062964391
71.4141478677894
73.35088714734934
72.63939872358034
72.38010355201374
72.69637362626673
72.43760619655032
72.43364160216876
71.65200449945125
72.36659790723704
72.96866149774075
72.10322888334487
73.23029416056056
72.64463857771555
72.1896872777595
72.0066519285996
71.831761264221
72.78231224073623
72.63449907031907
72.28798181547853
71.91767379113234
73.33901113116369
72.74634101742339
72.23322865148401
71.84571491299558
71.77528275797445
71.8730735679683
71.93099209828968
