31.138975966562175
31.138975966562175
31.116813929313928
31.116813929313928
31.116813929313928
33.389841351074715
35.488594327990135
44.70419847328244
44.83905579399142
45.91476091476092
45.91476091476092
45.91476091476092
46.018711018711016
43.489583333333336
43.489583333333336
43.489583333333336
43.489583333333336
43.489583333333336
43.489583333333336
43.489583333333336
43.489583333333336
46.663055254604544
46.663055254604544
46.663055254604544
46.663055254604544
46.663055254604544
46.663055254604544
46.663055254604544
47.88732394366197
48.26652221018418
48.26652221018418
48.26652221018418
48.26652221018418
48.26652221018418
48.26652221018418
48.26652221018418
48.26652221018418
48.26652221018418
48.26652221018418
48.26652221018418
48.26652221018418
48.26652221018418
48.26652221018418
48.26652221018418
48.26652221018418
48.26652221018418
48.26652221018418
48.37486457204767
48.37486457204767
48.992248062015506
48.992248062015506
48.992248062015506
48.992248062015506
48.992248062015506
48.992248062015506
48.992248062015506
48.992248062015506
48.992248062015506
49.77851605758583
49.77851605758583
49.77851605758583
49.77851605758583
49.77851605758583
49.77851605758583
49.77851605758583
49.77851605758583
49.77851605758583
49.77851605758583
49.77851605758583
49.77851605758583
49.77851605758583
49.77851605758583
49.77851605758583
49.77851605758583
49.77851605758583
49.77851605758583
49.77851605758583
49.77851605758583
49.77851605758583
49.77851605758583
49.41787941787942
49.41787941787942
50.00593471810089
50.00593471810089
50.00593471810089
50.00593471810089
50.00593471810089
50.00593471810089
50.00593471810089
50.00593471810089
50.00593471810089
50.00593471810089
50.00593471810089
50.00593471810089
50.00593471810089
50.00593471810089
50.00593471810089
50.00593471810089
50.913140311804014
50.913140311804014
50.913140311804014
50.913140311804014
50.913140311804014
50.913140311804014
50.913140311804014
50.913140311804014
50.913140311804014
50.913140311804014
50.913140311804014
50.913140311804014
50.913140311804014
50.913140311804014
50.913140311804014
50.913140311804014
50.913140311804014
50.913140311804014
50.913140311804014
50.913140311804014
50.913140311804014
50.913140311804014
50.913140311804014
51.893175074183965
51.893175074183965
51.893175074183965
51.893175074183965
51.893175074183965
51.893175074183965
51.893175074183965
51.893175074183965
51.893175074183965
51.893175074183965
51.893175074183965
51.893175074183965
51.893175074183965
51.893175074183965
50.42462845010616
51.893175074183965
51.893175074183965
51.893175074183965
51.893175074183965
51.893175074183965
51.893175074183965
51.893175074183965
51.893175074183965
51.893175074183965
51.893175074183965
51.893175074183965
51.893175074183965
51.893175074183965
51.893175074183965
51.893175074183965
51.893175074183965
51.893175074183965
51.893175074183965
51.893175074183965
51.893175074183965
51.893175074183965
51.893175074183965
51.893175074183965
51.893175074183965
51.893175074183965
51.893175074183965
51.893175074183965
51.893175074183965
51.893175074183965
51.893175074183965
51.893175074183965
51.893175074183965
51.893175074183965
51.893175074183965
51.893175074183965
51.893175074183965
51.893175074183965
51.893175074183965
51.893175074183965
51.893175074183965
51.893175074183965
51.893175074183965
51.893175074183965
51.893175074183965
51.893175074183965
51.893175074183965
51.893175074183965
51.893175074183965
51.893175074183965
51.893175074183965
51.893175074183965
51.893175074183965
51.893175074183965
51.893175074183965
51.893175074183965
51.893175074183965
51.893175074183965
51.893175074183965
51.893175074183965
51.893175074183965
51.893175074183965
51.893175074183965
51.893175074183965
51.893175074183965
