38835.4375
38926.5625
38008.6875
35793.8125
38057.4375
38029.6875
42129.5625
41314.3125
40800.4375
38427.3125
38328.8125
37227.375
36067.4375
34733.125
34096.1875
33495.875
33265.875
32438.0
33288.875
32976.375
31314.875
32102.125
31582.8125
31787.5625
32675.5625
32507.5625
31943.875
32148.0
32576.5
33561.75
33828.5
34552.5
35118.75
35150.0
34816.5
33617.5625
33599.8125
33317.5625
33858.0
32475.5
32475.5
32712.5
32985.0
33239.25
33387.75
33210.0
33089.5
32354.75
32168.25
33081.75
33526.0
33540.25
34191.75
34583.75
34727.0
34740.75
35555.5
35458.5
35861.75
35465.5
35398.5
36904.75
36942.25
36952.5
36972.5
36990.0
36961.0
36980.5
36711.75
36984.75
36984.75
36984.75
36985.75
36628.25
36439.25
36023.75
36277.5
36276.5
36439.75
36171.0
35765.25
36269.0
36501.25
36351.25
35853.5
35853.5
35021.75
34714.0
34837.25
34845.5
34901.5
34887.25
33900.5
33900.5
33900.5
34637.75
34676.25
34647.0
34439.75
34414.75
33959.0
33937.75
34809.75
34775.75
35144.5
35090.5
35630.5
35138.0
34672.75
35118.0
35964.0
36249.25
36246.75
36701.25
36627.0
36690.75
36597.0
36677.25
36658.0
37198.25
37115.5
38135.0
38135.0
38073.75
38573.75
38597.5
38604.0
38604.0
38604.0
38589.25
38686.75
38445.5
38499.75
38462.5
38462.5
38622.75
39027.5
39027.5
38994.5
38714.5
38725.75
38743.0
38737.75
38737.75
38737.75
37824.75
37352.5
37013.25
36518.0
36518.0
36518.0
36532.75
36208.25
35930.75
36000.75
36014.75
35587.25
35587.25
35695.25
35688.0
35688.0
35128.0
35150.0
35176.5
35204.0
35248.75
34754.0
34780.0
34464.0
34464.0
34434.0
34540.75
34533.25
34798.5
35233.5
35550.5
35242.25
35256.25
35256.25
35264.75
34849.25
34835.25
34790.25
34773.0
34750.5
34787.0
34787.0
34772.25
34751.0
34801.0
34792.5
34459.25
34453.25
34094.0
33647.25
33314.0
33350.0
33350.0
33726.5
33364.75
