47.9399585921325
51.0879450140241
51.65023143489636
51.65023143489636
51.65023143489636
51.65023143489636
51.65023143489636
56.68731928954977
57.208798017348194
57.3986100114366
57.3986100114366
57.3986100114366
57.3986100114366
58.011826071316165
58.011826071316165
58.011826071316165
58.011826071316165
58.011826071316165
59.15537812354273
59.15537812354273
59.15537812354273
59.2027548561803
60.74633290288401
61.5214276410056
61.5214276410056
61.5214276410056
55.26658382152791
55.26658382152791
55.26658382152791
58.92289022270327
61.03080884794834
63.980373468883485
63.980373468883485
68.1253356312365
68.1253356312365
61.6767131803599
68.1253356312365
68.1253356312365
62.9693068964324
61.024279956748245
61.024279956748245
68.1253356312365
68.1253356312365
68.1253356312365
67.53337579458746
67.53337579458746
68.1253356312365
63.22751322751323
63.22751322751323
63.22751322751323
63.22751322751323
63.22751322751323
63.22751322751323
63.22751322751323
63.22751322751323
63.22751322751323
63.22751322751323
63.22751322751323
63.22751322751323
63.22751322751323
63.195347854609345
63.22751322751323
60.177912368695
63.22751322751323
63.22751322751323
63.22751322751323
64.63362529374065
65.38746622671735
65.38746622671735
65.38746622671735
66.92605582346924
66.92605582346924
66.92605582346924
66.92605582346924
66.92605582346924
66.92605582346924
66.92605582346924
66.92605582346924
66.92605582346924
67.5739198207414
67.5739198207414
67.5739198207414
64.78979777565034
64.78979777565034
64.78979777565034
64.78979777565034
64.78979777565034
64.78979777565034
64.78979777565034
64.78979777565034
66.94035139163795
66.94035139163795
66.94035139163795
67.9331677139656
67.9331677139656
67.9331677139656
67.9331677139656
67.9331677139656
70.44975085743869
71.63492249729491
71.63492249729491
64.05929937853696
71.63492249729491
64.35122223384593
65.82384561050654
71.63492249729491
71.63492249729491
71.63492249729491
71.63492249729491
71.63492249729491
69.34755268088601
63.08041367665682
63.08041367665682
71.63492249729491
71.63492249729491
68.28410689170184
66.56770225850917
71.63492249729491
71.63492249729491
71.63492249729491
71.63492249729491
71.63492249729491
71.63492249729491
71.63492249729491
72.19278621609953
72.19278621609953
70.34785157992684
70.34785157992684
61.74455777135027
72.19278621609953
79.31999884549889
79.31999884549889
79.31999884549889
79.31999884549889
79.31999884549889
79.31999884549889
79.35607700522411
79.35607700522411
79.35607700522411
79.35607700522411
79.35607700522411
79.35607700522411
79.35607700522411
78.87768060726758
79.01802838511699
79.01802838511699
79.01802838511699
76.55549955197132
76.55549955197132
76.55549955197132
76.42658166049223
76.42658166049223
76.42658166049223
76.42658166049223
76.07909020418712
76.07909020418712
76.07909020418712
76.07909020418712
76.07909020418712
76.07909020418712
76.07909020418712
76.07909020418712
76.07909020418712
76.07909020418712
79.33448408131953
79.33448408131953
79.33448408131953
79.33448408131953
79.33448408131953
79.33448408131953
79.33448408131953
79.33448408131953
79.33448408131953
79.33448408131953
79.33448408131953
79.33448408131953
79.23858841580359
79.23858841580359
79.23858841580359
79.23858841580359
79.23858841580359
78.7686996547756
78.7686996547756
78.7686996547756
79.5011894142135
76.89887152777779
76.89887152777779
76.89887152777779
76.89887152777779
79.5011894142135
79.5011894142135
79.5011894142135
78.81950639310139
78.81950639310139
78.81950639310139
78.7772239036259
78.7772239036259
78.7772239036259
78.49979229719304
78.49979229719304
78.49979229719304
78.86410942610765
78.86410942610765
78.86410942610765
78.86410942610765
79.55173951828725
79.55173951828725
79.55173951828725
79.55173951828725
79.55173951828725
79.55173951828725
79.55173951828725
79.55173951828725
79.55173951828725
79.55173951828725
79.55173951828725
79.55173951828725
79.55173951828725
79.55173951828725
79.55173951828725
79.55173951828725
79.55173951828725
79.55173951828725
79.55173951828725
79.55173951828725
79.55173951828725
79.55173951828725
79.55173951828725
79.55173951828725
79.55173951828725
79.55173951828725
79.55173951828725
79.55173951828725
79.55173951828725
79.55173951828725
79.55173951828725
79.55173951828725
79.55173951828725
79.55173951828725
79.55173951828725
79.55173951828725
79.55173951828725
79.55173951828725
79.55173951828725
79.55173951828725
79.55173951828725
79.55173951828725
79.55173951828725
79.55173951828725
79.55173951828725
79.55173951828725
79.55173951828725
79.55173951828725
79.55173951828725
79.55173951828725
79.55173951828725
79.55173951828725
79.55173951828725
79.55173951828725
79.55173951828725
79.55173951828725
79.55173951828725
79.55173951828725
79.55173951828725
79.55173951828725
79.55173951828725
79.55173951828725
76.97265625
79.15179898899792
79.15179898899792
79.15179898899792
79.15179898899792
79.15179898899792
79.459559916741
79.459559916741
79.459559916741
79.459559916741
79.75393993458222
79.75393993458222
79.75393993458222
79.75393993458222
79.75393993458222
79.75393993458222
79.75393993458222
79.75393993458222
79.75393993458222
79.75393993458222
79.75393993458222
79.75393993458222
79.75393993458222
79.75393993458222
79.75393993458222
79.75393993458222
79.75393993458222
79.75393993458222
79.7554267023491
79.7554267023491
79.7554267023491
79.7554267023491
79.7554267023491
79.7554267023491
79.7554267023491
79.7554267023491
79.7554267023491
79.7554267023491
79.7554267023491
79.7554267023491
79.7554267023491
79.7554267023491
79.7554267023491
79.7554267023491
77.1144386574074
77.1144386574074
77.1144386574074
77.1144386574074
77.1144386574074
77.1144386574074
77.1144386574074
77.1144386574074
77.1144386574074
77.1144386574074
77.1144386574074
77.13758680555556
77.13758680555556
77.13758680555556
77.13758680555556
77.13758680555556
77.13758680555556
77.13758680555556
77.13758680555556
77.13758680555556
77.13758680555556
77.13758680555556
77.13758680555556
77.13758680555556
77.13758680555556
77.13758680555556
77.13758680555556
