132060.0
108416.0
98958.0
88436.0
88436.0
88436.0
88436.0
88436.0
88436.0
88436.0
83110.0
83110.0
83110.0
82942.0
82942.0
82942.0
80682.0
79786.0
79786.0
78378.0
78378.0
75514.0
75514.0
75514.0
75514.0
75514.0
66466.0
66466.0
66466.0
59600.0
57936.0
56668.0
56668.0
56668.0
56668.0
56668.0
56668.0
56668.0
56668.0
56668.0
56668.0
56668.0
55232.0
55232.0
55232.0
55232.0
53994.0
50586.0
50586.0
50586.0
50586.0
50058.0
50058.0
50058.0
50058.0
50058.0
50058.0
50058.0
50058.0
50058.0
50058.0
50058.0
50058.0
50058.0
50058.0
48730.0
48730.0
46512.0
46512.0
46512.0
43964.0
43964.0
43964.0
43964.0
43964.0
43964.0
43964.0
43964.0
43964.0
43964.0
43964.0
43964.0
42142.0
42142.0
42142.0
42142.0
42142.0
42142.0
42142.0
42142.0
42004.0
42004.0
42004.0
43284.0
43284.0
43284.0
42346.0
42346.0
42346.0
42346.0
42346.0
42346.0
42346.0
42346.0
42346.0
42346.0
42346.0
42346.0
42346.0
42346.0
42346.0
42346.0
42346.0
42346.0
42346.0
42346.0
42346.0
42346.0
42346.0
42346.0
42346.0
42346.0
42346.0
42346.0
48312.0
48312.0
45870.0
45870.0
45870.0
48312.0
115658.0
115658.0
115658.0
115658.0
115658.0
115658.0
116058.0
116058.0
116058.0
116058.0
116058.0
116058.0
116058.0
114794.0
114342.0
114342.0
114342.0
114342.0
114342.0
114160.0
113742.0
113742.0
113742.0
113742.0
113560.0
113560.0
113560.0
113560.0
113560.0
113560.0
113560.0
113560.0
113560.0
113560.0
113714.0
113714.0
113714.0
113714.0
113714.0
113714.0
113714.0
113714.0
113714.0
113714.0
113360.0
113360.0
113318.0
113318.0
113318.0
113318.0
113052.0
111352.0
111352.0
111352.0
113052.0
112510.0
112510.0
112510.0
112510.0
112662.0
112662.0
112662.0
111242.0
111242.0
111242.0
111242.0
111242.0
111242.0
110874.0
110874.0
110874.0
110472.0
110472.0
110472.0
110472.0
112604.0
112604.0
112604.0
112604.0
112604.0
112604.0
112604.0
112604.0
112604.0
112604.0
112604.0
112604.0
112604.0
112604.0
112604.0
112604.0
112604.0
112604.0
112604.0
112604.0
112604.0
112604.0
112604.0
112604.0
112604.0
112604.0
112604.0
112604.0
112604.0
112604.0
112604.0
112604.0
112604.0
112604.0
112604.0
112604.0
112604.0
112604.0
112604.0
112604.0
112604.0
112604.0
112604.0
112604.0
112604.0
112604.0
112604.0
112604.0
112604.0
112604.0
112604.0
112604.0
112604.0
112604.0
112604.0
112604.0
112604.0
112604.0
112604.0
112604.0
112604.0
112604.0
112268.0
111328.0
111328.0
111328.0
111328.0
111328.0
111328.0
111328.0
111328.0
111328.0
112604.0
112604.0
112604.0
112604.0
112604.0
112604.0
112604.0
112604.0
112604.0
112604.0
112604.0
112580.0
112580.0
112580.0
112580.0
112580.0
112580.0
112580.0
112580.0
112580.0
112580.0
112580.0
112580.0
112580.0
112580.0
112580.0
112580.0
112580.0
112580.0
112580.0
112580.0
112580.0
112580.0
112580.0
112244.0
112244.0
112244.0
112244.0
112244.0
112244.0
112244.0
112244.0
112244.0
112244.0
112244.0
112244.0
112244.0
112244.0
112244.0
112244.0
112244.0
112244.0
112244.0
112244.0
112244.0
112244.0
112244.0
112244.0
112244.0
112244.0
112244.0
