56.363549680412596
59.839261405248166
62.508544545271505
63.60833629557571
65.71138457176411
66.03163276793039
65.08375018921762
65.26151795727964
65.82978277282263
66.69754896636664
66.67052208898062
67.44719939904586
68.15176473201034
69.39473099613383
69.32940135381688
69.28449408282337
67.888524411318
66.48839848673948
65.99312257389627
66.1955158110119
67.17003053430666
67.3604847399802
68.36470165532711
69.43024993398824
68.7750110679714
69.15550470056135
69.99495558708041
70.44968694492043
71.85161907126607
72.09160387472903
72.64068676117185
74.63695287031761
75.086091766453
76.27652339577403
75.75722427303887
74.99409728653742
75.4608790613685
75.54524341417336
74.97433877523268
73.34343145601977
73.2770684616012
72.84483986869137
73.36298154943177
73.53985022222814
73.14679291614812
72.26090861302595
72.30898807546913
72.68238653955493
73.41156256179761
73.7114765951636
73.09198090331165
72.75709006895994
72.18871037778648
72.24723744918272
72.68335561285002
73.38107279417889
73.65504594337276
74.52513313575804
74.72386164746796
75.62522530214268
75.01178816324582
75.03827883352227
74.516976248188
74.46500641985622
74.83459407993433
74.73067522298986
74.9794455127579
75.08837490252043
75.15002854104674
75.76851441298373
75.83333843500995
74.92797414502868
74.75631423581756
74.05930570900281
73.71745992692155
73.14734322971299
72.79722688840494
73.53302012697256
73.7552303609194
74.15715391928686
74.36567373311917
73.94989604288203
73.31694415161742
73.91785054538808
74.51010991845305
74.96433328986076
75.20606809316645
74.28079309957597
74.9814402489337
75.06135470424519
75.42225459647291
75.28766815173759
76.50237109252637
77.22029052518742
77.70101813355116
77.68737197312404
76.97411403466418
76.66780632474624
78.5198440257971
78.68753967915826
78.32123238524798
77.86616004871735
78.07370190750245
77.86044376962859
78.79247216036342
79.3619404985086
79.39420235427927
79.3874611171353
79.39670571144796
79.3781143430098
79.16029049476262
78.601066433574
78.43162618625806
78.76573196643126
78.6401688760162
78.3144180578474
77.78452209834728
78.07502715875101
77.60675845501525
77.76597035472173
78.04753290859354
78.12828214805481
78.31608042229784
78.96559899059757
79.17592137686374
79.18371425936445
79.09592700641944
79.10734557347058
78.61891097998559
79.43425356482874
79.61042803128687
79.60682021531434
79.5840548965277
79.53948033018716
79.4663318613444
79.41852829970858
79.35607700522422
79.35607700522422
79.35607700522422
79.35607700522422
79.35607700522422
79.35607700522422
79.35607700522422
79.3527578145295
79.35938271331553
79.3467058900615
79.34623696739804
79.26478404871445
79.15653427261216
79.18665914250084
79.10737411533947
79.0269645919025
79.05774974356089
79.1263688640405
78.97366162602377
78.97354256522834
78.82546202448142
79.10288900175505
79.1398430659607
79.246368365911
79.24266040734098
79.23694558628173
79.2437436559231
79.23983795880596
79.39247365123572
79.33448408131964
79.33448408131964
79.33448408131964
79.33448408131964
79.33448408131964
79.33448408131964
79.33448408131964
79.33448408131964
79.33448408131964
79.33675374395168
79.33675374395168
79.33555504813273
79.34366495782484
79.3424662620059
79.35215330129677
79.36736957382456
79.4068870454317
79.4447967199008
79.48572832330245
79.52488477549818
79.49280183224776
79.49289475523314
79.49949228719865
79.52318764848322
79.56437704430572
79.54700044603035
79.50434879571812
79.50119870651204
79.50498996431757
79.5128020296992
79.51635281764112
79.5404153172117
79.57560223888171
79.58161103522143
79.59471750826411
79.60590120393644
79.66918014832926
79.63059037102322
79.60451628170432
79.63406928337791
79.65441941718701
79.6528397264347
79.6481006541778
79.63230374665474
79.6228256021409
79.60386931311324
79.57701457032405
79.55173951828716
79.55173951828716
79.55173951828716
79.55173951828716
79.55173951828716
79.55173951828716
79.55173951828716
79.55173951828716
79.55173951828716
79.55173951828716
79.55173951828716
79.55173951828716
79.55173951828716
79.55173951828716
79.55173951828716
79.55173951828716
79.55173951828716
79.55173951828716
79.55173951828716
79.55173951828716
79.55173951828716
79.55173951828716
79.55173951828716
79.55173951828716
79.55173951828716
79.55173951828716
79.55173951828716
79.55173951828716
79.55173951828716
79.55173951828716
79.55173951828716
79.55173951828716
79.55173951828716
79.55173951828716
79.55173951828716
79.55173951828716
79.55173951828716
79.55173951828716
79.55173951828716
79.55173951828716
79.55173951828716
79.55173951828716
79.55173951828716
79.55173951828716
79.55173951828716
79.55173951828716
79.55173951828716
79.55173951828716
79.55173951828716
79.55173951828716
79.55173951828716
79.55173951828716
79.55173951828716
79.56160793933978
79.57644914898789
79.55917740090139
79.58333333333324
79.58338908712452
79.5968752100924
79.63682579931069
79.7114987104021
79.73383140053534
79.74290068391328
79.74290068391328
79.75026018435929
79.75393993458232
79.75393993458232
79.75393993458232
79.75393993458232
79.75393993458232
79.75393993458232
79.75393993458232
79.75393993458232
79.75393993458232
79.75393993458232
79.75393993458232
79.75405144216482
79.75414436515027
79.76058392804053
79.76107012534683
79.7626869852933
79.76439676822521
79.76528882888525
79.75542670234904
79.75542670234904
79.75542670234904
79.75542670234904
79.75542670234904
79.75542670234904
79.75542670234904
79.75542670234904
79.75542670234904
79.75542670234904
79.75542670234904
79.75542670234904
79.75542670234904
79.75542670234904
79.75542670234904
79.75542670234904
79.72271170534064
79.72689323968498
79.69388088912321
79.62785618799967
79.63629359507668
79.45003293156607
79.15799537151457
78.89896216032332
78.55710039760184
78.53996498323195
78.58532877478402
79.05694877117097
78.78860441872028
78.59048230514053
78.16121772571772
77.17060715781892
77.13758680555563
77.13758680555563
77.13758680555563
77.13758680555563
77.13758680555563
77.13758680555563
77.13758680555563
77.13758680555563
77.13758680555563
77.13758680555563
77.13758680555563
