48.30230754314523
48.30230754314523
50.66528588464194
50.66528588464194
51.08381635845065
47.14624297752809
47.14624297752809
51.31088753859947
51.31088753859947
51.31088753859947
51.31088753859947
52.76374587138139
52.76374587138139
51.798005475166214
51.79100227790432
51.79100227790432
51.79100227790432
51.79100227790432
51.798005475166214
52.76374587138139
52.689916456188065
52.689916456188065
52.689916456188065
53.445619800759985
53.445619800759985
53.445619800759985
53.445619800759985
56.3114406779661
56.3114406779661
58.25734759580433
58.25734759580433
58.25734759580433
53.323674297305125
53.323674297305125
53.323674297305125
54.879606879606875
54.879606879606875
54.879606879606875
54.879606879606875
54.879606879606875
54.879606879606875
54.879606879606875
54.879606879606875
55.413479429398386
55.413479429398386
60.58966969629794
60.58966969629794
60.58966969629794
60.58966969629794
60.58966969629794
60.58966969629794
60.58966969629794
60.58966969629794
60.58966969629794
60.58966969629794
60.58966969629794
60.58966969629794
60.58966969629794
60.58966969629794
60.58966969629794
60.58966969629794
60.58966969629794
60.58966969629794
60.58966969629794
60.67834183107958
60.67834183107958
60.843345920585875
57.58079409048937
57.58079409048937
57.58079409048937
64.74231198365239
65.85534777876718
65.38661323834965
65.38661323834965
65.38661323834965
65.38661323834965
65.38661323834965
65.86895221133868
65.86895221133868
66.03260529052793
65.80294547838805
65.80294547838805
65.80294547838805
65.80294547838805
65.80294547838805
65.80294547838805
65.80294547838805
65.80294547838805
65.80294547838805
65.5621122711454
65.5621122711454
65.5621122711454
65.5621122711454
65.5621122711454
65.42845614565995
65.42845614565995
65.42845614565995
64.66182478438492
64.66182478438492
64.66182478438492
64.66182478438492
65.42845614565995
65.42845614565995
65.42845614565995
65.42845614565995
65.42845614565995
65.42845614565995
65.42845614565995
65.42845614565995
65.42845614565995
65.42845614565995
65.42845614565995
65.5621122711454
64.91274524638119
64.91274524638119
64.91274524638119
65.03253139658041
65.03253139658041
65.03253139658041
64.89509255056235
64.89509255056235
65.03253139658041
65.03253139658041
65.03253139658041
65.03253139658041
65.03253139658041
65.03253139658041
65.03253139658041
65.03253139658041
65.03253139658041
65.03253139658041
65.80546729207646
63.463053888585804
63.463053888585804
65.65668028446059
64.93670247642105
65.80546729207646
69.70038055421558
69.70038055421558
69.70038055421558
69.70038055421558
69.70038055421558
69.70038055421558
69.70038055421558
69.70038055421558
69.70038055421558
69.74861982097872
69.74861982097872
69.74861982097872
69.74861982097872
69.74861982097872
69.74861982097872
69.74861982097872
69.74861982097872
69.74861982097872
70.2350324275071
70.2350324275071
69.73522002465563
69.73522002465563
69.73522002465563
69.73522002465563
69.73522002465563
69.73522002465563
69.73522002465563
69.73522002465563
69.73522002465563
69.73522002465563
69.73522002465563
69.73522002465563
69.73522002465563
69.73522002465563
69.73522002465563
70.27925175537331
70.27925175537331
70.27925175537331
70.27925175537331
70.27925175537331
70.27925175537331
70.27925175537331
68.25579207654681
68.25579207654681
68.25579207654681
70.27925175537331
69.83303853781423
69.83303853781423
67.62012099542704
69.83303853781423
69.83303853781423
69.83303853781423
69.83303853781423
69.83303853781423
69.51827672858217
69.51827672858217
69.83303853781423
69.83303853781423
69.83303853781423
69.83303853781423
69.83303853781423
69.83303853781423
69.83303853781423
69.83303853781423
69.61194189848315
69.61194189848315
69.61194189848315
69.79283914884495
69.79283914884495
69.79283914884495
69.79283914884495
69.79283914884495
69.79283914884495
69.79283914884495
69.79283914884495
69.79283914884495
69.79283914884495
68.40763316202542
68.40763316202542
68.40763316202542
68.40763316202542
68.40763316202542
68.40763316202542
68.40763316202542
68.40763316202542
68.40763316202542
68.40763316202542
68.40763316202542
68.40763316202542
68.40763316202542
68.40763316202542
68.40763316202542
68.40763316202542
68.40763316202542
68.40763316202542
68.40763316202542
68.40763316202542
68.40763316202542
68.40763316202542
68.40763316202542
68.40763316202542
68.40763316202542
68.40763316202542
68.40763316202542
68.40763316202542
70.11475498993855
70.11475498993855
70.11475498993855
70.11475498993855
70.11475498993855
70.11475498993855
70.11475498993855
70.11475498993855
70.11475498993855
70.11475498993855
70.11475498993855
70.11475498993855
70.11475498993855
70.11475498993855
70.80410072333716
70.80410072333716
70.80410072333716
70.80410072333716
70.80410072333716
70.80410072333716
70.80410072333716
70.80410072333716
70.80817969217384
70.80817969217384
70.80817969217384
70.80817969217384
70.80817969217384
70.80817969217384
70.80817969217384
70.93811965811966
70.93811965811966
70.93811965811966
70.93811965811966
70.93811965811966
66.80685358255451
70.56463911100502
67.34811474383064
70.56463911100502
70.56463911100502
70.56463911100502
70.56463911100502
70.56463911100502
70.85880341880342
70.7371937339206
70.7371937339206
70.7371937339206
70.7371937339206
70.7371937339206
70.68376068376068
70.68376068376068
70.85880341880342
70.85880341880342
70.85880341880342
70.85880341880342
70.85880341880342
70.85880341880342
70.85880341880342
70.85880341880342
70.85880341880342
70.85880341880342
70.85880341880342
70.85880341880342
69.92007273516799
69.92007273516799
69.92007273516799
69.92007273516799
69.92007273516799
69.92007273516799
69.92007273516799
70.49641025641024
70.70837606837607
70.85880341880342
70.85880341880342
70.85880341880342
70.85880341880342
70.85880341880342
70.85880341880342
70.85880341880342
70.85880341880342
70.85880341880342
70.85880341880342
70.85880341880342
70.85880341880342
70.85880341880342
70.85880341880342
70.86564102564103
70.86564102564103
69.25352844748312
69.25352844748312
70.86564102564103
70.86564102564103
70.86564102564103
70.86564102564103
70.86564102564103
70.86564102564103
70.86564102564103
70.86564102564103
70.86564102564103
70.86564102564103
70.86564102564103
70.86564102564103
70.86564102564103
70.86564102564103
70.86564102564103
70.86564102564103
70.86564102564103
70.96410256410257
70.96410256410257
70.96410256410257
70.96410256410257
70.96410256410257
70.96410256410257
70.96410256410257
70.96410256410257
70.96410256410257
70.96410256410257
70.96410256410257
70.96410256410257
70.96410256410257
70.96410256410257
70.96410256410257
70.96410256410257
70.96410256410257
70.96410256410257
70.96410256410257
70.96410256410257
70.96410256410257
70.96410256410257
70.96410256410257
70.96410256410257
70.96410256410257
70.96410256410257
70.96410256410257
70.96410256410257
70.96410256410257
70.96410256410257
70.96410256410257
70.96410256410257
70.96410256410257
70.96410256410257
70.96410256410257
70.96410256410257
70.96410256410257
70.96410256410257
70.96410256410257
70.96410256410257
70.96410256410257
70.96410256410257
70.96410256410257
71.38119658119658
71.38119658119658
69.24580140855971
71.38119658119658
71.38119658119658
71.33196581196582
71.33196581196582
71.33196581196582
71.12
