376294.0
312598.0
291944.0
219386.0
226274.0
226274.0
226274.0
226274.0
198574.0
193701.0
193701.0
193701.0
198245.0
198245.0
198245.0
198245.0
198245.0
198245.0
197563.0
197563.0
197563.0
197563.0
160674.0
160674.0
160674.0
160674.0
160674.0
160504.0
160504.0
160504.0
160504.0
160504.0
163196.0
158736.0
158736.0
158736.0
158736.0
158736.0
158736.0
158736.0
158736.0
158736.0
158736.0
133876.0
133876.0
133876.0
108262.0
108262.0
108262.0
108262.0
108262.0
108262.0
108262.0
88665.0
88665.0
93629.0
88665.0
88665.0
88665.0
88665.0
92021.0
98765.0
103452.0
98765.0
98765.0
98765.0
92021.0
92021.0
92021.0
92021.0
92021.0
92411.0
92021.0
92021.0
84402.0
84402.0
84402.0
84402.0
84402.0
84402.0
84402.0
84402.0
84402.0
84402.0
84402.0
84402.0
84402.0
84402.0
84402.0
84402.0
84402.0
84402.0
84402.0
84402.0
84402.0
84402.0
84402.0
84402.0
84402.0
84402.0
84402.0
84402.0
84402.0
84402.0
85496.0
78886.0
78886.0
78886.0
78886.0
78886.0
78886.0
78886.0
78886.0
78986.0
78986.0
78986.0
78986.0
82130.0
78986.0
78986.0
78986.0
78986.0
78986.0
78986.0
78986.0
78986.0
78986.0
78986.0
78986.0
78986.0
78986.0
78986.0
78986.0
78986.0
78986.0
78986.0
78986.0
78986.0
78986.0
78986.0
78986.0
78986.0
78986.0
78986.0
78916.0
78916.0
78916.0
78916.0
78916.0
78916.0
78916.0
78916.0
78916.0
78916.0
78916.0
78916.0
78916.0
78916.0
78916.0
78916.0
78916.0
78916.0
78916.0
78916.0
78916.0
78916.0
78916.0
78916.0
78916.0
78916.0
78916.0
78916.0
78916.0
78916.0
78916.0
78916.0
78916.0
78916.0
78916.0
78916.0
78916.0
78916.0
78916.0
78916.0
78916.0
78916.0
78916.0
78916.0
78916.0
78916.0
78916.0
78916.0
78916.0
78916.0
78916.0
78916.0
78916.0
78916.0
78916.0
78916.0
78916.0
78916.0
78916.0
78916.0
78916.0
78916.0
78916.0
78916.0
78916.0
78916.0
78916.0
76618.0
76752.0
76752.0
76752.0
76752.0
76752.0
76752.0
76752.0
76752.0
76752.0
76752.0
76752.0
76752.0
76752.0
76514.0
76514.0
76514.0
76514.0
76514.0
76514.0
76514.0
76514.0
78346.0
76514.0
76514.0
76514.0
76514.0
76514.0
76514.0
76514.0
76514.0
76514.0
76514.0
76514.0
76514.0
76514.0
76514.0
76514.0
76514.0
76514.0
76514.0
76514.0
76514.0
76514.0
76514.0
76514.0
76514.0
76514.0
76514.0
76514.0
76514.0
76514.0
76514.0
76514.0
76514.0
76514.0
76514.0
76514.0
76594.0
76594.0
76594.0
76594.0
76514.0
76514.0
76628.0
76628.0
76628.0
76514.0
76514.0
76514.0
76514.0
76514.0
76514.0
73260.0
73260.0
73260.0
73260.0
73260.0
67052.0
67052.0
67052.0
66982.0
66982.0
66982.0
66982.0
66982.0
66982.0
66982.0
66982.0
66982.0
66982.0
66982.0
67584.0
68194.0
68194.0
68194.0
68194.0
68194.0
68194.0
68194.0
67602.0
67602.0
67602.0
67584.0
67584.0
67584.0
67584.0
67584.0
67814.0
67814.0
67814.0
69134.0
69134.0
69134.0
69134.0
69134.0
69134.0
69134.0
69134.0
69134.0
69134.0
69134.0
69134.0
69134.0
69134.0
69134.0
69134.0
69134.0
69134.0
69134.0
69134.0
69134.0
69134.0
69134.0
83580.0
69134.0
69134.0
69134.0
69134.0
69134.0
69134.0
69134.0
69134.0
69134.0
69134.0
69134.0
69424.0
69424.0
69424.0
69424.0
69424.0
69424.0
69424.0
69424.0
69424.0
69424.0
69424.0
69424.0
69424.0
69424.0
69424.0
69424.0
69424.0
69424.0
69424.0
69424.0
69424.0
69424.0
69424.0
69424.0
69424.0
69424.0
69424.0
69424.0
69424.0
69424.0
69424.0
69424.0
69424.0
69424.0
69424.0
69424.0
69424.0
70116.0
69424.0
69424.0
69424.0
69424.0
69424.0
