1058937.0
964844.0
936673.0
911130.0
865811.0
812734.0
812734.0
782580.0
691192.0
684638.0
670463.0
670463.0
687412.0
726154.0
687412.0
606539.0
600856.0
600856.0
600856.0
600856.0
600856.0
600856.0
597956.0
597956.0
597956.0
597956.0
597956.0
597956.0
597956.0
597956.0
597956.0
528553.0
528553.0
541845.0
541845.0
541845.0
541845.0
620360.0
620360.0
620360.0
620360.0
620360.0
573910.0
573910.0
573910.0
573910.0
573910.0
573910.0
593951.0
593951.0
573910.0
573910.0
575635.0
575635.0
575635.0
575635.0
575635.0
572381.0
560275.0
560275.0
560275.0
560275.0
560275.0
560275.0
560275.0
560275.0
560275.0
560275.0
560275.0
560275.0
560275.0
560275.0
560275.0
560275.0
560947.0
560947.0
560947.0
560947.0
560947.0
560947.0
560947.0
560947.0
560947.0
560947.0
560947.0
560947.0
556273.0
556273.0
556273.0
556273.0
599240.0
599240.0
556273.0
556273.0
556273.0
556273.0
556273.0
668387.0
556273.0
556273.0
556273.0
555323.0
555323.0
555323.0
555323.0
598165.0
555323.0
555323.0
555323.0
555323.0
555323.0
555323.0
555323.0
555323.0
555323.0
555323.0
555323.0
555323.0
650902.0
555323.0
555323.0
555323.0
555323.0
555323.0
555323.0
555323.0
555323.0
555323.0
555323.0
555323.0
555323.0
555323.0
555323.0
555323.0
555323.0
555323.0
555323.0
555323.0
555323.0
555323.0
555323.0
555323.0
555323.0
555323.0
555323.0
555323.0
555323.0
555323.0
555323.0
555323.0
555323.0
555323.0
555323.0
555323.0
555323.0
555323.0
500972.0
500972.0
500972.0
503362.0
503362.0
503362.0
503362.0
503362.0
503362.0
503362.0
503362.0
503362.0
503362.0
503362.0
503362.0
503362.0
500839.0
500839.0
520334.0
507319.0
500839.0
500839.0
500839.0
500839.0
500839.0
500839.0
500839.0
500839.0
500839.0
500839.0
500839.0
500839.0
500839.0
528537.0
500839.0
500839.0
500839.0
500839.0
500839.0
500839.0
500839.0
497393.0
497393.0
497393.0
497393.0
497393.0
497393.0
497393.0
497393.0
497393.0
497393.0
497393.0
497393.0
497393.0
497393.0
495943.0
495943.0
494633.0
494633.0
494633.0
493108.0
493108.0
493108.0
493108.0
493108.0
493108.0
493108.0
493108.0
493108.0
493108.0
493108.0
493108.0
493108.0
493108.0
493108.0
493108.0
493108.0
492063.0
492063.0
492063.0
546421.0
492063.0
492063.0
492063.0
492063.0
492063.0
492063.0
492063.0
498403.0
492063.0
492063.0
492063.0
492063.0
492063.0
492063.0
492063.0
492063.0
475344.0
475344.0
475344.0
475344.0
475344.0
475344.0
472322.0
472322.0
472322.0
472322.0
472322.0
509314.0
472322.0
472322.0
472322.0
472322.0
472322.0
472322.0
472322.0
472322.0
472322.0
472322.0
472322.0
472322.0
472322.0
520059.0
472322.0
472539.0
472322.0
472322.0
472322.0
472322.0
472322.0
472322.0
472322.0
472322.0
472322.0
472322.0
472322.0
472322.0
472322.0
472322.0
472322.0
472322.0
472322.0
472322.0
472322.0
472322.0
472322.0
467540.0
467540.0
467540.0
467540.0
467540.0
467540.0
467540.0
467540.0
467540.0
467540.0
467540.0
467540.0
467540.0
467540.0
467540.0
507829.0
507829.0
467540.0
467540.0
467540.0
467540.0
467540.0
467540.0
467540.0
467540.0
467540.0
467540.0
467540.0
467540.0
467540.0
467540.0
467540.0
467540.0
467540.0
467540.0
467540.0
467540.0
467540.0
467540.0
467540.0
467540.0
467790.0
467790.0
467790.0
467790.0
467790.0
467790.0
467790.0
467790.0
467790.0
467790.0
467790.0
467790.0
467790.0
467790.0
467790.0
467790.0
467790.0
467790.0
516251.0
516251.0
467790.0
467790.0
467790.0
467790.0
467790.0
467790.0
467790.0
467790.0
467790.0
467790.0
467790.0
467790.0
467790.0
467790.0
467790.0
467790.0
467790.0
467790.0
467790.0
467790.0
467790.0
467790.0
467790.0
467790.0
467790.0
467540.0
467540.0
467540.0
467540.0
467540.0
467540.0
467540.0
467540.0
467540.0
467540.0
475571.0
475571.0
