53.154452252745585
55.901051851724226
55.901051851724226
57.12088162878373
57.12088162878373
57.12088162878373
57.12088162878373
57.36242884250475
60.29842590551761
60.29842590551761
60.29842590551761
60.29842590551761
60.29842590551761
60.29842590551761
60.66191579183323
61.27738056743195
61.27738056743195
61.27738056743195
61.27738056743195
61.27738056743195
61.27738056743195
61.27738056743195
61.27738056743195
61.27738056743195
61.27738056743195
61.27738056743195
61.27738056743195
61.27738056743195
61.27738056743195
61.8737438333638
61.8737438333638
62.08045928171135
62.08045928171135
62.434282383769556
62.434282383769556
62.434282383769556
62.75012963208605
62.75012963208605
62.75012963208605
62.75012963208605
62.75012963208605
62.75012963208605
63.2036240731893
63.2036240731893
63.69126617573824
63.69126617573824
63.69126617573824
63.69758605783451
63.69758605783451
63.69758605783451
63.69758605783451
63.69758605783451
63.79920976194269
63.79920976194269
63.96504902619547
64.11597139664124
64.11597139664124
64.28271400968889
64.45505713798397
64.45505713798397
64.45505713798397
64.45505713798397
64.45505713798397
64.45505713798397
64.45505713798397
64.45505713798397
64.45505713798397
64.45505713798397
64.45505713798397
64.45505713798397
64.67398637038244
64.67398637038244
64.67398637038244
64.67398637038244
64.67398637038244
64.67398637038244
64.67398637038244
64.67398637038244
64.67398637038244
64.67398637038244
64.67398637038244
64.78090529783286
64.78090529783286
64.78090529783286
64.78090529783286
64.8139992515675
64.8139992515675
64.8139992515675
64.8139992515675
64.8139992515675
64.8139992515675
64.8139992515675
64.8139992515675
64.8139992515675
64.96419488774785
64.96419488774785
64.96419488774785
64.96419488774785
64.99499772160856
64.99499772160856
64.99499772160856
64.99499772160856
64.99499772160856
64.99499772160856
65.12966465642111
65.12966465642111
65.12966465642111
65.12966465642111
65.12966465642111
65.12966465642111
65.12966465642111
65.12966465642111
65.12966465642111
65.12966465642111
65.12966465642111
65.12966465642111
65.12966465642111
65.14621163328844
65.14621163328844
65.14621163328844
65.14621163328844
65.32186415695699
65.32186415695699
65.32186415695699
65.32186415695699
65.32186415695699
65.32186415695699
65.32186415695699
65.32186415695699
65.32186415695699
65.32186415695699
65.32186415695699
65.32186415695699
65.32186415695699
65.32186415695699
65.32186415695699
65.32186415695699
65.32186415695699
65.3991725406068
65.3991725406068
65.3991725406068
65.3991725406068
65.3991725406068
65.3991725406068
65.3991725406068
65.3991725406068
65.3991725406068
65.3991725406068
65.3991725406068
65.3991725406068
65.3991725406068
65.3991725406068
65.3991725406068
65.3991725406068
65.3991725406068
65.3991725406068
65.48217386862805
65.69414649095924
65.69414649095924
65.69414649095924
65.69414649095924
65.69414649095924
65.69414649095924
65.69414649095924
65.69414649095924
65.69414649095924
65.69414649095924
65.69414649095924
65.69414649095924
65.69414649095924
65.69414649095924
65.69414649095924
65.70614975993463
65.70614975993463
65.70614975993463
65.70614975993463
65.70614975993463
65.70614975993463
65.70614975993463
65.70614975993463
65.71636530799879
65.71636530799879
65.71636530799879
65.71636530799879
65.71636530799879
65.71636530799879
65.71636530799879
65.71636530799879
65.71636530799879
65.71636530799879
65.71636530799879
65.71636530799879
65.71636530799879
65.71636530799879
65.71636530799879
65.88648720328868
65.88648720328868
65.88648720328868
65.88648720328868
65.88648720328868
65.88648720328868
65.88648720328868
65.88648720328868
65.88648720328868
65.88648720328868
65.88648720328868
65.88648720328868
65.9965267136582
65.9965267136582
65.9965267136582
65.9965267136582
66.43400755950557
66.43400755950557
66.43400755950557
66.43400755950557
66.43400755950557
66.43400755950557
66.43400755950557
66.43400755950557
66.43400755950557
66.43400755950557
66.43400755950557
66.43400755950557
66.43400755950557
66.43400755950557
66.43400755950557
66.43400755950557
66.43400755950557
66.43400755950557
66.43400755950557
66.43400755950557
66.75745184270761
66.75745184270761
66.75745184270761
66.75745184270761
66.75745184270761
66.75745184270761
66.75745184270761
66.75745184270761
66.75745184270761
66.75745184270761
66.75745184270761
66.75745184270761
66.75745184270761
66.75745184270761
66.75745184270761
66.75745184270761
66.75745184270761
66.75745184270761
66.75745184270761
66.75745184270761
66.75745184270761
66.75745184270761
66.75745184270761
66.75745184270761
66.75745184270761
66.75745184270761
66.75745184270761
66.75745184270761
66.75745184270761
66.94262274001491
66.94262274001491
66.94262274001491
66.94262274001491
66.94262274001491
66.94262274001491
66.94262274001491
66.94262274001491
66.94262274001491
66.94262274001491
66.94262274001491
66.94262274001491
66.94262274001491
66.94262274001491
66.94262274001491
67.0421520973176
67.0421520973176
67.0421520973176
67.0421520973176
67.0421520973176
67.0421520973176
67.0421520973176
67.0421520973176
67.0421520973176
67.0421520973176
67.0421520973176
67.0421520973176
67.0421520973176
67.0421520973176
67.0421520973176
67.0421520973176
67.0421520973176
67.0421520973176
67.0421520973176
67.0421520973176
67.0421520973176
67.0421520973176
67.0421520973176
67.51494253486148
67.51494253486148
67.51494253486148
67.51494253486148
67.51494253486148
67.51494253486148
67.52560149865032
67.52560149865032
67.52560149865032
67.52560149865032
67.52560149865032
67.62419691369703
67.63485587748588
67.63485587748588
67.63485587748588
67.63485587748588
67.63485587748588
67.63485587748588
67.63485587748588
67.63485587748588
67.63485587748588
67.63485587748588
67.63485587748588
67.63485587748588
67.63485587748588
67.63485587748588
67.63485587748588
67.63485587748588
67.63485587748588
67.63485587748588
67.63485587748588
67.63485587748588
67.63485587748588
67.63485587748588
67.63485587748588
67.63485587748588
67.63485587748588
67.63485587748588
67.63485587748588
67.63485587748588
67.63485587748588
67.63485587748588
67.78807848195038
67.78807848195038
67.78807848195038
67.78807848195038
67.78807848195038
67.78807848195038
67.78807848195038
67.78807848195038
67.78807848195038
67.78807848195038
67.78807848195038
67.78807848195038
67.78807848195038
67.78807848195038
67.78807848195038
67.78807848195038
67.78807848195038
67.78807848195038
67.78807848195038
67.78807848195038
67.78807848195038
67.78807848195038
67.78807848195038
67.78807848195038
67.78807848195038
67.78807848195038
67.78807848195038
67.78807848195038
67.78807848195038
67.78807848195038
67.78807848195038
67.78807848195038
67.78807848195038
67.78807848195038
67.78807848195038
67.78807848195038
67.78807848195038
67.78807848195038
67.78807848195038
67.78807848195038
67.78807848195038
67.78807848195038
67.78807848195038
67.78807848195038
67.78807848195038
67.78807848195038
67.78807848195038
67.78807848195038
67.96395138446616
67.96395138446616
67.96395138446616
67.96395138446616
67.96395138446616
67.96395138446616
67.96395138446616
67.96395138446616
67.96395138446616
67.96395138446616
67.96395138446616
67.96395138446616
