46.281639935782614
47.943154268009486
48.36521464856349
49.18090549132061
49.61582987289753
49.47191643512234
49.92467698924539
49.73746247962711
48.0769143165952
47.11793152672894
47.386482934441354
49.362422366681756
50.194308214653425
50.473362512949265
50.6793252547498
50.43505317283711
51.26797479995339
51.643816439468345
51.288661477527704
51.284476892346206
50.4695961952624
51.567526185439895
51.11869676445052
51.16334193367845
52.164631346399105
52.01722483760612
52.26618301960009
52.26177017967998
52.47065261227591
51.82497467672281
52.09637816336183
51.77762481550896
53.2641907479423
53.20447616988579
53.38274699899423
53.81509219359081
54.022279133823204
54.539794463524835
54.227498186986814
54.60838602595108
54.36247655624294
54.272532503677006
54.12448591934418
54.43661495425382
54.40349080984053
54.05880696653257
53.90753254814698
53.8373197391065
54.324641637098
54.83503645916166
55.34444643329765
55.735365471837824
56.41921600088366
56.99848169560901
56.859477339702394
56.98198431556816
56.630994416216005
56.58118658262606
56.24159014895154
56.45385712981014
57.010250306761385
56.58907409180841
56.88478185610829
56.11288080632818
56.38961317513186
56.48874696101005
55.95170721015511
55.822497342531015
55.58624201454985
56.066208230130464
56.807813626036605
56.89829765647478
57.24990548444886
57.560253094030735
57.8046570731888
57.62316173213475
57.167680370369396
57.09171911223791
57.23608747693472
56.98888450195618
57.031095768641556
57.22215984561128
57.04449932157753
57.13976991199407
57.52638726482471
57.143822458197086
56.865460168504754
56.77222513418875
56.514019666192645
56.606785618855255
56.63534141769617
56.70957258409707
56.646673027849445
57.736255721270695
58.268899799956515
58.279064852115695
58.04595391784367
57.87890596912386
58.42852067978024
58.2089021058856
58.49372999492518
58.120561012246
58.01753509672676
57.955263823114386
57.93326924217409
56.97442544099859
56.868384343181994
56.89051789692271
56.80472813631201
56.80556215229571
56.986261780561165
57.75768167424509
57.242483353008026
57.29420487212042
56.95864571640514
57.074276687225804
57.52063031841409
58.46699588888913
58.5755528742305
59.21106370291473
59.38328180585371
59.18421926560036
59.00953648441695
59.356502500718406
59.5008400645754
59.273742455868124
59.19284185648856
59.47898740833557
59.32597353360437
59.10165964422706
58.96712923262262
58.772443149800644
58.92479410547018
58.445444285776055
58.47662718867273
58.64489075175571
58.82638622984474
58.65104118364455
58.17010661989599
57.90084590144843
57.88708544873534
58.37670655917191
58.419665788577866
58.455428880893734
58.43853356292067
58.114450045943556
58.03012410198598
57.6299880474579
57.51206110490635
57.70784094419527
57.469541240208194
57.557482086814105
57.51791386824563
57.72858215388745
57.63438416239111
58.64904978882977
58.72592342699702
59.62176784315866
59.98933616204401
60.20479221730949
60.209074497188396
60.2305078441398
60.46407838690472
60.37405733408377
60.52718356459744
60.6187799888222
60.493145624403894
60.133558987563006
60.325307955465995
60.431869059089834
60.50057077749028
60.65932220178015
61.032667721829206
60.89090485543053
61.02866062250082
60.63425283618284
60.73215004187324
60.85832241484134
60.899336086366965
60.966960944386116
61.36138498744996
61.17553007073134
61.48258938868382
61.32898658117914
61.56420433625196
61.710190130405444
61.71639159552732
61.70354531951576
61.79102903392256
61.58166416241471
61.25616345698351
61.884389905815645
62.03250878853051
62.04958604636023
62.074963703098625
62.06506892095924
61.994448417441696
62.02395820369568
61.76027299719864
61.85054159896922
61.89983119587507
61.884206140234724
61.92749982567665
61.779054620973454
61.768183444276374
61.24713028018736
61.73230589579781
62.09373351186614
61.864324715233295
61.7313895497674
61.438610958998325
61.368984984070664
61.30753224126217
61.401334822270954
61.30686827136408
61.627843260015844
61.8722611964678
61.59793564125183
61.50707822701033
61.618482707687534
61.47792717969884
61.40325346851987
61.19417277731047
61.26485807727943
61.17906918365279
61.2517646953664
61.29366390027618
61.28713417002355
61.131201458051734
61.151504442953225
61.10752008780065
60.991796546878604
60.769604711082
60.53838160893548
60.155438275487164
60.09867344454474
60.06143174274136
60.24835531991597
60.97682454310594
60.72863642089825
60.356815693669105
60.0017609046039
60.228250019694904
60.45690027670379
61.24881225743769
61.60209097163689
61.644000609424666
61.470983761904435
61.62374351061417
61.69503243512814
61.718840733507896
61.68834301282239
61.49994586387029
61.26971466939436
61.16953066945572
61.14738542949944
60.93547353943874
61.05393593566688
60.70088312752379
60.48855601730351
60.13188670368542
60.01820502540628
60.56306784324546
60.82969598131889
60.898088342258156
61.13566063213227
61.29600077575459
61.32061214532566
61.34085071643409
61.24380153065274
61.28717443662106
61.29739604666796
61.169245418894526
61.04096349954686
60.68512324776077
60.625333944225474
60.6355575200689
60.780723156150046
60.904562255264
61.33562252269021
61.32286915675335
61.226642549314555
60.68657834600168
60.971047469711436
61.28948780895134
61.4435713669062
61.77052888553535
61.68441872247308
61.72984693076396
61.73962317939744
61.501358196142746
61.50021629536026
61.46925303231685
61.31086148328497
61.035888722298715
61.364435713210206
61.7592973736972
61.86108057053182
61.585969521871654
61.218660768412136
61.03529224577013
60.422965424687526
60.44618488144185
60.448965620352155
60.424780583685774
60.8694095468829
60.701949094367116
61.29711097424534
61.292243826860634
61.770434924352855
61.48569553078297
61.505633131199055
61.558391557225605
61.66540623389676
61.79384893953646
61.94918064534892
61.761565317059684
61.57363954235209
61.70817273025525
62.12642970036654
62.08240217117107
62.126841819973336
62.22025460444162
62.13437580626029
61.84308176616761
61.92168999862872
61.998997013704084
62.09589487549348
62.049715437858765
61.789420853321964
61.407155230858734
61.22858236385052
61.152135099016036
61.224441015307185
61.737458412901546
61.88243785931591
62.338953400766535
62.300610301266694
62.25912444699721
62.26425529772964
62.181726851201105
62.35671579998782
62.265049810536155
62.20287060201595
62.203810966022594
62.286318499434785
62.08159992597975
62.03290587397241
61.92834768467135
62.131110522056964
62.337023351676336
62.52604276436081
62.73331448145923
62.58158736581579
62.46059113501766
62.298061731741015
62.008774999663466
61.76294764993622
61.73287075008439
61.30529594416953
61.10674069516411
62.36909921351018
62.5804449941102
62.57177333767315
62.39104284346327
62.713303131694566
62.582912656066796
62.89570638836144
62.74253243186606
62.778087972268565
62.84901970718708
62.68897391071374
62.69815675748333
62.99283628037633
62.86358262040668
62.87707347731538
62.66239584255923
62.89750258789936
62.70552240327778
62.54042022563019
62.94446643200148
62.92058332570433
62.559867014041956
62.66695062867758
62.938326981642696
62.97770639559658
63.143394444950104
63.21151822369258
63.18989666639213
62.92710958202051
62.890394884311675
62.79813549405859
62.759627615327894
62.39814523210733
62.56700163914494
62.30781834304874
62.33827220267251
62.28709742024397
62.51659391250185
62.853438211014236
