48.64619409695637
50.348820926008784
51.78205596288841
53.08209208747318
53.159433207480674
52.79558503163178
52.88333449145064
51.53912394382032
52.08620248074507
52.53041054514316
52.498357156596434
52.80057532220216
52.947008595621405
53.7726180588184
52.92768219076006
53.963467032082086
54.39006877323906
54.65776958321429
54.623808797590414
54.40839732018722
54.67490617249738
54.97515194598271
55.489985136677795
55.47780115569891
56.44235045992585
56.68256947907755
55.56100518736985
56.57905898930108
56.43641248225294
56.21550071220351
57.14150062281365
56.32040558124352
56.10316157620378
56.54414523731985
57.0704382939661
56.55699831926113
55.614750513160146
56.477162290533585
56.46398813841701
55.900659169673965
55.730961260366364
55.80641426289045
56.553727050797434
56.65025480561193
56.47242088218055
55.706958550189206
56.860274625634474
56.674571863666614
56.47561491569332
56.38743390874537
55.54173943078542
56.57357877245095
56.862110646577804
57.09394490736101
58.17637468212503
57.53434126737257
56.324917368591485
56.386933400628685
56.03373332971083
56.404835162265435
55.285464788528095
54.81988661217318
55.00978012316985
55.077598233396394
55.79767060322607
55.83452905586145
56.86040275916005
55.81258773210438
55.243018552179244
55.98278998471337
55.373255027615706
56.57939622758366
55.33463117714661
56.96633096175058
56.3183045534101
56.42634088293702
57.24687401526366
56.48975401766116
56.7294318543526
55.82107233951908
56.78195152692914
57.18540999977945
56.48349665151739
56.52594762396897
55.25810673865187
56.75426536184687
56.554681811313635
56.89957851340001
56.443150675436726
56.127207563467856
56.85878522082206
57.15385622141556
57.13700636743312
57.18427523396416
56.58418769004212
56.18984511442787
56.215255803874534
55.95508987662938
55.9265256459946
56.26018991038938
56.785401417224385
56.19253518327207
56.59375157377403
57.078527993469876
56.859131662301394
56.67924663588859
56.31479782009837
56.29550717781085
56.512377050548245
55.97747820333887
56.54302146878981
55.9778229224936
56.81128064808082
56.58610378590351
56.692737800409
55.99198365531978
55.73711592847194
55.82750866418318
56.1072083378397
56.836001996823484
56.93705496685574
57.19292776787007
57.096709485261115
56.58748518403781
57.3611808676078
57.063771198616614
55.75937941908373
55.35741016073407
56.856622444219596
56.51290153873102
56.683470918386554
56.78913553200367
57.32715962010256
57.74466922981235
56.62913272186543
57.46607396390156
57.335155342764516
57.35527130780714
57.184473198507824
57.34760729030518
57.0950873354542
57.05960673675468
58.14970570096127
57.218744506563034
56.84299525500657
57.637456647517155
57.337844614378994
57.624879018971825
57.52602321704424
57.238163840371634
57.22503972039676
57.033350888728805
58.27247553429384
57.86807957329631
57.94610210327196
58.37133433985331
57.74696129286796
57.02988109267634
56.865071014098376
57.3085497405
56.839720508925694
56.37574206279728
56.189010725117875
55.70576620139856
56.86303461005768
56.93210150345099
57.820895142987936
57.71204946190013
56.3916082718685
56.11258320128184
55.68541134743734
56.949338121834735
57.138646140727936
56.96581367384269
56.87357059232003
56.462955881872865
56.83989079492593
57.14880701136635
56.077533851093484
56.84492473969483
56.522597615605605
57.37941812086092
56.24013015724714
56.137024681433005
56.68471416233961
56.44542099143844
56.12085146289255
56.95214107994947
56.86235370416547
57.00251689198439
58.02691313269534
57.34506328644685
56.68980217417683
57.99477432365652
59.173017596440786
57.53940317686601
56.53565392396981
57.54213652925202
58.017020436797445
57.99294396033856
58.71936399077452
59.623745765416956
58.55582308186588
57.888275614039735
59.04477837027352
59.14135961633477
59.4546516153645
59.07116365126952
58.733144256798845
58.83879467278895
59.31157587122253
59.182459479726035
59.54125451958423
59.1523191194117
59.154749440375994
58.89794445674534
58.97411835169544
59.51115960025624
60.045841862935596
59.020693032257206
59.69724111852386
57.80382826350373
57.649515587241176
57.098000123175744
57.20893926369861
58.11573424676812
57.957298339459655
58.017159754803025
56.85295785694928
56.95931392940613
57.77493365802247
57.52287313014291
57.8618038204748
58.18691053446658
57.77636045256336
58.32472992790388
58.290919974425464
57.33554193577099
58.20135046950229
58.36146147817428
58.13715996100964
58.38543637025795
58.07977643344939
58.1207206198184
58.650429940158354
58.24336576135804
59.09767347323282
58.517914187304655
57.71883716762034
57.959014555437776
58.0512293056782
57.855340932783065
57.917517455769364
57.01751279648929
56.95294185629133
58.03184358121535
58.379919082298606
58.16603759460143
57.690960855112884
57.601648578262605
56.96815969210616
57.65850623049013
57.917456138967324
58.18315898820844
59.36979757594279
59.188894796598454
59.642883677828976
59.65921094105891
59.25634720075268
59.49225268442967
58.39090940953887
57.94282626110301
58.49154272998074
59.00735595223956
59.58846082133695
59.72088914172661
60.07005223171552
60.5560916367131
59.80935530838053
60.09415219048004
60.08579247318422
59.8318618910499
59.58056161082264
59.36719302859891
59.6740151570672
59.46551378970882
59.97240190185168
59.67532166639668
59.500780998734385
59.15905412274075
60.05066860119832
59.84361045691319
58.96947923003668
59.38271513017328
59.676036360430864
60.44065228140868
60.5228608066301
60.73440821057538
59.60171880514677
59.882348153438805
60.65686581933523
60.54728937369121
59.42793169697068
58.62811652946636
59.550547836926924
59.60394560561087
60.42532300840041
60.98032796749879
60.16351267617038
60.221195137299446
60.0876194313381
60.460139996045285
60.13669976860297
59.809041782874445
60.08216468602677
59.988449544005135
60.02522550287304
60.82387880807448
60.13217259007414
60.663449745441916
60.141799758658145
60.27536237080881
60.651723104432264
60.158674984485394
60.74671542691174
60.59695973039369
60.020312322738086
60.14462482453646
60.073791960335186
60.167884548978726
59.71399178253407
59.71929100292414
59.508098045247934
60.76522660714212
59.838867460331585
60.178582959430805
60.068189071632105
60.26223579361113
59.801925800027306
61.13871148622657
59.48244211847473
59.261614504398636
59.607233809095334
59.72960894169334
59.16837629886564
58.30755022677873
58.53385928460805
59.957262492087224
60.070721271830976
59.12796895823702
59.74237464009044
58.97683296643265
59.615948841726556
58.788517489145164
59.14009222175639
60.08923897827351
58.93068329192326
59.89393996193433
60.36664087476662
59.39776020858982
60.43871781625057
60.27966782896842
59.84481562677613
59.86835601025769
60.25899032022009
61.303441360941356
60.97492715499017
60.8936121004482
60.66269637675024
61.4859861911822
61.44291488941312
61.47572521467939
61.17008936904058
61.36578083655373
60.98040253407026
60.60514801944609
60.86164525310625
60.52764236692678
61.8399278287602
61.52932866866888
60.869921263762066
61.138128318078806
61.57218089666298
60.85889272465592
60.97694982516114
61.848673110187676
61.746102976776235
62.446277720459044
61.65175335816884
60.70023831240243
60.8997805322657
61.572786148534085
61.528678221620275
61.11725373426391
61.91797630108975
61.83169525381212
61.417932238278716
61.064500456578024
61.14188748587385
61.561206555836975
62.08647770228758
61.52079370307551
61.15724722772673
61.97316292518819
62.22323314970711
61.99442194792039
61.92636735274206
61.68027018841118
62.19414514890186
61.87990260383858
62.75016277212679
61.787555195393
60.60948172434515
61.6323186779576
62.0510043597241
61.40492391053554
62.02117942885741
61.85513970838452
61.63138975590549
61.81704254852902
62.699230722187615
62.56910707135636
62.22935751474719
61.543979093119006
61.239312315850846
61.71933963395346
61.012209411036636
61.53198851129055
61.688469220541656
61.060067231581975
61.37885806200765
61.23442111563271
61.360021228751776
62.08215472979273
62.482941487531676
61.700328685805715
62.441679266952605
61.127390939050656
61.60330301229276
60.810740551874915
61.56815161402678
61.41030394210177
61.23262800108221
61.473846368628465
61.656467644321474
61.621004607672745
60.91257893310202
60.649268187079514
60.84228069798857
61.07306626484502
61.69193220220208
61.92603879902696
61.38654082348069
61.78011173064242
62.19126435528072
61.6344478582517
61.559156025778584
62.30512949794368
62.08814736340556
62.283276145349866
61.556083854666944
62.38720366161389
62.400072461867836
61.387693783713374
62.18058641391854
62.04771635345719
61.741356333902715
62.24289812025101
62.60097661832602
62.692031481137285
61.856419887429404
62.24946512863706
60.3933126955584
60.00529346603396
60.64596756697619
59.915368608167306
59.20749945843143
59.62792815708749
59.984933822576146
60.35565342370959
60.603577193732775
60.84990258320331
59.34100851066262
61.245134863237936
60.58926442643055
60.117719749554645
60.03416235805866
59.516479498167065
60.82031653104248
59.58936512852161
60.03778957085892
61.04717243146039
60.09759137573838
60.418834950834956
60.88957395205773
60.02579411714769
60.956905509785706
59.71258725442356
61.122060059697155
60.84298902516848
61.38262912268064
