111380.0
100710.0
99790.0
95685.0
105100.0
105100.0
100880.0
100880.0
103700.0
102000.0
93120.0
98300.0
99170.0
103360.0
103360.0
91700.0
92110.0
102330.0
102330.0
109740.0
110420.0
88490.0
101360.0
101360.0
93350.0
93350.0
102780.0
103640.0
95880.0
95880.0
105725.0
104680.0
84430.0
102130.0
92760.0
98400.0
90730.0
99750.0
99750.0
99550.0
94470.0
101720.0
101720.0
106480.0
117205.0
92150.0
103440.0
130160.0
130160.0
94350.0
104680.0
104680.0
97590.0
103510.0
99520.0
101190.0
96030.0
88525.0
102390.0
101250.0
107275.0
108385.0
84160.0
89370.0
87010.0
108010.0
86740.0
105135.0
96810.0
107720.0
120860.0
100440.0
97180.0
133600.0
88590.0
109260.0
89630.0
101590.0
97990.0
102390.0
96145.0
115320.0
72870.0
107060.0
72520.0
77040.0
101940.0
111910.0
111910.0
104010.0
107240.0
91990.0
106010.0
106010.0
97660.0
95080.0
111330.0
111330.0
100000.0
78830.0
114015.0
111960.0
92190.0
86760.0
93200.0
91100.0
110180.0
81540.0
102520.0
68270.0
88240.0
93520.0
103550.0
90660.0
94980.0
92220.0
88520.0
88520.0
99090.0
82060.0
103550.0
110320.0
72520.0
104100.0
86960.0
100210.0
103210.0
109110.0
91815.0
105770.0
104010.0
132250.0
110320.0
98410.0
95630.0
111330.0
82170.0
94070.0
100130.0
111330.0
103750.0
95840.0
102980.0
90910.0
102400.0
100730.0
100300.0
99900.0
86740.0
105770.0
92310.0
110120.0
102700.0
83720.0
103400.0
96670.0
114280.0
106480.0
88570.0
103400.0
111330.0
102390.0
89630.0
111530.0
111330.0
98330.0
122140.0
88320.0
119080.0
102520.0
102720.0
117380.0
98610.0
110270.0
118735.0
90730.0
123840.0
105970.0
109520.0
91840.0
88570.0
105770.0
100770.0
114320.0
103600.0
73590.0
91050.0
99015.0
103685.0
104410.0
96050.0
107750.0
110270.0
111330.0
111530.0
103600.0
95810.0
111530.0
122110.0
90120.0
83120.0
