40.4112024639988
41.78707159927114
45.38919635136928
47.8064009615066
49.20571024552242
47.36245601522419
47.40293049668367
49.61597018629766
48.8372699196065
50.23852891738191
50.98023561098368
51.339552371052285
51.42171655436682
51.80628198861199
51.82763017543266
49.924444888810555
51.522494720909684
50.89195120468724
49.51338940984987
51.798874541199915
50.4811095847273
50.29460166218904
50.99884965965449
50.7926379348353
53.20225189697008
52.8922593740671
54.40023766898334
54.089705262292384
54.43567395306333
56.34416651390904
55.872743051767095
55.6716217184926
56.604330034382244
56.585334288325804
56.069697245943885
54.26539602821361
53.79566444583262
55.30936382314015
55.6366827401041
56.32615751791578
54.97031198835688
53.81673847464346
55.89498473905754
54.014582989493015
53.920781095154574
56.17725108038676
56.62168262261009
54.595791871141046
57.30432354311537
58.15504837436965
57.214950956591515
58.22518661318212
59.14291331347647
60.14505503557593
60.174292978642825
59.6959189272393
59.69591892723932
59.69591892723932
59.43787567907567
59.43787567907569
59.308937501182946
59.308937501182946
56.6486157878711
55.99224115802583
55.93431899734578
56.63830540672506
55.30815120680397
55.37461446052283
56.11904223159864
56.392303393898466
57.01857783271967
56.49980754126537
56.606296618011804
56.95751171194058
57.37291435330265
56.91703026853472
56.80291924073083
57.03743161685313
56.88358546300697
57.211600741353756
56.750979012085295
56.33642242084957
56.11852676854373
56.119767056498816
55.424420628821004
55.424420628820975
54.07386000981722
54.96555010522821
52.70180863365227
54.06769831048691
55.007263218305894
54.2811035845979
55.23601239090977
55.36064175154422
54.386421029850595
55.85033937069573
55.77285318815455
56.13257345990826
56.727131568650265
57.008620513980844
56.99856586347826
57.23099283920893
56.9074489617026
57.555088759204956
58.72156422780669
58.72156422780669
58.102242383695284
58.765674868087835
58.57539628167794
58.96052421139106
58.96052421139105
57.944530731137085
58.967115950729145
58.45276521647085
58.13290636271969
58.1957518657974
58.48728010883794
59.05608382745557
59.05608382745559
58.155123083548844
58.15512308354885
58.02067422671472
58.30481533731217
58.45222130610492
58.95219164146605
59.6212360947649
59.621236094764896
59.621236094764896
59.128558680625936
59.12855868062596
59.0156411562859
59.01564115628591
59.01564115628591
59.1703264209497
58.787839929346354
58.94691198376725
59.527002194970024
59.448952170362524
59.85066858168049
59.605804757114285
59.60580475711431
59.605804757114306
59.61896601654378
59.79604689474188
59.809823845902606
59.809823845902606
59.83083369642267
59.83083369642267
59.830833696422665
59.43576454282002
59.43576454282003
59.435764542820024
59.28054907515311
59.280549075153125
59.63885595014071
59.63885595014071
59.51443507903627
59.435888877621274
59.4358888776213
59.435888877621274
60.440517678227586
60.440517678227614
60.44051767822762
60.44051767822761
60.597224137635386
60.78057819434934
60.4936079450423
60.189608337276034
60.18960833727606
60.18960833727605
60.18960833727602
60.18960833727606
60.3610284268492
60.361028426849224
60.40048025409173
60.460778375497775
60.479511020003784
60.47951102000381
60.47951102000381
60.069501412489075
60.06354627837802
60.06354627837807
60.689851474564215
60.93719477803582
60.937194778035824
61.131765789859244
61.57069597105754
61.61610466316877
61.692466523938926
61.8462561951472
61.84625619514721
61.928941914983824
61.177546777969674
61.08023945521355
61.397571350215344
61.49501043281195
61.49501043281197
61.495010432811945
61.49501043281199
61.504384610312435
61.50438461031248
