38.695639510689844
40.33793954153477
41.97499375157925
46.661824414214905
48.38733743846272
47.175089399100656
46.56680800184031
48.193463174757795
47.8935156034394
47.581583404581046
49.3674405958988
50.12268197584465
50.239180803503125
50.2496305590658
50.52491220311982
50.213759916023676
48.93800321946322
49.2521043118861
48.269235929060876
49.77455496164073
50.287158677354505
48.25721851444523
49.34178730737539
48.61648415872718
50.77045053115595
50.85950653716354
52.1982143714623
51.91624670034321
52.697141329971004
52.722526923729184
54.03929566552549
52.215601059981694
54.11053648880529
55.89429876375343
52.87705573903447
52.57687872603353
52.52936854419284
51.8583075605175
53.89880608983683
54.152776831729334
52.76377335115526
52.61066718732741
53.9545679176485
52.556828162603445
52.63729346290869
52.21825542767047
54.38434567597099
53.48404733441999
52.25530415430895
54.65047238600244
54.310822877270425
54.66959541345364
55.00489668688871
55.72443673146854
56.187693874787165
54.29223363683442
54.03270065170127
54.282480918039795
55.34810733373628
53.94761366370044
55.07865926111005
55.599889593154366
56.42065046804618
52.4602023670762
52.79846986302893
53.04196273458067
54.2352804871555
51.702425633881724
52.245291627322715
53.52208454507287
54.08170578793043
52.313306961814305
52.24502170751359
52.705790552727564
53.27650252687923
53.95326430956076
53.66166957930138
54.069288982407585
52.79672801255765
54.110585545544254
54.422560205429924
53.84912141576053
51.73974388670548
52.78317228099515
55.00976441749537
52.80066143298662
52.92662426539085
53.37559921102466
51.483620356316685
51.356473790790666
53.342374218197214
51.52988100170402
52.6668913853601
52.807754339446284
51.89083555394744
50.751868147024766
52.8060763530514
53.21976974187867
52.26303383940035
53.19463471623066
54.07660369122263
53.8362403723157
52.9470115316653
54.16394621238484
54.57548620265287
53.15258468774872
54.125735103151214
54.648026106453884
55.03590832819489
54.552728511269585
54.807655802886835
55.39780492898274
55.6259048336626
54.07183453449168
55.317309728934305
53.488425060456066
54.93191252537451
55.98564402510604
55.81672151279117
55.40556584523146
55.172034865119755
55.686910849198554
54.78203703185895
55.00253969715675
55.25683322585137
55.41966066609545
56.082680596193505
55.25444978433732
55.63169153309469
55.94953978016908
56.120933274394794
55.35587684274501
55.0629648601192
54.14443036958353
54.00249829113867
56.203002450225455
54.656417142481324
56.2171565558389
55.401106906848696
54.995419867006966
55.09331894837773
56.9092631201125
57.18016800292513
54.76704433669733
55.49345876354744
55.68991303111304
55.964237936546006
56.26878998041442
56.06140554869248
56.2242015499809
54.7946526110854
54.814213205501595
55.070221933046845
54.78430126756034
55.42218569455439
55.3391966313786
56.35044131706654
55.23339345224572
56.03147394911943
56.421857758468484
55.93859215772985
55.04142147813896
55.51790958861133
56.10668661377262
57.34473369940989
56.23958028794909
56.961776899278085
55.60909984739667
54.71537580443615
56.229314416920474
56.909280480148
55.51536104566673
55.67287662866663
55.97494711308464
55.914582976708296
55.261828539424414
56.11369802162445
55.25520407347237
54.635813220895706
56.90597744644048
55.73249421284836
55.21747964905428
57.10493052645885
56.18113659667101
55.618646655699216
56.262825255140996
55.28185025541352
57.12395293720451
55.82129859185597
58.79767201881527
55.45822885230757
55.93160230140898
55.13920768611452
56.92731431857574
54.808277875667
58.32912773376583
55.68086974362581
57.82937604276299
54.55141205896385
58.66374841278476
54.26308875607707
