36.60328160773341
36.60328160773341
39.841862133153455
38.537369361936186
38.537369361936186
37.3572778217406
37.3572778217406
42.19234253564106
41.967612915813085
40.802562951193394
40.802562951193394
40.700956711186905
40.700956711186905
41.121187139324
41.28034682080924
44.133210746756575
43.17233154442458
43.17233154442458
44.58687517687382
44.57415357200713
43.16229466979551
43.06189053161372
41.139169050127954
41.139169050127954
41.33781362007169
44.79183824740571
42.38527915880908
42.38527915880908
42.59396707583975
44.049174971409904
43.367432500419255
41.863905325443795
41.863905325443795
44.257173128067635
41.83260734287492
41.83260734287492
43.039042574063174
43.97278029812054
43.97278029812054
44.57002504149597
44.813593203398305
43.34387220234629
43.34387220234629
41.85300569616753
40.77060363649542
40.77060363649542
43.030753489449616
42.09070796460177
40.694507063420495
40.694507063420495
40.35927601809955
40.35927601809955
45.39489311163896
42.82274802822747
42.82274802822747
44.34765146878825
42.45812741572602
42.45812741572602
43.33046636085626
43.00058207217695
43.00058207217695
43.54201975941466
44.194300780853865
41.44818308968294
43.87792397660819
43.822124219037114
43.822124219037114
44.38016206950289
44.1583307283526
44.1583307283526
44.666068152543026
44.22952744349869
42.568171980955135
42.568171980955135
42.78703862824846
46.67862578821483
44.18198000104706
44.18198000104706
44.91375141060777
44.488205694388405
44.30564438759195
43.67525364843325
43.67525364843325
41.856229214632904
41.856229214632904
44.02450960401289
44.02450960401289
42.82031151560971
42.82031151560971
42.24920261239368
42.24920261239368
43.52392399267399
45.566017316017316
43.13682931064421
44.689759036144586
42.28878214184798
42.28878214184798
42.73443516379362
42.73443516379362
45.21083133493205
45.21083133493205
41.86440677966101
42.15459256808909
43.06423753906893
44.850002245475366
42.267740429505125
45.88277820810742
44.0322756515102
44.793628374136844
43.58097165991902
43.58097165991902
45.58887440243372
44.004830077020145
43.789297191560706
42.90238602820597
44.77164703451127
44.444788569540805
44.444788569540805
43.443702290076345
43.3334681332902
43.46699617346939
43.555985022345695
44.953538241601144
42.85437408193243
42.85437408193243
44.652939222849554
44.16575215262536
45.59346567411084
42.91866028708134
40.90664639121728
40.90664639121728
43.89142556974301
40.255325577881855
40.255325577881855
46.70012718023255
46.64591619113493
42.212461235949554
42.212461235949554
42.299403183023884
42.67616191904048
42.67616191904048
44.65102507555338
44.65102507555338
46.061095846128985
41.19209964955051
41.19209964955051
46.47312705331644
41.39534437797209
41.39534437797209
41.48168270723379
41.48168270723379
42.56029986962191
44.95896155345534
45.13449367088609
45.403117666778414
42.0281212437454
42.0281212437454
43.060966511936336
43.0098969492909
44.67801134467801
44.67801134467801
44.946764265513224
44.946764265513224
43.18172964550058
43.18172964550058
42.75127836369447
39.10074835641349
39.10074835641349
41.24656370270406
42.74329601908898
43.21505287508262
43.63113280246597
43.63113280246597
43.665653495440736
43.665653495440736
44.18462478985175
43.930385359561434
43.07621690417075
43.07621690417075
44.27419354838709
44.42299301919721
41.06761945392491
41.06761945392491
43.47400611620795
43.47400611620795
44.038803317535546
40.41196210393608
40.41196210393608
41.31632963357153
39.64079063093089
39.64079063093089
44.24769200549989
44.24769200549989
41.77133655394525
41.77133655394525
41.82147843623953
44.27359885929536
45.40455785381361
43.894964684438364
43.894964684438364
43.67883663366337
43.67883663366337
44.536132382712786
46.64594260475053
46.64594260475053
42.22637785050128
42.22637785050128
46.20582565859927
42.32449205470789
41.9691015564802
42.50796495420151
42.50796495420151
44.139499620924944
42.57347670250896
42.57347670250896
46.96878263896948
43.254263995059944
43.254263995059944
47.830456240648516
44.053990909477086
44.053990909477086
47.517188693659264
45.4102766798419
45.18252795948512
39.97141640819802
39.97141640819802
43.03869573757613
43.03869573757613
45.95925582961529
47.335099402129
47.5773110633372
43.16237967492504
43.16237967492504
45.11640049488655
44.00000000000001
42.59691350444144
42.59691350444144
45.19773378717306
44.336957092589685
41.472146504395894
41.472146504395894
43.19963752413223
46.74203014539149
46.92344574077033
44.15083135391923
44.15083135391923
44.097373611543645
43.11508223107241
43.00700342720906
43.00700342720906
40.48357791754018
40.48357791754018
43.873430214407286
45.04315925766077
45.04315925766077
44.18677973472494
44.18677973472494
46.175644254989336
45.42606516290727
42.339077044959396
42.339077044959396
45.958777088963075
41.35069225928257
41.200414446417994
41.200414446417994
44.24171842650104
44.73037332923644
45.300065231572084
40.548712746944894
42.85264739321099
45.73593874370789
42.378405151064875
42.378405151064875
42.5135975135975
42.5135975135975
45.37958929682638
43.26806062617546
43.26806062617546
46.257230350459345
44.3310502283105
41.1392654476671
41.1392654476671
43.63985270473524
43.63985270473524
44.184134812988084
42.392174299688755
42.392174299688755
44.33397477015181
42.516197557089754
41.454210863676785
41.454210863676785
44.47586726998491
45.32824933687003
45.14539339237057
45.14539339237057
45.91721694314705
46.85353889278206
41.76448858972254
38.8605810928014
38.8605810928014
40.892446319018404
41.551851305502296
43.520325203252035
43.18980897035962
43.18980897035962
44.370932861981444
45.938974865547145
43.03332829123179
42.225835057641135
42.24403927068724
40.85109810990162
40.85109810990162
44.193984739923486
43.62233367054823
43.62233367054823
45.13024986709197
45.13024986709197
45.55422473867595
43.00310249731883
43.66937835460179
45.40304305600518
37.43251661129569
37.43251661129569
43.47806267806266
43.47806267806266
43.52791474471132
43.52791474471132
45.321489344461554
43.63879003558719
43.63879003558719
45.09926629261976
46.80212814127236
45.106262075235826
45.106262075235826
45.04546373004648
44.88825336299121
44.88825336299121
45.26736192903184
45.26736192903184
47.012050785452985
43.766931888478844
45.59803921568627
44.38055203045685
42.76090036203368
42.76090036203368
45.89780496581505
45.05511635675315
45.89527102887681
45.73460234110053
45.73460234110053
43.314671321525886
43.314671321525886
44.22645173034526
47.720361130909964
44.4076893052303
44.4076893052303
46.104391413315895
46.104391413315895
46.2187425448394
46.2187425448394
46.28211597955109
46.28211597955109
39.131269191402254
39.131269191402254
44.66583323191982
43.95902662229618
43.95902662229618
45.13773423808026
45.13773423808026
44.99133802099256
44.99133802099256
45.140477715749974
44.06009449487711
44.607260578065784
42.854942007614945
45.679477124183
45.91322751322751
41.64591453731774
41.64591453731774
43.15016218278955
43.15016218278955
44.672489082969435
43.98466833541928
43.98466833541928
44.86902339776195
41.897359242650715
41.897359242650715
45.30827702702704
38.43887665198238
38.43887665198238
41.765216338391994
44.179971274536335
41.75969447708577
41.75969447708577
47.93267551519385
45.15176163363158
45.15176163363158
45.58259947814742
47.423818390625165
44.162467490247074
44.162467490247074
44.30953129915067
44.02870962708691
44.02870962708691
41.59152712179762
41.59152712179762
44.79732951835956
44.99999999999999
44.3115400299035
44.29582159523452
44.29582159523452
43.85641781270465
46.07763763422533
48.733800974913805
49.08102229472539
45.4470236206193
42.367323806825084
43.48706984320911
45.17988753616859
44.88000343768129
43.48436081538335
43.48436081538335
43.16454352441614
45.041470191983834
45.041470191983834
49.350304623707565
45.81775497782802
44.047694085513186
46.82069301272146
44.781844334345536
43.70286736824166
43.70286736824166
42.15394165114835
42.15394165114835
43.21162033558728
45.444931258498265
45.436458333333334
45.436458333333334
46.69978392105322
45.89864243604305
45.89864243604305
46.67387346381429
44.34357834710051
43.77044122184511
43.77044122184511
45.56193084262459
45.56193084262459
45.998914223669914
45.547187950648926
43.924033821771665
43.924033821771665
45.07570667025042
45.07570667025042
46.13669467787115
46.79061976549414
46.25975270338093
45.66628977548053
45.66628977548053
41.06281574683062
41.46221687712968
44.679802955665025
44.679802955665025
46.96987623938095
46.88442768411712
46.88442768411712
45.81508848750228
45.81508848750228
43.8114533722538
43.8114533722538
46.4274667491494
45.62533376054684
43.78014642549526
44.08114848835086
44.08114848835086
41.851165254237294
45.509617359162156
40.92006274008886
40.92006274008886
42.39201733288279
44.99776019113035
45.296902284174294
45.69159566635112
46.174568965517246
45.23937430873755
43.779021432771664
40.20993494973389
42.012305243503015
42.012305243503015
45.520919236901435
43.32717380145776
43.32717380145776
44.61343209054594
48.03007023705004
46.93117102687311
46.668816857496104
46.30608561113976
43.47858197932054
44.92677134186568
45.77441302027747
47.11064862989941
43.672403196066384
