838367.8928571428
804877.4583333334
751459.5
739050.125
720430.3333333334
698313.2916666666
669028.75
644151.5416666666
621561.0
606918.4583333334
626150.0
628426.25
620231.75
616727.8333333334
606391.0416666666
595836.2083333334
589366.25
592868.75
591505.4583333334
600975.375
594960.125
594696.4166666666
607225.25
599102.875
592427.4583333334
586715.9583333334
613396.2083333334
620486.9583333334
609357.2083333334
601182.875
607009.5
597036.625
570473.0
587520.375
629818.875
642515.3333333334
619141.4166666666
590970.4166666666
585110.0416666666
577788.2083333334
562118.9166666666
547664.2916666666
529482.125
516067.25
526432.3333333334
552454.375
541200.2083333334
515065.0833333333
514234.9583333333
536876.7083333334
533910.3333333334
496450.5
506593.375
503107.7083333333
506698.4583333333
516783.875
511395.3333333333
528800.4583333334
528738.2083333334
515331.1666666667
501290.5833333333
506676.0416666667
509794.5416666667
508034.4583333333
510695.2916666667
522918.7083333333
529462.1666666666
546476.9166666666
525475.8333333334
502828.5416666667
502596.75
528010.5833333334
559459.7916666666
556394.9166666666
526775.375
521817.9583333333
527498.25
536221.9583333334
527137.0833333334
515873.8333333333
510469.5833333333
513465.4583333333
523751.125
534096.5
540019.1666666666
528623.9166666666
531475.875
530725.875
516418.625
512178.5416666667
507688.0416666667
523157.6666666667
537971.75
511808.9583333333
489522.9166666667
492823.9583333333
498227.25
499217.4166666667
500863.4166666667
497557.0833333333
475221.0833333333
485531.5416666667
502045.8333333333
506382.7916666667
489263.1666666667
513250.6666666667
518362.7083333333
488774.5416666667
467179.1666666667
485868.75
509118.9166666667
514506.375
490172.7083333333
481962.0833333333
498065.9166666667
501443.2916666667
497953.6666666667
489075.875
498590.625
506093.5416666667
496328.7083333333
490676.7083333333
496960.5
505531.6666666667
500532.625
499301.0
502160.4166666667
490097.2916666667
501136.7083333333
523424.9166666667
527059.5833333334
522720.125
509050.0833333333
500204.9166666667
502583.3333333333
493512.25
523974.0416666667
558749.1666666666
550767.3333333334
533427.375
525394.75
536879.375
530996.0
515894.0833333333
513691.0416666667
502615.9583333333
531428.75
543981.375
550783.2916666666
541077.2083333334
541075.4166666666
545440.625
526145.4166666666
529556.4583333334
505024.625
509896.4166666667
498228.0
486712.9583333333
495685.4583333333
493513.5
497617.0416666667
491612.75
473740.6666666667
456210.0
475974.0833333333
505771.6666666667
494592.4583333333
518870.125
538294.9583333334
505030.0
483949.375
484830.8333333333
505265.0833333333
524732.9583333334
501640.0
476204.6666666667
486839.6666666667
486741.2916666667
483701.0416666667
478768.0833333333
481346.7916666667
474835.7916666667
480023.4166666667
484518.4166666667
466511.2916666667
463241.75
468468.2083333333
474814.5416666667
475295.0416666667
495197.5416666667
478598.6666666667
492580.0
473228.25
483429.5833333333
508208.375
483220.625
473451.9583333333
490185.5833333333
499202.7916666667
506163.5
513473.25
504632.8333333333
503198.6666666667
511503.7916666667
489763.9166666667
487450.5416666667
485792.7916666667
492325.0416666667
522209.0416666667
510822.6666666667
482544.3333333333
488900.5833333333
493203.5416666667
493863.5416666667
489452.0833333333
492578.0833333333
503776.625
494469.0416666667
488183.0416666667
474103.4583333333
480010.5
484315.75
491791.5
506375.2083333333
498907.25
486912.5833333333
495533.6666666667
475293.4583333333
478315.7083333333
477668.0833333333
478099.2083333333
502778.7083333333
507400.5
520292.4166666667
537180.25
516221.3333333333
504721.7916666667
506100.7916666667
510199.2083333333
517832.5833333333
530929.2916666666
518375.2916666667
492792.6666666667
462762.9166666667
478187.375
478391.125
470118.375
486480.875
492040.5
493861.9166666667
495261.9583333333
494257.875
495044.5416666667
487326.0416666667
489220.0833333333
485812.8333333333
480053.875
475873.9583333333
473010.5
478903.5833333333
469574.375
460775.0
462585.75
492981.6666666667
490053.7916666667
480985.625
479367.2916666667
478856.625
500426.8333333333
504349.9583333333
509406.5416666667
489309.5
477363.4166666667
473148.125
472324.75
477254.75
483994.9166666667
474354.7083333333
471137.4583333333
484030.8333333333
488828.8333333333
478290.1666666667
477746.5416666667
490191.9166666667
516667.3333333333
499151.2916666667
481923.7083333333
489479.2916666667
504866.375
513478.75
517469.75
517231.7083333333
492429.0
478369.125
492906.0416666667
487004.7083333333
463303.0
492524.9583333333
524229.2916666667
532032.875
521635.4166666667
521411.375
528859.5833333334
518104.2916666667
484120.7916666667
489945.375
509644.5416666667
529418.1666666666
512001.7916666667
486721.2083333333
509573.6666666667
536597.9166666666
550568.125
546429.3333333334
526939.625
508468.4166666667
489390.625
473561.9166666667
477885.6666666667
478992.375
474359.4166666667
489551.75
522571.2916666667
520470.9583333333
509190.4166666667
503592.9166666667
511119.9583333333
494117.125
475237.0
496942.375
502588.0416666667
500537.4166666667
506143.0833333333
484031.3333333333
466570.0833333333
475456.4166666667
477171.375
480533.6666666667
472915.8333333333
475659.2916666667
476817.5833333333
470171.5416666667
476601.75
477177.2083333333
460022.1666666667
488081.0416666667
501458.875
483959.8333333333
473346.875
474037.375
477972.8333333333
476492.9166666667
477213.5
464525.6666666667
478191.5416666667
471806.25
482992.0833333333
478602.125
475956.2083333333
478591.5
494458.5416666667
482618.875
476561.625
477237.125
468354.0416666667
479460.0833333333
497927.2916666667
492171.2083333333
492840.5416666667
502980.7916666667
496779.3333333333
471652.3333333333
482840.1666666667
488602.375
500153.2916666667
515078.625
490517.875
474950.0416666667
492327.2083333333
479127.75
462838.375
468382.7916666667
474299.25
484694.7916666667
492007.625
497064.4583333333
486169.2083333333
490151.2916666667
490982.2083333333
476136.75
468894.7083333333
489803.5833333333
488716.375
475664.5416666667
493039.0416666667
495771.875
477213.8333333333
473247.2083333333
480518.5
503013.7916666667
508282.9583333333
505929.875
509406.5416666667
508892.0416666667
516544.375
522325.375
508976.0833333333
490337.1666666667
501871.9583333333
511081.9166666667
505985.5416666667
502017.2916666667
486036.625
471735.1666666667
493738.625
519462.6666666667
512291.3333333333
493759.4583333333
495500.5
513290.7916666667
535902.125
528728.0833333334
495730.2916666667
479415.3333333333
502589.9166666667
465618.5833333333
461743.7916666667
478075.2083333333
494860.4583333333
480972.875
486745.375
485677.3333333333
503938.2083333333
521794.625
523653.2916666667
519437.625
497481.5833333333
496644.8333333333
508825.5833333333
513781.4166666667
514654.625
499784.625
500092.5416666667
499514.0833333333
506654.5
517042.4583333333
509556.7916666667
514238.9166666667
523429.0
519875.0833333333
523406.25
523887.2916666667
523852.75
520278.2916666667
526534.7916666666
521819.5833333333
507274.4166666667
509033.3333333333
514696.2916666667
506158.25
511477.1666666667
525396.2083333334
542062.3333333334
530337.7916666666
541217.4166666666
537095.5
536378.125
532033.3333333334
515425.3333333333
522225.25
525367.2083333334
525828.7083333334
516813.0
522161.75
514077.375
497433.9166666667
507044.1666666667
508859.4166666667
493119.7083333333
511425.25
525602.1666666666
504220.25
492069.4166666667
488440.9583333333
496688.25
520860.3333333333
521719.5833333333
513765.7083333333
501879.7083333333
500089.6666666667
508214.8333333333
492602.3333333333
484583.375
492280.2083333333
510388.4583333333
531910.1666666666
544124.875
526451.6666666666
511089.0
505530.25
502093.875
