1166570.0
1105430.0
979895.0
991150.0
930965.0
1028250.0
1028250.0
1000945.0
953515.0
953515.0
967130.0
967130.0
917965.0
917965.0
902695.0
917675.0
932065.0
1063955.0
1063955.0
915225.0
915225.0
883030.0
1098365.0
1098365.0
972195.0
972195.0
1008120.0
1008120.0
901420.0
901420.0
945595.0
961365.0
961365.0
891510.0
1010635.0
1010635.0
967675.0
967675.0
904980.0
904980.0
853180.0
826495.0
848775.0
848775.0
799460.0
837335.0
867750.0
938025.0
938025.0
858025.0
912775.0
912775.0
793030.0
890125.0
890125.0
888830.0
891570.0
978740.0
978740.0
779440.0
915550.0
915550.0
887730.0
886120.0
994405.0
994405.0
886370.0
852680.0
878365.0
878365.0
900970.0
997885.0
997885.0
937055.0
994395.0
994395.0
905725.0
874585.0
874585.0
808875.0
798280.0
823150.0
833135.0
912175.0
912175.0
858550.0
916505.0
916505.0
984875.0
984875.0
806460.0
868345.0
868345.0
869905.0
843245.0
879530.0
981755.0
981755.0
929355.0
823935.0
823935.0
801255.0
905130.0
905130.0
871760.0
921445.0
921445.0
842300.0
842300.0
860595.0
839445.0
839445.0
906805.0
906805.0
944755.0
944755.0
995520.0
995520.0
814035.0
972240.0
972240.0
774815.0
836825.0
849925.0
859705.0
859705.0
879080.0
879080.0
849550.0
849550.0
846225.0
887480.0
938125.0
962575.0
962575.0
800975.0
896105.0
896105.0
877685.0
910620.0
910620.0
931740.0
931740.0
779370.0
790175.0
790175.0
895640.0
970630.0
1001400.0
1001400.0
889035.0
889035.0
858415.0
931270.0
932105.0
976330.0
976330.0
984675.0
984675.0
830765.0
857725.0
834700.0
795200.0
795200.0
888035.0
888035.0
984355.0
984355.0
928115.0
984340.0
984340.0
883790.0
911895.0
911895.0
935955.0
935955.0
928965.0
986060.0
1106220.0
1106220.0
974055.0
974055.0
845250.0
877455.0
877455.0
805010.0
749815.0
831125.0
845705.0
938875.0
938875.0
1028320.0
1028320.0
988775.0
988775.0
1060960.0
1060960.0
873710.0
873710.0
895855.0
941150.0
941150.0
967405.0
967405.0
828705.0
869980.0
869980.0
830695.0
973515.0
973515.0
973175.0
1001860.0
1001860.0
1077340.0
1077340.0
901195.0
918975.0
918975.0
853190.0
898400.0
898400.0
895855.0
895855.0
843220.0
952200.0
952200.0
1015800.0
1015800.0
876325.0
876325.0
892540.0
892540.0
835765.0
906200.0
911320.0
955090.0
955090.0
907405.0
850905.0
857040.0
949595.0
822490.0
862530.0
983565.0
983565.0
927010.0
900625.0
909800.0
1082510.0
1082510.0
914970.0
914970.0
931875.0
964340.0
964340.0
861590.0
861590.0
957640.0
832990.0
872295.0
872295.0
871130.0
813980.0
866500.0
953060.0
953060.0
824195.0
811245.0
1023960.0
883775.0
883775.0
1019745.0
1019745.0
810815.0
958705.0
910340.0
900935.0
857025.0
868780.0
923270.0
909200.0
909200.0
934075.0
934075.0
1025145.0
1025145.0
952105.0
952105.0
952305.0
929520.0
1071360.0
1071360.0
905150.0
905150.0
858270.0
858270.0
892525.0
946250.0
946250.0
896535.0
862640.0
870375.0
870375.0
980325.0
980325.0
877300.0
877300.0
858450.0
1011080.0
826200.0
1087975.0
1087975.0
1028865.0
953385.0
953385.0
870515.0
904955.0
938590.0
757105.0
848060.0
888420.0
971175.0
971175.0
842195.0
917615.0
917615.0
866330.0
797565.0
797565.0
995310.0
995310.0
885740.0
1033560.0
852605.0
807415.0
985325.0
1033670.0
992630.0
861020.0
857630.0
988795.0
906890.0
871105.0
892485.0
892485.0
889670.0
864940.0
918180.0
918180.0
885520.0
885520.0
969325.0
969325.0
842805.0
848010.0
840815.0
840815.0
885120.0
885120.0
901450.0
997670.0
997670.0
1033935.0
1033935.0
892135.0
872220.0
960975.0
960975.0
873150.0
887505.0
898035.0
803330.0
875525.0
840785.0
871485.0
908065.0
908065.0
776490.0
776490.0
908780.0
829055.0
853575.0
860925.0
908530.0
893610.0
967285.0
967285.0
847190.0
1013480.0
1013480.0
836815.0
954755.0
954755.0
939995.0
800785.0
857830.0
922960.0
1106975.0
1106975.0
871060.0
769135.0
843500.0
963150.0
989415.0
989415.0
878970.0
917245.0
1043895.0
1043895.0
998115.0
876185.0
888570.0
888570.0
846085.0
942555.0
942555.0
880955.0
867040.0
954965.0
974990.0
974990.0
933865.0
809460.0
954220.0
1027625.0
1027625.0
1052025.0
1052025.0
947875.0
947875.0
896285.0
796050.0
950090.0
950090.0
930300.0
930300.0
914430.0
866260.0
876220.0
928625.0
976395.0
976395.0
1070000.0
1070000.0
1039950.0
1039950.0
924670.0
883000.0
878305.0
850665.0
1062350.0
1062350.0
962400.0
962400.0
959995.0
910305.0
914235.0
956560.0
956560.0
898760.0
869245.0
901420.0
921740.0
902050.0
1042095.0
1042095.0
891985.0
891985.0
881910.0
963740.0
982835.0
890405.0
938585.0
938585.0
932720.0
856680.0
940890.0
898990.0
881545.0
1139400.0
1139400.0
928640.0
871005.0
877165.0
877165.0
1031565.0
902700.0
885820.0
836715.0
893015.0
893015.0
1019490.0
1019490.0
1008775.0
1008775.0
913985.0
913985.0
975285.0
975285.0
994515.0
994515.0
