1105430.0
968455.0
979895.0
930965.0
900420.0
1028250.0
1000945.0
905570.0
953515.0
889350.0
967130.0
889355.0
917965.0
802250.0
902695.0
917675.0
932065.0
1063955.0
867700.0
915225.0
776035.0
883030.0
1098365.0
836900.0
972195.0
815525.0
1008120.0
873085.0
901420.0
820395.0
945595.0
961365.0
854620.0
891510.0
1010635.0
925705.0
967675.0
880460.0
904980.0
853180.0
815510.0
826495.0
848775.0
787005.0
799460.0
837335.0
867750.0
938025.0
858025.0
818710.0
912775.0
744340.0
793030.0
890125.0
841910.0
888830.0
891570.0
978740.0
779440.0
743925.0
915550.0
887730.0
886120.0
735905.0
994405.0
766480.0
818420.0
852680.0
878365.0
745535.0
900970.0
997885.0
937055.0
867610.0
994395.0
905725.0
863575.0
874585.0
808875.0
798205.0
798280.0
823150.0
737445.0
912175.0
796170.0
858550.0
916505.0
808335.0
984875.0
756620.0
806460.0
868345.0
854880.0
808745.0
693855.0
879530.0
981755.0
929355.0
759310.0
823935.0
801255.0
742010.0
905130.0
868130.0
871760.0
921445.0
770025.0
842300.0
736470.0
718945.0
839445.0
783680.0
906805.0
805540.0
944755.0
797025.0
995520.0
790880.0
787235.0
972240.0
774815.0
773830.0
836825.0
848355.0
859705.0
743190.0
879080.0
822555.0
849550.0
830525.0
846225.0
887480.0
938125.0
962575.0
800975.0
680665.0
896105.0
877685.0
793975.0
910620.0
853215.0
931740.0
739480.0
779370.0
790175.0
754435.0
895640.0
970630.0
1001400.0
849320.0
889035.0
813410.0
858415.0
931270.0
932105.0
976330.0
911870.0
984675.0
830765.0
778335.0
834700.0
793510.0
795200.0
756850.0
888035.0
832345.0
984355.0
928115.0
899975.0
984340.0
883790.0
736460.0
911895.0
832125.0
935955.0
844015.0
782585.0
986060.0
1106220.0
924670.0
974055.0
845250.0
812520.0
877455.0
805010.0
749815.0
715465.0
831125.0
845705.0
938875.0
763485.0
1028320.0
830985.0
988775.0
917345.0
1060960.0
826085.0
873710.0
779320.0
895855.0
941150.0
817115.0
967405.0
791235.0
828705.0
869980.0
757920.0
803775.0
973515.0
782440.0
973175.0
1001860.0
943380.0
1077340.0
729445.0
901195.0
918975.0
853190.0
821375.0
898400.0
860645.0
895855.0
792705.0
843220.0
952200.0
948950.0
1015800.0
845910.0
876325.0
781255.0
892540.0
835765.0
678175.0
906200.0
867765.0
955090.0
907405.0
850905.0
845440.0
857040.0
772135.0
822490.0
835820.0
983565.0
927010.0
829235.0
848100.0
909800.0
1082510.0
807755.0
914970.0
908885.0
931875.0
964340.0
856990.0
861590.0
837045.0
752860.0
832990.0
872295.0
797880.0
723575.0
813980.0
866500.0
953060.0
824195.0
811245.0
803180.0
866385.0
883775.0
861450.0
1019745.0
810815.0
807985.0
729330.0
900935.0
857025.0
744450.0
800215.0
795900.0
909200.0
698790.0
934075.0
878725.0
1025145.0
895710.0
952105.0
883305.0
905270.0
929520.0
1071360.0
797070.0
905150.0
800590.0
858270.0
834050.0
892525.0
946250.0
896535.0
862640.0
818595.0
870375.0
832965.0
980325.0
758870.0
877300.0
782050.0
858450.0
826200.0
784225.0
1087975.0
1028865.0
917365.0
953385.0
870515.0
861375.0
881610.0
745070.0
751570.0
848060.0
888420.0
971175.0
785140.0
842195.0
917615.0
866330.0
731175.0
797565.0
699715.0
995310.0
782245.0
885740.0
852605.0
728445.0
807415.0
985325.0
992630.0
861020.0
774965.0
848375.0
906890.0
812315.0
871105.0
892485.0
889670.0
862435.0
806995.0
918180.0
838835.0
885520.0
774925.0
969325.0
842805.0
649835.0
828365.0
840815.0
797495.0
885120.0
793555.0
901450.0
997670.0
822050.0
1033935.0
840895.0
732435.0
872220.0
960975.0
842045.0
807255.0
887505.0
757505.0
803330.0
840785.0
814705.0
764740.0
908065.0
685740.0
776490.0
768455.0
803210.0
829055.0
853575.0
860925.0
827635.0
893610.0
967285.0
847190.0
818710.0
1013480.0
819145.0
836815.0
954755.0
939995.0
779315.0
800785.0
857830.0
922960.0
1106975.0
770705.0
765710.0
769135.0
843500.0
963150.0
989415.0
826015.0
727800.0
917245.0
1043895.0
998115.0
848525.0
823340.0
888570.0
768085.0
846085.0
942555.0
861460.0
786265.0
867040.0
954965.0
974990.0
933865.0
809460.0
751385.0
954220.0
1027625.0
760745.0
1052025.0
800470.0
947875.0
896285.0
796050.0
758930.0
950090.0
861030.0
930300.0
914430.0
866260.0
853960.0
876220.0
928625.0
976395.0
864290.0
1070000.0
817585.0
1039950.0
924670.0
883000.0
878305.0
832560.0
850665.0
1062350.0
889760.0
962400.0
959995.0
872965.0
854990.0
914235.0
956560.0
898760.0
743000.0
869245.0
901420.0
837095.0
902050.0
1042095.0
841120.0
891985.0
861875.0
860305.0
898980.0
890405.0
877990.0
938585.0
932720.0
856680.0
824770.0
898990.0
881545.0
816460.0
1139400.0
928640.0
871005.0
860940.0
877165.0
794100.0
847160.0
885820.0
836715.0
811960.0
893015.0
829585.0
1019490.0
718200.0
1008775.0
814055.0
913985.0
729165.0
975285.0
698960.0
994515.0
791200.0
