117368.0
117368.0
113646.0
113646.0
93676.0
93676.0
93676.0
93676.0
93676.0
93676.0
93676.0
80412.0
80412.0
80412.0
80412.0
80412.0
63934.0
63934.0
63934.0
63934.0
63934.0
61024.0
61024.0
61024.0
54170.0
54170.0
54170.0
54170.0
44584.0
44584.0
44584.0
44584.0
44584.0
43728.0
43728.0
43728.0
43728.0
43728.0
43728.0
43728.0
43728.0
43728.0
43728.0
43728.0
41562.0
41562.0
39890.0
39890.0
39890.0
39890.0
39890.0
39890.0
39890.0
39890.0
39890.0
39890.0
39890.0
39890.0
39890.0
39890.0
38612.0
38612.0
38612.0
38612.0
34486.0
34486.0
34486.0
34486.0
34486.0
34486.0
34486.0
34486.0
34486.0
27544.0
27544.0
27544.0
27544.0
27544.0
27544.0
27544.0
27544.0
27544.0
27544.0
26624.0
26624.0
26624.0
26624.0
26624.0
26624.0
26624.0
26624.0
26624.0
21218.0
19380.0
19380.0
19380.0
19380.0
19380.0
19380.0
19380.0
19380.0
19380.0
19380.0
19380.0
19380.0
19114.0
19114.0
19114.0
19114.0
19114.0
19114.0
18292.0
18292.0
18092.0
18092.0
18092.0
18092.0
18092.0
18092.0
18092.0
18092.0
18092.0
18092.0
18092.0
18092.0
18092.0
18092.0
18092.0
18092.0
18092.0
18092.0
18092.0
18092.0
18092.0
18092.0
17276.0
17276.0
17276.0
17276.0
17276.0
17276.0
15206.0
15206.0
15206.0
15206.0
15206.0
15206.0
15206.0
15206.0
15206.0
15206.0
15206.0
15206.0
15206.0
15206.0
15206.0
15206.0
15206.0
15206.0
15206.0
15206.0
15206.0
15206.0
15206.0
15206.0
15206.0
15206.0
15206.0
15206.0
15206.0
15206.0
15206.0
15206.0
15206.0
15206.0
15206.0
15146.0
15146.0
15146.0
15146.0
15146.0
15146.0
15146.0
15146.0
15146.0
15146.0
15146.0
15146.0
15146.0
15146.0
15146.0
15146.0
15146.0
15146.0
15146.0
15146.0
15146.0
15146.0
15146.0
15146.0
15146.0
15146.0
15146.0
15146.0
15146.0
15146.0
15146.0
15146.0
15146.0
15146.0
15146.0
15146.0
15146.0
15146.0
15146.0
15146.0
15146.0
15146.0
15146.0
15146.0
15146.0
15146.0
15146.0
15146.0
15146.0
15146.0
15146.0
15146.0
15146.0
15146.0
15146.0
15146.0
15146.0
15146.0
15146.0
15146.0
15146.0
15146.0
15146.0
15146.0
15146.0
15146.0
15146.0
15146.0
15146.0
15146.0
15146.0
15146.0
15146.0
15146.0
15146.0
15146.0
15146.0
15146.0
15146.0
15146.0
15146.0
15146.0
15146.0
15146.0
15146.0
15146.0
15146.0
15146.0
15146.0
15146.0
15146.0
15146.0
15146.0
15146.0
15146.0
15146.0
15146.0
15146.0
15146.0
15146.0
15146.0
15146.0
15146.0
15146.0
15146.0
15146.0
15146.0
15146.0
15146.0
15146.0
15146.0
15146.0
13256.0
13256.0
13256.0
13256.0
13256.0
13256.0
13256.0
13256.0
13256.0
13256.0
13256.0
13256.0
13256.0
13256.0
13256.0
13256.0
13256.0
13256.0
13256.0
13256.0
13256.0
13256.0
13256.0
13256.0
13256.0
13256.0
13256.0
11916.0
11916.0
11916.0
11916.0
11916.0
11916.0
11916.0
11916.0
11916.0
11916.0
11916.0
11916.0
11916.0
11916.0
11916.0
11916.0
11916.0
11916.0
11916.0
11916.0
11916.0
11916.0
11916.0
11916.0
11916.0
11916.0
11916.0
11916.0
11916.0
11916.0
11916.0
11916.0
11916.0
11916.0
11916.0
11916.0
11498.0
11498.0
11498.0
11498.0
11498.0
11498.0
11498.0
11470.0
11470.0
11470.0
11470.0
11470.0
11470.0
11470.0
11470.0
11470.0
11470.0
11470.0
11470.0
11470.0
11470.0
11470.0
11470.0
11470.0
11470.0
11470.0
11470.0
11244.0
11090.0
11090.0
11090.0
11090.0
11090.0
11090.0
11090.0
11090.0
11090.0
11090.0
11090.0
11090.0
11090.0
11090.0
11090.0
11090.0
11090.0
11090.0
11090.0
11090.0
11090.0
