370138.0
392558.0
392558.0
341506.0
341146.0
341146.0
321116.0
315152.0
315152.0
315152.0
315152.0
315152.0
315152.0
315152.0
315152.0
315152.0
315152.0
313248.0
313248.0
313248.0
320104.0
309696.0
309696.0
309696.0
309696.0
309696.0
297034.0
297034.0
297034.0
297034.0
297034.0
297034.0
297034.0
234252.0
234252.0
234252.0
234252.0
234252.0
232952.0
232952.0
232508.0
232508.0
232508.0
232508.0
232508.0
232508.0
232508.0
230492.0
230492.0
239432.0
239020.0
239020.0
230492.0
230492.0
230492.0
230492.0
230492.0
230492.0
230492.0
230492.0
230492.0
230492.0
230492.0
230492.0
230492.0
230492.0
230492.0
230492.0
230492.0
229722.0
229722.0
229722.0
229722.0
229722.0
229722.0
229722.0
229722.0
229722.0
123354.0
128302.0
123640.0
123640.0
123640.0
123354.0
123354.0
123354.0
123354.0
123354.0
123354.0
123354.0
123354.0
123354.0
98006.0
143400.0
98006.0
98006.0
98006.0
98006.0
98006.0
98006.0
98006.0
98006.0
98006.0
98006.0
97996.0
99586.0
99586.0
122446.0
99586.0
99586.0
99586.0
99586.0
99586.0
104484.0
104484.0
108374.0
99586.0
99586.0
99586.0
107374.0
107374.0
107374.0
107374.0
107374.0
107374.0
107374.0
107374.0
107374.0
107374.0
107374.0
107374.0
107374.0
107374.0
107374.0
107374.0
107374.0
107374.0
107374.0
107374.0
107374.0
107374.0
107374.0
107374.0
107374.0
107374.0
107374.0
107374.0
107374.0
98688.0
98688.0
98688.0
98688.0
98688.0
98688.0
98688.0
111836.0
111836.0
111836.0
111836.0
111836.0
111836.0
111836.0
111836.0
111836.0
111836.0
111836.0
111836.0
111836.0
111836.0
111836.0
111836.0
111836.0
111836.0
111836.0
111836.0
111836.0
111836.0
111836.0
111836.0
111836.0
111836.0
111836.0
111836.0
111836.0
111836.0
111836.0
111836.0
111836.0
111836.0
111836.0
111836.0
111836.0
111836.0
111836.0
111836.0
111836.0
111836.0
111836.0
111836.0
111836.0
111836.0
111836.0
111836.0
111836.0
111836.0
111836.0
111836.0
111836.0
103306.0
103306.0
103306.0
103306.0
103306.0
103306.0
102856.0
102856.0
102856.0
102856.0
102856.0
102856.0
102856.0
102856.0
102856.0
102856.0
102856.0
102856.0
102856.0
102856.0
102856.0
102856.0
102856.0
102856.0
102856.0
102856.0
102856.0
102856.0
102856.0
102856.0
102856.0
102856.0
102856.0
102856.0
102856.0
102856.0
102856.0
102856.0
100646.0
100646.0
100646.0
100646.0
100646.0
100646.0
100646.0
100646.0
100646.0
100646.0
108754.0
100646.0
100646.0
100646.0
100646.0
100646.0
100646.0
100646.0
100646.0
100646.0
100646.0
100646.0
100646.0
100646.0
100646.0
100646.0
100646.0
100646.0
100646.0
100646.0
100646.0
100646.0
100646.0
100646.0
100646.0
100646.0
100646.0
100646.0
100646.0
100646.0
100646.0
100646.0
100646.0
100646.0
100646.0
100646.0
100646.0
100646.0
100646.0
105226.0
100646.0
100646.0
100646.0
100646.0
100646.0
100646.0
100646.0
100646.0
100646.0
100646.0
100646.0
100646.0
100646.0
100646.0
100646.0
107118.0
100646.0
100646.0
111298.0
100646.0
100646.0
100646.0
100646.0
100646.0
100646.0
100646.0
111480.0
113956.0
113956.0
113956.0
113956.0
113956.0
100646.0
100646.0
100646.0
100646.0
100646.0
100646.0
100646.0
100646.0
100646.0
100646.0
100646.0
100646.0
100646.0
100646.0
100646.0
100646.0
100646.0
100646.0
100646.0
100646.0
100646.0
100646.0
100646.0
100646.0
100666.0
100666.0
100666.0
100666.0
100666.0
100646.0
100646.0
100646.0
100646.0
100646.0
100646.0
100646.0
100646.0
100646.0
100646.0
100646.0
100646.0
100646.0
100646.0
105940.0
100646.0
100646.0
100646.0
100646.0
100646.0
100646.0
100646.0
100646.0
100646.0
100646.0
100646.0
100646.0
100646.0
100646.0
100646.0
100646.0
100646.0
100926.0
100646.0
100646.0
100646.0
100646.0
100646.0
100646.0
100646.0
100646.0
100646.0
100646.0
