58.25072338358195
60.41562049066038
62.61875250704963
63.89363553236261
64.69257841343664
65.75798071005904
66.85769505910426
67.02231224175523
67.18534467436564
68.33653832380921
68.44659742782801
68.11086059673697
69.15494251058333
69.70908461300704
70.50502303399291
70.60444469200971
70.16381466520585
70.65903261575065
70.24871257308101
70.7512721045
69.99343404324166
69.39889225842664
69.92925189279052
70.1310712122029
68.96723516528445
69.19146191791928
68.33489484452977
68.34354173317183
69.93836087816119
70.47787083560614
70.65293810451173
70.6407839585348
70.63903460310229
69.98087738375244
70.3396175233105
70.51694919490087
70.28268164980918
70.05492613294498
70.88344574517545
71.24419217684066
71.06964586012857
70.98281718183004
71.65077537137147
70.87258722754501
71.4742068033231
70.44498609132243
70.55319511902115
70.64175836991885
70.70710530457853
70.85238097896095
71.17402934597102
71.5088602339579
71.06329360330989
70.5056327127018
70.49832015871267
71.24696593655379
70.93412527624005
70.85473539908207
71.41089756315966
71.14488933186053
70.68934655296339
71.07999905467331
70.12425188159658
70.22641622583332
69.62916156615759
70.16858078618111
70.47908319568316
70.20954081447398
70.27393163807709
70.15221224546602
70.27309556385146
70.2538606666853
70.02189660494298
70.39821967790533
69.51651241739852
69.38747347797646
68.24723204247177
68.42354516850722
69.05798646590621
69.89414814320759
71.2971922810644
71.57986288341158
71.41409914201049
71.3584142806247
69.63352843657378
69.95018313215823
69.92378669035772
69.98475387994372
69.41748609725732
69.42650568853928
69.2749127479874
68.37263439676211
66.58799009253535
66.83013070913813
65.52664333358821
65.87013876463122
65.97833214495371
66.78175472354489
67.24262428894127
67.62975578750014
68.40766533879808
69.71517514965421
70.21598136155764
70.98752217483514
71.02110111195871
71.00177438198025
70.94182630574784
71.60736966659623
71.37558197540928
71.4589189690851
71.4649969180416
71.53812169958996
71.84534829886731
72.57401633632969
72.82533631626113
72.84726725546189
74.08389354058416
73.94749111637438
73.69313644221354
74.35847538827413
74.7613733370848
74.9712979112477
75.2865372981337
74.65167896781283
74.60719178923685
76.05355416653121
75.36849987204135
74.90508266523769
74.21056166698352
74.21024838318998
75.03537167038186
74.98507559949756
74.69608294502856
74.83118327745645
74.6678197629577
74.5295897563884
74.33589987901613
74.18577443204006
73.90154592503518
73.92281919374311
73.88920855708731
74.28420609097951
73.96425684252905
73.61593834215378
73.6573945571383
73.57643037812949
74.07755633879664
72.95707344912293
72.5530706988213
72.2909148778762
72.69653334590747
72.57891512115692
72.37128743991785
72.26186772417584
72.80361194308865
72.77477638217067
72.38087701352575
71.79261175420748
72.03953567186856
71.64757639451118
71.54715581076663
71.38505723104672
70.92807993566694
71.18379745367955
71.15019441099996
71.18759239832039
71.04987903928951
71.046601298033
71.30954594966765
71.69679189035905
71.84292815088125
71.55688384412348
71.68052586340919
71.91678275695244
71.88107986366408
71.75389312934553
71.26976257868571
70.63442789760342
70.39369076924602
70.22063686627972
70.48411056584541
71.37348650269807
71.89115235298492
72.21151734659713
72.45352545827257
72.90912853006367
73.44498792812067
73.41217150249786
73.785368992441
73.9091325633068
74.2335149421125
73.2957912247169
73.1899762571635
73.40828276340169
74.23123799564839
74.40758397814433
74.46966270090262
74.22746195066075
73.88717886518732
74.73209877762088
75.18694081239381
75.41601098462515
75.4799656575574
75.64784251296952
75.77583632524261
75.45321470219086
75.66232166694505
75.42362469612674
75.40272693195028
75.14633819072951
74.8615816096786
75.33921100290966
75.46698060244285
75.23832967779065
74.83664063258513
75.05728093595175
75.00011850095558
74.68641725226443
74.57767390312824
74.27505338260494
74.19141330142816
74.71406635709108
74.76498761806779
74.50130478800163
74.24247514219067
74.24247514219067
74.17041108448448
73.29060683517598
73.1794243978541
73.18261496667526
73.25229564069161
73.25184669143347
73.12223328142834
73.10196861152713
72.80916225865869
72.83088490218948
73.52055982095295
73.60722644301836
74.08610232514596
74.38432798947555
74.17991279043737
74.12514271234242
74.26212695939093
74.20802975357992
74.08943223396741
74.0198126132093
73.81864804884499
73.61211338886682
73.71959421511252
73.25247474787491
73.60935680471127
73.63147141312524
73.53635111848008
73.96635098872132
73.9192358683888
74.13444571058886
74.26970546457426
74.8555675933028
74.93340936983606
74.93340936983606
74.7401907289297
74.4511541297526
74.96055213087288
75.05081341774219
74.89391935365397
74.5868615169363
74.27172825321163
74.19044924609089
74.20814286477074
73.94548817898753
73.86224142090599
73.9726199057055
73.84641930263814
73.6388936570939
73.6099207913485
73.61923126378801
73.63959660110865
73.6120142156255
73.50391114834251
73.76956430353162
73.87707646303525
73.9555530429014
74.07955698016856
73.9750366399754
74.01081292212031
74.10962347879936
74.21009747060323
73.87832054798426
74.05924421669897
73.73011199505818
73.57800044077977
73.27129855640928
72.71063374831525
72.61334964280356
73.04443040682035
72.7660336703975
72.64885037609011
73.13192139275478
73.21621152322176
73.0481950756214
72.71081217742818
72.58457609192386
73.08857396851415
73.3297447229159
73.62864846586498
73.66993994636681
73.34430029369082
73.15129515782237
72.94458200895804
73.67403844186701
73.7766315367067
73.26912258982429
73.27329702970539
72.87798475944389
73.42903380604815
73.42271869054389
73.65935787753874
73.73752342610794
73.31892912614711
72.8850656256099
72.43593418514068
72.50495606029715
72.29760407350162
72.29004779884978
73.06188090951132
73.19461217650192
73.93779669200316
74.47394001012727
74.3313999184463
74.42827274804645
74.2685286884659
74.39535683625662
74.59038090579048
74.88474071362656
74.79775630036426
74.55673588565686
74.6295564059694
74.63686734603884
74.31595335164522
74.32464474779457
74.55020282636087
74.47730863282725
74.22232906487217
73.79387816378109
73.4652880626852
73.61951344638888
73.37930509619972
73.37242441531914
73.26528092475036
73.14791575218389
73.68183629315058
74.05013240600275
74.23400811210956
74.44565884821797
74.83566986138987
74.93208136500219
75.10087866077552
74.7905127241021
74.51732603413711
74.66156365726187
75.04431754687383
74.81964937997452
74.83001238519986
74.85470098345886
75.04803408423501
75.18019804908482
75.15308850886882
75.18899122591273
74.9474307480469
75.31734219120682
75.18405707325925
75.0733443623393
74.25596761527301
74.07318901599723
73.55345429010943
73.2688254691548
73.32970196387184
73.07831256635127
72.46756026808568
73.33022484367561
73.37220051963118
73.02194800259501
73.04684624476293
73.36354560281708
73.49279289508367
73.58271395595216
73.7860290423158
73.77007211995412
73.96642334176735
74.17304230671516
73.62362503044845
73.25540727180595
72.74013876359308
73.38109514071103
73.44500449871161
73.4309014291146
73.01088803285116
73.45554047429627
72.96563046602301
73.21146451628687
