198540.0
176274.0
175834.0
175834.0
174950.0
168670.0
168670.0
168670.0
167568.0
167568.0
158668.0
158668.0
158268.0
158268.0
158268.0
156540.0
156540.0
156540.0
154572.0
154572.0
154572.0
154572.0
154572.0
154572.0
154572.0
154572.0
154572.0
154572.0
154572.0
154278.0
150362.0
150362.0
146412.0
146412.0
146012.0
146012.0
146012.0
143854.0
143854.0
143854.0
143854.0
143854.0
142802.0
142802.0
142802.0
142802.0
142502.0
142454.0
138876.0
138876.0
134284.0
131312.0
131312.0
131312.0
131312.0
131312.0
131312.0
125794.0
122474.0
122474.0
122474.0
122474.0
122474.0
122074.0
141244.0
141244.0
141244.0
138180.0
138180.0
137950.0
137950.0
135796.0
135796.0
135796.0
