50.03385436818077
65.37820461941423
65.37820461941423
66.3390963953678
66.3390963953678
66.3390963953678
68.95775671671
68.95775671671
68.32868051564168
68.32868051564168
68.96784835456045
68.96784835456045
70.12927439532945
70.12927439532945
70.12927439532945
70.12927439532945
70.12927439532945
70.12927439532945
70.12927439532945
70.12927439532945
70.21267509395285
70.21267509395285
70.21267509395285
70.21267509395285
70.21267509395285
70.21979273431272
70.21979273431272
70.21979273431272
70.97397287313537
70.0575247440995
70.2774722950681
70.2774722950681
70.78504356653413
70.79209316752672
70.79209316752672
71.44185913396869
71.44185913396869
71.44185913396869
71.44185913396869
71.44185913396869
71.44185913396869
71.44185913396869
71.44901405225953
71.44901405225953
71.44901405225953
71.44901405225953
72.04144128674051
72.06290604161302
72.27536727024257
72.49484358886215
74.9308837955944
74.83872885638692
74.8535925562591
74.8535925562591
74.8535925562591
74.8535925562591
74.8535925562591
74.83426974642528
74.83426974642528
74.83426974642528
74.87886084604179
74.94574749546658
74.94574749546658
74.63360979815094
75.27423526264157
75.27423526264157
75.27423526264157
75.28612622253931
74.78918760099897
75.23558964297393
75.23558964297393
74.92642468563274
74.92642468563274
74.92642468563274
