43.72919892002663
50.03385436818077
64.25683193573774
65.02631578947368
63.22409537314217
65.60357179408453
64.09692782749778
65.99256860234492
68.20915085671044
66.07506156976122
68.32868051564168
66.96029187595272
67.31023363991966
65.6207333723425
62.80216761562281
64.60450729120636
67.20292551816819
64.55379996062217
66.37314465892486
66.93195384003184
66.78867924528302
63.839285714285715
63.826985664952424
64.504816955684
63.39401502361202
66.6268710364836
67.42195367573011
67.36402758334629
66.5795094645356
65.97423020341905
66.40950956466976
64.17876479325379
68.7352958053595
66.34542557914806
68.78084342754599
66.93995791314804
70.1461551237336
67.35705871072025
66.74443509523446
67.8408271219043
65.97698521566834
61.81174401749007
70.45089950727628
65.40110071267341
67.78164736373208
67.31352570584117
67.92360170953783
70.13912893190458
65.34754493373657
68.68934641574178
69.26971219006617
71.80812927421134
69.0862226656689
73.7771817500144
63.21586441009109
67.87381937811737
71.35482070601367
69.52248720461724
69.27904380734569
67.61188885353697
67.313190127731
66.39858452629885
70.61973477902681
71.28724294078626
72.0143200760754
69.69888131886617
68.63266301974986
71.93743313961893
70.07818348166016
67.69769050659855
63.76972113514977
69.38930080523001
67.69427884112541
71.45754228512254
