434958.0
434958.0
434958.0
268594.0
246762.0
233474.0
209864.0
217758.0
195704.0
258366.0
232682.0
212224.0
212940.0
235390.0
271204.0
239458.0
196838.0
248844.0
204222.0
249702.0
187418.0
230250.0
233296.0
198452.0
226682.0
229478.0
215444.0
213972.0
203120.0
247194.0
193192.0
252978.0
198608.0
196642.0
174204.0
198840.0
176834.0
194614.0
198038.0
192850.0
211212.0
256202.0
173214.0
230096.0
214680.0
196666.0
191344.0
226920.0
220862.0
211138.0
205032.0
150084.0
193450.0
152236.0
254574.0
186034.0
160996.0
186374.0
193398.0
219624.0
235482.0
214076.0
170786.0
209228.0
196248.0
194048.0
201220.0
169862.0
204140.0
212654.0
257502.0
176264.0
191342.0
162682.0
