67.40313756141134
70.16008137916266
70.16008137916266
70.16008137916266
70.28054395545563
70.74633258378842
70.74633258378842
71.04748902452083
71.63347366148533
72.01262953367876
72.01262953367876
72.02612262521588
72.02612262521588
72.11247841105354
72.11247841105354
72.19073834196892
72.19073834196892
72.19073834196892
72.19073834196892
72.48083981001726
72.48083981001726
72.48083981001726
72.48083981001726
72.48083981001726
72.48083981001726
72.4943329015544
72.4943329015544
72.4943329015544
72.4943329015544
72.4943329015544
72.4943329015544
72.4943329015544
72.4943329015544
72.4943329015544
72.4943329015544
72.4943329015544
72.4943329015544
72.4943329015544
72.4943329015544
72.4943329015544
72.4943329015544
71.79367239326416
72.15795360885434
71.45268337338368
72.04144128674051
72.04144128674051
72.27536727024257
72.49484358886215
75.04087517464846
75.04087517464846
75.10776182407325
74.9308837955944
75.37976753173399
75.37976753173399
75.37976753173399
75.37976753173399
75.4065221915039
75.4065221915039
75.49570439073693
75.49570439073693
75.49570439073693
75.52543179048128
75.52543179048128
75.52543179048128
75.52543179048128
75.52543179048128
75.52543179048128
75.52543179048128
75.5700228900978
75.5700228900978
75.66792182176798
75.66792182176798
75.66792182176798
75.66792182176798
