58.70961659290439
63.95858908992881
65.48294478189133
65.42739871792584
66.39276033773736
67.29553483310725
66.8954982000559
66.95826573837071
67.10104840760692
67.21636090087968
66.82947885576154
66.8519484099818
66.85464270290377
66.70511313816174
66.70511313816172
67.51899929118785
67.57888021208224
67.66423767191668
67.8980145935675
68.3213615699981
68.58588671345213
68.58917857817198
68.36930658708732
68.37037839402042
68.14291573737701
68.0707587675145
68.07075876751449
68.27516557803985
68.13511230265571
68.09759967005077
68.12214395409542
68.14452685084922
68.1893266218742
68.1893266218742
68.18967542061809
