44.82306480770276
50.1675521046179
46.45573631945912
49.29216583543285
52.101985208252245
50.064081547494865
47.66937887698381
49.13471081837048
54.83992467043315
53.90868081349655
53.303111611200066
48.99953141979801
55.20277584473827
56.32329444394199
56.75206252713852
56.307133894963265
50.139126928117754
54.30787726127776
53.73562353979283
52.44479985783464
54.26178369216344
54.63545375425271
49.68009379448957
50.59482466919557
54.418768742282595
55.07905566385099
54.02715927208752
55.16648340804646
50.37081856685971
52.05506558118498
58.250082904990876
53.397153680761754
55.2992552992553
58.5374822890641
58.5374822890641
54.20000991620803
58.5374822890641
56.94759968213902
51.17465612166209
54.34373265678269
52.972463221425876
56.39432906188205
53.075016379622376
54.93210201258598
46.87050766422769
50.75482844807998
56.51275224215247
51.16459627329192
51.7139767504731
55.26787826224079
55.275434759970835
55.39035676966712
53.03472424861394
53.77910958904109
51.16778197353636
53.72790976263927
53.87968613775065
56.987042407553886
54.153933383305464
56.331442516370004
51.822229627778235
57.87700811884609
53.485633537447015
52.926251219852226
51.02748005479893
53.648299812431524
52.98612791354141
52.23586728573129
53.21702337583485
55.53679030879256
52.7623415953662
57.287888263498026
55.289426373442595
56.36072229939096
54.70851608187135
55.49031663080234
52.19505678022712
53.32666529383501
51.24919093851132
50.37042733728114
51.876775697530405
49.73876152970121
52.16825792168258
54.18519753910014
49.83024424042959
55.60095549409102
58.808705612829336
54.64475886201126
55.01010475954797
56.418204325915525
56.53600674373796
56.85074759700962
53.31706383385969
54.74638794958501
54.15716540957726
55.66615778181218
56.146550311373325
54.1222911036931
52.50616039426523
55.62041010968049
55.96120248207724
55.68298561719614
49.8950044208665
54.08716663683551
57.84616087542549
53.390002023881806
50.983317382574256
49.90780520222016
54.79416724531298
58.73920032147881
57.910068554657556
55.82860552369972
59.0533655956793
55.1378803948764
55.7645327446652
50.2392578125
49.66395572122444
53.994060164782525
58.76381230060637
49.82403519296141
56.16784435195044
59.26567630292724
53.86669112327148
55.85453978827631
62.2801036410746
56.6635687732342
51.906457936442195
60.382436703908866
54.736632234543535
51.68252364514046
54.10600301226421
57.47137589753542
57.661069207768165
55.17194109352968
55.43616406701329
60.93857832988268
55.56865276491445
58.93256697115879
56.3772723726301
56.700945430419644
59.77597989641751
60.65958815958816
54.93787886821131
56.14762989478252
55.497711612425284
52.320478784063646
54.09832059277797
56.072398929541784
46.40794640794641
53.91632194548103
54.8243267344391
58.64925241086437
54.07133953399175
55.876691790258526
57.45489901615357
56.023775478733846
55.19991871157852
59.565563969709046
51.686145605064524
53.396554194426535
53.000398515007234
56.60893440654785
49.0893415238711
51.9293137760743
52.83558154891047
54.801097393689986
57.08724569640062
50.25282220131703
57.45737847029274
47.90699891933125
53.85170006071645
56.33693894563461
54.77530779098933
55.91505909597361
50.36339278238299
55.571221556417186
52.92821926025907
49.3817831015355
57.79945700624038
53.8137780424856
53.565653860270416
52.62736317049415
53.85355869001298
55.19236870029427
48.06384705564073
54.48008367471454
54.96343640237231
48.928381082190946
53.02107168784864
56.81058818085057
56.77898114721219
51.72496984318455
57.10790141068315
55.833610380713466
56.369731800766274
48.19875456744378
53.28630517309763
50.503786854206105
52.56362308774554
53.995091355331326
51.610795017684154
55.037124863940285
52.34671621294127
51.19420534014231
54.789836646632764
53.25746282918625
52.15642742757315
51.13172947970551
55.74482690987546
56.27079657875343
58.0515736204359
50.47062641999351
53.384810080149656
55.490922420945
51.569666892247525
54.07236408178649
55.735488552881414
55.24924205034195
53.82683982683983
52.032312925170075
48.88061574500126
46.45121244723992
56.24203559830641
53.983423545331526
53.79514411772477
49.477936835891384
54.28254912250015
53.034548944337814
52.56907608265379
55.726946655141234
59.23670189911488
51.64551516455152
52.65286283658987
48.566119822351126
54.8380195599022
52.715397035079995
51.287146071355515
57.326986076986074
52.414664981036665
49.12577552171461
47.04145466677788
53.538677674816924
51.22160346504022
52.80495640201927
50.794956945954674
55.72315789473684
52.888378424366174
51.467590337536755
58.37530672865814
50.91887501269164
56.50294900568923
51.65074654548827
51.63032082197525
56.39413616686343
57.239639404517234
55.14585227688416
56.803777001681546
53.55333730631704
54.465872947235916
48.820868466131145
58.182550876486
51.716313466332096
53.44827586206897
56.46732410506951
56.24567939165834
51.3835306056391
52.89520357052369
53.187829568846404
50.73608232687773
52.13830080318733
50.93657337094092
54.04939080814312
53.49040750595154
51.15729465461565
51.04479479479479
49.881703470031546
52.42579908675799
57.70182663500365
51.177644710578846
56.99991705030899
51.8087647981743
51.87118575679629
56.79518355820522
52.83485232522605
51.895268847395755
47.192689770228256
46.75305153027478
54.180811148829726
53.85383585994767
51.80452599054393
56.747639735984635
58.208699162377634
53.889316129767295
53.87722637782961
55.21981502597239
58.06411974977659
58.9094271858232
56.03727467155514
52.66386708051853
54.08309851373004
54.359419441191235
46.71036460467022
49.53112924001718
53.0216268277734
54.960282778845965
55.782565363981426
58.66622314957614
61.66068843999748
59.774601710977926
57.22050738419645
55.0399710847472
56.06834774122868
52.99734999053567
59.6470267664382
55.305748530422164
55.110354931707555
55.42703500632645
56.14821638773734
58.379009690325866
53.354348528936306
53.60591238809322
54.73570846431481
50.84403340217294
55.97600415235966
53.44821035033057
48.91354939859386
49.37991203403274
53.76488413003467
56.41831587116803
58.18021069674795
58.352730879912
52.818679520802505
57.55453271963178
51.6612566226401
49.99812121895314
51.13754515816371
57.386435132754514
57.06219622224163
56.43430807248765
53.73973155346926
46.687729633852776
53.81330893425593
55.35756375807288
52.20404817903215
57.18855952469522
61.27437548522628
58.01065162907269
56.123581647755294
56.02878031797609
55.37118760419732
55.576823494599786
53.969130036889226
54.13470478847048
59.43849151127192
58.44157139721873
53.97602581834948
56.43582640812558
55.252360047057465
54.96896362770726
56.83951048611718
49.89435369318183
55.8607462627697
49.41593359886147
51.72518619851041
52.00881634705164
49.42005834143631
53.15429797808653
52.946121655955764
53.90850162832558
57.85662140458461
54.794478621491756
53.27430467435542
50.851971653165975
49.87717700311888
56.55262607240009
54.181688562990125
46.898887680856404
53.376794678357584
53.57470035880602
53.26711017953157
54.51805954999154
53.44073480099139
57.45140388768899
53.96205776057138
56.923481185621185
53.024732312342195
52.916448197514505
52.79181494661921
54.188342003468044
53.82884160756501
54.22023167731056
61.681746762745846
58.03185387805524
52.51618906549688
56.61245900363006
54.87109690908733
55.224062805198706
51.74202127659574
49.82063945931894
52.80116959064328
60.397184999517975
