113124.0
113124.0
113124.0
112794.0
112278.0
100274.0
100274.0
100274.0
100274.0
97428.0
97428.0
86376.0
72456.0
72456.0
67382.0
67382.0
67382.0
67382.0
62624.0
62624.0
62624.0
62624.0
62624.0
62624.0
62004.0
62004.0
61416.0
54454.0
54454.0
52364.0
52364.0
52364.0
52364.0
52364.0
52364.0
52364.0
52364.0
52364.0
52364.0
52364.0
52364.0
52364.0
52364.0
52364.0
51508.0
51508.0
51508.0
45990.0
45990.0
45990.0
45990.0
45990.0
45990.0
45990.0
45990.0
45990.0
45990.0
45990.0
45990.0
45990.0
45990.0
45990.0
45990.0
45990.0
45990.0
45990.0
45990.0
45990.0
45990.0
45990.0
45990.0
45990.0
45990.0
45990.0
45990.0
45990.0
45990.0
45990.0
45990.0
45990.0
45990.0
45990.0
45990.0
45990.0
45990.0
45990.0
45990.0
45990.0
45990.0
45990.0
45990.0
45990.0
45990.0
45990.0
45990.0
45990.0
45990.0
39268.0
39268.0
39268.0
39268.0
39268.0
39268.0
39268.0
39268.0
39268.0
39268.0
39268.0
39268.0
39268.0
39268.0
39268.0
39268.0
39268.0
39268.0
39268.0
39268.0
39268.0
39268.0
39268.0
39268.0
39268.0
39268.0
39268.0
39268.0
39268.0
39268.0
39268.0
39268.0
39268.0
39268.0
39268.0
39268.0
39268.0
39268.0
39268.0
39268.0
39268.0
39268.0
39268.0
39268.0
39268.0
33806.0
33806.0
33806.0
33806.0
33806.0
33806.0
33806.0
33806.0
33806.0
33806.0
33806.0
33806.0
33806.0
33806.0
33806.0
33806.0
33806.0
33806.0
33806.0
33806.0
33806.0
33806.0
33806.0
33806.0
33806.0
33806.0
33806.0
33806.0
33806.0
33806.0
33806.0
33806.0
33806.0
33806.0
33806.0
33806.0
33806.0
33806.0
33806.0
33806.0
33806.0
33806.0
33806.0
33806.0
33806.0
33806.0
33806.0
33806.0
33806.0
33806.0
33806.0
33806.0
33806.0
33806.0
33806.0
33806.0
33806.0
33806.0
33806.0
33806.0
33806.0
33806.0
33806.0
33806.0
33806.0
33806.0
33806.0
33806.0
33806.0
33806.0
33806.0
33806.0
33806.0
33806.0
33806.0
33806.0
33806.0
33806.0
33806.0
33806.0
33806.0
33806.0
33806.0
33806.0
33806.0
33806.0
33806.0
33806.0
33806.0
33806.0
33806.0
33806.0
33806.0
33806.0
33806.0
33806.0
33806.0
33806.0
33806.0
33806.0
33806.0
33806.0
33806.0
33806.0
33806.0
33806.0
33806.0
33806.0
33806.0
33806.0
33806.0
33806.0
33806.0
33806.0
33806.0
33806.0
33806.0
33806.0
33806.0
33806.0
33806.0
33806.0
33806.0
33806.0
33806.0
33806.0
33806.0
33806.0
33806.0
33806.0
33806.0
33806.0
33806.0
33806.0
33806.0
33806.0
33806.0
33806.0
33806.0
33806.0
33806.0
33806.0
33806.0
33806.0
33806.0
33806.0
33806.0
33806.0
33806.0
33806.0
33806.0
33806.0
33806.0
33806.0
33806.0
33806.0
33806.0
33806.0
33806.0
33806.0
33806.0
33806.0
33806.0
33806.0
33806.0
33806.0
33806.0
33806.0
33806.0
33806.0
33806.0
33806.0
33806.0
33806.0
33806.0
33806.0
33806.0
33806.0
33806.0
33806.0
33806.0
33806.0
33806.0
33806.0
33806.0
33806.0
33806.0
33806.0
33806.0
33806.0
33806.0
33806.0
33806.0
33806.0
33806.0
33806.0
33806.0
33806.0
33806.0
33806.0
33806.0
33806.0
33806.0
33806.0
33806.0
33806.0
33806.0
33806.0
33806.0
33806.0
33806.0
33806.0
33806.0
33806.0
33806.0
33806.0
33806.0
33806.0
33806.0
33806.0
33806.0
33806.0
33806.0
33806.0
33806.0
33806.0
33806.0
33806.0
33806.0
33806.0
33806.0
33806.0
33806.0
33806.0
33806.0
33806.0
29392.0
29392.0
29392.0
29392.0
29392.0
29392.0
29392.0
29392.0
29392.0
29392.0
29392.0
29392.0
29392.0
29392.0
29392.0
29392.0
29392.0
29392.0
29392.0
29392.0
29392.0
29392.0
29392.0
