274615.075
248172.8
246250.05
220819.35
203361.9
183785.7
186561.3
181072.3
183035.8
166915.3
181296.925
161031.025
152610.675
151680.15
136392.7
148714.65
133498.625
136537.9
135047.75
133999.7
127024.45
121742.05
123064.25
142789.0
125502.8
125944.35
112447.275
128576.35
135630.15
130995.075
130249.15
118792.25
113992.15
109613.3
117721.9
122647.3
126840.525
129390.525
132676.2
127059.75
133791.65
124847.35
119789.75
126646.55
128706.65
131527.85
120190.1
129912.5
122572.6
122106.85
124302.45
116803.375
106375.8
116144.6
122411.85
112073.2
122596.4
120648.175
119494.5
115050.225
125085.3
122931.35
115656.7
113663.375
129458.2
113777.8
122005.4
117159.55
113078.55
109692.5
120634.95
112054.1
126139.55
126939.55
119887.4
104756.45
119413.575
112721.9
121858.2
131255.15
113160.35
123184.2
116200.6
121076.0
124363.45
109003.5
111569.6
126157.325
115748.7
120316.125
108812.1
109474.65
114301.1
128434.4
120604.425
121585.45
106015.5
114412.2
126865.825
113883.05
117882.15
128734.4
133895.2
124039.8
135211.25
114486.35
119973.1
125630.25
123602.7
116138.975
99144.8
106987.3
97932.5
105789.7
93176.3
94289.5
104501.775
105421.25
98243.75
104192.5
109644.8
101655.95
99732.05
88193.45
95587.2
93708.45
92962.1
101153.95
100990.95
103663.25
97760.0
95059.0
97469.45
92958.5
93129.4
84901.65
89932.35
94912.9
95332.425
93487.65
89892.8
96509.75
116901.0
127136.95
108106.95
109750.3
116375.35
108257.45
113638.3
126502.175
110311.25
107584.5
129400.1
117261.975
116158.15
119811.0
119250.15
112691.5
131525.05
115181.85
114821.45
119591.0
119021.55
117886.75
117279.4
116384.8
106778.2
117600.2
127989.15
134554.15
111990.9
115086.55
119883.5
116564.025
119414.55
116059.05
124405.3
117414.225
121083.75
114927.5
117751.8
137479.1
119511.0
125257.95
118428.7
108717.45
116084.775
111052.65
111263.075
109541.775
107043.575
122385.2
118489.8
109983.3
120507.15
123575.05
125863.05
123174.65
118684.15
117935.2
126476.5
132296.75
138453.95
124998.875
128559.2
141338.7
143872.85
121430.5
122784.05
126360.3
121875.7
143870.9
128037.5
119492.95
126401.8
131905.4
124870.4
142134.15
126502.95
126993.8
132235.075
142871.3
143321.45
143088.15
124158.875
122410.1
121759.1
124177.8
137706.95
125911.025
122512.1
127090.375
118413.675
122441.675
119752.625
121824.6
130063.825
128819.85
119812.35
123755.8
122419.5
112348.6
131195.35
127747.55
130111.425
114317.775
122009.15
121565.5
99511.0
128802.35
120841.45
130683.7
123047.1
106110.15
117385.05
107743.475
110270.075
127422.4
117094.175
110725.75
116729.8
107713.2
108562.0
96893.15
108879.7
104780.1
101411.1
95508.1
114942.225
110730.5
127964.1
135417.7
123791.7
116569.3
110976.625
115400.55
113609.6
124660.5
133195.7
127239.1
111447.85
111033.15
118173.5
108987.1
115985.2
104983.9
111981.0
104675.025
111098.575
94943.5
93443.85
102791.5
98266.2
98622.85
93976.5
93689.9
103487.85
94616.8
85418.35
111347.7
95500.25
111770.55
102405.0
103628.475
96224.4
87560.975
90037.575
99301.125
91305.925
88371.325
90829.525
88449.5
99009.25
95774.725
93530.675
90492.625
92549.375
95663.725
104611.525
113471.075
102413.375
97498.575
103882.075
98283.375
100175.775
113186.375
99029.175
109720.825
125325.675
94746.175
103250.075
104861.925
102247.425
112778.825
96254.325
108026.775
99270.925
91228.425
95702.975
104167.625
108773.925
98949.775
98532.775
105045.425
102362.875
113205.1
96809.625
93669.525
116502.625
101913.65
115283.225
108874.225
100647.85
103293.825
105271.425
102736.325
102897.675
94252.175
99287.875
102725.825
101019.025
99718.7
98086.4
97631.65
105175.9
112339.65
113210.9
115305.525
108348.3
100587.1
98200.8
103720.35
105853.025
107171.475
106285.15
118025.25
110551.475
100877.25
96426.4
103549.375
105109.4
84621.8
104666.45
105540.35
84540.65
95443.2
109378.8
99970.275
111183.15
97037.65
107494.15
93386.75
90717.2
105967.0
93892.75
98088.75
109780.35
107141.8
96845.025
102345.15
103458.8
