50511.8125
46986.3125
43384.1875
43047.1875
37099.375
38432.6875
38870.375
41116.25
42594.4375
48803.875
51585.0
46988.5625
39554.9375
38715.5
35694.8125
31469.3125
29813.125
30739.875
30050.625
26762.0
26466.625
27538.125
26479.125
22901.0
20461.875
18974.625
17627.125
18112.75
20281.625
22231.375
21303.5
21445.75
20560.125
21279.0
23626.125
26759.375
27921.875
27490.25
26088.625
27357.125
24957.75
26879.5
28277.25
28869.125
29526.25
27785.125
29360.875
29123.25
29207.0
30668.75
31769.75
31511.5
30948.125
28958.25
29123.25
29698.375
29646.5
29856.875
29800.375
28921.75
28221.875
29450.125
30499.875
30205.5
28558.75
28141.125
27770.75
29237.25
29058.25
28961.375
27726.625
28867.625
31215.0
30741.125
29160.0
28947.375
27437.625
25270.375
24806.0
27167.25
27641.625
27642.125
28333.25
28361.0
29667.0
28933.25
28776.0
29018.375
30545.75
30681.875
29939.25
29276.5
28827.25
28504.125
28209.375
27540.875
28566.875
27784.75
27837.0
28462.625
28604.75
29102.25
28467.0
28824.25
28963.5
26885.375
26181.75
28002.0
28455.75
27831.75
28454.875
28713.125
26217.75
28434.0
30056.875
30345.75
30521.0
30409.75
29871.625
30186.125
30457.0
28231.5
27912.125
29620.875
29421.375
31616.25
30593.5
29460.5
30909.75
29924.5
29918.75
29798.25
30551.25
31348.125
30824.125
29481.75
29747.5
30403.875
30070.375
29899.375
29575.875
28139.5
29818.25
29499.5
31550.5
30826.25
30161.0
30351.375
30522.25
29656.0
28581.5
29085.875
29293.75
28743.375
27827.75
31339.625
30953.5
29423.0
28826.875
29326.0
29805.875
29892.125
28707.5
28756.75
29490.0
28637.0
26243.75
27302.75
29150.375
28143.625
28710.625
28217.375
27885.625
28068.75
30187.0
32412.5
31694.5
31354.75
30925.25
31707.125
32409.75
31705.375
31902.625
31334.875
30607.5
31418.25
31358.0
30320.125
30428.5
30067.875
29010.875
29905.875
30426.0
30513.125
30774.875
30962.0
31015.875
31420.5
30760.125
31048.75
