35.68948686779387
40.391310249998895
40.957091789406995
39.474724587397404
38.99111122870586
40.55800297958518
40.83909071894006
39.36083215623563
40.85347082661732
40.85347082661732
43.41009234972769
40.86466165413534
43.10692821948976
43.01965805528358
43.50383072809544
43.05823936787573
45.38541951252232
45.38541951252232
44.947068232179525
44.125623291230404
44.125623291230404
46.53472444515578
44.9809334369962
46.59521892536244
45.59937188156928
46.936615590722596
41.78045472700737
46.08522071173629
43.76143616185116
41.888746599863524
45.15556283973886
44.97971995453136
44.42238317626332
41.626218106077516
41.285312676997776
41.74693173612253
43.31587323660748
44.176659492606085
41.285313962019075
43.6507887819048
45.29870044845985
41.11028886800294
45.40189676616916
42.44950915596781
45.079117775938464
41.508374312320214
46.6773576138066
46.22345567890122
42.60712512969753
44.52125959079283
47.03622001210052
45.123113183892485
42.96480390214916
44.83256069293644
44.04834566770936
45.220701421314594
44.48511135414595
44.51706144165345
44.51892249320082
45.427224360351914
44.7113134100372
44.774807021912345
45.428237229402214
44.623916940543765
45.040399478068856
45.3630745582244
46.03605865559045
46.15668594204319
46.115389722480415
45.35659065329328
44.2500171706513
44.52838553425556
45.66492127672509
45.66492127672509
45.085034460988055
43.758925265774586
44.5458643227406
46.3201369132574
46.94935407876653
44.772760903552054
43.49548434909311
46.42190947327701
46.50445013933448
46.607053838484546
46.607053838484546
44.37215916225107
46.73192263629625
43.986778697639934
46.110740175505526
47.49290428877794
46.65889299290933
45.68759956571591
47.267398635192905
44.92053846872954
45.484457336846376
43.038324159232474
46.907396289948785
46.60522014592144
45.991796580336946
47.313335407760164
46.312601925964046
46.39712292577537
46.105203522050125
46.76754638851033
46.46072796934865
42.42669635428541
45.266848461238794
45.777469805994315
45.55526408940354
44.697162884063374
46.706674521786304
45.11891071637885
48.12372279907213
45.99324805965438
45.99324805965438
46.96482350628347
46.296351874082966
47.17035643497834
45.43480945277118
44.26605832062861
44.27846114719218
44.92476805486564
44.03691993529302
44.03691993529302
44.03691993529302
44.03567429900218
44.03691993529302
42.152410464639985
47.84650125299479
46.718927782887924
45.39241647878664
45.19647075057428
44.18757427807201
47.97414513836635
46.8780696511354
47.77348529177084
44.38943972412532
47.4778905716691
43.51878174512925
44.9527684420982
41.70001179555579
46.09338308198091
45.10884630535323
45.67433066759387
46.12543568493482
45.20122994798224
43.70254045910133
46.33849792707558
43.477614735991494
48.20165860303774
45.246384140135234
47.82736725244375
44.28898871453771
45.13099580934004
47.15576392292414
45.44845555166563
46.3355046127102
45.6964039426535
46.853113214807976
45.22531459368588
45.99111682447076
44.98341869272579
47.17563444320556
42.16189196026614
48.486479068558054
44.48158535108123
44.552376357653586
44.8976073411088
46.46452476572958
44.08945587925501
45.5818464179701
45.74015378294301
44.10747531039243
43.888765883119916
49.20251726247705
44.84125337869102
43.97540236625433
46.20335554635283
46.20335554635283
44.283338096415484
44.639458821081746
46.20335554635283
46.20335554635283
45.548828056027304
48.29024061674714
45.01250510728392
43.43941006047709
47.63929855935331
44.30302738724702
42.27183325244579
47.25730057701922
46.89391996657773
45.83501084114687
44.16341388997022
47.23144894451996
44.132191687558574
43.114065532542334
44.95518517586042
43.71475891843608
45.06713895008737
44.12056649023883
43.32168202520919
47.541227895887154
41.825700585104045
46.07832409103051
47.32496508410177
43.672507397715876
45.36306807261687
46.16985766170712
45.65166430385964
45.92677610067047
45.552741118389214
44.314897142948205
45.31045455460899
43.36590612974579
43.10913274621988
46.785022219483295
42.32219522471274
44.255924053066124
44.491104430693156
47.886104053173284
43.934721963332834
46.94389538035546
45.93775615344352
44.05603375218166
45.97059437730036
46.92533949551085
46.41002847026134
46.698343143326525
45.576687541141375
44.45205329187991
43.47681303754551
44.17304099462889
46.03073660199401
45.58740929163546
48.129395959010566
42.02478378957901
42.416504156214216
46.75786630293791
45.512097572119686
45.41211763548736
46.18981721353945
46.32018605379382
47.92361331806541
44.787185781713006
44.8420125509193
43.790444348576365
42.75851734674646
46.02593868346433
46.41732683323176
45.05780454258206
42.70630215162033
45.04051518458164
45.78685209843666
44.45045515594688
44.62587532637597
43.967870775297655
46.91695044043565
46.844240167236585
44.576456805215976
41.94556619731732
43.80009073037955
44.86131044184996
44.0682580612858
46.479300026514146
47.219639173024305
45.45141487042088
43.09123850919037
44.11392722081695
49.03354866016991
44.84714441430708
43.795117372927955
44.22589176148716
43.88119549665517
43.88119549665517
46.55096876872044
47.488821247710376
45.261120612126376
46.12916657680868
42.803481629485695
43.420811186073685
47.779515940623135
46.712757631098356
44.86055935653155
45.21245477148871
44.88597192730883
42.55114683389553
46.39219997685453
45.398998319699174
42.542327613628856
43.46198999840047
47.95066941856991
46.81239383974444
45.71786551868154
44.079720140953725
46.38306363489514
45.67611659853237
44.571813573057426
42.986822702895616
47.14930537488944
41.72635112014353
46.24697890129989
45.82264466159541
41.85192865115745
44.663615868852034
48.58126438087664
43.61136139357275
44.33156803761471
46.22307477796463
47.82571540398128
45.83375792933023
43.93629817079838
42.965533650790675
47.40181670236968
47.64721042622256
44.99674999279554
46.621254884932696
46.84051854085018
45.88603102495935
44.843555460613466
46.90876793135809
44.20710337565573
48.06878708419037
46.468494049709705
46.37375414479862
45.52222554475011
44.42796013872257
43.16480413269356
44.50532215887507
44.591697707557316
46.907144258527424
45.36229066481144
48.512619333447674
45.80980333381957
46.44357245495744
45.902451141693916
43.026713558006435
48.57494514346027
46.260951593311454
45.1794234206232
41.43539676544114
46.558103281567575
44.894692462714126
42.46550979445616
47.3344022447139
46.35790100902953
43.61624702032051
45.011909290509344
44.82094785443551
45.915353609977
45.0192861934458
45.09633672372447
45.69180338835649
45.3872609539167
46.35391797973368
45.60433055862326
47.76814922404543
45.06516834645283
46.85472978748867
44.46567194594629
46.500420178766966
45.62128086068571
44.41825328660719
46.412527895047006
43.7992686846416
44.492327365728904
43.681546586896985
47.07161522577344
46.71579144042337
46.71858375400648
48.556283045229165
46.70260732540586
42.591495407543654
46.669628914522626
42.43959813027378
45.02803835764627
44.46804609417732
46.19529682321375
47.65016843741902
47.283071069220306
45.673424530757444
44.455615086271195
45.83831820652222
46.31239029229948
43.292883213072784
44.359651988003684
45.6866457176335
46.412527895047006
44.89958418119084
44.33687901514259
44.80176093200548
45.54609263233191
44.32776981760447
45.54119073852422
46.086402484366246
43.70530154002466
45.08422195992185
44.18974240021063
46.03523441966839
47.28312975075996
44.156970350080144
45.641280429214675
44.70869650596616
45.22645575223391
43.78976520609281
45.28176982342142
44.751842736115066
46.08512815051129
45.91213956900862
46.706764078095546
44.796922122945965
46.56048943014706
46.72892334541549
45.29646265129787
43.67397167267035
43.67397167267035
42.68655117941577
43.36575759566481
44.767156264740805
43.64292880534575
45.85689585689586
47.23774464366112
47.43660207577074
44.435090580330325
43.29441097790699
44.04750900442883
43.013311175390356
44.51001599890755
44.37156862745098
47.38287025496911
45.5604938271605
46.744890486652025
46.55492257292091
47.41508475023762
45.076703099629206
45.849071845162115
46.90452768645317
45.646786529893134
46.40386204047914
45.898102351872424
46.40592722718326
45.85111294105904
43.712311406880644
45.284463826707594
44.73714148669257
46.603044511285795
46.49309329423957
46.63915623068985
44.3784907647837
44.63149471206315
47.794742831728755
46.8378003538331
44.45393262488253
47.152834993633434
47.38171158885502
48.716876062983495
45.277995351970574
46.06695552477412
46.4966518716166
47.01520593850245
45.16688423046405
46.81824695797181
45.9057825771052
46.26398818775256
44.695190993486996
46.7874643226996
47.378846508199736
44.20138386178273
47.486459974025266
45.438393202008484
47.51076424035691
47.25304452262961
46.1498598333794
44.67593733823058
47.38868610069135
45.532714537896474
45.09591114419137
46.1456825856247
46.678421825212126
46.52859125518857
45.86631679150278
47.341421708329946
45.91251923576237
46.081230309526134
45.1337886077914
47.604389721627406
43.705035971223026
43.92738472242215
48.62496011486918
46.04318439704648
44.160928272110176
47.74649546874226
44.63565812542359
43.56526798138285
46.028214205298845
45.92858600806246
45.169102678036815
45.83651121404345
47.26495975078123
46.04395405148357
47.40425793077112
