448434.0
448434.0
369670.0
317830.0
311537.0
302877.0
279787.0
279787.0
273127.0
182636.0
182636.0
182636.0
182636.0
182636.0
168605.0
148780.0
148780.0
148780.0
148780.0
142270.0
112959.0
112959.0
112959.0
112959.0
112959.0
112959.0
112959.0
112959.0
112959.0
112959.0
96138.0
88710.0
88710.0
88710.0
88710.0
88710.0
88710.0
88710.0
88710.0
88710.0
68918.0
68918.0
68918.0
68918.0
68918.0
64678.0
64678.0
59588.0
59588.0
59588.0
58835.0
58835.0
58835.0
58835.0
58835.0
57275.0
57275.0
57275.0
57275.0
57275.0
57275.0
57275.0
57275.0
52855.0
52855.0
52855.0
52855.0
52855.0
52855.0
52855.0
52855.0
52855.0
52855.0
52855.0
52855.0
52855.0
52855.0
52855.0
52855.0
52855.0
52855.0
52855.0
52855.0
52855.0
52855.0
52855.0
52855.0
52855.0
52855.0
52855.0
52855.0
52855.0
52855.0
52855.0
52855.0
52855.0
52855.0
52855.0
52800.0
52800.0
52800.0
52800.0
52800.0
52800.0
52800.0
52800.0
52800.0
52800.0
52800.0
52800.0
52800.0
51332.0
51332.0
51332.0
51332.0
51332.0
43230.0
43230.0
40905.0
40905.0
40905.0
40905.0
40905.0
40905.0
40905.0
40905.0
13145.0
13145.0
13145.0
13145.0
13145.0
13145.0
13145.0
13145.0
13145.0
13145.0
13145.0
13145.0
12535.0
12535.0
12535.0
12535.0
12535.0
12535.0
12535.0
12535.0
12535.0
12535.0
12535.0
12535.0
12535.0
12535.0
12535.0
12535.0
12535.0
12535.0
12535.0
12535.0
12535.0
12535.0
12535.0
12535.0
12535.0
12535.0
12535.0
12535.0
12535.0
12535.0
12535.0
12535.0
12535.0
12535.0
12535.0
12535.0
12535.0
12535.0
12535.0
12535.0
12535.0
12535.0
12535.0
12535.0
12535.0
12535.0
12535.0
12535.0
12535.0
12535.0
12535.0
12535.0
12535.0
12535.0
12535.0
12535.0
12535.0
12535.0
12535.0
12535.0
12535.0
12535.0
12535.0
12535.0
12535.0
12535.0
12535.0
12535.0
12535.0
12535.0
12535.0
12535.0
12535.0
12535.0
12535.0
12375.0
12375.0
12375.0
12375.0
12375.0
12375.0
12375.0
12375.0
12375.0
12375.0
12375.0
12375.0
12375.0
12375.0
12375.0
12375.0
12375.0
12375.0
12375.0
12375.0
12375.0
12375.0
12375.0
12375.0
12375.0
12375.0
11795.0
11795.0
11795.0
11795.0
11795.0
11795.0
11795.0
11795.0
11795.0
11795.0
11795.0
11795.0
11795.0
11795.0
11795.0
11795.0
11795.0
11795.0
11795.0
11795.0
11795.0
11795.0
11795.0
11795.0
11795.0
11795.0
11795.0
11795.0
11795.0
11795.0
11795.0
11795.0
11795.0
11795.0
11795.0
11795.0
11795.0
11795.0
11795.0
11795.0
11795.0
11795.0
11795.0
11795.0
11795.0
11185.0
11185.0
11185.0
11185.0
11185.0
11185.0
11185.0
11185.0
11185.0
11185.0
11185.0
11185.0
10705.0
10705.0
10705.0
10705.0
10705.0
10705.0
10705.0
10705.0
10705.0
10705.0
10705.0
10705.0
10705.0
10705.0
10705.0
10705.0
10705.0
10705.0
10705.0
10705.0
10705.0
10705.0
10705.0
10705.0
10575.0
10575.0
10575.0
10575.0
10575.0
10575.0
10575.0
10575.0
10575.0
10575.0
10575.0
10575.0
10575.0
10575.0
10575.0
10575.0
10575.0
10575.0
10575.0
10575.0
10575.0
10575.0
10575.0
10575.0
10575.0
10575.0
10575.0
10575.0
10575.0
10575.0
10575.0
10575.0
10575.0
10575.0
10575.0
10575.0
10575.0
10575.0
10575.0
10575.0
10575.0
10575.0
10575.0
10575.0
2830.0
2830.0
2830.0
2830.0
2830.0
2830.0
2830.0
2830.0
2830.0
2830.0
2830.0
2830.0
2830.0
2830.0
2830.0
2830.0
2830.0
2830.0
2830.0
2830.0
2830.0
2830.0
2830.0
2830.0
2830.0
2830.0
2830.0
2830.0
2830.0
2830.0
2830.0
2830.0
2830.0
2830.0
2830.0
2830.0
540.0
540.0
540.0
540.0
540.0
540.0
540.0
540.0
540.0
540.0
540.0
0.0
0.0
0.0
0.0
0.0
0.0
0.0
0.0
0.0
0.0
0.0
0.0
0.0
0.0
0.0
0.0
0.0
0.0
0.0
0.0
0.0
0.0
0.0
0.0
0.0
0.0
0.0
0.0
0.0
0.0
0.0
0.0
0.0
0.0
0.0
0.0
0.0
0.0
0.0
0.0
0.0
0.0
0.0
0.0
0.0
0.0
0.0
0.0
0.0
0.0
0.0
0.0
0.0
0.0
0.0
0.0
0.0
0.0
0.0
0.0
0.0
0.0
0.0
0.0
0.0
0.0
0.0
0.0
0.0
0.0
0.0
0.0
0.0
0.0
0.0
0.0
0.0
0.0
0.0
0.0
0.0
0.0
0.0
0.0
0.0
0.0
0.0
0.0
0.0
0.0
