40.391310249998895
40.957091789406995
42.00316390693453
39.474724587397404
40.83909071894006
40.83909071894006
40.85347082661732
40.85347082661732
40.85347082661732
43.41009234972769
43.41009234972769
43.50383072809544
43.50383072809544
43.50383072809544
45.38541951252232
45.38541951252232
45.38541951252232
45.38541951252232
48.10823361813414
44.125623291230404
47.000160149286984
47.000160149286984
47.000160149286984
47.000160149286984
47.04189958459408
47.04189958459408
48.05966972590442
47.13617674625306
48.05966972590442
48.688356594119035
48.18723740255498
45.10993504238488
45.10993504238488
45.10993504238488
45.10993504238488
45.10993504238488
47.87634601171684
45.40866881713716
47.88548375607443
47.986577181208055
47.986577181208055
48.36370436553286
48.36370436553286
48.53438040609785
48.53438040609785
48.10781215087015
48.10781215087015
47.902790309733085
47.86782402235113
47.86782402235113
47.5686660625098
47.08448282624897
48.82148953122847
48.82148953122847
48.82148953122847
47.393302885457175
47.393302885457175
47.02595384038545
47.02595384038545
47.18710871400977
47.55397722094162
47.55397722094162
47.85517984996614
47.85517984996614
47.85517984996614
47.85517984996614
46.18744054950185
46.18744054950185
46.18744054950185
46.18744054950185
46.18744054950185
46.18744054950185
45.66492127672509
46.18744054950185
47.93583141358882
48.48420750970612
48.48420750970612
48.748723906079476
49.277642708541634
49.277642708541634
49.55199113103821
49.55199113103821
49.6326818435372
46.607053838484546
49.80008182860595
49.80008182860595
49.80008182860595
50.31954339189989
47.624880389350906
48.9505413743924
50.31954339189989
50.31954339189989
50.31954339189989
49.74598233689036
49.74598233689036
50.31954339189989
47.00389390036986
47.00389390036986
50.315429483132085
47.313335407760164
48.910282592042684
48.910282592042684
48.15903162630359
48.15903162630359
48.15903162630359
48.910282592042684
45.777469805994315
45.777469805994315
45.777469805994315
48.841686895671366
47.55843657756502
48.42513171071538
48.42513171071538
45.99324805965438
48.42513171071538
47.17035643497834
47.17035643497834
51.0392749244713
46.804153773875285
46.804153773875285
46.804153773875285
46.710191650331296
44.03691993529302
44.03691993529302
44.03691993529302
44.03691993529302
48.169925376245466
52.85422856640669
52.85422856640669
52.85422856640669
52.85422856640669
52.85422856640669
52.85422856640669
52.85422856640669
50.36931102716316
51.73322840842023
52.85422856640669
52.85422856640669
51.840108155571194
47.05552883189794
47.05552883189794
47.05552883189794
47.05552883189794
47.05552883189794
47.05552883189794
47.05552883189794
49.86101441860076
51.48441331241893
51.502325047561754
51.502325047561754
51.502325047561754
51.840108155571194
51.845857404684416
51.845857404684416
51.86589266674565
51.86589266674565
51.67599322633923
51.86589266674565
51.86589266674565
51.86589266674565
51.86589266674565
51.86589266674565
51.86589266674565
51.35946915559744
51.86589266674565
51.86589266674565
51.86589266674565
51.86589266674565
51.86589266674565
51.86589266674565
49.52250212956584
49.52250212956584
49.52250212956584
49.52250212956584
49.52250212956584
49.52250212956584
51.86589266674565
46.20335554635283
46.20335554635283
46.20335554635283
46.20335554635283
46.20335554635283
46.20335554635283
50.961152916003634
50.961152916003634
50.961152916003634
51.86589266674565
51.86589266674565
51.89725220736322
51.89725220736322
51.89725220736322
51.89725220736322
51.89725220736322
51.89725220736322
51.89725220736322
51.89725220736322
51.89725220736322
50.01053399784601
51.89725220736322
51.918855446455325
51.918855446455325
51.918855446455325
49.725899961792116
50.84641709996574
52.14046286681951
51.047559004653486
51.047559004653486
52.14046286681951
50.773035764385256
50.773035764385256
51.270539811043115
51.270539811043115
51.270539811043115
52.14046286681951
52.14046286681951
48.924864063272366
48.924864063272366
49.76714149774156
52.49180947580645
52.49180947580645
52.49180947580645
52.49180947580645
52.8288095305204
52.88912690135948
52.893824515910815
52.906038313744276
52.906038313744276
52.96748311207569
52.10173624496677
52.10173624496677
52.10173624496677
52.10173624496677
47.423989616567376
52.10173624496677
53.11453539044939
50.115988815679216
50.115988815679216
53.11453539044939
48.3453893328058
53.11453539044939
51.844078014310455
47.15547956391464
54.01298420661988
54.01298420661988
54.01298420661988
54.01298420661988
54.25293835790186
54.25293835790186
54.25293835790186
54.25293835790186
53.37474295569624
53.37474295569624
54.25293835790186
54.28657327808939
54.29033136973045
54.29033136973045
54.29033136973045
51.93483370745702
53.6826479513703
54.29033136973045
54.317451223781774
54.317451223781774
54.317451223781774
54.317451223781774
54.317451223781774
54.30837020960756
54.34651483976437
54.38052556911601
54.38052556911601
54.38052556911601
54.38052556911601
54.51863543692513
54.51863543692513
43.88119549665517
54.51863543692513
54.51863543692513
54.51863543692513
54.51863543692513
46.78450242067396
54.79222450839464
50.08397293753086
50.08397293753086
53.794005531056136
53.794005531056136
54.79222450839464
51.24213991545627
49.68012722175202
54.34689064892848
54.34689064892848
54.5689938649154
54.5689938649154
54.5689938649154
46.81239383974444
54.5689938649154
53.84955133348547
54.5689938649154
53.67693602317493
50.11190469821398
53.67693602317493
53.67693602317493
53.73409143376302
53.73409143376302
53.73409143376302
53.73409143376302
53.73409143376302
53.687734113774646
53.73409143376302
53.81284302555052
53.81284302555052
53.565671581230475
53.565671581230475
53.565671581230475
53.81284302555052
53.81284302555052
53.58272255773174
52.50378271917308
53.58272255773174
53.58272255773174
53.81284302555052
53.81284302555052
53.348152781811535
53.348152781811535
53.348152781811535
53.348152781811535
52.281837367742675
48.18289189666174
52.69702957583712
53.96203330210863
54.33105159011939
54.33105159011939
54.50450194563581
54.5403516810814
54.5403516810814
54.5403516810814
54.5403516810814
54.5403516810814
54.5403516810814
54.56509595629657
53.92044367947982
53.92044367947982
53.92044367947982
53.92044367947982
54.56509595629657
54.663497336617226
54.663497336617226
54.7408213528839
54.7408213528839
54.7408213528839
54.75781354411288
54.770032647917986
54.770032647917986
51.739836990505744
54.81147757754354
54.81147757754354
54.81509059319931
54.81509059319931
54.81509059319931
54.81509059319931
54.81509059319931
55.28819132462865
55.28819132462865
55.28819132462865
55.28819132462865
55.28819132462865
54.79306079113216
54.79306079113216
54.79306079113216
52.647747579447525
52.647747579447525
49.174305175966026
49.174305175966026
47.66045904343046
49.174305175966026
53.440922033476944
54.39821763419398
52.9486824176078
54.39821763419398
54.750202117608104
53.40887840316436
53.40887840316436
54.750202117608104
54.750202117608104
54.750202117608104
54.750202117608104
54.750202117608104
54.750202117608104
54.750202117608104
54.750202117608104
54.750202117608104
54.473664836463534
54.473664836463534
54.79306079113216
54.79306079113216
54.79306079113216
54.79306079113216
54.79306079113216
55.000535733419056
55.14820334492466
55.14820334492466
55.14820334492466
53.04558244019743
53.04558244019743
53.04558244019743
53.13243097528447
53.48096576895593
53.48096576895593
53.48096576895593
53.48096576895593
47.789879227567496
52.338775584330676
52.338775584330676
48.81693325415636
48.81693325415636
48.81693325415636
43.67397167267035
43.67397167267035
48.68006961282617
48.68006961282617
46.83228853585231
48.68006961282617
48.81693325415636
49.532432013207796
49.55304831095787
49.58829912371087
48.452174341174015
49.59669056852406
49.59669056852406
50.06834435348065
50.06834435348065
50.06834435348065
52.299036971942634
52.299036971942634
53.946632763962256
54.59759834053323
54.59759834053323
55.57145323078692
55.70670161146424
55.70670161146424
55.70670161146424
55.70670161146424
55.524790666144725
55.70670161146424
55.70670161146424
47.44841669003665
47.44841669003665
52.31391448145524
52.31391448145524
54.861733336147324
51.994509440308356
55.70670161146424
55.70670161146424
55.70670161146424
55.70670161146424
51.67782748432391
55.70670161146424
55.70670161146424
55.752748928920205
55.752748928920205
52.192372063432394
55.053612267086564
55.46341828423858
55.958618810712906
55.958618810712906
55.958618810712906
55.958618810712906
55.958618810712906
55.958618810712906
56.012148817255465
56.012148817255465
56.088702482526
56.088702482526
56.088702482526
56.088702482526
56.12534847266804
56.12534847266804
56.12534847266804
56.12534847266804
56.12534847266804
56.12534847266804
56.12534847266804
56.12534847266804
56.12534847266804
56.128226430009036
56.22396647755289
56.22396647755289
56.22396647755289
56.22396647755289
56.22396647755289
56.22396647755289
56.22396647755289
56.22396647755289
56.22396647755289
56.30547627712759
56.30547627712759
56.30547627712759
56.30547627712759
56.30547627712759
56.32271534468557
56.32271534468557
56.32271534468557
56.32271534468557
