896401.5642857143
762334.9214285715
665790.1642857143
558317.6214285714
493661.0857142857
492152.72857142857
467335.6642857143
444819.6642857143
471843.27857142856
440038.77142857143
458841.65714285715
455460.57857142854
459735.8714285714
460890.9857142857
437585.17142857146
453310.0857142857
460231.1357142857
462874.35
426989.6142857143
459548.0071428571
447282.6928571428
468199.28571428574
439812.3357142857
414649.65714285715
387850.9357142857
399316.1285714286
358954.54285714286
395318.3071428572
408090.0142857143
372701.97142857144
389473.2428571429
378796.54285714286
371221.4857142857
403166.35
346262.02142857143
332596.17142857146
316989.54285714286
356870.2642857143
327775.6142857143
347753.70714285714
376623.8142857143
377567.3857142857
355679.70714285714
345368.9
409029.8214285714
351720.2357142857
378290.6214285714
357183.09285714285
379918.3071428572
343692.7571428571
407792.20714285714
344866.54285714286
351543.85
389475.39285714284
365565.8214285714
385361.45
369117.84285714285
359775.52142857143
345833.0857142857
361105.45714285714
391976.96428571426
383761.1642857143
374718.40714285715
390963.4285714286
358095.6285714286
368408.25
386875.3642857143
411285.22857142857
353133.32857142854
363973.53571428574
396533.29285714286
397103.2571428571
391906.27142857143
379581.8857142857
354231.6
384760.29285714286
385145.2571428571
396507.53571428574
394257.6357142857
376251.8357142857
391272.53571428574
417757.97142857144
384644.27142857143
411571.09285714285
396807.0642857143
418098.27142857143
417620.6142857143
343963.2642857143
384337.20714285714
395939.3714285714
397483.8714285714
421134.6285714286
437278.0571428572
444636.4
466237.96428571426
421684.97857142857
464578.6642857143
442238.5142857143
414377.27857142856
384934.35714285716
410005.5071428571
393349.72857142857
413337.95714285714
405120.7571428571
420034.2642857143
406239.1285714286
399523.82857142854
403349.8642857143
391956.02857142856
384153.2357142857
360201.7
415667.97857142857
373764.97142857144
428578.8
394640.1
373041.65714285715
397349.1142857143
407213.79285714286
364387.5142857143
394130.95
384776.8642857143
371538.9285714286
386585.1142857143
381925.89285714284
407980.45714285714
343486.5571428572
324366.2
365133.5142857143
387357.5
381578.78571428574
341075.7571428571
375183.6
393485.4928571429
352211.45714285714
410092.57857142854
396516.02857142856
370726.3714285714
389669.1785714286
358019.8785714286
358981.9285714286
392265.7
372766.6357142857
343333.90714285715
362773.22857142857
326406.95714285714
372050.2357142857
394606.6857142857
373471.0642857143
333073.6
366857.55
381723.27857142856
366292.3071428572
371735.1357142857
375996.65
367569.4
334302.0857142857
379393.97142857144
359256.8357142857
389370.32857142854
359545.22142857144
374046.0857142857
387286.6785714286
382887.1214285714
389756.7
362771.55
384749.3071428572
377644.65
408016.75
334386.02857142856
416001.57857142854
367113.9
369563.6285714286
402954.32857142854
397292.5071428571
411465.1142857143
364176.5
394640.04285714286
412262.84285714285
382303.20714285714
364575.5714285714
409634.2642857143
397563.4142857143
380664.47857142857
355406.10714285716
406517.72142857144
415769.65714285715
378328.1357142857
378598.75
376389.1214285714
363497.8785714286
391593.17142857146
418646.92142857146
380693.3357142857
385600.84285714285
361995.67142857146
364649.97857142857
373764.2642857143
391693.0857142857
338299.03571428574
339650.6642857143
356075.65714285715
370365.6357142857
373195.7428571429
383257.55
322596.35714285716
356360.46428571426
377961.09285714285
350402.55
358183.27857142856
386001.70714285714
360122.8714285714
374710.70714285714
379805.65714285715
379588.75
353888.45
351667.97857142857
331377.20714285714
352377.89285714284
307527.0571428572
316685.65714285715
329022.39285714284
321401.77142857143
342504.6642857143
306288.35
319739.96428571426
321548.3857142857
303285.0071428571
323532.5571428572
284489.28571428574
325913.4928571429
317965.71428571426
318841.4428571428
327915.47857142857
311461.4142857143
291981.6214285714
328907.2357142857
301648.15714285715
277903.25
258622.34285714285
309788.40714285715
328753.9428571428
305764.7357142857
313890.35
322832.9285714286
309624.3857142857
325375.6857142857
281075.0857142857
287540.1357142857
291864.0642857143
328328.75
335765.9357142857
309013.9
309421.0571428572
306997.2428571429
310215.96428571426
280447.1285714286
322528.04285714286
301167.9
333370.1857142857
306532.75
291337.8142857143
329330.05
331990.78571428574
336262.22142857144
324820.27857142856
373111.27142857143
274273.15
320256.78571428574
323446.52142857143
350087.65
345521.67142857146
323159.6
329134.35
335815.1357142857
340227.1357142857
333187.7
334093.07857142854
343898.2
359748.9
331105.65
376339.02142857143
383918.3
352391.8142857143
363154.29285714286
345260.55
332487.42142857146
347627.52142857143
328816.7642857143
302575.92142857146
310972.79285714286
329093.8142857143
302647.0714285714
317107.3857142857
258545.35714285713
292200.17142857146
333004.5142857143
302619.97142857144
350104.6928571428
317882.4928571429
350942.1785714286
320306.42142857146
343066.15714285715
312876.6642857143
321221.7
319750.6785714286
316666.6
326497.3071428572
302682.64285714284
332391.3642857143
326768.6357142857
312690.0714285714
332931.75
346856.6
311780.64285714284
339833.22857142857
330747.6857142857
341337.0071428571
333770.8071428572
313217.47857142857
338411.1357142857
347831.2357142857
337512.1928571428
326441.54285714286
312422.1214285714
292248.97857142857
335181.8714285714
358765.8714285714
305434.65714285715
308431.05
335121.8714285714
317052.53571428574
319619.97857142857
340500.1
319375.6642857143
354848.5
348572.4142857143
316062.0857142857
299482.52142857143
350598.6357142857
280538.21428571426
346664.1785714286
299429.6285714286
287401.8071428572
316244.8142857143
311402.5642857143
333863.1642857143
301409.4428571428
284588.47142857144
307220.1285714286
295265.9357142857
292541.59285714285
338886.8714285714
287354.21428571426
300903.7428571429
274594.14285714284
289494.9285714286
269014.4
298910.03571428574
295304.04285714286
267747.97142857144
293115.42142857146
252096.13571428572
314768.9857142857
269903.03571428574
278809.97857142857
289817.2571428571
288238.27142857143
281153.4928571429
272711.79285714286
281155.09285714285
253695.02142857143
295536.82857142854
278789.7428571429
256440.2
276355.60714285716
302768.0642857143
287213.3142857143
272797.2428571429
271760.5642857143
295209.78571428574
273054.0571428572
257471.0357142857
265504.77142857143
287226.4357142857
293671.2357142857
277399.6928571428
249453.85714285713
266718.45
257251.60714285713
277948.5071428571
282034.15
279241.0857142857
292486.0642857143
278683.3642857143
269621.6142857143
268348.04285714286
256907.55714285714
266600.55
283847.53571428574
243107.0357142857
291663.03571428574
258697.01428571428
307838.97142857144
278109.1857142857
293611.72857142857
305157.6142857143
290809.1857142857
262023.48571428572
288852.8857142857
287525.72857142857
235943.60714285713
261107.5642857143
298174.8
223545.67857142858
285640.8857142857
264715.0714285714
254244.07857142857
260545.51428571428
239945.22857142857
276323.57857142854
263355.84285714285
242495.57142857142
238333.13571428572
251159.50714285715
280650.40714285715
278751.45714285714
240471.17142857143
274705.6285714286
281633.0
278664.02857142856
254760.67857142858
328575.03571428574
295279.59285714285
285056.6357142857
305654.6785714286
254674.0
277256.67142857146
299840.45714285714
269214.27142857143
305533.90714285715
292612.5642857143
284997.7
306445.1285714286
279940.04285714286
308384.0714285714
285370.0142857143
328963.0857142857
273504.4142857143
313259.1642857143
285876.1857142857
286290.1357142857
280597.22142857144
288435.5714285714
309916.22857142857
335981.39285714284
311459.82857142854
307431.2357142857
337539.67142857146
325937.3785714286
275828.17142857146
295795.02142857143
298929.9
320757.2642857143
304518.35
319272.59285714285
304630.5
322000.4428571428
321736.07857142854
299658.5642857143
264063.2
307966.64285714284
317991.70714285714
295190.70714285714
278306.67142857146
266661.53571428574
305430.7642857143
270514.04285714286
298226.3142857143
274093.82857142854
303930.5857142857
328486.7
326508.6928571428
295029.6214285714
323038.20714285714
301184.8785714286
328566.79285714286
329305.71428571426
318046.15714285715
340288.6142857143
313531.2
331925.28571428574
305402.1214285714
311812.6285714286
323559.75
315131.57857142854
311331.5571428572
337297.22857142857
304418.6642857143
323051.9357142857
322921.54285714286
344333.53571428574
