1116658.0
1133474.0
856076.0
626255.0
542978.0
542978.0
583397.0
583397.0
609199.0
656949.0
656949.0
656949.0
665208.0
665208.0
665208.0
665208.0
667309.0
678719.0
678719.0
678719.0
668884.0
668884.0
681301.0
681301.0
681301.0
641432.0
641432.0
641432.0
626339.0
626339.0
615451.0
619219.0
619219.0
594626.0
594626.0
594626.0
594626.0
582687.0
582687.0
579571.0
562211.0
557366.0
555480.0
555480.0
555480.0
555480.0
555480.0
555480.0
586799.0
609879.0
609879.0
609879.0
609879.0
609879.0
610892.0
610892.0
636611.0
636611.0
636611.0
636611.0
636611.0
636611.0
636611.0
636611.0
636611.0
636611.0
636611.0
636611.0
636611.0
636611.0
636611.0
639447.0
609879.0
609879.0
609879.0
609879.0
609879.0
601941.0
602121.0
602121.0
608199.0
608199.0
608199.0
601941.0
601941.0
601941.0
620944.0
620944.0
620944.0
620944.0
615890.0
615890.0
615890.0
615890.0
615890.0
615890.0
615890.0
615890.0
615890.0
651324.0
651324.0
618420.0
615890.0
615890.0
615890.0
615890.0
615890.0
615890.0
615890.0
615890.0
615890.0
621116.0
621116.0
669609.0
669609.0
669609.0
669609.0
669609.0
669609.0
669609.0
607476.0
607476.0
607476.0
607476.0
607476.0
607476.0
607476.0
607476.0
607476.0
607476.0
607476.0
607476.0
607476.0
607476.0
607476.0
621721.0
621721.0
621721.0
621721.0
603784.0
603784.0
603784.0
603784.0
603784.0
603784.0
603784.0
603784.0
603784.0
603784.0
603784.0
603784.0
603784.0
603784.0
607984.0
607984.0
607984.0
607984.0
607984.0
607984.0
607984.0
607984.0
607984.0
606744.0
606744.0
606744.0
606744.0
606744.0
606744.0
606744.0
606744.0
606744.0
606744.0
606744.0
606744.0
606744.0
606744.0
606744.0
606744.0
630140.0
630140.0
630140.0
630140.0
630140.0
630140.0
630140.0
630140.0
630140.0
630140.0
630140.0
630140.0
630140.0
630140.0
630140.0
630140.0
630140.0
630140.0
630140.0
630140.0
630140.0
630140.0
630140.0
630140.0
630140.0
630140.0
630140.0
630140.0
610839.0
610839.0
610839.0
606744.0
606744.0
606744.0
606744.0
606744.0
606744.0
606744.0
606744.0
606744.0
606744.0
606744.0
606744.0
606744.0
606744.0
606744.0
514369.0
514369.0
514369.0
514369.0
514369.0
514369.0
514369.0
514369.0
490513.0
490513.0
495905.0
490513.0
490513.0
490513.0
490513.0
490513.0
490513.0
490513.0
490513.0
490513.0
490513.0
490513.0
490513.0
490513.0
490513.0
490513.0
494255.0
494255.0
494255.0
494255.0
494255.0
495225.0
494255.0
494255.0
494255.0
494255.0
494255.0
490513.0
490513.0
490513.0
490513.0
490513.0
490513.0
490513.0
490513.0
490513.0
488844.0
488844.0
488844.0
488844.0
488844.0
488844.0
488844.0
488844.0
488844.0
488844.0
488844.0
488844.0
488844.0
488844.0
488844.0
488844.0
482749.0
482749.0
482749.0
482749.0
482749.0
482749.0
488874.0
488874.0
488874.0
482749.0
482749.0
482749.0
482749.0
482749.0
482749.0
482749.0
482749.0
482749.0
482749.0
479709.0
479709.0
479709.0
479709.0
479709.0
479709.0
479709.0
479709.0
479709.0
479709.0
479709.0
479709.0
485090.0
485090.0
485090.0
485090.0
485090.0
485090.0
485090.0
485090.0
485090.0
489392.0
489392.0
489392.0
489392.0
489392.0
489392.0
479709.0
479709.0
479709.0
479709.0
479709.0
479709.0
479709.0
479709.0
479709.0
479709.0
479709.0
479709.0
479709.0
479709.0
479709.0
479709.0
479709.0
479709.0
479709.0
479709.0
479709.0
475595.0
475595.0
453586.0
453586.0
453586.0
453586.0
453586.0
453586.0
530500.0
453586.0
453586.0
453586.0
453586.0
453586.0
453586.0
453586.0
453586.0
453586.0
453586.0
453586.0
453586.0
461746.0
461746.0
461746.0
461746.0
509075.0
453586.0
453586.0
453586.0
453586.0
453586.0
453586.0
453586.0
453586.0
453586.0
453586.0
453586.0
453586.0
453586.0
455996.0
455996.0
455996.0
455996.0
455504.0
455504.0
455504.0
455504.0
455504.0
455504.0
455504.0
455504.0
455504.0
455504.0
455504.0
455504.0
455504.0
455504.0
455504.0
455504.0
455504.0
455504.0
455504.0
455504.0
455504.0
455504.0
455504.0
455504.0
455504.0
455504.0
455504.0
455504.0
455504.0
455504.0
455504.0
455504.0
455504.0
455504.0
455504.0
455504.0
455504.0
455504.0
455504.0
455504.0
455504.0
455504.0
455504.0
455504.0
455504.0
455504.0
458649.0
458649.0
458649.0
458649.0
458649.0
458649.0
455504.0
455504.0
458649.0
458649.0
458649.0
458649.0
458649.0
455504.0
455504.0
455504.0
455504.0
488892.0
488892.0
488892.0
488892.0
488892.0
488892.0
488892.0
488892.0
488892.0
488892.0
488892.0
488892.0
488892.0
488892.0
488892.0
488892.0
488892.0
488892.0
488892.0
488892.0
488892.0
488892.0
488892.0
489847.0
489847.0
489847.0
489847.0
488892.0
488892.0
488892.0
488892.0
488892.0
488892.0
488892.0
488892.0
488892.0
488892.0
488892.0
488892.0
488892.0
488892.0
488892.0
