51.90001469374838
56.65488437304683
57.17241845301441
57.64706378741466
57.64706378741466
57.64706378741466
57.89369082137733
57.89369082137733
58.78615842119491
58.877345657556525
58.877345657556525
59.19821960241797
60.5249086534177
60.5249086534177
60.5249086534177
60.5249086534177
60.728029053635815
60.728029053635815
60.728029053635815
60.728029053635815
61.07988391629753
61.07988391629753
61.07988391629753
61.07988391629753
61.2461586346878
61.2461586346878
61.2461586346878
61.2461586346878
61.76947292958888
61.90038951337507
62.04451758033034
62.04451758033034
62.27362644095688
62.27362644095688
63.62955702578345
63.62955702578345
63.62955702578345
63.62955702578345
63.92882100429271
63.92882100429271
63.92882100429271
63.92882100429271
63.92882100429271
63.92882100429271
63.92882100429271
63.92882100429271
63.92882100429271
63.92882100429271
64.1941711494102
64.6827033322608
64.6827033322608
64.6827033322608
64.6827033322608
64.6827033322608
64.6827033322608
64.6827033322608
64.6827033322608
64.6827033322608
64.6827033322608
64.6827033322608
64.6827033322608
64.6827033322608
64.6827033322608
64.6827033322608
64.6827033322608
64.6827033322608
64.6827033322608
64.6827033322608
64.6827033322608
64.6827033322608
64.6827033322608
64.6827033322608
64.99925224665891
64.99925224665891
64.99925224665891
64.99925224665891
64.99925224665891
64.99925224665891
65.34231241587776
65.34231241587776
65.34231241587776
65.34231241587776
65.34231241587776
65.34231241587776
65.34231241587776
65.34231241587776
65.34231241587776
65.34231241587776
65.543299450288
65.543299450288
65.543299450288
65.543299450288
65.543299450288
65.543299450288
65.543299450288
65.543299450288
65.543299450288
65.543299450288
65.543299450288
65.543299450288
65.543299450288
65.543299450288
65.6282714208673
65.6282714208673
65.6282714208673
65.6282714208673
65.6282714208673
65.6282714208673
65.6282714208673
65.6282714208673
65.6282714208673
65.6282714208673
65.6282714208673
65.78450500346152
65.78450500346152
65.78450500346152
65.8578090373922
65.99829602874999
65.99829602874999
65.99829602874999
65.99829602874999
65.99829602874999
65.99829602874999
65.99829602874999
65.99829602874999
65.99829602874999
65.99829602874999
65.99829602874999
66.12971934324598
66.12971934324598
66.12971934324598
66.12971934324598
66.1713978290452
66.1713978290452
66.19128995944718
66.19128995944718
66.19128995944718
66.19128995944718
66.19128995944718
66.31493763365025
66.31493763365025
66.31493763365025
66.31493763365025
66.31493763365025
66.31493763365025
66.31493763365025
66.31493763365025
66.31493763365025
66.31493763365025
66.31493763365025
66.31493763365025
66.31493763365025
66.31493763365025
66.56177624480252
66.56177624480252
66.56177624480252
66.56177624480252
66.56177624480252
66.56177624480252
66.56177624480252
66.56177624480252
66.74687698926867
66.80895345844941
66.80895345844941
66.80895345844941
66.80895345844941
66.80895345844941
66.80895345844941
66.80895345844941
66.80895345844941
66.80895345844941
66.80895345844941
66.80895345844941
66.80895345844941
66.80895345844941
66.80895345844941
66.80895345844941
66.80895345844941
66.80895345844941
66.80895345844941
66.80895345844941
66.80895345844941
66.80895345844941
66.80895345844941
66.80895345844941
66.80895345844941
66.80895345844941
66.80895345844941
66.80895345844941
66.80895345844941
66.80895345844941
66.80895345844941
66.80895345844941
66.80895345844941
66.80895345844941
66.80895345844941
66.80895345844941
66.80895345844941
66.80895345844941
66.80895345844941
66.80895345844941
66.80895345844941
66.80895345844941
66.90178308935046
66.90178308935046
66.90178308935046
66.90178308935046
66.90178308935046
66.90178308935046
66.90178308935046
66.90178308935046
66.90178308935046
66.90178308935046
66.90178308935046
66.90178308935046
66.90178308935046
66.90178308935046
66.90178308935046
66.90178308935046
66.90178308935046
66.90178308935046
66.90178308935046
67.06290556423575
67.06290556423575
67.06290556423575
67.06290556423575
67.06290556423575
67.06290556423575
67.10630650920334
67.10630650920334
67.10630650920334
67.10630650920334
67.10630650920334
67.10630650920334
67.10630650920334
67.10630650920334
67.10630650920334
67.10630650920334
67.10630650920334
67.10630650920334
67.10630650920334
67.10630650920334
67.10630650920334
67.10630650920334
67.10630650920334
67.10630650920334
67.10630650920334
67.10630650920334
67.10630650920334
67.12343228748786
67.12343228748786
67.12343228748786
67.12343228748786
67.12343228748786
67.12343228748786
67.12343228748786
67.12343228748786
67.12343228748786
67.12343228748786
67.12343228748786
67.12343228748786
67.12343228748786
67.12343228748786
67.12343228748786
67.12343228748786
67.12343228748786
67.12343228748786
67.12343228748786
67.12343228748786
67.12343228748786
67.2794410896687
67.2794410896687
67.2794410896687
67.2794410896687
67.2794410896687
67.2794410896687
67.2794410896687
67.2794410896687
67.2794410896687
67.2794410896687
67.2794410896687
67.2794410896687
67.2930478724153
67.2930478724153
67.2930478724153
67.2930478724153
67.40565572962853
67.40565572962853
67.40565572962853
67.40565572962853
67.40565572962853
67.40565572962853
67.40565572962853
67.40565572962853
67.40565572962853
67.40565572962853
67.40565572962853
67.40565572962853
67.40565572962853
67.40565572962853
67.78880193558369
67.78880193558369
67.78880193558369
67.78880193558369
67.78880193558369
67.78880193558369
67.78880193558369
67.78880193558369
67.78880193558369
67.78880193558369
67.78880193558369
67.78880193558369
67.78880193558369
67.78880193558369
67.78880193558369
67.78880193558369
67.78880193558369
67.78880193558369
67.78880193558369
67.78880193558369
67.78880193558369
67.78880193558369
67.78880193558369
67.78880193558369
67.78880193558369
67.78880193558369
67.78880193558369
67.78880193558369
67.78880193558369
67.78880193558369
67.78880193558369
67.78880193558369
67.84084888099068
67.84084888099068
67.84084888099068
67.88187687849617
67.88187687849617
67.88187687849617
67.9320482583029
67.9320482583029
68.0813901692229
68.0813901692229
68.0813901692229
68.0813901692229
68.0813901692229
68.0813901692229
68.0813901692229
68.0813901692229
68.0813901692229
68.0813901692229
68.0813901692229
68.0813901692229
68.16353476528423
68.16353476528423
68.16353476528423
68.16353476528423
68.16353476528423
68.16353476528423
68.16353476528423
68.16353476528423
68.16353476528423
68.16353476528423
68.16353476528423
68.16353476528423
68.16353476528423
68.2517152759767
68.2517152759767
68.2517152759767
68.2517152759767
68.2517152759767
68.2517152759767
68.2517152759767
68.2517152759767
68.2517152759767
68.2517152759767
68.2517152759767
68.2517152759767
68.2517152759767
68.2517152759767
68.2517152759767
68.2517152759767
68.28260203239572
68.28260203239572
68.28260203239572
68.28260203239572
68.28260203239572
68.28260203239572
68.28260203239572
68.28260203239572
68.28260203239572
68.28260203239572
68.28260203239572
68.36512390069082
68.36512390069082
68.36512390069082
68.36512390069082
68.77893957795659
68.77893957795659
68.77893957795659
68.77893957795659
68.77893957795659
68.77893957795659
68.77893957795659
68.77893957795659
68.77893957795659
68.77893957795659
68.77893957795659
68.77893957795659
68.77893957795659
68.77893957795659
68.77893957795659
68.77893957795659
68.77893957795659
68.92719561257022
68.92719561257022
68.92719561257022
68.92719561257022
68.92719561257022
68.92719561257022
68.92719561257022
68.92719561257022
68.92719561257022
68.92719561257022
68.92719561257022
68.92719561257022
68.92719561257022
68.92719561257022
68.92719561257022
68.92719561257022
68.92719561257022
68.92719561257022
68.92719561257022
68.92719561257022
68.92719561257022
68.92719561257022
68.92719561257022
68.92719561257022
68.92719561257022
68.92719561257022
68.92719561257022
68.92719561257022
68.92719561257022
68.92719561257022
68.92719561257022
68.92719561257022
68.92719561257022
68.92719561257022
68.92719561257022
68.92719561257022
68.92719561257022
68.92719561257022
68.92719561257022
68.92719561257022
68.92719561257022
68.92719561257022
68.97629801123425
68.97629801123425
68.97629801123425
68.97629801123425
69.0434283437073
69.0434283437073
69.0434283437073
69.0434283437073
69.0434283437073
69.0434283437073
69.0434283437073
69.0434283437073
69.0434283437073
69.0434283437073
69.0434283437073
69.0434283437073
69.0434283437073
69.0434283437073
69.0434283437073
69.0434283437073
69.0434283437073
69.0434283437073
69.0434283437073
69.0434283437073
69.0434283437073
69.0434283437073
69.15610293001366
69.15610293001366
69.15610293001366
69.15610293001366
69.15610293001366
69.55224305450129
69.55224305450129
69.6407222559587
69.6407222559587
69.6407222559587
69.6407222559587
69.6407222559587
69.6407222559587
69.6407222559587
69.6407222559587
69.67061067253682
69.67061067253682
69.67061067253682
69.6824711553059
69.6824711553059
