411685.0
411685.0
411685.0
411685.0
411685.0
391045.0
391045.0
391045.0
391045.0
300929.0
300124.0
300124.0
300124.0
280149.0
280149.0
280149.0
280149.0
280149.0
270869.0
242138.0
234413.0
233116.0
233116.0
233116.0
188929.0
188929.0
188929.0
172441.0
148358.0
136943.0
136943.0
112000.0
112000.0
112000.0
112000.0
82830.0
82830.0
82830.0
82830.0
82830.0
82830.0
78532.0
78532.0
78532.0
78532.0
78532.0
78532.0
78532.0
78532.0
73893.0
73893.0
73893.0
73893.0
73508.0
65607.0
65607.0
65607.0
65607.0
65607.0
65607.0
65180.0
65180.0
65180.0
65180.0
65180.0
65180.0
65180.0
65180.0
63415.0
63415.0
62745.0
62745.0
62745.0
62745.0
62745.0
62745.0
62745.0
62745.0
62745.0
62230.0
62230.0
62230.0
62230.0
62230.0
62230.0
61015.0
61015.0
61015.0
61015.0
61015.0
61015.0
53876.0
53876.0
53876.0
53876.0
51187.0
47265.0
47265.0
47265.0
47265.0
47265.0
45670.0
45670.0
42975.0
42975.0
42975.0
42975.0
36656.0
36656.0
36656.0
36656.0
36656.0
36656.0
36656.0
36656.0
36656.0
29070.0
29070.0
29070.0
29070.0
23200.0
22375.0
22375.0
16930.0
16930.0
9135.0
8875.0
8875.0
8606.0
7355.0
7355.0
7355.0
7355.0
7355.0
7355.0
7355.0
7355.0
7355.0
7355.0
7355.0
6870.0
6870.0
6870.0
6870.0
6870.0
6870.0
6870.0
6870.0
6870.0
6870.0
6870.0
6870.0
6870.0
6870.0
6870.0
6870.0
6870.0
6870.0
6870.0
6870.0
6870.0
6870.0
6870.0
6870.0
6870.0
6870.0
6870.0
6870.0
6870.0
6870.0
6870.0
6870.0
6870.0
6870.0
6870.0
6870.0
6870.0
6870.0
6870.0
6870.0
6870.0
6870.0
6870.0
6870.0
6870.0
6870.0
6870.0
6870.0
6870.0
6870.0
6870.0
6870.0
6870.0
6870.0
6870.0
6870.0
6870.0
6870.0
6870.0
6870.0
6870.0
6870.0
6870.0
6870.0
6870.0
6870.0
6870.0
6870.0
6870.0
6870.0
6870.0
6870.0
6870.0
6870.0
6870.0
6870.0
6870.0
6870.0
6870.0
6870.0
6870.0
6870.0
6870.0
6870.0
6870.0
6870.0
6870.0
6870.0
6870.0
6870.0
6870.0
6870.0
6870.0
6870.0
6870.0
6870.0
6870.0
6870.0
6870.0
6870.0
6870.0
6870.0
6870.0
6870.0
6870.0
6870.0
6870.0
6870.0
6870.0
6870.0
6870.0
6870.0
6870.0
6870.0
6870.0
6870.0
6870.0
6870.0
6870.0
6870.0
6870.0
6870.0
6870.0
6870.0
6870.0
6870.0
6870.0
6870.0
6870.0
6870.0
6870.0
6870.0
6870.0
6870.0
6870.0
6870.0
6870.0
6870.0
6870.0
6870.0
6870.0
6870.0
6870.0
6870.0
6870.0
6870.0
6870.0
6870.0
6870.0
6870.0
6870.0
6870.0
6870.0
6870.0
6870.0
6870.0
6870.0
6870.0
6870.0
6870.0
6870.0
6870.0
6870.0
6870.0
6870.0
6870.0
6420.0
6420.0
6420.0
6420.0
6420.0
6420.0
6420.0
6420.0
6420.0
6420.0
6420.0
6420.0
6420.0
6420.0
6420.0
6420.0
6420.0
6420.0
6420.0
6420.0
6420.0
6420.0
6420.0
6420.0
6420.0
6420.0
6420.0
6420.0
6420.0
6420.0
6420.0
1740.0
1740.0
1740.0
1740.0
1740.0
1740.0
1740.0
1740.0
1740.0
1740.0
1740.0
1740.0
1740.0
1740.0
1740.0
1740.0
1740.0
1740.0
1740.0
1740.0
1740.0
1740.0
1740.0
1740.0
1740.0
1740.0
1740.0
1740.0
1740.0
1740.0
25.0
25.0
25.0
25.0
25.0
25.0
25.0
25.0
25.0
25.0
25.0
25.0
25.0
25.0
25.0
25.0
0.0
0.0
0.0
0.0
0.0
0.0
0.0
0.0
0.0
0.0
0.0
0.0
0.0
0.0
0.0
0.0
0.0
