768015.4875
687939.3375
653772.1875
639950.825
619549.9125
614122.15
598995.8
572735.9
533699.375
532042.3
520730.2
518003.525
512742.3375
502552.475
491627.3125
492019.7875
503627.6375
492991.0625
480488.675
455589.725
463132.6125
455574.6625
459265.175
457426.525
444110.875
420167.075
416104.325
394622.5875
403885.5
419626.6125
422818.525
424786.2375
426780.5
425652.5625
410250.825
402923.3125
426210.8125
423840.8125
428788.925
457215.6875
440587.25
426674.6375
432101.525
418598.9625
375588.2875
359253.9
375529.9
365147.8625
345954.15
353779.225
387936.8
370879.45
368276.025
383172.95
372257.7875
378252.875
359970.5875
337360.075
352321.9375
347857.25
346503.2
351291.375
376076.1
352174.9875
332807.325
332816.025
355092.4125
343065.6625
356037.1125
358388.1375
365804.8875
364749.3375
376916.825
384811.1625
374466.525
391641.225
402830.6375
395382.75
404259.4375
420505.575
404949.9625
400261.5
384746.6
376809.3875
366882.325
381504.3
357058.9125
355174.5625
328499.925
338721.7
312070.675
314487.225
315416.875
305425.5875
329343.3625
326995.675
336437.1
317794.5875
314701.4875
319588.5625
330869.05
340841.7625
341120.8875
372506.25
402680.4875
412872.7625
415606.35
412754.5125
406136.4875
426141.8
426037.8875
412148.6125
381721.0375
377253.8375
373317.875
365899.4125
362110.7625
369737.7
369277.1875
328219.3125
335369.9
313679.7
339202.575
331748.525
323200.55
326908.9375
356638.6125
349981.425
342420.575
332423.2625
316202.1
313542.325
331530.6375
328550.9375
317143.95
305700.225
300378.25
297176.4875
296336.2125
277601.3875
282438.45
282097.3375
296652.5625
293711.975
266188.925
261961.9625
264051.5875
257180.9125
262018.0125
263580.5125
281214.8375
284255.2875
293071.0125
313721.7125
308236.15
306966.7875
329561.1125
320716.4125
316294.6375
307604.1625
341327.85
353380.8
346644.925
326381.8875
318395.6375
299720.7
296152.45
298256.0875
301122.5125
314150.65
315237.725
331906.6
333317.9375
349721.4375
361417.9
383714.9625
374746.8375
367970.4
364535.65
381539.825
373462.775
368870.1125
383961.8
358263.5875
372227.25
375738.2625
375382.1625
365036.5375
378672.8375
378672.8375
366746.4125
408546.275
395316.3625
398613.65
398977.2
395977.5875
360211.125
349282.1
378447.2625
402296.6125
411711.3625
392929.6125
382527.7
371923.9
366299.375
348990.0625
365332.1875
369481.025
347282.5
360262.0375
378675.7625
384532.65
406820.0125
422536.125
422536.125
399261.6375
392162.75
404305.5
390453.975
395071.4375
397195.85
401664.7625
417975.725
446107.725
441123.375
412821.55
407846.475
413508.35
403497.2875
417031.925
426457.325
435840.2375
429195.3875
412016.65
413863.7375
440294.275
464038.5875
450482.6375
443588.725
424092.0625
409126.6
420989.4875
415889.3875
407791.0375
399554.5875
391076.55
369331.9
365367.975
362527.45
386707.75
381916.1625
418265.8375
442710.2125
441554.625
445995.0375
433173.0375
446910.5
441031.925
438232.1375
443338.9125
468991.875
467235.875
467268.5
465182.925
475303.475
482996.9125
474067.675
459110.45
429393.325
432735.5875
416729.075
416267.1875
429858.9
449669.8375
444587.4875
438855.2625
434494.7375
453249.9875
449829.2875
464687.3375
430438.45
391225.7375
407513.7125
387692.8125
364896.65
357802.6125
337973.15
334993.6125
323361.6875
323888.7625
329182.4375
347405.2125
365792.225
375392.7625
386998.3375
394970.35
398147.9375
371102.5375
365288.425
366057.5
349951.9875
341535.8375
344521.625
347962.6375
354541.6875
358961.9375
352032.825
368339.45
361923.675
359281.5375
352449.5
351367.575
356185.3375
359806.0375
369232.25
377401.8
373282.9125
340440.1625
324452.875
338343.425
343261.1375
340219.7625
332576.8375
349312.5
364937.225
362658.4
375407.5875
381410.0625
384535.0125
383311.0
358957.5375
346506.325
345602.975
348573.1
348140.5375
352620.6625
353477.1625
356967.9375
351221.1125
345205.8875
340275.6125
365094.1
366124.025
377310.7375
378050.975
369121.4625
363554.6
363369.8375
366242.875
353451.925
359270.825
378091.175
398450.3
414333.3375
426181.6
430896.6
432188.875
420828.0625
421581.9625
421478.9125
421997.7
413453.25
408451.65
374118.5
373586.2625
367064.375
378272.15
366231.9125
337497.0375
325626.6
304927.9
299360.45
297933.075
324285.4
319083.875
318447.0125
308420.275
303510.05
323929.475
327672.3375
332000.6625
320591.5125
317195.6375
298917.6125
301348.1
292044.05
302093.9375
294807.7125
290393.4625
288335.7875
286126.2
296262.3
277608.875
293575.4125
324881.4125
357061.7
390238.325
387631.9375
395159.05
395101.2125
