1173476.0
1082560.0
1070741.0
1022004.0
1022004.0
1022004.0
1022004.0
882579.0
874350.0
874350.0
874350.0
849944.0
849944.0
849944.0
849944.0
849944.0
849944.0
849944.0
826056.0
826056.0
826056.0
826056.0
827657.0
827657.0
827657.0
827657.0
827657.0
827657.0
816027.0
816027.0
816027.0
812303.0
822960.0
822960.0
797673.0
797673.0
797673.0
794025.0
794025.0
794025.0
776263.0
776263.0
777514.0
777514.0
776263.0
766698.0
779159.0
775827.0
773171.0
766698.0
788177.0
778345.0
778345.0
778345.0
778345.0
778345.0
778345.0
778345.0
778345.0
778345.0
778345.0
778345.0
778345.0
778345.0
778345.0
778345.0
778345.0
778345.0
778345.0
741901.0
743153.0
751281.0
751281.0
751281.0
743153.0
743153.0
743153.0
743153.0
736817.0
787352.0
787352.0
787352.0
787525.0
787525.0
787525.0
787525.0
787525.0
787352.0
773868.0
773868.0
773868.0
762556.0
762556.0
713517.0
713517.0
713517.0
713517.0
713517.0
711021.0
698440.0
698440.0
698440.0
722715.0
722715.0
722715.0
722715.0
698440.0
698440.0
698440.0
698440.0
694645.0
694645.0
694645.0
694645.0
694645.0
716581.0
716581.0
716581.0
716581.0
716581.0
716581.0
716581.0
716581.0
716581.0
716581.0
716581.0
716581.0
716581.0
716581.0
716581.0
716581.0
716581.0
716581.0
716581.0
716581.0
716581.0
716581.0
716581.0
715165.0
715165.0
715165.0
715165.0
715165.0
715165.0
715165.0
715165.0
715165.0
715165.0
715165.0
715165.0
715165.0
715165.0
715165.0
715165.0
715165.0
715165.0
715165.0
715165.0
715165.0
715165.0
715165.0
715165.0
715165.0
715165.0
715165.0
715165.0
715165.0
715165.0
715165.0
715165.0
736399.0
715473.0
715473.0
715473.0
715473.0
715633.0
715633.0
715633.0
715633.0
715633.0
715633.0
715633.0
715633.0
715633.0
715633.0
715633.0
715633.0
715748.0
715748.0
715748.0
715748.0
715748.0
715748.0
715748.0
715748.0
715748.0
715748.0
715748.0
714823.0
714823.0
714823.0
714823.0
714823.0
714823.0
714823.0
714823.0
714823.0
714823.0
714823.0
714823.0
714823.0
714823.0
715193.0
715193.0
715193.0
715193.0
715193.0
715193.0
715193.0
720045.0
720045.0
720045.0
720045.0
724873.0
724873.0
722328.0
722328.0
722328.0
722328.0
722328.0
722328.0
722328.0
722328.0
722328.0
722328.0
722328.0
722328.0
722328.0
722328.0
722328.0
722328.0
722328.0
722328.0
722328.0
727956.0
719933.0
719933.0
719933.0
719933.0
719933.0
719933.0
733143.0
719933.0
719933.0
719933.0
719933.0
719933.0
719933.0
719933.0
719933.0
719933.0
719933.0
719933.0
719933.0
719933.0
719933.0
719933.0
715493.0
715493.0
715493.0
715493.0
715493.0
715493.0
715493.0
715493.0
715493.0
715178.0
715178.0
715178.0
715178.0
715028.0
708093.0
708093.0
708093.0
708093.0
708093.0
708093.0
708093.0
708093.0
708093.0
708093.0
708093.0
708093.0
718093.0
708093.0
708093.0
708093.0
709423.0
709423.0
709423.0
709423.0
709423.0
709423.0
709423.0
709423.0
709423.0
709423.0
709423.0
709423.0
709423.0
709423.0
709423.0
709423.0
709423.0
709423.0
709423.0
709423.0
709423.0
709423.0
709423.0
708093.0
708093.0
708093.0
708093.0
708093.0
708093.0
708093.0
708093.0
708093.0
708093.0
708093.0
708093.0
708093.0
708093.0
708093.0
708093.0
708093.0
708093.0
708093.0
708093.0
708093.0
708093.0
708093.0
708093.0
708093.0
708093.0
708093.0
708093.0
708093.0
708093.0
708093.0
708093.0
708093.0
708093.0
708093.0
708093.0
708093.0
708093.0
708093.0
708093.0
708093.0
708093.0
708093.0
708093.0
708093.0
708093.0
708093.0
708093.0
699698.0
699698.0
699698.0
699698.0
699698.0
699698.0
699698.0
699698.0
699698.0
699698.0
699698.0
699698.0
699698.0
699698.0
699698.0
699698.0
699698.0
699698.0
696427.0
696427.0
696427.0
696427.0
696427.0
696427.0
696427.0
696427.0
696427.0
696427.0
696427.0
696427.0
696427.0
696427.0
