39.00739799391822
41.479558067308176
41.95057281504828
43.54073378828468
42.0123053450306
42.806027683069566
45.59757008272059
44.3583109495971
44.03858948769127
44.03858948769127
44.03858948769127
44.03858948769127
46.831563302445026
47.95284248832344
45.827314577314574
45.827314577314574
45.827314577314574
46.40599624796998
44.8764534883721
44.8764534883721
44.939248204908374
44.939248204908374
45.02075993960745
45.02075993960745
45.02075993960745
47.818158953722346
47.818158953722346
47.818158953722346
47.818158953722346
47.818158953722346
48.44069308925538
48.00093515339307
46.31910441228765
46.31910441228765
46.31910441228765
46.31910441228765
47.28135244179205
47.28135244179205
47.28135244179205
47.28135244179205
48.11064000458374
50.48253475561773
49.05754559542258
48.80513068013069
48.80513068013069
46.927202806638775
48.80513068013069
51.151590971313844
51.151590971313844
51.151590971313844
51.151590971313844
43.304557841500554
43.304557841500554
46.74502525322219
48.00792020909926
44.917359764036874
44.917359764036874
45.90967369064386
47.13180606230704
47.13180606230704
49.04203402824875
47.028722464528244
45.840435541495076
47.028722464528244
47.028722464528244
47.028722464528244
47.028722464528244
48.22742308021329
47.07296623287278
47.07296623287278
47.07296623287278
51.140914594393216
51.140914594393216
51.140914594393216
51.140914594393216
51.140914594393216
49.30830930064889
49.30830930064889
46.18259143375491
49.26230924056716
47.75956090651559
47.56104406399103
47.56104406399103
47.096991627642964
47.096991627642964
47.096991627642964
47.096991627642964
45.200729449905886
45.200729449905886
45.200729449905886
45.200729449905886
45.200729449905886
45.200729449905886
45.200729449905886
45.200729449905886
45.2368424492784
45.2368424492784
45.28553780589835
45.974590338087275
45.974590338087275
46.29768241295188
46.63443408931745
46.63443408931745
46.63443408931745
49.19884314903847
49.19884314903847
47.18390370512786
47.18390370512786
47.18390370512786
47.18390370512786
47.18390370512786
47.18390370512786
46.439538331215594
46.439538331215594
47.387951906674736
47.387951906674736
47.387951906674736
48.1062724014337
48.1062724014337
48.32965360541885
49.41186773153987
49.41186773153987
49.41186773153987
49.41186773153987
49.41186773153987
49.41186773153987
49.41186773153987
50.2014287345494
50.2014287345494
50.25602323656191
50.26744169449916
50.26744169449916
50.32310667694327
50.32310667694327
50.32310667694327
50.32310667694327
50.32310667694327
50.32310667694327
50.32310667694327
50.72699933811045
50.77826017627277
50.824207576064026
50.87973298156095
50.87973298156095
50.927316847700475
50.927316847700475
50.93862344891569
50.93862344891569
50.963940282901035
50.963940282901035
50.963940282901035
50.963940282901035
51.11279735107031
51.745523638715746
51.745523638715746
51.745523638715746
51.745523638715746
51.745523638715746
51.745523638715746
51.745523638715746
51.745523638715746
51.745523638715746
51.745523638715746
51.745523638715746
51.745523638715746
51.745523638715746
51.745523638715746
51.745523638715746
51.745523638715746
51.745523638715746
51.93696478108792
51.93696478108792
51.93696478108792
52.521650438317096
52.521650438317096
52.63160888160887
53.76387093723401
53.76387093723401
53.76387093723401
53.76387093723401
53.76584124081838
53.76584124081838
53.76584124081838
53.76584124081838
53.86356829860345
53.86356829860345
53.86356829860345
53.86356829860345
53.86356829860345
53.86356829860345
53.86356829860345
53.86356829860345
53.86356829860345
52.880033451148705
53.86356829860345
53.86356829860345
53.86356829860345
53.8889852148419
54.06719102593453
54.06719102593453
54.06719102593453
54.43593223664846
54.43593223664846
54.43593223664846
54.43593223664846
54.43593223664846
55.24805733315922
55.96907981252318
55.96907981252318
55.96907981252318
55.96907981252318
55.96907981252318
55.96907981252318
53.402848173702615
55.96907981252318
55.96907981252318
55.96907981252318
55.96907981252318
55.96907981252318
55.96907981252318
55.96907981252318
55.96907981252318
55.96907981252318
56.165072867479694
56.165072867479694
56.165072867479694
56.165072867479694
56.165072867479694
56.165072867479694
56.165072867479694
56.165072867479694
55.74857940864875
56.165072867479694
56.432955818928924
57.66276763806259
56.971850938302055
57.66276763806259
57.66276763806259
57.66276763806259
56.401197855587206
56.401197855587206
57.66276763806259
57.66276763806259
57.66276763806259
57.66276763806259
57.66276763806259
57.66276763806259
57.66276763806259
57.66276763806259
57.66276763806259
57.66276763806259
57.66276763806259
51.53173280823993
57.90477631003999
57.90477631003999
57.90477631003999
57.90477631003999
57.90477631003999
57.90477631003999
57.90477631003999
57.94994285906355
57.94994285906355
57.95120332089677
57.95120332089677
57.95330409061879
58.041536418943906
58.041536418943906
58.041536418943906
58.041536418943906
58.07490377473158
58.07490377473158
58.07490377473158
58.07490377473158
58.07490377473158
58.07490377473158
58.07490377473158
58.07490377473158
58.07490377473158
58.07490377473158
58.07490377473158
58.07490377473158
58.07490377473158
58.07490377473158
58.07490377473158
58.07490377473158
58.07490377473158
58.07490377473158
50.27750553945799
58.07490377473158
58.147625289906216
58.147625289906216
58.147625289906216
58.147625289906216
58.147625289906216
58.147625289906216
58.19417533482901
58.19417533482901
52.052629218857426
58.19417533482901
58.19417533482901
58.19417533482901
58.19417533482901
58.19417533482901
58.19417533482901
58.19417533482901
58.19417533482901
58.19417533482901
58.19417533482901
58.284468692637155
58.284468692637155
58.37890691862655
58.37890691862655
58.40958065398823
58.426682856751945
58.426682856751945
58.426682856751945
58.426682856751945
58.426682856751945
58.426682856751945
58.426682856751945
58.426682856751945
58.426682856751945
58.426682856751945
58.426682856751945
58.426682856751945
58.426682856751945
58.426682856751945
58.426682856751945
58.426682856751945
58.426682856751945
58.426682856751945
58.426682856751945
58.426682856751945
58.426682856751945
58.427751744424675
58.427751744424675
58.427751744424675
58.427751744424675
58.427751744424675
58.427751744424675
58.427751744424675
58.427751744424675
58.427751744424675
58.427751744424675
58.427751744424675
58.427751744424675
58.427751744424675
58.427751744424675
58.530364961006974
58.530364961006974
58.530364961006974
58.530364961006974
58.530364961006974
58.547543608612706
58.547543608612706
58.547543608612706
58.547543608612706
58.547543608612706
58.547543608612706
58.547543608612706
58.547543608612706
58.547543608612706
58.654355931043916
58.654355931043916
58.654355931043916
58.654355931043916
58.654355931043916
58.67145813380763
58.67145813380763
58.67145813380763
58.67145813380763
58.67145813380763
58.67145813380763
58.67145813380763
58.67145813380763
58.67145813380763
58.67145813380763
58.67145813380763
58.67145813380763
58.67145813380763
58.67145813380763
58.67145813380763
58.67145813380763
58.67145813380763
58.67145813380763
58.67145813380763
58.67145813380763
58.67145813380763
58.67145813380763
58.67145813380763
58.67145813380763
58.67145813380763
58.67145813380763
58.67145813380763
58.67145813380763
58.67145813380763
58.67145813380763
58.67145813380763
58.7003924054971
58.7003924054971
