46.51815898322454
48.25944570363165
49.39552167938935
49.72127834721007
50.04412849641167
50.719344944487894
51.55965439905371
51.85837131381195
52.78944620927484
52.921271802445666
53.15435939269345
52.99303309530048
52.98407943586351
53.36725626715652
53.143973086586776
52.99955943234504
53.14573383970367
53.108222441700335
52.981441495237426
53.18419508356466
53.35704333017007
53.38538544860178
53.63887001909561
54.194372671209145
54.32987926867528
55.23556250410284
55.067591568299044
55.748564860200204
55.39120624581327
55.94759765336454
56.14179589717961
55.84005942781907
55.49812820360505
55.588775929734844
55.678336979854635
55.44618802085813
55.56898827463486
55.6954728890204
56.171196356334804
56.342853360239076
56.44624791238759
57.062248415596244
56.950193444583725
56.6248688534414
56.4384576530975
56.40022774749686
56.91111779960984
57.20179324251258
56.87292503100004
56.65894512080373
56.146612502825725
55.75386691193866
55.691334513349474
55.7107848359927
55.728894748946004
55.7365385354305
55.760888288219505
55.85570359636746
56.07057261030857
56.267950316574215
56.098650955621814
55.91996947971611
56.05325241955261
56.25608892358288
56.707062712154496
56.99883891246009
57.18180425035486
57.69181036382015
57.422546075921616
57.242037213196376
57.48310811153997
57.641886096494034
57.87820127228516
58.62713193041645
58.71960898231142
58.61662327249038
58.28615141153724
58.12872188310447
58.322512627862125
58.06552788240985
57.3339706860325
57.235055304383614
57.16799962476148
57.38697601901739
57.86899242583267
58.00559005075303
58.32515269441535
58.47417524502809
58.57871051330034
57.878410549093005
57.72341114072653
57.703056612116015
58.08813204005245
57.89115637122186
57.13415417065524
58.48158001984401
59.058337710306866
58.7710141442995
59.24799242319716
59.28826125976745
59.64522455656281
59.709459488411504
59.94505684256086
60.06155774739936
60.02700788868265
59.65503880782704
59.566227532937866
59.955170459570965
60.1228921861952
60.03840000886457
59.89759703211397
60.0248516833308
59.94370838261322
59.79968517627441
59.83528904597024
59.985797169072825
59.8551566719485
59.930762322403666
59.738348366413064
59.769179665580864
60.30178521477749
60.263012633734284
60.84876088357295
60.81074094235352
60.84246879539255
60.82759072436471
60.862955196376944
60.674863730532216
60.34077557856578
60.17287407292582
60.16769542727233
60.20494170657023
60.18302011784001
60.722768566169314
61.04105421331967
61.17635541326787
61.318501161027974
61.56294231262424
61.520837381180094
61.45818149041908
61.45982259962757
61.37077785204682
61.19025044034174
61.12048566375453
61.540223631921855
61.86469577943941
62.14358162007535
61.96207245812364
61.843391461898115
61.45161759230187
61.40494625411712
61.38991449836749
61.59166674328732
62.25336641425622
62.288850849522944
62.323254031989485
62.4219902677743
62.65077681893437
62.67607313581241
62.49512900680546
62.218743251293404
61.94651221672899
61.75978237373835
61.868203608340664
61.75890752370824
62.097189579934266
62.36478305907008
62.419514323409416
62.53716606298182
62.49655111013834
62.577489488055974
62.571227137574645
62.587115848126516
61.97818380166789
61.929925056369335
62.30721853037098
62.40041795190378
62.331325519618225
62.18233935296987
62.43898226576689
62.26172988983899
62.34488440215101
62.30673136954552
62.114037151771285
62.24863889804966
62.12873960926341
61.96072112802587
61.9492669873148
62.032450641350295
62.01510844100218
62.087346176993854
62.373016277440854
61.87655137580644
61.72078990288169
61.67742155749893
61.52944238145689
61.52511911114991
61.687950237490234
61.97438943409649
62.04517550654229
61.7601304058031
62.016849439184476
62.54502496869969
62.64912544817211
62.756417229297405
62.99331826005184
63.14216404980416
63.28078475957833
63.182667414671165
63.34379311878159
63.2366033442179
63.42131340230402
63.64996036714107
63.644296544508805
63.8776975146968
63.69956908543149
63.611790907092555
63.37289945444328
63.39622488295911
63.22622062202485
63.144875250257755
62.93337820802624
62.820022573187984
62.70000170655205
62.50200417614476
62.543510895943335
62.756646163980655
62.70448261204497
62.968471199189686
63.010126683306964
63.27491751449819
63.52291818524078
63.69460914253477
63.79237802034949
64.08501353973656
64.18008181366739
64.09335428814427
64.12080325387156
63.98441619658564
64.18271972365343
64.12536309328723
64.26493391734992
64.33023460229674
64.54698876091692
64.66799564898642
64.70963832065102
64.64533966572922
64.77985041477572
64.67380307844155
64.75168253190432
64.75548667164844
64.68959060790655
64.62549571921109
64.58620698536404
64.37995928773911
64.29782325388062
64.37147512937723
64.58300154606572
64.70968113724534
64.97016128945008
64.66121798214307
64.12693949735883
64.06245670533002
64.34240322487709
64.31490302961754
64.4964625039786
64.54335986327138
64.60764779651682
64.52718885032934
64.30879206000967
64.38837564922707
64.36183781099915
64.44614971708305
64.29470177132448
64.05100721530815
64.12696641905733
64.0949601071583
64.1497140114338
63.807183932218415
63.39564740970328
63.616144458088
63.69645993961179
63.90151565948537
63.9622083128833
64.38644898549077
64.92164954638568
64.7838492777958
64.6590848671537
65.13344080540368
65.08174430056707
64.90208592615056
64.63852322207937
64.46129340935315
64.41527278945082
64.38937648557364
64.54162401982772
64.72891586769319
64.65771175942314
64.81342965999119
64.61798911569124
64.53698110648482
64.40639577915513
64.38348949446623
64.48561979802822
64.47995511630673
64.39147169024191
64.37984991395476
64.2895874364232
64.2546818000282
64.19624352549747
64.20721901992681
64.36581469655646
64.27384547894539
64.42419706184953
64.4633282579098
64.45597540766694
64.32615493143238
64.28797247438209
64.36912884126588
64.33557799192164
64.36194345109597
64.51727999854917
64.66274573349192
64.51366449193557
64.51101144790672
64.3357933800463
64.40092031818726
64.48659252158437
64.57484437716953
64.58463463207686
64.60192511625323
64.60828314661508
64.64473372757729
64.70215435860477
64.86182005461971
64.7359443914991
64.90321324842161
64.87776417128795
64.70797686499463
65.0064712150937
65.09700988699504
64.9231558614453
64.74631619202384
64.94821569496747
64.91930300173381
64.91034531195265
64.81156154816847
65.02975666011469
64.9989694759289
64.97925111221723
64.87009914682598
64.9058508493604
64.94857222461985
64.89455193624599
64.96565114304293
64.87832747641087
65.10728474166515
64.55524548734275
64.58788718538644
64.72928150135806
64.75977930295429
64.424493290516
64.66105620202583
64.79031599626052
65.04434857923839
64.85745305507785
64.72557402142027
64.67897366116892
64.87389115483494
64.99680614290146
64.96179543604543
64.6579776621571
64.6355518810608
64.81816304698187
65.2167918943069
65.25405642311037
65.15080340933216
65.0509851676317
65.17014231653187
65.06952809132935
64.9041147638508
64.78007196151535
64.71434675205953
64.72642144345949
64.96215284661994
64.91915731489057
65.01254093288317
65.04782786027235
65.24821505942792
65.10368830686214
65.06814432786206
64.72110875853855
64.74928656695889
64.6777524982421
64.7131305147036
64.92180776235844
64.71332130140402
64.72205049157537
65.12401072744237
65.21497344330216
