47312.328571428574
40104.5
33537.828571428574
31950.071428571428
32378.0
26856.0
26748.957142857143
26489.32857142857
25063.442857142858
22398.85714285714
21693.571428571428
21503.7
20332.414285714287
20611.614285714284
19599.957142857143
17853.9
16456.185714285715
16396.22857142857
16259.0
16101.942857142858
16989.52857142857
15069.828571428572
14838.785714285714
15090.157142857142
16329.585714285715
15459.185714285713
14856.042857142857
14417.57142857143
15149.542857142857
15381.457142857143
16255.828571428572
16062.857142857143
16688.72857142857
16734.442857142858
15883.457142857143
14403.171428571428
12727.2
12977.585714285715
14746.028571428571
14369.242857142857
13926.371428571429
15666.942857142858
16466.814285714285
16946.3
19377.685714285715
19723.542857142857
19565.3
18842.842857142856
19915.285714285714
19865.72857142857
21879.871428571427
23346.14285714286
23310.0
23264.8
22979.714285714286
21856.9
21832.77142857143
23102.157142857144
22290.414285714287
21959.985714285714
21912.928571428572
21055.485714285714
21763.64285714286
24515.457142857143
24426.6
24246.17142857143
23970.47142857143
22474.385714285716
21042.8
20682.1
22642.77142857143
22464.02857142857
22310.614285714284
22086.67142857143
21752.042857142857
22363.47142857143
21515.871428571427
19875.185714285715
20226.542857142857
18518.9
17864.957142857143
16877.414285714287
16345.07142857143
15976.942857142858
17051.714285714286
17137.885714285716
15978.685714285713
15079.185714285713
14316.442857142858
14093.985714285714
14989.314285714287
15967.771428571428
17168.6
17578.4
17959.32857142857
17772.057142857142
18272.114285714284
17896.514285714286
17704.9
16130.628571428571
16228.442857142858
16226.871428571429
15572.942857142858
15027.942857142858
14910.785714285714
15158.057142857142
15434.328571428572
14887.8
14983.642857142857
14394.585714285715
14306.214285714286
14551.92857142857
13946.371428571429
14235.342857142858
13966.271428571428
13537.914285714285
14367.257142857143
14093.942857142858
13825.057142857142
13164.7
13405.771428571428
13612.814285714287
13828.728571428572
13795.042857142857
12839.842857142858
13370.0
13789.6
14186.542857142857
13966.142857142857
11777.628571428571
12359.657142857142
11731.457142857143
11536.871428571429
12336.714285714286
13108.085714285715
12959.285714285714
13255.042857142857
12967.3
12218.385714285714
12555.5
12788.242857142857
12570.857142857143
12920.157142857142
13174.614285714286
13912.414285714285
13881.371428571429
13761.814285714287
13331.085714285715
13522.085714285715
13443.242857142857
13642.528571428571
13403.514285714286
13496.828571428572
13275.271428571428
13062.085714285715
13395.714285714286
13147.514285714286
12892.657142857142
13976.942857142858
14208.171428571428
13739.542857142857
13614.271428571428
13062.114285714286
13080.885714285714
13813.714285714286
13883.57142857143
13882.614285714286
13966.1
13769.728571428572
13549.442857142858
13401.214285714286
13611.1
13889.9
13843.357142857143
13827.014285714286
13723.271428571428
13589.028571428571
14120.671428571428
13421.714285714286
13108.942857142858
13429.085714285715
14007.642857142857
13664.457142857143
13745.92857142857
13099.42857142857
13501.871428571429
13174.114285714286
13236.271428571428
13263.057142857142
12667.728571428572
12934.457142857143
13259.771428571428
13210.814285714287
13119.257142857143
13024.8
13092.7
13327.471428571429
13327.471428571429
13327.471428571429
13290.9
13002.142857142857
12826.757142857143
12363.828571428572
12200.842857142858
12311.142857142857
12834.542857142857
12769.9
13140.057142857142
12989.971428571429
13099.628571428571
12732.214285714286
13035.657142857142
13026.514285714286
13026.514285714286
13026.514285714286
13026.514285714286
13355.3
12620.271428571428
12620.271428571428
12818.157142857142
12872.985714285714
12687.557142857142
12355.8
12355.8
11884.028571428571
11843.42857142857
12088.885714285714
11944.628571428571
11943.8
11691.942857142858
11857.714285714286
11814.128571428571
11765.257142857143
11738.871428571429
11920.657142857142
11920.657142857142
11467.028571428571
11982.971428571429
12081.271428571428
12081.271428571428
12029.514285714286
12029.514285714286
11543.2
11543.2
11246.7
11469.857142857143
11246.7
12020.0
11652.4
11809.628571428571
11809.628571428571
11781.028571428571
11606.485714285714
11516.814285714287
11497.357142857143
11555.257142857143
11774.671428571428
11783.671428571428
11762.514285714286
11762.514285714286
11585.471428571429
12275.542857142857
11881.328571428572
12151.92857142857
12002.92857142857
12322.671428571428
12305.371428571429
12548.085714285715
12417.757142857143
12416.171428571428
12416.171428571428
12415.4
12415.4
12415.4
12437.7
12422.057142857142
12422.057142857142
12422.057142857142
12564.528571428571
12581.385714285714
12296.885714285714
12296.885714285714
12296.885714285714
12296.885714285714
12296.885714285714
11906.642857142857
12016.842857142858
11906.642857142857
11906.642857142857
12996.885714285714
13234.014285714286
13234.014285714286
13234.014285714286
13537.257142857143
13045.042857142857
12809.628571428571
12461.3
12855.2
13049.642857142857
12704.42857142857
12739.228571428572
12054.171428571428
12368.757142857143
12067.457142857143
12373.085714285715
12621.57142857143
12322.92857142857
12350.4
12057.985714285714
12057.985714285714
11788.385714285714
12056.585714285715
12081.714285714286
12338.42857142857
12338.42857142857
12338.42857142857
12338.42857142857
12338.42857142857
12557.842857142858
14094.057142857142
13282.014285714286
14071.9
14074.757142857143
14624.614285714286
14522.9
14696.342857142858
14527.342857142858
14532.07142857143
14746.228571428572
14673.042857142857
14603.8
14731.07142857143
14867.342857142858
13953.385714285714
13858.185714285713
13573.371428571429
13950.885714285714
13849.92857142857
13840.714285714286
13714.242857142857
13396.257142857143
13546.2
13608.3
13694.242857142857
13880.585714285715
14057.471428571429
14566.514285714286
14889.485714285714
14542.728571428572
14946.885714285714
15081.357142857143
15081.842857142858
15035.128571428571
14107.657142857142
14262.871428571429
14025.085714285715
14150.957142857143
14163.171428571428
13919.8
14038.185714285713
13766.742857142857
14400.557142857142
14302.328571428572
14346.771428571428
13588.942857142858
12878.457142857143
13193.485714285714
13917.471428571429
13249.314285714287
13152.728571428572
13398.828571428572
13727.1
13498.857142857143
13835.371428571429
13823.114285714286
13943.085714285715
13658.6
14220.228571428572
14355.685714285713
14120.0
14168.985714285714
13956.957142857143
14084.214285714286
14126.57142857143
13845.8
14150.871428571429
13894.957142857143
14122.042857142857
14104.042857142857
14089.42857142857
14086.357142857143
14086.357142857143
14086.357142857143
14168.371428571429
14224.085714285715
14174.07142857143
14281.414285714285
14412.57142857143
14568.657142857142
14523.842857142858
