70.39363833695108
70.39363833695108
75.23027540007443
75.23027540007443
75.23027540007443
75.23027540007443
75.23027540007443
75.23027540007443
75.84841628959276
75.84841628959276
75.84841628959276
75.84841628959276
76.70912846744048
76.70912846744048
76.70912846744048
76.70912846744048
76.76392442432592
76.76392442432592
76.76392442432592
77.11671013412817
77.11671013412817
77.11671013412817
77.11671013412817
77.19754474744634
77.19754474744634
77.21290745597602
77.21290745597602
77.21290745597602
77.21290745597602
77.21290745597602
77.30765626464249
77.30765626464249
79.32043836642937
79.32043836642937
79.32043836642937
79.32043836642937
79.50543274634694
79.50543274634694
79.50543274634694
79.50543274634694
79.50543274634694
79.50543274634694
79.50543274634694
79.50543274634694
79.50543274634694
79.50543274634694
79.50543274634694
79.50543274634694
79.50543274634694
79.50543274634694
79.50543274634694
79.50543274634694
79.50543274634694
79.50543274634694
79.50543274634694
79.50543274634694
79.50543274634694
79.50543274634694
79.50543274634694
79.50543274634694
79.50543274634694
79.50543274634694
79.50543274634694
79.50543274634694
79.50543274634694
79.50543274634694
79.50543274634694
79.50543274634694
79.50543274634694
79.50543274634694
79.50543274634694
79.50543274634694
79.50543274634694
79.50543274634694
79.50543274634694
79.50543274634694
79.50543274634694
79.52160059975634
79.52160059975634
79.52160059975634
79.52160059975634
79.52160059975634
79.52160059975634
79.52160059975634
79.52160059975634
79.52160059975634
79.52160059975634
79.52160059975634
79.52160059975634
79.52160059975634
79.52160059975634
79.52160059975634
79.52160059975634
79.52160059975634
79.52160059975634
79.52160059975634
79.52160059975634
79.52160059975634
79.52160059975634
79.52160059975634
79.52160059975634
79.52160059975634
79.52160059975634
79.52160059975634
79.52160059975634
79.52160059975634
79.52160059975634
79.52160059975634
79.52160059975634
79.52160059975634
79.52160059975634
79.52160059975634
79.52160059975634
79.52160059975634
79.52160059975634
79.52160059975634
79.52160059975634
79.52160059975634
79.52160059975634
79.52160059975634
79.52160059975634
79.52160059975634
79.52160059975634
79.52160059975634
79.52160059975634
79.52160059975634
79.52160059975634
79.52160059975634
79.52160059975634
79.65775902484762
79.65775902484762
79.65775902484762
79.65775902484762
79.65775902484762
79.65775902484762
79.72808251289264
79.72808251289264
80.20862634786687
80.20862634786687
80.20862634786687
80.20862634786687
80.20862634786687
80.20862634786687
80.20862634786687
80.20862634786687
80.20862634786687
80.20862634786687
80.20862634786687
80.20862634786687
80.20862634786687
80.20862634786687
80.20862634786687
80.20862634786687
80.20862634786687
80.20862634786687
80.20862634786687
80.20862634786687
80.20862634786687
80.20862634786687
80.20862634786687
80.20862634786687
80.20862634786687
80.20862634786687
80.20862634786687
80.20862634786687
80.20862634786687
80.20862634786687
80.20862634786687
80.20862634786687
80.20862634786687
80.20862634786687
80.20862634786687
80.2555086732302
80.2555086732302
80.2555086732302
80.2555086732302
80.2555086732302
80.2555086732302
80.2555086732302
80.2555086732302
80.2555086732302
80.2555086732302
80.2555086732302
80.2555086732302
80.2555086732302
80.2555086732302
80.2555086732302
80.2555086732302
80.2555086732302
80.2555086732302
80.2555086732302
80.2555086732302
80.2555086732302
80.2555086732302
80.2555086732302
80.2555086732302
80.63488260661236
80.63488260661236
80.63488260661236
80.63488260661236
80.68279827503594
80.68279827503594
80.68279827503594
80.68279827503594
80.68279827503594
80.68279827503594
80.68279827503594
80.68279827503594
80.68279827503594
80.68279827503594
80.68279827503594
80.68279827503594
80.68279827503594
80.68279827503594
80.68279827503594
80.68279827503594
80.68279827503594
80.68279827503594
80.68279827503594
80.68279827503594
80.68279827503594
80.68279827503594
80.68279827503594
80.68279827503594
80.68279827503594
80.68279827503594
80.68279827503594
80.68279827503594
80.68279827503594
80.68279827503594
80.68279827503594
80.68279827503594
80.68279827503594
80.68279827503594
80.68279827503594
80.68279827503594
80.68279827503594
80.68279827503594
80.68279827503594
80.68279827503594
80.68279827503594
80.68279827503594
80.68279827503594
80.68279827503594
80.68279827503594
80.7307139434595
80.7307139434595
80.7307139434595
80.7307139434595
80.7307139434595
80.7307139434595
80.7307139434595
80.7307139434595
80.7307139434595
80.7307139434595
80.7307139434595
80.7307139434595
80.7307139434595
80.7307139434595
80.7307139434595
80.7307139434595
80.7307139434595
80.7307139434595
80.7307139434595
80.7307139434595
80.7307139434595
80.7307139434595
80.7307139434595
80.7307139434595
80.7307139434595
80.7307139434595
80.7307139434595
80.7307139434595
80.7307139434595
80.7307139434595
80.7307139434595
80.7307139434595
80.7307139434595
80.7307139434595
80.7307139434595
80.7307139434595
80.7307139434595
80.7307139434595
80.7307139434595
80.7307139434595
80.7307139434595
80.7307139434595
80.7307139434595
80.7307139434595
80.7307139434595
80.7307139434595
80.7307139434595
80.7307139434595
80.7307139434595
80.7307139434595
80.7307139434595
80.7307139434595
80.7307139434595
80.7307139434595
80.7307139434595
80.7307139434595
80.7307139434595
80.7307139434595
80.7307139434595
80.7307139434595
80.7307139434595
80.7307139434595
80.7307139434595
80.7307139434595
80.7307139434595
80.7307139434595
80.7307139434595
80.7307139434595
80.7307139434595
80.7307139434595
80.7307139434595
80.7307139434595
80.7307139434595
80.7307139434595
80.7307139434595
80.7307139434595
80.7307139434595
80.7307139434595
80.7307139434595
80.7307139434595
80.7307139434595
80.7307139434595
80.7307139434595
80.7307139434595
80.7307139434595
80.7307139434595
80.7307139434595
80.7307139434595
80.7307139434595
80.7307139434595
80.7307139434595
80.7307139434595
80.7307139434595
80.7307139434595
80.7307139434595
80.7307139434595
80.7307139434595
80.7307139434595
80.7307139434595
80.7307139434595
80.7307139434595
80.7307139434595
80.7307139434595
80.7307139434595
80.7307139434595
80.7307139434595
80.7307139434595
80.7307139434595
80.7307139434595
80.7307139434595
80.7307139434595
80.7307139434595
80.7307139434595
80.7307139434595
80.7307139434595
80.7307139434595
80.7307139434595
80.7307139434595
80.7307139434595
80.7307139434595
80.7307139434595
80.7307139434595
80.7307139434595
80.7307139434595
80.7307139434595
80.7307139434595
80.7307139434595
80.7307139434595
80.7307139434595
80.7307139434595
80.7307139434595
80.7307139434595
80.7307139434595
80.7307139434595
80.7307139434595
80.7307139434595
80.7307139434595
80.7307139434595
80.7307139434595
80.7307139434595
80.7307139434595
80.7307139434595
80.7307139434595
80.7307139434595
80.7307139434595
80.7307139434595
80.7307139434595
80.7307139434595
80.7307139434595
80.7307139434595
80.7307139434595
80.7307139434595
80.7307139434595
80.7307139434595
80.7307139434595
