795494.1875
772522.3125
741469.5625
666558.0
630397.0
557471.0
540378.0625
520488.75
499560.8125
497585.75
483734.0625
428093.125
421869.375
393666.375
394349.375
396792.5625
408321.3125
403760.5
403162.8125
401977.25
399008.0
399936.125
398874.8125
399613.5625
399411.6875
399411.6875
397386.875
389695.0
387684.5625
383755.4375
383690.8125
374191.125
374898.3125
374347.6875
374546.375
372366.875
372366.875
372366.875
372366.875
371898.3125
376334.8125
376861.375
378527.0625
379052.9375
377960.4375
377473.4375
371951.4375
371951.4375
370862.0
370862.0
369553.25
369446.375
367825.0
367749.875
368923.375
368226.9375
366006.75
366006.75
365867.1875
365438.3125
365438.3125
365246.1875
362515.875
361540.0625
361832.5625
361832.5625
358700.25
358682.125
347625.8125
347624.9375
347624.9375
347624.9375
347366.3125
345893.9375
345875.25
345471.125
346252.375
346435.5
346189.75
346189.75
346189.75
346232.0625
346232.0625
346232.0625
346070.4375
346116.5
346116.5
346116.5
346275.75
346275.75
345923.375
345670.4375
345670.4375
343977.75
343977.75
343852.125
343852.125
343852.125
343852.125
343852.125
343847.75
343847.75
343847.75
343847.75
343847.75
343869.0
343869.0
344353.625
344790.375
344790.375
344790.375
344738.8125
344225.0
344121.0
343995.25
343995.25
343886.625
343863.1875
343501.9375
343501.9375
343501.9375
343501.9375
343100.9375
343278.25
343244.8125
343003.1875
343003.1875
343003.1875
343003.1875
343003.1875
343003.1875
343003.1875
343003.1875
343003.1875
340866.625
340866.625
340866.625
340033.625
339638.9375
339638.9375
339753.75
339693.9375
339693.9375
339693.9375
339346.8125
339346.8125
339346.8125
339346.8125
339346.8125
343525.0625
343525.0625
343525.0625
343525.0625
343525.0625
343525.0625
343525.0625
343616.4375
343616.4375
343616.4375
343616.4375
343616.4375
343613.5625
343613.5625
343613.5625
343065.625
343065.625
343065.625
343065.625
343065.625
342722.3125
342722.3125
342287.0625
342452.25
342452.25
342452.25
342452.25
342452.25
342452.25
342452.25
342267.25
342267.25
342267.25
342267.25
342411.9375
342411.9375
342411.9375
342411.9375
343037.0625
343037.0625
343012.5625
343012.5625
343012.5625
342805.5
340942.25
340942.25
340942.25
340904.4375
340904.4375
340904.4375
340897.4375
340897.4375
340782.8125
340782.8125
340782.8125
340782.8125
340782.8125
340782.8125
340782.8125
339352.6875
339463.125
339589.9375
339589.9375
338571.0
338558.0
338558.0
335724.9375
335724.9375
335724.9375
334743.9375
334690.3125
334690.3125
334873.0625
334502.25
333225.0625
333225.0625
333225.0625
333225.0625
333225.0625
333173.25
332461.4375
329548.125
329548.125
327338.4375
327338.4375
327338.4375
327338.4375
327294.8125
327139.8125
325028.4375
325028.4375
325028.4375
325028.4375
324856.5625
324856.5625
324842.1875
324842.1875
324572.3125
324462.0625
324462.0625
324462.0625
323991.75
323991.75
324074.5
324074.5
324074.5
324074.5
324074.5
324074.5
324074.5
322491.6875
322245.375
322245.375
322245.375
322216.625
322216.625
322216.625
322216.625
321869.4375
321869.4375
321869.4375
321869.4375
321869.4375
323926.875
323778.75
323778.75
323778.75
326808.6875
326808.6875
326808.6875
326377.0625
324685.1875
324737.125
324737.125
324737.125
324737.125
324737.125
324737.125
327945.5625
328528.5
326354.75
326354.75
326360.0
326360.0
326360.0
326399.625
326220.25
322856.3125
322856.3125
322927.3125
322927.3125
322983.0625
322983.0625
322577.8125
322540.6875
322540.6875
321959.0625
321959.0625
322070.4375
322118.0625
322050.5625
322050.5625
322050.5625
321454.5625
319334.9375
319334.9375
319334.9375
323281.4375
324563.9375
321067.5
317797.625
317972.625
317972.625
317367.625
317289.4375
317311.75
317311.75
317311.75
315027.375
315027.375
312525.125
312518.25
312518.25
313382.25
313400.9375
313499.25
313478.625
313291.1875
313291.1875
313291.1875
313291.1875
313291.1875
313017.8125
313017.8125
313017.8125
313017.8125
313016.3125
313016.3125
313016.3125
313133.3125
313133.3125
313053.25
313012.75
313012.75
313012.75
313012.75
313012.75
312596.0
312482.125
312482.125
311844.0
311844.0
311844.0
311837.25
311894.25
311894.25
311992.0625
311992.0625
311992.0625
311992.0625
311992.0625
311992.0625
311992.0625
311980.8125
311980.8125
311980.8125
311980.8125
311980.8125
311994.5625
311967.0625
311967.0625
311918.125
311831.375
311831.375
311859.9375
311906.1875
311906.1875
312071.5625
312071.5625
312071.5625
312071.5625
312071.5625
312081.625
312081.625
312081.625
312081.625
312081.625
312130.0
312130.0
312130.0
312130.0
312130.0
312130.0
312076.375
312076.375
312076.375
312076.375
312076.375
312076.375
312076.375
312076.375
312076.375
312076.375
312076.375
312076.375
312076.375
311136.0
311136.0
311136.0
311136.0
310935.0
310935.0
310910.0625
310910.0625
310910.0625
310910.0625
310767.5
310797.4375
310797.4375
310797.4375
310471.75
310471.75
310471.75
310471.75
310471.75
310426.875
310426.875
310426.875
310426.875
310426.875
310426.875
310426.875
310426.875
310426.875
310426.875
310217.625
310217.625
310112.3125
310112.3125
310063.0625
310063.0625
310063.0625
310063.0625
310063.0625
309537.5625
309537.5625
309793.75
309793.75
309789.375
309789.375
309789.375
309735.0625
309612.75
309550.8125
309550.8125
309550.8125
308407.0625
308407.0625
308407.0625
308407.0625
308407.0625
308407.0625
308381.0625
309602.8125
309602.8125
309846.4375
308990.625
308990.625
309207.375
309191.25
309191.25
308660.0625
308379.8125
308379.8125
308379.8125
307456.9375
307456.9375
307485.0625
307485.0625
307485.0625
307519.0625
307519.0625
307514.9375
307423.0
306724.125
306724.125
306693.75
305358.875
305358.875
305358.875
305358.875
