962885.0
937740.0
827390.0
739005.0
692655.0
639445.0
590785.0
582280.0
559565.0
545470.0
540330.0
537515.0
506410.0
435005.0
490395.0
425895.0
424965.0
424965.0
424965.0
415165.0
415165.0
415165.0
408635.0
409525.0
409525.0
409525.0
409525.0
409525.0
409525.0
409525.0
409525.0
409525.0
409525.0
409525.0
409525.0
409525.0
409525.0
409525.0
409525.0
409525.0
419250.0
419250.0
419250.0
419250.0
419250.0
419250.0
419250.0
419250.0
419250.0
419250.0
419250.0
419250.0
419250.0
419250.0
419250.0
419250.0
419250.0
419250.0
419250.0
419250.0
419250.0
419250.0
419250.0
419250.0
419250.0
419250.0
419250.0
419250.0
364845.0
364845.0
364845.0
364845.0
353320.0
359845.0
349120.0
346790.0
348540.0
349220.0
349220.0
349220.0
349220.0
349220.0
349220.0
349220.0
349220.0
349220.0
349220.0
349220.0
349220.0
349220.0
349220.0
349220.0
349220.0
349220.0
349220.0
349220.0
349220.0
349220.0
349220.0
349220.0
349220.0
349220.0
349220.0
349220.0
349220.0
349220.0
349220.0
347740.0
347740.0
347740.0
347740.0
347740.0
347740.0
347740.0
347740.0
347740.0
347210.0
347210.0
347210.0
347210.0
347210.0
347210.0
347210.0
347210.0
347210.0
347210.0
347210.0
347210.0
347210.0
347210.0
347210.0
347210.0
347210.0
347210.0
347210.0
347210.0
347210.0
347210.0
347210.0
347210.0
347210.0
347210.0
347210.0
347210.0
347210.0
347210.0
347210.0
347210.0
347210.0
357275.0
357275.0
357275.0
357275.0
357275.0
357275.0
357275.0
357275.0
357275.0
357275.0
357275.0
357275.0
357275.0
357275.0
357275.0
357275.0
357275.0
357275.0
357275.0
357275.0
358995.0
358995.0
358995.0
358995.0
358995.0
358995.0
358995.0
358995.0
358995.0
358995.0
358995.0
358995.0
358995.0
358995.0
358995.0
358995.0
358995.0
358995.0
358995.0
358995.0
358995.0
358995.0
358995.0
358995.0
357275.0
357275.0
357275.0
357275.0
357275.0
357275.0
357275.0
357275.0
357275.0
357275.0
357275.0
357275.0
357275.0
357275.0
357275.0
357275.0
357275.0
357275.0
357275.0
347920.0
347920.0
347920.0
347920.0
347920.0
347920.0
347920.0
347920.0
347920.0
347920.0
347265.0
347265.0
347265.0
347265.0
347265.0
347265.0
347265.0
347265.0
347265.0
347265.0
347265.0
347265.0
347265.0
347265.0
347265.0
347265.0
347265.0
347265.0
347265.0
347265.0
347265.0
347265.0
347265.0
347265.0
347265.0
347265.0
347265.0
347265.0
328170.0
328170.0
334790.0
334790.0
334790.0
334790.0
334790.0
334790.0
334790.0
334790.0
334790.0
334790.0
334790.0
334790.0
334790.0
334790.0
334790.0
334790.0
334790.0
334790.0
334790.0
334790.0
342315.0
342315.0
342315.0
342315.0
342315.0
342315.0
342315.0
337395.0
337395.0
337395.0
337395.0
337395.0
337395.0
337395.0
337395.0
337395.0
352075.0
336530.0
336530.0
353200.0
353200.0
353200.0
353200.0
353200.0
327620.0
327620.0
327620.0
327620.0
324940.0
324940.0
324940.0
323570.0
323570.0
323320.0
323320.0
323320.0
323320.0
323320.0
323320.0
323320.0
322935.0
322135.0
322135.0
322135.0
339675.0
339675.0
339675.0
339675.0
339675.0
339675.0
339675.0
339675.0
339675.0
339675.0
339675.0
322285.0
322285.0
315385.0
315385.0
315385.0
315385.0
318240.0
318240.0
318240.0
318240.0
318240.0
318240.0
318240.0
318240.0
318240.0
318240.0
318240.0
318240.0
318240.0
318240.0
318240.0
317810.0
317810.0
317810.0
317810.0
317810.0
317810.0
317810.0
317810.0
317810.0
317810.0
317810.0
317810.0
317810.0
317810.0
317810.0
317810.0
317810.0
317810.0
317810.0
317810.0
317810.0
317810.0
317810.0
317810.0
317810.0
317810.0
317810.0
317810.0
317810.0
317810.0
317810.0
317810.0
317810.0
317810.0
317810.0
317810.0
317810.0
317810.0
317810.0
317810.0
317810.0
317810.0
317810.0
317810.0
317810.0
317810.0
317810.0
317810.0
317810.0
317810.0
317810.0
317810.0
317810.0
317810.0
317810.0
317810.0
317810.0
317810.0
317810.0
317810.0
317810.0
317810.0
317810.0
317810.0
317810.0
317810.0
317810.0
317810.0
317810.0
317810.0
317810.0
317810.0
317810.0
317810.0
317810.0
317810.0
317810.0
317810.0
317810.0
317810.0
317810.0
317810.0
317810.0
317810.0
317810.0
317810.0
317810.0
317810.0
317810.0
317810.0
317810.0
317810.0
317810.0
317810.0
317810.0
317810.0
317810.0
317810.0
317810.0
317810.0
317810.0
317810.0
317810.0
317810.0
317810.0
317810.0
317810.0
317810.0
317810.0
317810.0
317810.0
317810.0
317810.0
317810.0
317810.0
317810.0
317810.0
317810.0
317810.0
317810.0
317810.0
317810.0
317810.0
317810.0
316150.0
316150.0
322865.0
316150.0
316150.0
317410.0
317410.0
317410.0
317410.0
317410.0
317410.0
317410.0
316150.0
316150.0
316150.0
316150.0
316150.0
316150.0
316150.0
316150.0
316150.0
316150.0
316150.0
316150.0
316150.0
316150.0
316150.0
316150.0
