51.899263527170504
51.899263527170504
51.899263527170504
53.75961247350893
54.502297449362345
53.95233431276527
54.521863241209296
54.771046983067
57.120911137597666
57.101759000493175
57.101759000493175
59.412209962444315
60.32851662772923
60.81212299543916
60.98504383702941
61.07150539286483
62.680097680097674
63.05386821251272
63.05386821251272
63.88591035813853
63.88591035813853
64.15372011166404
63.88591035813853
64.37412750116333
64.37412750116333
64.37412750116333
64.37412750116333
64.37412750116333
64.37412750116333
64.37412750116333
64.37412750116333
64.37412750116333
64.37412750116333
64.37412750116333
64.37412750116333
64.37412750116333
64.37412750116333
64.37412750116333
64.37412750116333
64.37412750116333
65.17688926104249
65.17688926104249
65.17688926104249
65.17688926104249
65.17688926104249
65.17688926104249
65.17688926104249
65.17688926104249
65.17688926104249
65.17688926104249
65.17688926104249
65.17688926104249
65.17688926104249
65.17688926104249
65.57554736613918
65.57554736613918
65.57554736613918
65.57554736613918
65.57554736613918
65.57554736613918
65.57554736613918
65.47490012697035
65.47490012697035
65.52857142857142
65.52857142857142
65.52857142857142
65.31708721097573
65.31708721097573
65.42901915635294
65.42901915635294
65.42901915635294
65.42901915635294
65.42901915635294
65.43061818414402
65.43061818414402
65.47539096229492
65.72004221433367
65.72004221433367
65.72004221433367
65.72004221433367
65.72004221433367
65.72004221433367
65.72004221433367
65.72004221433367
65.72004221433367
65.72004221433367
65.72004221433367
65.72004221433367
65.79199846493331
65.79199846493331
65.79199846493331
65.79199846493331
65.79199846493331
65.79199846493331
65.79199846493331
65.79199846493331
65.79199846493331
65.79199846493331
65.79199846493331
65.79199846493331
65.79199846493331
65.79199846493331
65.79199846493331
65.79199846493331
65.79199846493331
65.85276152099524
65.85276152099524
65.92631679938599
65.92631679938599
65.92631679938599
65.92631679938599
65.92631679938599
65.97807622039167
65.97807622039167
65.97807622039167
65.97807622039167
65.97807622039167
65.97807622039167
65.97807622039167
65.97807622039167
65.97807622039167
65.97807622039167
65.97807622039167
66.07022930058524
66.07022930058524
66.07022930058524
66.07022930058524
66.07022930058524
66.07022930058524
66.07022930058524
66.07022930058524
66.07022930058524
66.07022930058524
66.07022930058524
66.07022930058524
66.07022930058524
66.07022930058524
66.07022930058524
66.07022930058524
66.07022930058524
66.07022930058524
66.07022930058524
66.07022930058524
66.07022930058524
66.07022930058524
66.07022930058524
66.07022930058524
66.07022930058524
66.07022930058524
66.51258596081486
66.51258596081486
66.51258596081486
66.51258596081486
66.51258596081486
66.51258596081486
66.51258596081486
66.51258596081486
66.51258596081486
66.51258596081486
66.51258596081486
66.51258596081486
66.51258596081486
66.51258596081486
66.51258596081486
66.51258596081486
66.51258596081486
66.51258596081486
66.51258596081486
66.51258596081486
66.51258596081486
66.51258596081486
66.51258596081486
66.51258596081486
66.51258596081486
66.51258596081486
66.51258596081486
66.51258596081486
66.51258596081486
66.51258596081486
66.51258596081486
66.51258596081486
66.51258596081486
66.51258596081486
66.51258596081486
66.51258596081486
66.51258596081486
66.51258596081486
66.51258596081486
66.51258596081486
66.51258596081486
66.51258596081486
66.51258596081486
66.51258596081486
66.51258596081486
66.51258596081486
66.51258596081486
66.51258596081486
66.51258596081486
66.51258596081486
66.51258596081486
66.51258596081486
66.51258596081486
66.51258596081486
66.51258596081486
66.51258596081486
66.51258596081486
66.51258596081486
66.51258596081486
66.51258596081486
66.51258596081486
66.51258596081486
66.51258596081486
66.54178019981835
66.54178019981835
66.54178019981835
66.54178019981835
66.54178019981835
66.54178019981835
66.54178019981835
66.54178019981835
66.54178019981835
66.54178019981835
66.54178019981835
66.54178019981835
66.54178019981835
66.54178019981835
66.54178019981835
66.54178019981835
66.54178019981835
66.54178019981835
66.54178019981835
66.54178019981835
66.54178019981835
66.54178019981835
66.54178019981835
66.54178019981835
66.54178019981835
66.54178019981835
66.54178019981835
66.54178019981835
66.54178019981835
66.54178019981835
66.67202675757382
66.67202675757382
66.7395639030038
66.7395639030038
67.0496058450298
67.0496058450298
67.0496058450298
67.0496058450298
67.0496058450298
67.0496058450298
67.0496058450298
67.0496058450298
67.0496058450298
67.0496058450298
67.0496058450298
67.0496058450298
67.0496058450298
67.0496058450298
67.0496058450298
67.0496058450298
67.0496058450298
67.0496058450298
67.0496058450298
67.0496058450298
67.0496058450298
67.0496058450298
67.0496058450298
67.0496058450298
67.0496058450298
67.0496058450298
67.49886518384021
67.49886518384021
67.49886518384021
67.49886518384021
67.49886518384021
67.49886518384021
67.49886518384021
67.30553908977146
67.30553908977146
67.30553908977146
67.30553908977146
67.30553908977146
67.30553908977146
67.30553908977146
67.30553908977146
68.46072988864434
68.46072988864434
68.46072988864434
68.46072988864434
68.46072988864434
68.46072988864434
68.46072988864434
68.46072988864434
68.41638471898302
68.50179023092336
68.50179023092336
68.50179023092336
68.50179023092336
68.50179023092336
68.50179023092336
68.50179023092336
68.50179023092336
68.50179023092336
68.50179023092336
68.50179023092336
68.50179023092336
68.50179023092336
68.50179023092336
68.50179023092336
68.50179023092336
68.52431470743281
68.99380600948867
68.99380600948867
68.99380600948867
68.99380600948867
69.21454928835001
69.21454928835001
69.11076700052713
69.18932952554033
69.18932952554033
69.24914338429099
69.24914338429099
69.26561676331049
69.28209014232999
69.28209014232999
69.34798365840801
69.34798365840801
69.34798365840801
69.34798365840801
69.34798365840801
69.68898260411176
69.90166807295385
69.90166807295385
69.90166807295385
69.90166807295385
69.90166807295385
69.90166807295385
69.90166807295385
69.90166807295385
69.90166807295385
69.90166807295385
69.90166807295385
69.90166807295385
69.90166807295385
69.90166807295385
69.90166807295385
69.98604530408257
69.98604530408257
69.98604530408257
69.98604530408257
69.98604530408257
69.98604530408257
69.98604530408257
69.98604530408257
69.98604530408257
69.98604530408257
69.98604530408257
69.98604530408257
69.98604530408257
69.98604530408257
69.98604530408257
69.98604530408257
69.98604530408257
69.98604530408257
69.98604530408257
69.98604530408257
69.98604530408257
69.98604530408257
69.98604530408257
69.98604530408257
69.98604530408257
69.98604530408257
69.98604530408257
69.98604530408257
69.98604530408257
69.98604530408257
69.98604530408257
69.98604530408257
69.98604530408257
69.98604530408257
69.98604530408257
69.98604530408257
69.98604530408257
69.98604530408257
69.98604530408257
69.98604530408257
69.98604530408257
69.98604530408257
69.98604530408257
69.98604530408257
69.98604530408257
69.98604530408257
69.98604530408257
69.98604530408257
69.98604530408257
69.98604530408257
69.98604530408257
69.98604530408257
69.98604530408257
69.98604530408257
69.98604530408257
69.98604530408257
69.98604530408257
69.98604530408257
69.98604530408257
69.98604530408257
69.98604530408257
69.98604530408257
69.98604530408257
69.98604530408257
69.98604530408257
69.98604530408257
69.98604530408257
69.98604530408257
69.98604530408257
69.98604530408257
69.98604530408257
69.98604530408257
69.98604530408257
69.98604530408257
69.98604530408257
69.98604530408257
69.98604530408257
69.98604530408257
69.98604530408257
69.98604530408257
69.98604530408257
69.98604530408257
69.98604530408257
69.98604530408257
69.98604530408257
69.98604530408257
69.98604530408257
69.98604530408257
69.98604530408257
69.98604530408257
69.98604530408257
69.98604530408257
69.98604530408257
69.98604530408257
69.98604530408257
69.98604530408257
69.98604530408257
69.98604530408257
69.98604530408257
69.98604530408257
69.98604530408257
69.98604530408257
69.98604530408257
69.98604530408257
69.98604530408257
70.0834036476926
70.0834036476926
70.0834036476926
70.0834036476926
70.0834036476926
70.0834036476926
70.0834036476926
70.0834036476926
70.0834036476926
70.0834036476926
70.0834036476926
70.0834036476926
70.0834036476926
70.0834036476926
70.0834036476926
70.0834036476926
70.0834036476926
70.0834036476926
70.0834036476926
70.30895047705589
70.30895047705589
70.30895047705589
70.30895047705589
70.30895047705589
70.30895047705589
70.30895047705589
70.30895047705589
70.30895047705589
70.30895047705589
70.30895047705589
70.30895047705589
70.30895047705589
70.30895047705589
70.30895047705589
70.30895047705589
70.30895047705589
70.30895047705589
70.30895047705589
70.30895047705589
70.30895047705589
70.30895047705589
70.30895047705589
70.30895047705589
70.32296971321361
70.32296971321361
70.32296971321361
70.32296971321361
