28.445922893210504
28.681906061639943
29.341521664960762
38.42837029215065
38.42837029215065
38.42837029215065
32.94661813770094
33.649252581291414
34.49607242710691
34.49607242710691
36.61740558292282
36.61740558292282
37.54291685326167
39.82683982683982
39.82683982683982
39.82683982683982
39.82683982683982
39.90147783251232
39.90147783251232
39.90147783251232
40.334378265412745
40.334378265412745
40.334378265412745
40.334378265412745
40.40901627108524
44.30754536771729
47.1919770773639
47.1919770773639
47.1919770773639
47.499061561561554
47.499061561561554
47.499061561561554
47.499061561561554
47.499061561561554
51.26422250316056
51.26422250316056
51.26422250316056
51.26422250316056
51.26422250316056
51.26422250316056
47.93510324483776
51.26422250316056
51.26422250316056
51.26422250316056
51.26422250316056
51.26422250316056
51.26422250316056
51.26422250316056
51.26422250316056
51.26422250316056
51.26422250316056
51.26422250316056
51.26422250316056
51.26422250316056
51.26422250316056
51.26422250316056
51.26422250316056
51.81205225453013
51.81205225453013
51.81205225453013
51.81205225453013
51.81205225453013
51.81205225453013
51.81205225453013
51.81205225453013
51.81205225453013
51.81205225453013
51.81205225453013
51.81205225453013
51.81205225453013
51.81205225453013
51.81205225453013
51.81205225453013
51.81205225453013
51.81205225453013
51.81205225453013
51.81205225453013
51.81205225453013
51.81205225453013
51.81205225453013
51.81205225453013
51.81205225453013
51.81205225453013
51.81205225453013
51.81205225453013
51.81205225453013
51.81205225453013
51.81205225453013
51.81205225453013
51.81205225453013
51.81205225453013
51.81205225453013
51.81205225453013
51.81205225453013
51.81205225453013
51.81205225453013
51.81205225453013
51.81205225453013
51.81205225453013
51.81205225453013
51.81205225453013
51.81205225453013
51.81205225453013
51.81205225453013
51.81205225453013
51.81205225453013
51.81205225453013
51.81205225453013
51.81205225453013
51.81205225453013
51.81205225453013
51.81205225453013
51.81205225453013
51.81205225453013
51.81205225453013
51.81205225453013
51.81205225453013
51.81205225453013
51.81205225453013
51.81205225453013
51.81205225453013
51.81205225453013
51.81205225453013
51.81205225453013
51.81205225453013
51.81205225453013
51.81205225453013
51.81205225453013
51.81205225453013
51.81205225453013
51.81205225453013
51.81205225453013
51.81205225453013
51.81205225453013
51.81205225453013
51.81205225453013
51.81205225453013
51.81205225453013
51.81205225453013
51.81205225453013
51.81205225453013
51.81205225453013
51.81205225453013
51.81205225453013
51.81205225453013
51.81205225453013
51.81205225453013
51.81205225453013
51.81205225453013
51.81205225453013
51.81205225453013
51.81205225453013
51.81205225453013
51.81205225453013
51.81205225453013
51.81205225453013
51.81205225453013
51.81205225453013
51.81205225453013
51.81205225453013
51.81205225453013
51.81205225453013
51.81205225453013
51.81205225453013
51.81205225453013
51.81205225453013
51.81205225453013
51.81205225453013
51.81205225453013
51.81205225453013
51.81205225453013
51.81205225453013
51.81205225453013
51.81205225453013
51.81205225453013
51.81205225453013
51.81205225453013
51.81205225453013
51.81205225453013
51.81205225453013
51.81205225453013
51.81205225453013
51.81205225453013
51.81205225453013
51.81205225453013
51.81205225453013
51.81205225453013
51.81205225453013
51.81205225453013
51.81205225453013
51.81205225453013
51.81205225453013
51.81205225453013
51.81205225453013
51.81205225453013
51.81205225453013
51.81205225453013
51.81205225453013
51.81205225453013
51.81205225453013
