47269.083333333336
40826.416666666664
40118.25
41007.416666666664
38296.083333333336
37914.0
39130.166666666664
36227.5
37468.666666666664
36090.666666666664
35976.666666666664
37642.833333333336
35478.5
37665.75
38274.75
38683.416666666664
36892.5
32541.333333333332
29021.833333333332
25836.666666666668
26114.666666666668
29941.333333333332
28401.5
24840.0
24809.666666666668
24186.666666666668
25545.0
23640.0
23091.333333333332
25298.333333333332
23657.666666666668
21671.0
21031.0
26403.0
30750.666666666668
30511.333333333332
28664.666666666668
29380.666666666668
32031.666666666668
28570.666666666668
23014.666666666668
22499.666666666668
24281.666666666668
23136.0
21433.0
22965.0
26667.333333333332
27337.666666666668
29047.666666666668
29276.333333333332
27897.333333333332
27095.0
25538.0
26613.666666666668
26716.333333333332
29655.0
29356.333333333332
28923.666666666668
28837.666666666668
29947.666666666668
27284.333333333332
30575.0
29390.333333333332
29143.0
27474.0
24941.666666666668
28304.0
29165.333333333332
28310.0
28314.0
27583.0
27745.666666666668
26977.333333333332
29055.0
26701.333333333332
28910.666666666668
28435.666666666668
28976.333333333332
28134.666666666668
26588.333333333332
26222.333333333332
29013.0
29181.666666666668
27400.0
28115.0
30102.0
26151.333333333332
26706.666666666668
28442.0
29500.0
27410.666666666668
27592.666666666668
29326.666666666668
29070.333333333332
30797.0
28120.666666666668
30780.333333333332
30238.0
29927.0
30597.333333333332
29018.666666666668
29627.0
27034.0
29751.666666666668
30022.666666666668
29655.666666666668
31507.333333333332
29602.666666666668
27323.333333333332
30001.666666666668
27011.0
29385.666666666668
26875.333333333332
26899.666666666668
29340.0
29470.333333333332
30650.333333333332
28106.333333333332
27811.666666666668
29161.333333333332
29518.333333333332
29933.333333333332
31962.666666666668
30960.666666666668
30211.333333333332
29653.0
30399.0
30969.0
32567.666666666668
32007.666666666668
32679.666666666668
31245.333333333332
32052.333333333332
29633.333333333332
31511.666666666668
28830.666666666668
27792.0
29238.333333333332
29327.333333333332
29420.0
29299.333333333332
30363.0
29890.666666666668
31685.0
29923.666666666668
30209.666666666668
29864.333333333332
29034.0
31051.666666666668
28918.666666666668
30608.333333333332
31916.333333333332
30022.333333333332
29088.333333333332
29266.333333333332
30879.666666666668
30413.0
28457.666666666668
29885.0
31218.0
30720.0
32378.666666666668
32327.0
30381.0
31086.666666666668
31094.666666666668
30865.333333333332
30979.333333333332
31850.666666666668
32625.0
32098.333333333332
33418.0
29429.333333333332
30613.333333333332
28022.0
30218.333333333332
29484.666666666668
31184.666666666668
31320.333333333332
30738.333333333332
28766.0
31595.0
31702.666666666668
32146.666666666668
31429.666666666668
30906.666666666668
29708.333333333332
31384.666666666668
30088.666666666668
29508.333333333332
29773.0
31210.333333333332
28697.0
28809.5
31604.5
30787.833333333332
30924.333333333332
30939.333333333332
30361.666666666668
30781.666666666668
