153458.0
145329.0
145329.0
145329.0
137658.0
137658.0
137658.0
137658.0
137658.0
132526.0
132526.0
118684.0
109252.0
111062.0
111062.0
111062.0
103178.0
101908.0
95054.0
92742.0
92742.0
92742.0
71954.0
71954.0
66045.0
66045.0
66045.0
67788.0
67788.0
67788.0
70500.0
66852.0
66852.0
66852.0
66852.0
66852.0
51034.0
51034.0
51034.0
51034.0
51034.0
51034.0
51034.0
50046.0
50046.0
50046.0
49286.0
49286.0
48234.0
48234.0
48234.0
48234.0
48234.0
48234.0
48234.0
48234.0
48234.0
48234.0
48234.0
48234.0
48234.0
48234.0
48234.0
48234.0
48234.0
48234.0
48234.0
48234.0
48234.0
48234.0
48234.0
48234.0
48234.0
48234.0
48234.0
48234.0
48234.0
48234.0
48234.0
48234.0
48234.0
48234.0
48234.0
48234.0
48234.0
48234.0
48234.0
48234.0
48234.0
48234.0
48234.0
48234.0
48234.0
48234.0
48234.0
48234.0
48234.0
48234.0
48234.0
48234.0
48234.0
48234.0
48234.0
48234.0
48234.0
48234.0
46734.0
46734.0
46734.0
46734.0
46734.0
46734.0
46734.0
46734.0
46734.0
46734.0
46734.0
46734.0
46734.0
46734.0
46734.0
46734.0
46734.0
46734.0
46734.0
46734.0
46734.0
46734.0
46734.0
46734.0
46734.0
46734.0
46734.0
46734.0
46734.0
46734.0
46734.0
46734.0
46734.0
46734.0
46734.0
46734.0
46734.0
46734.0
46734.0
46734.0
46734.0
46734.0
46734.0
46734.0
46734.0
46734.0
46734.0
46734.0
46734.0
46734.0
46734.0
46734.0
46734.0
46734.0
46734.0
46734.0
46734.0
46734.0
46734.0
46734.0
46734.0
46734.0
46734.0
46734.0
46734.0
46734.0
46734.0
46734.0
46734.0
46734.0
46734.0
46734.0
46734.0
46734.0
46734.0
46734.0
46734.0
46734.0
46734.0
46734.0
46734.0
46734.0
46734.0
46734.0
46734.0
46734.0
46734.0
46734.0
46734.0
46734.0
46734.0
46734.0
46734.0
46734.0
46734.0
46734.0
46734.0
46734.0
46734.0
46734.0
46734.0
46734.0
46734.0
46734.0
46734.0
46734.0
46734.0
46734.0
46734.0
46734.0
46734.0
46734.0
46734.0
46734.0
46734.0
46734.0
46734.0
46734.0
46734.0
46734.0
46734.0
46734.0
46734.0
46734.0
46734.0
46734.0
46734.0
46734.0
46734.0
46734.0
46734.0
46734.0
46734.0
46734.0
46734.0
46734.0
46734.0
46734.0
46734.0
46734.0
46734.0
46734.0
46734.0
46734.0
46734.0
46734.0
46734.0
46734.0
46734.0
46734.0
46734.0
46734.0
46734.0
46734.0
46734.0
46734.0
46734.0
46734.0
46734.0
46734.0
46734.0
46734.0
46734.0
46210.0
46210.0
46210.0
46210.0
46210.0
46210.0
46210.0
46210.0
46210.0
46210.0
46210.0
46210.0
46210.0
46210.0
46210.0
46210.0
46210.0
46210.0
46210.0
46210.0
46210.0
46210.0
46210.0
46210.0
46210.0
46210.0
46210.0
46210.0
46210.0
46210.0
46210.0
46210.0
46210.0
46210.0
46210.0
46210.0
46210.0
46210.0
46210.0
46210.0
46210.0
46210.0
46210.0
46210.0
46210.0
46210.0
46210.0
46210.0
44856.0
44856.0
44856.0
44698.0
44698.0
44698.0
44698.0
44698.0
44698.0
44698.0
44698.0
44698.0
44698.0
44698.0
44698.0
44698.0
44698.0
44698.0
44698.0
44698.0
44698.0
44698.0
44698.0
44698.0
44698.0
44698.0
44698.0
44698.0
44698.0
44698.0
44698.0
44698.0
44698.0
44698.0
44698.0
44698.0
44698.0
44698.0
44698.0
44698.0
44698.0
44698.0
44698.0
44698.0
44698.0
44698.0
44698.0
44698.0
44698.0
44698.0
44698.0
44698.0
41354.0
41354.0
41354.0
41354.0
41354.0
41354.0
41354.0
41354.0
41354.0
41354.0
41354.0
41354.0
41354.0
41354.0
41354.0
41354.0
41354.0
41354.0
41354.0
41354.0
41354.0
41354.0
41354.0
41354.0
41354.0
41354.0
41354.0
41354.0
41354.0
41354.0
41354.0
