69.15643189350266
69.42172233583277
72.1881390593047
73.46573362244563
73.46573362244563
73.46573362244563
73.73660247164956
73.73660247164956
73.73660247164956
73.90967818760977
74.02909100499797
77.48482247862432
75.16770337846079
75.88594581519109
75.75336114974503
75.75336114974503
77.2585102183353
77.63422086425142
77.38588574761334
77.38588574761334
77.38588574761334
77.38588574761334
76.91874648151624
76.91874648151624
76.91874648151624
76.91874648151624
76.91874648151624
77.35344963067735
77.72456964006261
77.72456964006261
77.72456964006261
77.72456964006261
77.72456964006261
77.72456964006261
77.35344963067735
77.35344963067735
77.35344963067735
77.88068775529591
77.88068775529591
77.88068775529591
77.88068775529591
77.88068775529591
77.88068775529591
77.88068775529591
77.88068775529591
77.88068775529591
77.88068775529591
77.88068775529591
77.88068775529591
77.88068775529591
77.88068775529591
77.88068775529591
77.88068775529591
77.88068775529591
77.88068775529591
77.49167307199589
77.49167307199589
77.49167307199589
77.49167307199589
77.49167307199589
77.49167307199589
77.49167307199589
77.49167307199589
77.49807840122982
77.49807840122982
77.53769326803034
77.53769326803034
77.53769326803034
77.53769326803034
77.53769326803034
77.53769326803034
77.53769326803034
77.53769326803034
77.72546758903407
77.53769326803034
77.53769326803034
77.53769326803034
77.53769326803034
77.53769326803034
77.53769326803034
77.68014341048048
77.68014341048048
77.95766077376378
77.95766077376378
77.95766077376378
77.95766077376378
77.95766077376378
77.95766077376378
77.95766077376378
77.95766077376378
77.95766077376378
77.95766077376378
77.95766077376378
77.95766077376378
77.95766077376378
77.95766077376378
77.95766077376378
77.95766077376378
77.95766077376378
77.95766077376378
77.95766077376378
77.95766077376378
77.95766077376378
77.95766077376378
77.95766077376378
77.95766077376378
77.95766077376378
77.95766077376378
78.00793727615913
78.00793727615913
78.00793727615913
78.00793727615913
78.00793727615913
78.00793727615913
78.00793727615913
78.00793727615913
78.00793727615913
78.00793727615913
78.00793727615913
78.00793727615913
78.19750438682003
78.19750438682003
78.19750438682003
78.19750438682003
78.38465058508203
78.38465058508203
78.38465058508203
78.38465058508203
78.38465058508203
78.38465058508203
78.38465058508203
78.38465058508203
78.38465058508203
78.38465058508203
78.38465058508203
78.38465058508203
78.38465058508203
78.38465058508203
78.38465058508203
78.38465058508203
78.38465058508203
78.38465058508203
78.38465058508203
78.38465058508203
78.38465058508203
78.38465058508203
78.38465058508203
78.38465058508203
79.30722138930535
79.30722138930535
79.30722138930535
79.53054722638682
79.53054722638682
79.6692759910717
79.6692759910717
79.6692759910717
79.6692759910717
79.6692759910717
79.6692759910717
79.6692759910717
79.6692759910717
79.6692759910717
79.6692759910717
79.6692759910717
79.6692759910717
79.6692759910717
79.6692759910717
79.6692759910717
79.6692759910717
79.6692759910717
79.6692759910717
79.6692759910717
79.6692759910717
80.74715325742021
80.74715325742021
80.74715325742021
80.74715325742021
80.74715325742021
80.74715325742021
80.74715325742021
80.74715325742021
80.74715325742021
80.74715325742021
80.74715325742021
80.74715325742021
80.74715325742021
80.74715325742021
80.74715325742021
80.74715325742021
80.74715325742021
80.74715325742021
80.74715325742021
80.74715325742021
80.74715325742021
80.74715325742021
80.74715325742021
80.74715325742021
80.74715325742021
80.74715325742021
80.74715325742021
80.74715325742021
80.74715325742021
80.74715325742021
80.74715325742021
80.74715325742021
80.74715325742021
80.74715325742021
80.74715325742021
80.74715325742021
80.74715325742021
80.74715325742021
80.74715325742021
80.74715325742021
80.74715325742021
80.74715325742021
80.74715325742021
80.74715325742021
80.74715325742021
80.74715325742021
80.74715325742021
80.74715325742021
80.74715325742021
80.74715325742021
80.74715325742021
80.74715325742021
80.74715325742021
80.74715325742021
80.74715325742021
80.74715325742021
80.74715325742021
80.74715325742021
80.74715325742021
80.74715325742021
80.74715325742021
80.74715325742021
80.74715325742021
80.74715325742021
80.74715325742021
80.74715325742021
80.74715325742021
80.74715325742021
80.74715325742021
80.74715325742021
80.74715325742021
80.74715325742021
80.74715325742021
80.74715325742021
80.74715325742021
80.82056313461659
80.82056313461659
80.82056313461659
80.82056313461659
80.82056313461659
80.82056313461659
80.82056313461659
80.82056313461659
80.82056313461659
80.82056313461659
80.82056313461659
80.82056313461659
80.82056313461659
80.82056313461659
80.82056313461659
80.82056313461659
80.82056313461659
80.82056313461659
80.82056313461659
80.82056313461659
80.82056313461659
80.82056313461659
80.82056313461659
80.82056313461659
80.82056313461659
80.82056313461659
80.82056313461659
80.82056313461659
80.82056313461659
80.82056313461659
80.82056313461659
80.82056313461659
80.82056313461659
80.82056313461659
80.82056313461659
80.82056313461659
80.82056313461659
80.82056313461659
80.82056313461659
80.82056313461659
80.82056313461659
80.82056313461659
80.82056313461659
80.82056313461659
80.82056313461659
80.82056313461659
80.82056313461659
80.82056313461659
80.82056313461659
80.82056313461659
80.82056313461659
80.82056313461659
80.82056313461659
80.82056313461659
80.82056313461659
80.82056313461659
80.82056313461659
80.82056313461659
80.82056313461659
80.82056313461659
80.82056313461659
80.82056313461659
80.82056313461659
80.82056313461659
80.82056313461659
80.82056313461659
80.82056313461659
80.82056313461659
80.82056313461659
80.82056313461659
80.82056313461659
80.82056313461659
80.82056313461659
80.82056313461659
80.82056313461659
80.82056313461659
80.82056313461659
80.82056313461659
80.82056313461659
80.82056313461659
80.82056313461659
80.82056313461659
80.82056313461659
80.82056313461659
80.82056313461659
80.82056313461659
80.82056313461659
80.82056313461659
80.82056313461659
80.82056313461659
80.82056313461659
80.82056313461659
80.82056313461659
80.82056313461659
80.82056313461659
80.82056313461659
80.82056313461659
80.82056313461659
80.82056313461659
80.82056313461659
80.82056313461659
80.82056313461659
80.82056313461659
80.82056313461659
80.82056313461659
80.82056313461659
80.82056313461659
80.82056313461659
80.82056313461659
80.82056313461659
80.91277561608301
80.91277561608301
80.91277561608301
80.91277561608301
80.91277561608301
80.91277561608301
80.91277561608301
80.91277561608301
80.91277561608301
80.91277561608301
80.91277561608301
80.91277561608301
80.91277561608301
80.91277561608301
80.91277561608301
80.91277561608301
80.91277561608301
80.91277561608301
80.91277561608301
80.91277561608301
80.91277561608301
80.91277561608301
80.91277561608301
80.91277561608301
80.91277561608301
80.91277561608301
80.91277561608301
80.91277561608301
80.91277561608301
80.91277561608301
80.91277561608301
80.91277561608301
80.91277561608301
80.91277561608301
80.91277561608301
80.91277561608301
80.91277561608301
80.91277561608301
80.91277561608301
80.91277561608301
80.91277561608301
80.91277561608301
