40.04295826214303
41.225761910666364
41.95705589405682
42.53842107240823
40.95974009760856
40.91952955112255
41.355313163219975
44.86794366018665
41.851665356289956
41.551703125046444
43.88651570131521
41.88907842365395
43.830369526068836
43.830369526068836
43.822099532244465
43.822099532244465
43.822099532244465
44.2229357655855
44.68717519709989
44.240905716406836
43.471044844828484
43.471044844828484
43.471044844828484
45.23990258405288
45.23990258405288
43.991681553257905
45.28386627447259
43.20744726736214
43.20744726736214
43.20744726736214
42.151363689805365
42.151363689805365
44.058510638297875
44.058510638297875
44.0540780141844
43.30705604825466
44.058510638297875
46.4752854929229
48.25100978982679
49.433577026938025
48.1119621521286
43.15100576236434
49.58590448693837
48.44791519529699
49.58590448693837
49.73927944407649
49.73927944407649
44.21097561716581
49.787331399037
49.787331399037
50.0264795900822
41.50279776179057
50.0991180087351
42.992824352631814
50.14296932498054
50.14296932498054
50.097125713459754
50.17571974808816
50.17571974808816
50.24558651005668
50.24558651005668
50.24558651005668
50.24558651005668
50.45644939887007
54.700885222615035
54.700885222615035
54.700885222615035
54.74929273450861
54.74929273450861
54.796311506306864
52.29725927176545
54.8062310784162
54.691332234678804
55.047353783032094
55.047353783032094
55.047353783032094
55.14926181280005
55.18816654433735
55.19072206211976
55.36157922433944
54.210965557612276
55.36157922433944
55.82873245916724
55.82873245916724
55.82873245916724
55.838647736290476
56.00599489323909
56.00907029478457
56.00907029478457
56.15280930467176
56.15280930467176
54.653153695015845
54.653153695015845
54.653153695015845
54.653153695015845
55.62394104558352
57.23114361345664
57.41028066855881
57.43714363862065
57.47943360895454
57.47943360895454
57.55728081802689
47.14357712489995
55.98716528949087
57.55728081802689
57.63783221748833
44.051791459719496
53.5501086627603
57.29252929810033
57.65532622188558
56.14123405857604
57.719407249611145
53.76799860297503
53.245703736896736
57.732509974978015
57.79675559613174
57.797600933252184
55.94582100969936
55.94582100969936
57.797600933252184
58.03197064989518
58.03197064989518
58.03323865557584
58.03323865557584
58.14968384391695
58.14968384391695
58.17208527760871
58.27479373774261
58.27479373774261
58.27479373774261
58.27479373774261
58.27479373774261
58.27479373774261
58.27479373774261
58.27479373774261
58.32424595928856
58.32424595928856
58.32424595928856
58.41300635693514
58.34854940150132
58.34854940150132
58.41300635693514
58.41300635693514
58.41300635693514
58.41300635693514
58.41300635693514
58.41300635693514
58.41300635693514
58.48168999797119
54.42151002737078
40.92474412323895
55.72611293707839
55.72611293707839
58.48168999797119
54.91864448493365
54.91864448493365
57.58530448334237
58.4859166835734
58.4859166835734
58.596233177791305
58.49923074322039
58.49923074322039
58.59094982078852
58.596233177791305
58.596233177791305
58.596233177791305
58.596233177791305
58.596233177791305
58.603418543315065
58.6078565631974
58.72092040305673
53.79833904263073
58.46203590992089
58.72726043146005
58.72726043146005
58.72726043146005
58.72726043146005
58.793830729694996
55.297776534533064
58.629860214781644
45.362224997302
58.629860214781644
58.629860214781644
58.79852757011118
58.88610182088444
50.86441494816408
59.14686159251377
59.228968012443374
53.32302791830615
53.32302791830615
59.34816054642593
59.42973557854873
55.753349093774624
55.09023386530163
55.753349093774624
57.31784531463081
55.82062351257541
42.69151945758548
57.31784531463081
58.64298487983578
59.42973557854873
59.42973557854873
59.42973557854873
59.42973557854873
59.42973557854873
59.42973557854873
59.45446168932171
59.45446168932171
59.45446168932171
52.00994271416344
59.422972881585174
59.422972881585174
59.45446168932171
59.45446168932171
59.45446168932171
59.55230946101306
59.55230946101306
57.48362918174238
59.55230946101306
59.55230946101306
58.893741823859564
59.55230946101306
59.5783035774667
59.60268450619666
41.879777553374815
59.54829410969095
59.54829410969095
59.54829410969095
59.60268450619666
59.61875954472205
59.42934163565951
59.42934163565951
59.42934163565951
59.61875954472205
54.96747578666605
59.62403287181175
59.63113714749443
59.63394672674042
59.63394672674042
59.6712906607155
59.780123353667285
59.77251978088863
51.75738809213386
59.826621356597016
59.826621356597016
59.826621356597016
59.826621356597016
59.837188070602565
53.5144615291574
59.75180902143776
59.784203748625615
59.837188070602565
60.11922401315931
60.11922401315931
60.283285875647984
60.283285875647984
60.289298614063796
53.83933989965812
46.69110150818551
60.289298614063796
60.80133613268588
60.80133613268588
60.80133613268588
59.97864467702717
60.015646466188365
60.80133613268588
60.80133613268588
61.00742343641993
61.00742343641993
61.00742343641993
61.02352400702416
61.14588834361624
60.34136930997917
61.14588834361624
61.14588834361624
61.14588834361624
61.14588834361624
61.157695428726
61.157695428726
61.157695428726
61.157695428726
61.1941900554289
61.1941900554289
61.1941900554289
61.1941900554289
61.25429885235134
46.98291164138434
46.98291164138434
60.77493119689497
58.88599375478215
61.25429885235134
61.25429885235134
61.25429885235134
61.25429885235134
61.25429885235134
61.25429885235134
61.25859233784578
61.25859233784578
61.25859233784578
61.25859233784578
61.299595124317875
61.30968481522986
61.3139783007243
61.3139783007243
61.3139783007243
61.3139783007243
61.3139783007243
57.71069837692889
61.37623384039398
61.37623384039398
61.37623384039398
61.41466053556938
61.41466053556938
61.16070086857211
61.16070086857211
61.45008179089867
49.67663661468486
49.97047598473392
59.5310339133486
59.5310339133486
59.5310339133486
59.5310339133486
60.84862219845604
56.932660658933315
61.54131835765593
61.57223145321604
61.57223145321604
61.583609189776354
61.15941282292377
61.583609189776354
61.449086778580835
61.7364572733791
61.7364572733791
62.0683437021008
62.0683437021008
62.0683437021008
62.10462365452898
60.15842350930801
62.10462365452898
62.10462365452898
62.10462365452898
62.10462365452898
57.324672013258905
62.10462365452898
62.10462365452898
62.12287096788043
62.12287096788043
61.596274971985004
61.596274971985004
61.9702375585524
61.9702375585524
61.9702375585524
61.9702375585524
41.44403234810157
57.244095437987035
61.9702375585524
62.08530296980392
59.248929875882126
59.248929875882126
62.08530296980392
58.186406186406174
49.186922408760154
62.12287096788043
62.12866717329795
51.1914587433602
51.1914587433602
62.28323265109849
62.28323265109849
61.65223803617174
62.33046099153754
62.343341448020915
62.35407516175707
61.07203210815377
62.3637355041196
58.54506266530106
62.3637355041196
62.36910236098768
62.36910236098768
62.36910236098768
62.36910236098768
62.36910236098768
62.36910236098768
62.36910236098768
62.37554258922936
62.389496417086356
62.389496417086356
62.389496417086356
62.391857834108315
62.391857834108315
62.40173285074556
62.405811661965295
62.405811661965295
62.405811661965295
62.405811661965295
62.405811661965295
62.405811661965295
62.405811661965295
62.405811661965295
62.405811661965295
62.50563519971149
62.50563519971149
62.54921407748025
62.54921407748025
62.54921407748025
62.54921407748025
62.54921407748025
62.550287448853865
62.550287448853865
62.55543963144722
62.55543963144722
62.55543963144722
62.55543963144722
62.55543963144722
62.55543963144722
62.57196955060088
62.57196955060088
62.57196955060088
62.57196955060088
62.57196955060088
62.57196955060088
62.57196955060088
62.57196955060088
62.57196955060088
62.57196955060088
62.57196955060088
62.57196955060088
62.57196955060088
62.57196955060088
62.57196955060088
62.57196955060088
62.57196955060088
62.650540335149486
62.71601598893998
62.71601598893998
62.76217095800543
59.4570530297448
59.4570530297448
59.4570530297448
59.4570530297448
62.859847753004374
62.859847753004374
62.87165483811415
62.906002722069815
62.73104359426405
62.906002722069815
63.01312518515657
47.27598252425296
63.01312518515657
50.332113533626504
50.332113533626504
61.75790514253227
63.01312518515657
58.559160039899695
63.01441323080491
63.01441323080491
63.01441323080491
60.290194223500166
63.01441323080491
63.01441323080491
63.01441323080491
63.01441323080491
63.01441323080491
63.01441323080491
63.01441323080491
63.01441323080491
63.01441323080491
63.01441323080491
63.01441323080491
63.01441323080491
63.01441323080491
63.01441323080491
63.01441323080491
63.01441323080491
63.01441323080491
63.01441323080491
63.01441323080491
63.01441323080491
63.01441323080491
63.03373391552998
63.136777567397
63.136777567397
60.16922562873861
63.16146510899014
50.90028025853515
63.16146510899014
63.16146510899014
63.16146510899014
63.16146510899014
63.16146510899014
63.16146510899014
63.167905337231836
63.167905337231836
63.20075050126444
63.20075050126444
63.2050439867589
63.2050439867589
63.2050439867589
63.2050439867589
63.2050439867589
63.2050439867589
63.2050439867589
