1335127.0
1053147.0
1037641.0
1108843.0
1038566.0
833621.0
923165.0
875067.0
781497.0
798623.0
840424.0
781359.0
680899.0
688459.0
663722.0
665016.0
749261.0
689044.0
717438.0
762073.0
712844.0
652042.0
650935.0
708877.0
621758.0
797113.0
667671.0
629726.0
730534.0
776008.0
858976.0
812125.0
805493.0
729135.0
659549.0
705583.0
652298.0
701407.0
776432.0
652749.0
700501.0
855266.0
692963.0
695105.0
811296.0
819215.0
774307.0
710343.0
727086.0
806779.0
729518.0
736520.0
703415.0
711617.0
670923.0
728207.0
767233.0
757665.0
794716.0
719851.0
821389.0
759838.0
669901.0
998630.0
656391.0
752367.0
745769.0
614414.0
793766.0
846033.0
757278.0
856600.0
800078.0
696475.0
761783.0
754094.0
810458.0
773776.0
751207.0
840656.0
855535.0
727672.0
862847.0
833939.0
725824.0
767669.0
862683.0
717528.0
738024.0
673938.0
679035.0
817696.0
779260.0
733168.0
694732.0
750588.0
835927.0
701895.0
657318.0
698484.0
773549.0
805925.0
746299.0
692415.0
801067.0
693920.0
718922.0
736752.0
758961.0
833176.0
905990.0
779679.0
693630.0
912039.0
693883.0
695943.0
790108.0
694574.0
808612.0
830104.0
640273.0
697425.0
807679.0
772153.0
760320.0
853975.0
679371.0
725700.0
737458.0
741453.0
800918.0
716244.0
889004.0
787130.0
790415.0
659291.0
669747.0
804436.0
778983.0
755361.0
764175.0
738498.0
650415.0
804704.0
730009.0
795139.0
733505.0
720205.0
757083.0
634263.0
656230.0
660404.0
679472.0
702909.0
704887.0
661502.0
648033.0
694770.0
719576.0
731527.0
721161.0
681822.0
748251.0
665489.0
653816.0
723114.0
648069.0
738650.0
749528.0
588373.0
696537.0
638567.0
641196.0
634999.0
749893.0
600537.0
744802.0
717982.0
783116.0
709012.0
739229.0
662192.0
626204.0
612167.0
706208.0
691727.0
684235.0
767804.0
629208.0
665839.0
671108.0
608671.0
766009.0
657818.0
688963.0
624769.0
638570.0
710841.0
697249.0
609683.0
769449.0
635799.0
751608.0
652678.0
648955.0
751470.0
655291.0
640810.0
697301.0
728009.0
648935.0
634499.0
687881.0
667202.0
693430.0
641085.0
650126.0
584919.0
748377.0
687001.0
726285.0
703898.0
560091.0
766797.0
675680.0
596321.0
718191.0
678502.0
621305.0
793278.0
646759.0
631675.0
610969.0
656242.0
749508.0
727146.0
699578.0
712254.0
621505.0
694527.0
641604.0
688384.0
662408.0
629071.0
623771.0
630113.0
703057.0
684055.0
572006.0
579213.0
605145.0
624188.0
623898.0
616647.0
620888.0
631259.0
653908.0
664110.0
553370.0
593611.0
651524.0
652337.0
608719.0
651913.0
654131.0
785819.0
676593.0
755633.0
577202.0
606425.0
743998.0
624771.0
622122.0
664794.0
683854.0
801517.0
627517.0
625672.0
574243.0
622289.0
642379.0
600569.0
710680.0
631224.0
638524.0
670849.0
697921.0
656730.0
655999.0
710889.0
598562.0
561872.0
636793.0
603371.0
604520.0
665439.0
574856.0
632751.0
654252.0
608786.0
583390.0
587060.0
630968.0
665180.0
615316.0
703396.0
575694.0
637709.0
564445.0
622828.0
599634.0
602926.0
597597.0
580533.0
662594.0
600895.0
616436.0
757461.0
630671.0
637585.0
596538.0
693181.0
726725.0
570807.0
680531.0
631873.0
731000.0
644652.0
625958.0
645298.0
592529.0
534254.0
673681.0
654506.0
665439.0
658705.0
604554.0
617977.0
679355.0
569251.0
595356.0
674947.0
608025.0
731018.0
675295.0
580810.0
615121.0
652282.0
569983.0
656340.0
592637.0
639559.0
637898.0
657564.0
638101.0
632383.0
685096.0
618376.0
648963.0
615941.0
658707.0
586284.0
637158.0
643564.0
656864.0
790116.0
636688.0
586453.0
595563.0
760583.0
659017.0
653580.0
710204.0
633727.0
582728.0
687752.0
535895.0
578738.0
595155.0
664173.0
582553.0
642262.0
632835.0
618492.0
610895.0
613751.0
628389.0
676110.0
590451.0
618597.0
603165.0
598195.0
608903.0
678711.0
570928.0
580422.0
612680.0
612807.0
679371.0
647750.0
596435.0
659772.0
568648.0
614641.0
597019.0
710774.0
639170.0
620920.0
593459.0
713060.0
570434.0
679203.0
597274.0
631773.0
569956.0
577388.0
679484.0
712761.0
688888.0
618993.0
640693.0
701707.0
687060.0
589407.0
585513.0
613398.0
642555.0
603079.0
750723.0
578445.0
592313.0
668792.0
636960.0
556979.0
607242.0
643288.0
650758.0
570995.0
672846.0
606333.0
670756.0
563341.0
622100.0
613141.0
598382.0
655270.0
656393.0
621118.0
703592.0
641442.0
609816.0
612986.0
611952.0
637197.0
608342.0
613713.0
676733.0
632006.0
656801.0
683164.0
617825.0
660873.0
609903.0
578996.0
610759.0
641004.0
688319.0
673858.0
607856.0
636030.0
605699.0
714327.0
589123.0
627289.0
652737.0
622112.0
635689.0
703819.0
644118.0
628490.0
572755.0
703366.0
754077.0
663798.0
676998.0
626915.0
660113.0
711354.0
596684.0
691646.0
667106.0
635342.0
583098.0
586209.0
679120.0
570472.0
639034.0
627044.0
579773.0
619996.0
662327.0
