430900.0
439658.0
380254.0
330040.0
343378.0
344224.0
344224.0
347152.0
347152.0
347152.0
343378.0
305864.0
305864.0
298018.0
285992.0
285992.0
285992.0
285992.0
285992.0
285992.0
286688.0
286688.0
286688.0
286126.0
286126.0
286126.0
286126.0
283530.0
283530.0
283530.0
263998.0
263998.0
263998.0
263998.0
263998.0
263998.0
263998.0
263998.0
263998.0
263998.0
266378.0
266378.0
266378.0
266378.0
270818.0
270818.0
270818.0
270818.0
272286.0
270818.0
270818.0
266378.0
266378.0
266378.0
266378.0
266378.0
266378.0
266378.0
266378.0
261998.0
261998.0
261998.0
261998.0
261998.0
260964.0
261362.0
261362.0
261362.0
261362.0
261362.0
261362.0
261362.0
261362.0
261362.0
261362.0
261362.0
263110.0
261362.0
261362.0
261362.0
261362.0
259562.0
259562.0
259562.0
259562.0
259562.0
259562.0
110754.0
115968.0
110754.0
110754.0
110754.0
110754.0
110754.0
110754.0
114014.0
114014.0
114014.0
114014.0
114014.0
114014.0
126890.0
126890.0
114014.0
114014.0
114014.0
114014.0
114014.0
114014.0
114014.0
114014.0
110292.0
110292.0
110292.0
110292.0
110292.0
110292.0
110292.0
110292.0
110292.0
110292.0
110292.0
110292.0
110292.0
110292.0
108124.0
108124.0
108124.0
108124.0
108124.0
108124.0
108124.0
108124.0
108124.0
108124.0
108124.0
108124.0
108124.0
108124.0
108124.0
108124.0
108124.0
108124.0
108124.0
108124.0
108124.0
108124.0
108124.0
108124.0
108124.0
108124.0
108124.0
108124.0
108124.0
108124.0
108124.0
108124.0
108124.0
108124.0
109532.0
108124.0
109336.0
109926.0
109926.0
108124.0
108124.0
108124.0
108124.0
108124.0
108124.0
108124.0
108124.0
108124.0
108924.0
108924.0
108924.0
108924.0
108924.0
108924.0
108924.0
108924.0
108924.0
108924.0
108924.0
108924.0
89422.0
89422.0
89422.0
89422.0
89422.0
88146.0
88146.0
88146.0
88146.0
88146.0
88146.0
88146.0
88146.0
88146.0
88146.0
88146.0
98204.0
88146.0
93956.0
93956.0
93956.0
89646.0
89646.0
88146.0
88146.0
88146.0
88146.0
88146.0
88146.0
88146.0
88146.0
88146.0
88146.0
88146.0
88146.0
88146.0
88146.0
88146.0
88146.0
88146.0
88146.0
88146.0
88146.0
88146.0
88146.0
88146.0
88146.0
87792.0
101708.0
87792.0
87792.0
87792.0
87792.0
87792.0
87792.0
87792.0
87792.0
87792.0
87792.0
87792.0
87792.0
87792.0
87792.0
87792.0
87792.0
158182.0
158182.0
158182.0
92176.0
92176.0
92176.0
92176.0
92176.0
92176.0
92176.0
141082.0
141082.0
141082.0
102778.0
102778.0
102778.0
102778.0
102778.0
87792.0
87792.0
87792.0
87792.0
87792.0
87792.0
87792.0
87806.0
87806.0
87792.0
93966.0
88902.0
88902.0
88902.0
88902.0
88902.0
88902.0
88902.0
88902.0
88902.0
88902.0
88902.0
88902.0
88902.0
88902.0
88902.0
88902.0
88902.0
88902.0
88902.0
88902.0
87354.0
87354.0
87354.0
87354.0
87354.0
87354.0
87354.0
87354.0
87354.0
87354.0
87354.0
87354.0
87354.0
87354.0
87354.0
87354.0
87354.0
87354.0
87354.0
87354.0
87354.0
87354.0
87354.0
87354.0
87354.0
87354.0
106966.0
87354.0
87354.0
87354.0
87354.0
87408.0
87408.0
87408.0
87408.0
87408.0
87408.0
87408.0
87408.0
87408.0
87408.0
87408.0
87408.0
87408.0
87408.0
87408.0
87408.0
87408.0
87408.0
87408.0
87354.0
87651.0
87354.0
87354.0
87354.0
87354.0
87354.0
87354.0
87354.0
87354.0
87354.0
87354.0
87354.0
87354.0
97262.0
88410.0
87354.0
87354.0
87354.0
87354.0
87354.0
87354.0
87354.0
87354.0
87354.0
87354.0
87354.0
87354.0
87354.0
87354.0
87354.0
87354.0
88650.0
88650.0
100344.0
100344.0
100344.0
100344.0
100344.0
105437.0
100344.0
100344.0
100344.0
100344.0
100344.0
100344.0
100344.0
100344.0
100344.0
100344.0
100344.0
