72.12287648486397
72.21069102056457
74.15338966651615
74.15338966651615
74.77448659714669
74.77448659714669
75.68416469710162
75.68416469710162
75.78615345203023
77.48368624317484
77.48368624317484
77.48368624317484
77.48368624317484
77.48368624317484
77.48368624317484
77.48368624317484
77.48368624317484
77.48368624317484
77.59887760555853
77.59887760555853
77.6666890711117
77.73558273961554
77.74612961597748
77.74612961597748
77.74612961597748
78.12668372844828
78.12668372844828
78.12668372844828
78.12668372844828
78.12668372844828
78.12668372844828
78.12668372844828
78.12668372844828
78.12668372844828
78.12668372844828
78.12668372844828
78.12668372844828
78.12668372844828
78.12668372844828
78.12668372844828
78.29345342115876
78.29345342115876
78.29345342115876
78.29345342115876
78.29345342115876
78.29345342115876
78.29345342115876
78.29345342115876
78.29345342115876
78.30017475467133
78.30017475467133
78.30017475467133
78.30017475467133
78.30017475467133
78.30017475467133
78.30017475467133
78.30017475467133
78.30017475467133
78.30017475467133
78.30017475467133
78.30017475467133
78.30521575480574
78.65976609759376
78.65976609759376
78.65976609759376
78.65976609759376
78.65976609759376
78.65976609759376
78.65976609759376
78.65976609759376
78.9756687726845
78.9756687726845
78.9756687726845
78.9756687726845
78.9756687726845
78.9756687726845
78.9756687726845
79.15998868671632
79.15998868671632
79.15998868671632
79.15998868671632
79.15998868671632
79.15998868671632
79.15998868671632
79.15998868671632
79.15998868671632
79.15998868671632
79.15998868671632
79.15998868671632
79.15998868671632
79.15998868671632
79.15998868671632
79.15998868671632
79.15998868671632
79.15998868671632
79.15998868671632
79.15998868671632
79.15998868671632
79.15998868671632
79.15998868671632
79.15998868671632
79.15998868671632
79.15998868671632
79.15998868671632
79.15998868671632
79.15998868671632
79.15998868671632
79.15998868671632
79.15998868671632
79.15998868671632
79.15998868671632
79.41546051100666
79.41546051100666
79.41546051100666
79.41546051100666
79.41546051100666
79.41546051100666
79.41546051100666
79.41546051100666
79.41546051100666
79.41546051100666
79.41546051100666
79.41546051100666
79.41546051100666
79.41546051100666
79.41546051100666
79.41546051100666
79.41546051100666
79.41546051100666
79.41546051100666
79.41546051100666
79.41546051100666
79.41546051100666
79.41546051100666
79.41546051100666
79.41546051100666
79.41546051100666
79.41546051100666
79.41546051100666
79.41546051100666
79.41546051100666
79.41546051100666
79.41546051100666
79.41546051100666
79.54390689324295
79.54390689324295
79.54390689324295
79.54390689324295
79.54390689324295
79.54390689324295
79.54390689324295
79.54390689324295
79.54390689324295
79.54390689324295
79.54390689324295
79.54390689324295
79.54390689324295
79.54390689324295
79.54390689324295
79.54390689324295
79.54390689324295
79.54390689324295
79.54390689324295
79.54390689324295
79.54390689324295
79.54390689324295
79.54390689324295
79.54390689324295
79.54390689324295
79.54390689324295
79.54390689324295
79.54390689324295
79.54390689324295
79.56325254588789
79.56325254588789
79.56325254588789
79.56325254588789
79.56325254588789
79.56325254588789
79.56325254588789
79.56325254588789
79.56325254588789
79.8899175123138
79.8899175123138
79.8899175123138
79.8899175123138
79.8899175123138
79.8899175123138
79.8899175123138
79.8899175123138
79.8899175123138
79.8899175123138
79.8899175123138
79.8899175123138
79.8899175123138
79.8899175123138
79.8899175123138
79.8899175123138
79.8899175123138
79.8899175123138
79.8899175123138
79.8899175123138
79.8899175123138
79.8899175123138
79.8899175123138
79.8899175123138
79.8899175123138
79.8899175123138
79.8899175123138
79.8899175123138
79.8899175123138
79.8899175123138
79.8899175123138
79.8899175123138
79.8899175123138
79.8899175123138
79.8899175123138
79.8899175123138
79.8899175123138
79.8899175123138
79.8899175123138
79.8899175123138
79.8899175123138
79.8899175123138
79.8899175123138
79.8899175123138
79.8899175123138
79.8899175123138
79.8899175123138
79.8899175123138
79.8899175123138
79.8899175123138
80.16935263589183
80.16935263589183
80.16935263589183
80.16935263589183
80.16935263589183
80.16935263589183
80.16935263589183
80.16935263589183
80.16935263589183
80.16935263589183
80.16935263589183
80.16935263589183
80.16935263589183
80.16935263589183
80.16935263589183
80.16935263589183
80.16935263589183
80.16935263589183
80.16935263589183
80.16935263589183
80.16935263589183
80.16935263589183
80.16935263589183
80.16935263589183
80.16935263589183
80.16935263589183
80.16935263589183
80.16935263589183
80.16935263589183
80.16935263589183
80.16935263589183
80.16935263589183
80.16935263589183
80.16935263589183
80.16935263589183
80.16935263589183
80.16935263589183
80.16935263589183
80.16935263589183
80.16935263589183
80.16935263589183
80.16935263589183
80.16935263589183
80.16935263589183
80.16935263589183
80.16935263589183
80.16935263589183
80.41518710734772
80.41518710734772
80.41518710734772
80.41518710734772
80.41518710734772
80.41518710734772
80.41518710734772
80.41518710734772
80.41518710734772
80.41518710734772
80.41518710734772
80.41518710734772
80.41518710734772
80.41518710734772
80.41518710734772
80.41518710734772
80.41518710734772
80.41518710734772
80.41518710734772
80.41518710734772
80.41518710734772
80.41518710734772
80.41518710734772
80.41518710734772
80.41518710734772
80.41518710734772
80.41518710734772
80.41518710734772
80.41518710734772
80.41518710734772
80.41518710734772
80.41518710734772
80.41518710734772
80.41518710734772
80.41518710734772
80.41518710734772
80.41518710734772
80.41518710734772
80.41518710734772
80.41518710734772
80.41518710734772
80.41518710734772
80.45615951925704
80.45615951925704
80.45615951925704
80.45615951925704
80.45615951925704
80.45615951925704
80.45615951925704
80.45615951925704
80.45615951925704
80.45615951925704
80.45615951925704
80.45615951925704
80.45615951925704
80.45615951925704
80.45615951925704
80.45615951925704
80.45615951925704
80.45615951925704
80.45615951925704
80.45615951925704
80.45615951925704
80.45615951925704
80.45615951925704
80.45615951925704
80.45615951925704
80.45615951925704
80.45615951925704
80.45615951925704
80.45615951925704
80.45615951925704
80.45615951925704
80.45615951925704
80.45615951925704
80.45615951925704
80.45615951925704
80.45615951925704
80.45615951925704
80.45615951925704
80.45615951925704
80.45615951925704
80.45615951925704
80.45615951925704
80.45615951925704
80.45615951925704
80.45615951925704
80.45615951925704
80.45615951925704
80.45615951925704
80.45615951925704
80.45615951925704
80.45615951925704
80.45615951925704
80.45615951925704
80.45615951925704
80.45615951925704
80.45615951925704
80.45615951925704
80.45615951925704
80.45615951925704
80.45615951925704
80.45615951925704
80.45615951925704
80.66387673578085
80.66387673578085
80.66387673578085
80.66387673578085
80.66387673578085
80.66387673578085
80.66387673578085
80.66387673578085
80.66387673578085
80.66387673578085
80.66387673578085
80.66387673578085
80.66387673578085
80.66387673578085
80.66387673578085
80.66387673578085
80.66387673578085
