48.593873431054156
45.21652878608813
48.42849613492622
48.42849613492622
48.42849613492622
48.56026001405481
49.95124238162213
49.35007105637139
54.069052998771156
56.33332308606679
54.676527941963975
54.676527941963975
54.676527941963975
54.676527941963975
56.16302889030162
56.16302889030162
55.200324556456
56.50829113295602
56.01726387634247
60.41679876566694
60.41679876566694
60.65326794243035
61.30956385244983
61.52259221885861
61.083892189907
61.083892189907
61.52259221885861
61.52259221885861
61.52259221885861
60.99161903503265
61.475975517315504
61.475975517315504
61.52259221885861
61.52259221885861
61.52259221885861
61.52259221885861
61.90492140050018
61.90492140050018
62.99998866560122
62.16067643691839
62.99998866560122
63.07706257721558
63.07706257721558
63.07706257721558
67.64544757313465
68.02892516708667
67.95466442667056
67.95466442667056
67.99605565903363
68.04109905895815
68.04109905895815
68.08735984806984
68.54889038667964
68.54889038667964
68.54889038667964
68.54889038667964
68.54889038667964
68.54889038667964
69.24548864557988
69.24548864557988
69.24548864557988
69.24548864557988
69.24548864557988
67.77611479343358
69.09606404269513
69.09606404269513
69.09606404269513
66.59362331543771
66.59362331543771
66.59362331543771
67.66231685828004
67.66231685828004
67.66231685828004
67.66231685828004
67.66231685828004
67.66231685828004
67.66231685828004
67.66231685828004
66.16833388296509
67.66231685828004
67.66231685828004
67.83483050534176
68.203011820849
68.203011820849
68.203011820849
68.203011820849
68.203011820849
68.203011820849
68.203011820849
68.43675054478166
68.43675054478166
68.43675054478166
68.43675054478166
68.43675054478166
68.43675054478166
68.24763101795374
68.24763101795374
68.24763101795374
68.24763101795374
68.24763101795374
68.24763101795374
68.24763101795374
68.24763101795374
68.24763101795374
68.24763101795374
68.24763101795374
68.44355723140241
69.02280047680641
69.04182200918106
69.04182200918106
69.21682010702783
69.21682010702783
69.21682010702783
65.21826665719226
65.21826665719226
69.21682010702783
66.38724162334968
66.38724162334968
66.38724162334968
66.38724162334968
66.38724162334968
66.38724162334968
66.38724162334968
66.38724162334968
66.38724162334968
66.38724162334968
66.38724162334968
66.38724162334968
65.31368019653138
65.31368019653138
65.31368019653138
65.75367579657537
65.75367579657537
65.75367579657537
65.75367579657537
66.08122807660811
66.08122807660811
64.89893679168127
64.89893679168127
64.89893679168127
64.89893679168127
64.89893679168127
69.63656192142838
69.93837023510612
70.21682699648801
70.21682699648801
70.21682699648801
70.21682699648801
70.21682699648801
70.21682699648801
70.21682699648801
70.21682699648801
70.21682699648801
70.21682699648801
70.21682699648801
70.21682699648801
70.21682699648801
70.21682699648801
70.21682699648801
70.21682699648801
70.21682699648801
70.21682699648801
70.21682699648801
70.42423779711915
70.50357863356591
70.50357863356591
70.50357863356591
70.06794930523743
70.093398483229
70.093398483229
70.093398483229
70.093398483229
70.093398483229
70.093398483229
70.093398483229
70.093398483229
70.37970173563394
69.44826182114316
70.37970173563394
70.37970173563394
70.37970173563394
70.37970173563394
70.37970173563394
70.37970173563394
70.49422303659591
70.49422303659591
70.48786074209802
70.48786074209802
70.48786074209802
70.48786074209802
70.48786074209802
70.48786074209802
70.48786074209802
70.48786074209802
70.48786074209802
70.48786074209802
70.48786074209802
70.48786074209802
70.48786074209802
70.48786074209802
70.48786074209802
70.48786074209802
70.48786074209802
70.48786074209802
69.99160177126278
69.99160177126278
69.99160177126278
69.99160177126278
69.99160177126278
70.20190147834717
70.3300758385504
70.3822466534331
70.3822466534331
70.3822466534331
70.3822466534331
70.3822466534331
70.3822466534331
70.11827657911816
70.3822466534331
70.3822466534331
70.3822466534331
70.3822466534331
70.3822466534331
70.3822466534331
70.3822466534331
70.3822466534331
70.3822466534331
70.3822466534331
70.3822466534331
70.3822466534331
70.3822466534331
70.3822466534331
70.3822466534331
70.3822466534331
70.3822466534331
70.3822466534331
70.3822466534331
70.3822466534331
70.3822466534331
70.3822466534331
70.3822466534331
70.3822466534331
70.00941619585689
70.28299485926605
70.28299485926605
70.28299485926605
70.28299485926605
70.28299485926605
70.28299485926605
70.28299485926605
70.28299485926605
70.28299485926605
70.28299485926605
70.28299485926605
70.3657046877386
70.3657046877386
70.06467468632778
70.06467468632778
70.06467468632778
70.06467468632778
70.06467468632778
70.06467468632778
70.3222758497408
70.3222758497408
70.3657046877386
70.3657046877386
70.48376665373172
70.48376665373172
70.48376665373172
70.6001810891217
70.6001810891217
70.6001810891217
70.6001810891217
70.6001810891217
70.76652924110552
70.76652924110552
70.76652924110552
70.76652924110552
70.76652924110552
70.76652924110552
70.76652924110552
70.76652924110552
70.76652924110552
70.76652924110552
70.76652924110552
70.76652924110552
70.76652924110552
71.06301216470709
71.21061739705807
71.21061739705807
71.21061739705807
71.21061739705807
71.21061739705807
71.21061739705807
71.20425510256018
71.21061739705807
71.21061739705807
71.21061739705807
71.21061739705807
70.70163383722706
70.70163383722706
70.70163383722706
70.70163383722706
70.70163383722706
70.70163383722706
70.70163383722706
70.70163383722706
70.70163383722706
70.70163383722706
70.70163383722706
70.70163383722706
70.70163383722706
70.70163383722706
70.70163383722706
70.70163383722706
70.70163383722706
70.70163383722706
70.70163383722706
70.70163383722706
70.70163383722706
70.70163383722706
70.70163383722706
70.70163383722706
70.70163383722706
70.70163383722706
70.70163383722706
70.70163383722706
70.70163383722706
70.70163383722706
75.0924803382138
75.0924803382138
75.0924803382138
75.0924803382138
75.0924803382138
75.0924803382138
75.0924803382138
75.0924803382138
75.0924803382138
75.0924803382138
74.88731387360502
74.88731387360502
74.88731387360502
74.88731387360502
74.88731387360502
74.88731387360502
74.88731387360502
74.88731387360502
74.88731387360502
74.88731387360502
74.88731387360502
74.88731387360502
75.0924803382138
75.0924803382138
75.30290222597915
75.30290222597915
75.30290222597915
75.30290222597915
76.14061100299632
76.18694591171656
76.2672597534983
76.2672597534983
76.2672597534983
76.14061100299632
76.14061100299632
76.14061100299632
76.14061100299632
76.2672597534983
76.2672597534983
76.2672597534983
76.2672597534983
76.2672597534983
76.2672597534983
76.2672597534983
76.2672597534983
76.2672597534983
76.2672597534983
76.2672597534983
76.2672597534983
76.2672597534983
76.2672597534983
76.2672597534983
76.2672597534983
76.2672597534983
76.2672597534983
76.2672597534983
76.2672597534983
76.2672597534983
76.2672597534983
76.2672597534983
76.2672597534983
76.2672597534983
76.2672597534983
76.2672597534983
76.2672597534983
76.2672597534983
76.2672597534983
76.2672597534983
76.2672597534983
76.2672597534983
76.2672597534983
76.2672597534983
76.2672597534983
76.2672597534983
75.37917400302722
75.37917400302722
75.3217683268047
75.3217683268047
75.3217683268047
73.00847963692821
73.00847963692821
73.00847963692821
73.00847963692821
73.00847963692821
73.00847963692821
73.00847963692821
73.00847963692821
75.52425955094351
75.94909338028604
76.2672597534983
76.2672597534983
76.2672597534983
76.2672597534983
75.477933228327
75.477933228327
75.477933228327
75.477933228327
75.477933228327
75.477933228327
75.477933228327
75.477933228327
75.477933228327
75.477933228327
75.477933228327
75.477933228327
75.477933228327
75.477933228327
75.477933228327
75.477933228327
75.477933228327
75.20619034380503
75.18916581735076
75.20619034380503
75.20619034380503
75.20619034380503
73.40251397510731
73.40251397510731
73.40251397510731
73.40251397510731
73.40251397510731
73.40251397510731
73.40251397510731
73.40251397510731
73.40251397510731
73.40251397510731
73.40251397510731
73.42567713641557
73.42567713641557
73.42567713641557
73.42567713641557
73.2701786814541
73.2701786814541
73.61059765865681
73.61059765865681
73.61059765865681
73.61059765865681
73.61059765865681
73.49969192852743
73.49969192852743
73.61059765865681
73.61059765865681
73.61059765865681
73.61059765865681
73.71688231669748
73.71688231669748
73.71688231669748
73.71688231669748
73.71688231669748
73.71688231669748
73.71688231669748
73.71688231669748
72.87122612446088
72.87122612446088
72.90203327171905
72.90203327171905
72.90203327171905
73.71688231669748
73.71688231669748
73.71688231669748
73.71688231669748
73.71688231669748
73.71688231669748
73.71688231669748
73.71688231669748
73.71688231669748
73.71688231669748
73.71688231669748
73.71688231669748
73.71688231669748
73.71688231669748
