44.45490769853376
51.735557234675696
61.40039178169559
58.081708670153745
60.687489094398885
52.267672274344875
58.22905216876639
61.267975115908044
60.973429710313894
60.973429710313894
64.9707783633587
63.67318711717053
63.67318711717053
68.9003682354625
69.74291000469445
68.44985481349119
72.08824689544483
69.22242314647379
70.8193668528864
68.30856960267424
68.30856960267424
65.43314700818415
68.30856960267424
66.32976924477744
66.32976924477744
66.32976924477744
66.32976924477744
66.32976924477744
66.32976924477744
66.32976924477744
66.32976924477744
66.32976924477744
66.32976924477744
66.32976924477744
66.32976924477744
66.32976924477744
66.32976924477744
66.32976924477744
66.32976924477744
66.32976924477744
66.32976924477744
66.32976924477744
66.32976924477744
66.32976924477744
66.32976924477744
66.32976924477744
66.32976924477744
66.32976924477744
66.32976924477744
66.32976924477744
66.32976924477744
66.32976924477744
66.32976924477744
66.32976924477744
66.32976924477744
66.32976924477744
66.32976924477744
66.32976924477744
66.32976924477744
66.32976924477744
66.32976924477744
66.32976924477744
66.32976924477744
66.32976924477744
66.32976924477744
66.32976924477744
66.32976924477744
66.32976924477744
66.32976924477744
66.32976924477744
66.32976924477744
66.32976924477744
66.32976924477744
66.32976924477744
66.32976924477744
66.32976924477744
66.32976924477744
66.32976924477744
66.32976924477744
66.32976924477744
66.32976924477744
66.32976924477744
66.32976924477744
66.32976924477744
66.32976924477744
66.32976924477744
66.32976924477744
66.32976924477744
66.32976924477744
66.32976924477744
66.32976924477744
66.32976924477744
66.32976924477744
66.32976924477744
66.32976924477744
66.32976924477744
66.32976924477744
66.32976924477744
66.32976924477744
66.32976924477744
66.32976924477744
66.32976924477744
66.32976924477744
66.32976924477744
66.32976924477744
66.32976924477744
66.32976924477744
66.32976924477744
66.32976924477744
66.32976924477744
66.32976924477744
66.32976924477744
66.32976924477744
66.32976924477744
66.32976924477744
66.32976924477744
66.32976924477744
66.32976924477744
66.32976924477744
66.32976924477744
66.32976924477744
66.32976924477744
66.32976924477744
66.32976924477744
66.32976924477744
66.32976924477744
66.32976924477744
66.32976924477744
66.32976924477744
66.32976924477744
66.32976924477744
66.32976924477744
66.32976924477744
66.32976924477744
66.32976924477744
66.32976924477744
66.32976924477744
66.32976924477744
66.32976924477744
68.41947901483724
68.41947901483724
68.41947901483724
68.41947901483724
68.41947901483724
68.41947901483724
68.41947901483724
68.41947901483724
68.41947901483724
68.41947901483724
68.41947901483724
68.41947901483724
68.41947901483724
68.41947901483724
67.38112566715186
67.38112566715186
67.38112566715186
67.38112566715186
67.38112566715186
67.38112566715186
67.38112566715186
67.38112566715186
67.38112566715186
68.09401994587179
68.09401994587179
68.41947901483724
68.41947901483724
68.41947901483724
68.41947901483724
68.41947901483724
68.41947901483724
68.41947901483724
68.41947901483724
68.41947901483724
68.41947901483724
68.41947901483724
68.41947901483724
68.41947901483724
68.41947901483724
68.41947901483724
66.99611327040533
66.99611327040533
67.71577380952381
67.71577380952381
67.71577380952381
67.71577380952381
68.41947901483724
68.41947901483724
68.41947901483724
68.41947901483724
68.41947901483724
68.41947901483724
68.41947901483724
68.41947901483724
68.41947901483724
68.41947901483724
68.41947901483724
68.41947901483724
68.41947901483724
68.41947901483724
68.41947901483724
68.41947901483724
68.41947901483724
68.41947901483724
68.41947901483724
68.41947901483724
68.41947901483724
68.41947901483724
68.41947901483724
68.41947901483724
68.41947901483724
68.41947901483724
68.41947901483724
68.41947901483724
68.41947901483724
68.41947901483724
68.41947901483724
68.80616174582798
68.80616174582798
68.80616174582798
68.80616174582798
68.80616174582798
68.80616174582798
68.80616174582798
68.80616174582798
68.80616174582798
68.80616174582798
68.80616174582798
68.80616174582798
68.80616174582798
68.80616174582798
68.80616174582798
68.80616174582798
68.80616174582798
68.80616174582798
68.80616174582798
68.80616174582798
68.80616174582798
68.09326583831876
68.62617691651059
68.62617691651059
68.62617691651059
68.62617691651059
68.62617691651059
68.62617691651059
68.62617691651059
68.80616174582798
68.80616174582798
67.35493318689366
67.35493318689366
67.35493318689366
67.35493318689366
67.35493318689366
67.35493318689366
67.35493318689366
67.35493318689366
67.35493318689366
67.35493318689366
67.35493318689366
68.80616174582798
68.80616174582798
68.80616174582798
68.80616174582798
63.17776547992375
65.29477058155922
65.29477058155922
65.29477058155922
65.29477058155922
65.29477058155922
65.29477058155922
65.29477058155922
65.29477058155922
65.29477058155922
65.29477058155922
65.29477058155922
65.29477058155922
65.29477058155922
65.29477058155922
65.29477058155922
65.29477058155922
65.29477058155922
65.29477058155922
65.29477058155922
65.29477058155922
65.29477058155922
65.29477058155922
65.29477058155922
65.29477058155922
65.29477058155922
65.29477058155922
65.29477058155922
65.29477058155922
65.29477058155922
65.29477058155922
65.29477058155922
65.29477058155922
65.29477058155922
65.29477058155922
65.29477058155922
65.29477058155922
65.29477058155922
65.29477058155922
65.29477058155922
65.29477058155922
65.29477058155922
65.29477058155922
65.29477058155922
65.29477058155922
65.29477058155922
65.29477058155922
65.29477058155922
65.29477058155922
65.29477058155922
65.29477058155922
65.29477058155922
65.29477058155922
65.29477058155922
65.29477058155922
65.29477058155922
65.29477058155922
65.29477058155922
65.29477058155922
65.29477058155922
65.29477058155922
65.29477058155922
65.29477058155922
65.29477058155922
65.29477058155922
65.29477058155922
65.29477058155922
65.29477058155922
65.29477058155922
65.29477058155922
65.29477058155922
65.29477058155922
65.29477058155922
65.29477058155922
65.29477058155922
65.29477058155922
65.29477058155922
65.29477058155922
65.29477058155922
65.29477058155922
65.29477058155922
65.29477058155922
65.29477058155922
65.29477058155922
65.29477058155922
65.29477058155922
65.29477058155922
65.29477058155922
65.29477058155922
65.29477058155922
65.29477058155922
65.29477058155922
65.29477058155922
65.29477058155922
65.29477058155922
65.29477058155922
65.29477058155922
65.29477058155922
65.29477058155922
65.29477058155922
65.29477058155922
65.29477058155922
65.29477058155922
65.29477058155922
65.29477058155922
65.29477058155922
65.29477058155922
65.29477058155922
65.29477058155922
65.29477058155922
65.29477058155922
65.29477058155922
65.29477058155922
65.29477058155922
65.29477058155922
65.29477058155922
65.29477058155922
65.29477058155922
65.29477058155922
65.29477058155922
65.29477058155922
65.29477058155922
65.29477058155922
65.29477058155922
65.29477058155922
65.29477058155922
65.29477058155922
65.29477058155922
65.29477058155922
65.29477058155922
65.29477058155922
65.29477058155922
65.29477058155922
65.29477058155922
65.29477058155922
65.29477058155922
65.29477058155922
65.29477058155922
