237666.77142857143
223732.8
224714.08571428573
224090.37142857144
197638.7142857143
195834.42857142858
181279.6
158856.37142857144
155429.4
139193.48571428572
139165.62857142856
137389.51428571428
129720.85714285714
125705.08571428571
124444.31428571428
121208.62857142858
118962.4857142857
114257.02857142857
120131.54285714286
118442.31428571428
116427.65714285715
115236.91428571429
113614.34285714285
108305.02857142857
108486.17142857143
108652.34285714285
108353.45714285714
106635.31428571428
106635.31428571428
108107.65714285715
106744.37142857142
106744.37142857142
106744.37142857142
108541.25714285714
108541.08571428571
107146.45714285714
106436.85714285714
106436.85714285714
107935.8
104913.25714285714
105440.54285714286
102089.65714285715
100059.88571428572
99823.54285714286
100216.74285714286
100216.74285714286
100915.28571428571
100915.28571428571
102134.94285714286
99384.11428571428
99942.68571428572
102241.4857142857
102241.4857142857
101032.62857142858
102458.62857142858
105830.25714285714
103534.22857142857
106171.97142857143
106171.97142857143
106171.97142857143
107109.94285714286
107022.62857142858
107778.22857142857
105933.97142857143
104889.42857142857
102099.45714285714
101346.08571428571
101108.71428571429
100408.11428571428
97297.71428571429
99557.25714285714
99464.14285714286
100069.8
99160.77142857143
99160.77142857143
86753.28571428571
86475.25714285714
86195.4
86195.4
86356.11428571428
86356.11428571428
86356.11428571428
86356.11428571428
86842.11428571428
86752.74285714286
86752.74285714286
87119.97142857143
86235.82857142857
86901.65714285715
87703.68571428572
87703.68571428572
87703.68571428572
87703.68571428572
85328.94285714286
88852.31428571428
89016.6
89482.02857142857
89482.02857142857
88444.37142857142
88444.37142857142
88175.91428571429
88286.71428571429
88286.71428571429
87494.42857142857
86841.11428571428
86892.8
86892.8
86886.2
86846.74285714286
86846.74285714286
86896.54285714286
86887.4
86944.05714285714
86944.05714285714
86944.05714285714
86944.05714285714
86929.08571428571
86929.08571428571
86929.08571428571
86929.08571428571
86900.37142857142
86900.37142857142
86918.28571428571
86949.17142857143
87118.88571428572
87118.88571428572
87118.88571428572
87038.82857142857
87038.82857142857
89112.74285714286
88548.54285714286
88548.54285714286
88549.68571428572
88591.02857142857
88591.02857142857
88511.08571428571
88511.08571428571
88511.08571428571
88486.17142857143
88316.4857142857
88316.4857142857
88316.4857142857
88316.4857142857
88271.14285714286
88271.14285714286
88107.14285714286
88107.14285714286
88107.14285714286
86920.22857142857
87160.11428571428
87069.45714285714
87069.45714285714
87069.45714285714
85833.77142857143
85833.77142857143
85168.25714285714
85346.4
85346.4
85346.4
85301.97142857143
85301.97142857143
85370.62857142858
85751.68571428572
85735.5142857143
85850.31428571428
85643.45714285714
85643.45714285714
85588.4857142857
85513.2
85513.2
85513.2
86266.71428571429
86266.71428571429
86223.28571428571
86223.28571428571
86428.34285714285
86571.4857142857
86571.4857142857
86377.74285714286
86351.17142857143
86326.62857142858
86423.91428571429
90329.97142857143
90329.97142857143
90225.05714285714
90400.22857142857
90359.4
90442.28571428571
90368.8
90368.8
90368.8
90333.8
90387.11428571428
90387.11428571428
88474.25714285714
88009.42857142857
90772.62857142858
90742.45714285714
93474.4
93211.25714285714
89177.5142857143
89120.77142857143
90668.2
90668.2
89577.97142857143
89602.71428571429
89602.71428571429
87797.68571428572
87726.25714285714
87616.71428571429
87794.68571428572
87794.68571428572
87619.68571428572
87609.11428571428
87609.11428571428
87608.31428571428
83961.34285714285
83902.28571428571
84105.25714285714
83920.65714285715
83920.65714285715
83870.08571428571
84191.02857142857
84191.02857142857
83647.37142857142
83563.57142857143
83539.82857142857
83539.82857142857
83782.42857142857
83893.54285714286
83864.74285714286
83864.74285714286
83864.74285714286
84269.08571428571
84230.14285714286
84230.14285714286
83847.97142857143
83442.05714285714
83541.4
83471.31428571428
83471.31428571428
83471.31428571428
83620.28571428571
83620.28571428571
83620.28571428571
83816.17142857143
83708.17142857143
83516.65714285715
83516.65714285715
83516.65714285715
83476.4857142857
83476.4857142857
83476.4857142857
83476.4857142857
82691.88571428572
83024.85714285714
83057.17142857143
83000.08571428571
83340.4857142857
83340.4857142857
83340.4857142857
83340.4857142857
83022.88571428572
82819.02857142857
82819.02857142857
82819.02857142857
82569.85714285714
82551.45714285714
82854.02857142857
82662.45714285714
82648.68571428572
82648.68571428572
82547.11428571428
82560.88571428572
82446.71428571429
82446.71428571429
82410.14285714286
82410.14285714286
82354.94285714286
82267.5142857143
82183.5142857143
82298.68571428572
82341.68571428572
82168.74285714286
81676.37142857142
81942.88571428572
81942.88571428572
81918.34285714285
83892.31428571428
85882.6
85882.6
85919.82857142857
85996.77142857143
85953.74285714286
85953.74285714286
85953.74285714286
85953.74285714286
86034.28571428571
86048.71428571429
86048.71428571429
86179.17142857143
84925.11428571428
85495.02857142857
85060.4
85173.08571428571
85353.22857142857
85191.45714285714
89385.17142857143
89385.17142857143
89061.42857142857
89058.5142857143
89025.37142857142
89025.37142857142
89025.37142857142
88937.37142857142
88070.2
88070.2
88070.2
88287.2
88044.65714285715
88145.31428571428
87476.02857142857
87629.45714285714
87592.42857142857
87592.42857142857
87970.08571428571
87970.08571428571
87970.08571428571
87970.08571428571
88623.57142857143
88623.57142857143
88623.57142857143
88208.0
88255.65714285715
88244.0
88244.0
88228.8
88228.8
88157.11428571428
88105.74285714286
88240.02857142857
88144.82857142857
88144.82857142857
81581.5142857143
81581.5142857143
80292.4857142857
80407.34285714285
80272.2
80272.2
80251.25714285714
80755.45714285714
80563.25714285714
80548.54285714286
80402.08571428571
81491.62857142858
81803.74285714286
81793.5142857143
81793.5142857143
81745.2
81745.2
81054.71428571429
81054.71428571429
82076.22857142857
81979.8
81979.8
81601.42857142857
80744.62857142858
80799.28571428571
80791.14285714286
80780.05714285714
80780.05714285714
81256.97142857143
81183.71428571429
81183.71428571429
81183.71428571429
81298.82857142857
81298.82857142857
81298.82857142857
81131.0
81207.0
81166.71428571429
78137.45714285714
78203.85714285714
78401.6
77873.68571428572
77834.31428571428
77810.37142857142
77568.02857142857
77568.02857142857
77616.02857142857
78239.77142857143
78239.77142857143
78322.37142857142
77813.4
77983.05714285714
77934.37142857142
77661.28571428571
77693.82857142857
77586.31428571428
77586.31428571428
