58.824467468043586
63.848170880239614
66.67973647744671
67.18668847264354
68.81574036062784
68.5706067426818
70.12627959829234
70.77591750305172
71.03886104949548
71.09387974997522
72.15152580913538
72.0066960305772
72.20681356313764
73.90577596710845
74.3332432188828
74.25259723494344
74.24596644202913
74.14751789939302
74.68403765960811
74.1128713034847
74.37027228185858
74.1590923314762
74.6927860670366
74.31767192998981
74.31525221404162
74.3860286109897
74.52086128485303
74.26870978746646
74.26870978746646
74.8071937400325
74.71119911712633
74.71119911712633
74.71119911712633
74.81544103118897
74.8187940534125
74.66500257060228
74.64370283121735
74.64370283121735
74.75188841101625
74.63288315091238
74.60970383853694
74.59210899555828
74.67399429639731
74.67625355100762
74.77475313765618
74.77475313765618
74.94524487675797
74.94524487675797
74.93212860429473
74.81884773522698
74.85046436548835
74.96413988406985
74.96413988406985
74.9770879720019
75.1908097433319
75.48457841968782
75.4032631494159
75.44229049006297
75.44229049006297
75.44229049006297
75.63175203294682
75.50780057230378
75.61747012131086
76.06900500490922
75.96210451914938
76.09968775701107
76.0589558960294
76.06550434257193
76.12569194303575
76.209941957548
76.25548134432749
76.24207101810981
76.26507059134521
76.06855642606332
76.06855642606332
76.47987880806131
76.36127922271199
76.39009697663192
76.39009697663192
76.43298194591728
76.43298194591728
76.43298194591728
76.43298194591728
76.43891636814278
76.40947486523764
76.40947486523764
76.6406668038402
76.68421366864183
76.75501402830048
76.86401974920499
76.86401974920499
76.86401974920499
76.86401974920499
76.97156140181924
77.04549914347668
77.19660739637297
77.4929695470436
77.4929695470436
77.47775177188441
77.47775177188441
77.38664617871557
77.45030384881943
77.45030384881943
77.43686253348362
77.2197374943809
77.21998239547216
77.21998239547216
77.1399213056391
77.08789949465964
77.08789949465964
77.13445703893704
77.13078502701192
77.13212554634886
77.13212554634886
77.13212554634886
77.13212554634886
77.24862665816113
77.24862665816113
77.24862665816113
77.24862665816113
77.22755124882733
77.22755124882733
77.23971154600392
77.24593835208717
77.35676076649264
77.35676076649264
77.35676076649264
77.34564200112004
77.34564200112004
77.42671535102605
77.58386292302154
77.58386292302154
77.78437402482912
77.78567411553774
77.78567411553774
77.78475145126696
77.78475145126696
77.78475145126696
77.65846857418536
77.57553130113186
77.57553130113186
77.57553130113186
77.57553130113186
77.42994918282504
77.42994918282504
77.32399675225088
77.32399675225088
77.32399675225088
77.28977458120798
77.30913877213563
77.17316991394135
77.17316991394135
77.17316991394135
77.3253603038507
77.3253603038507
77.29805823733521
77.35165703627989
77.35165703627989
77.35165703627989
77.38506065480117
77.38506065480117
77.3891281997002
77.47425210734878
77.42631970302429
77.52269257866979
77.82639629849417
77.82639629849417
77.8255959740167
77.79755055497247
77.79755055497247
77.79755055497247
77.55001795116114
77.55001795116114
77.50492167497819
77.50492167497819
77.52842255129889
77.67580955418775
77.67580955418775
77.5944717862218
77.34974790055828
77.37348696143629
77.4713681322614
77.5185019337592
77.5185019337592
77.51064666715378
77.60819113556367
77.60887024056372
77.85884249650404
77.89052982673223
77.89052982673223
77.89052982673223
77.75458599065084
77.76193001450105
77.76193001450105
77.72291401100742
77.38860586683866
77.41185800698003
77.38291030989232
77.72438038718145
77.81411934764448
77.59255464255988
77.54848670325661
77.52240253894699
77.52240253894699
77.49794258091224
77.46864727505121
77.46864727505121
77.37165068737157
77.48812125354887
77.48443841562687
77.67743783012747
77.67743783012747
77.6988148941455
77.70485038153157
77.70485038153157
77.7079907387182
77.41911902101735
77.18842652556864
77.43491027442417
77.18779656633563
77.18779656633563
77.16788830708764
77.40244135595931
77.3982731262065
77.31427325702455
77.2285564499285
77.24075362366999
77.24075362366999
77.42799418328828
77.47853813164858
77.46263931244852
77.46263931244852
77.46263931244852
77.50142369786288
77.37026275031363
77.37026275031363
77.31702850175613
77.13536174488871
77.20574699317955
77.18700246961635
77.18700246961635
77.18700246961635
77.21868395109323
77.21868395109323
77.21868395109323
77.24518636569739
77.25052566952365
77.16511773742522
77.16511773742522
77.16511773742522
76.95081592902443
76.95081592902443
76.95081592902443
76.95081592902443
76.93874572418146
77.14129439821593
77.16037708126403
77.20256724621724
77.45180607631131
77.45180607631131
77.45180607631131
77.45180607631131
77.04147012795167
76.90977281757797
76.90977281757797
76.90977281757797
76.99665010972555
76.96397941817767
77.26680936314739
77.30905639784903
77.28249881970962
77.28249881970962
77.24150016080289
77.24042833029502
77.20235849855257
77.20235849855257
77.16885387082513
77.16885387082513
77.12222459865829
76.83236308353169
76.74753608892836
76.57854154300861
76.58558208995976
76.6578512543885
76.54742781850207
77.01083440028582
77.01083440028582
76.98716020778186
77.01979404343497
77.15965932848826
77.15965932848826
77.17989428301613
77.24285560234075
76.93327880690697
76.93327880690697
76.93327880690697
76.93327880690697
77.20810283714773
77.20853220741532
77.20853220741532
77.21409977144232
77.24185523319855
77.4678138225695
76.88136185195822
76.94487773390603
77.03674931230721
76.99286110629095
77.09947391438789
77.09947391438789
77.22045379733935
77.58713487331319
77.54727865739095
77.54727865739095
77.54727865739095
77.5654600785985
77.44679479993715
77.44679479993715
77.44679479993715
77.48240339125414
77.29510605060179
77.4766485893816
77.57054358078098
77.58687011139322
77.56561213965382
77.56561213965382
77.71744111681903
77.71744111681903
77.71744111681903
77.71744111681903
77.73886481683735
77.73886481683735
77.73886481683735
77.61695380493838
77.68209728136108
77.68563035229442
77.68563035229442
77.61465135421777
77.61465135421777
77.50899665434024
77.34699516040376
77.74602884174152
77.4549378584395
77.4549378584395
77.70994294801102
77.70994294801102
77.68050268177602
77.76839900161185
77.67374483880582
77.67374483880582
77.68030546530235
78.10305499375343
77.93268046623315
77.87551584597979
77.71167525824808
77.71093630273998
77.74381181471355
77.80812225013058
77.80812225013058
77.80189791205848
77.80189791205848
77.99863256638392
77.99863256638392
78.17532691315122
78.20405585292008
78.20405585292008
78.16816539539764
77.98627825588147
77.96020042028506
77.92588492860749
77.99290831588937
77.99290831588937
78.13611193829996
78.12158452352635
78.12158452352635
78.12158452352635
78.13775174070277
78.13775174070277
78.13775174070277
78.08673911898161
78.08875376144103
78.10126937719343
78.04595877593708
78.05920619960716
78.10877339288051
78.2413291522961
78.26091274330825
78.22860163087653
78.0557119254511
78.0557119254511
78.07857549932844
78.12264127425314
78.12264127425314
78.23026848212707
78.08017477179142
78.112012281767
78.13215392080784
78.18096755746791
78.18860922614188
78.18047884370145
78.18047884370145
