89380.0
73390.0
49330.0
49330.0
49330.0
75450.0
76100.0
69680.0
69680.0
62680.0
55440.0
55440.0
55440.0
60520.0
60520.0
60520.0
60520.0
60520.0
50940.0
50940.0
50940.0
50940.0
50320.0
50320.0
50320.0
50320.0
50320.0
50320.0
50320.0
50320.0
50320.0
50320.0
50320.0
50320.0
50320.0
45420.0
45420.0
45420.0
45420.0
45420.0
45420.0
45420.0
46040.0
45420.0
45420.0
45420.0
45420.0
45420.0
45420.0
45420.0
49280.0
49280.0
49900.0
49900.0
49900.0
49900.0
49280.0
49280.0
49280.0
49280.0
49280.0
49280.0
49280.0
49280.0
49280.0
49280.0
49900.0
49900.0
49900.0
49900.0
49900.0
49900.0
49900.0
49900.0
49900.0
45000.0
45000.0
45000.0
45000.0
45000.0
45000.0
45000.0
45000.0
45000.0
45000.0
45000.0
45000.0
45000.0
45000.0
45000.0
45000.0
45000.0
45000.0
45000.0
45000.0
45000.0
45000.0
46020.0
45000.0
45000.0
45000.0
45000.0
45000.0
45000.0
45000.0
45000.0
45000.0
45000.0
45000.0
45000.0
45000.0
45000.0
45000.0
45000.0
45000.0
45000.0
45000.0
45000.0
45000.0
45000.0
45000.0
45000.0
45000.0
45000.0
45000.0
45000.0
45000.0
45000.0
45000.0
45000.0
45000.0
45000.0
45000.0
45000.0
45000.0
45000.0
45000.0
45000.0
45000.0
45000.0
45000.0
45000.0
45000.0
45000.0
47580.0
45000.0
45000.0
45000.0
45000.0
45000.0
45000.0
45000.0
45000.0
45000.0
45000.0
45000.0
45000.0
45000.0
45000.0
45000.0
45000.0
45000.0
45000.0
45000.0
45000.0
45000.0
45000.0
45000.0
45000.0
45000.0
45000.0
45000.0
45000.0
45000.0
45000.0
45000.0
45000.0
45000.0
45000.0
45000.0
45000.0
45000.0
45000.0
45000.0
45000.0
45000.0
45000.0
45000.0
45000.0
45000.0
45000.0
45000.0
45000.0
45000.0
45000.0
45000.0
45000.0
45000.0
45000.0
45000.0
