54.01968826907301
53.91028955532575
53.91028955532575
53.91028955532575
53.91028955532575
57.16981132075472
58.70353581142339
63.645621181262726
67.59656652360515
67.59656652360515
67.59656652360515
67.59656652360515
67.59656652360515
68.39266450916936
68.39266450916936
68.39266450916936
68.39266450916936
68.39266450916936
68.15987124463518
68.15987124463518
68.15987124463518
68.15987124463518
68.15987124463518
68.15987124463518
68.15987124463518
68.15987124463518
68.15987124463518
68.15987124463518
68.15987124463518
68.15987124463518
68.15987124463518
68.15987124463518
68.15987124463518
68.15987124463518
68.15987124463518
68.26716738197425
68.26716738197425
68.26716738197425
68.26716738197425
68.26716738197425
68.26716738197425
68.26716738197425
68.26716738197425
68.26716738197425
68.26716738197425
68.26716738197425
68.26716738197425
68.26716738197425
68.26716738197425
68.26716738197425
68.39266450916936
68.39266450916936
68.39266450916936
68.39266450916936
68.39266450916936
68.39266450916936
68.39266450916936
68.39266450916936
68.39266450916936
68.39266450916936
68.39266450916936
68.39266450916936
68.39266450916936
68.39266450916936
68.39266450916936
68.39266450916936
68.39266450916936
68.39266450916936
68.39266450916936
68.39266450916936
68.39266450916936
68.6353829557713
68.6353829557713
68.6353829557713
68.6353829557713
68.6353829557713
68.6353829557713
68.6353829557713
68.6353829557713
68.6353829557713
68.6353829557713
68.6353829557713
68.6353829557713
68.6353829557713
68.6353829557713
68.6353829557713
68.6353829557713
68.6353829557713
68.6353829557713
68.6353829557713
68.6353829557713
68.6353829557713
68.6353829557713
68.6353829557713
68.6353829557713
68.6353829557713
68.6353829557713
68.6353829557713
68.6353829557713
68.6353829557713
68.6353829557713
68.6353829557713
68.6353829557713
68.6353829557713
68.6353829557713
68.6353829557713
68.6353829557713
68.6353829557713
68.6353829557713
68.6353829557713
68.6353829557713
68.6353829557713
68.6353829557713
68.6353829557713
68.6353829557713
68.6353829557713
68.6353829557713
68.6353829557713
68.6353829557713
68.6353829557713
68.6353829557713
68.6353829557713
68.6353829557713
68.6353829557713
68.6353829557713
68.6353829557713
68.6353829557713
68.6353829557713
68.6353829557713
68.6353829557713
68.6353829557713
68.6353829557713
68.6353829557713
68.6353829557713
68.6353829557713
68.6353829557713
68.6353829557713
68.6353829557713
68.6353829557713
68.6353829557713
68.6353829557713
68.6353829557713
68.6353829557713
68.6353829557713
68.6353829557713
68.6353829557713
68.6353829557713
68.6353829557713
68.6353829557713
68.6353829557713
68.6353829557713
68.6353829557713
68.6353829557713
68.6353829557713
68.6353829557713
68.6353829557713
68.6353829557713
68.6353829557713
68.6353829557713
68.6353829557713
68.6353829557713
68.6353829557713
68.6353829557713
68.6353829557713
68.6353829557713
68.6353829557713
68.6353829557713
68.6353829557713
68.6353829557713
68.6353829557713
68.6353829557713
68.6353829557713
68.6353829557713
68.6353829557713
68.6353829557713
68.6353829557713
68.6353829557713
68.6353829557713
68.6353829557713
68.6353829557713
68.6353829557713
68.6353829557713
68.6353829557713
68.6353829557713
68.6353829557713
68.6353829557713
68.6353829557713
68.6353829557713
68.6353829557713
68.6353829557713
68.6353829557713
68.6353829557713
68.6353829557713
68.6353829557713
68.6353829557713
68.6353829557713
68.6353829557713
68.6353829557713
68.6353829557713
68.6353829557713
