42.492056815371726
43.50811265766749
47.082868314397565
48.12703607771441
48.500263844642376
49.258073525938975
51.57999987869371
55.19761138617759
58.469568550072005
58.60806727966609
58.444829086967545
58.79809679275634
59.5190611819193
59.855246192459596
60.921914749669014
61.03731698117595
60.33057991367372
60.348524821385325
60.996217614802504
60.39451127574092
60.24520231166325
60.559599466851
59.770678727424986
60.06009577213488
59.827256269310986
59.83497632552521
59.56230879444229
59.81706666845968
59.83874608367991
60.35073839809987
60.24705346984184
60.55179368671872
60.54514462017094
60.602797589161405
60.72315993699542
60.831063476721525
60.57442697121951
60.456533265733015
60.57264837418117
60.48028271859939
60.43615340059583
60.78144568803293
60.66856950073789
60.72171538601903
60.67182635145221
60.491140183772245
60.566405720228495
60.62755313381678
60.835772886373746
60.835772886373746
60.71997079967384
60.71997079967384
60.86521875337328
60.998256368240405
60.843388517941
61.346345856854406
61.423760942184735
61.5260215929985
61.38104586493887
61.37138380492999
61.20823031102111
60.89876251659535
61.04355832443443
61.189449766077246
61.2460738708297
61.37660201223558
61.615238493203144
61.6322101262797
61.61253810824178
61.58156281185648
61.206713206079286
61.24629623344451
61.22672439139089
61.20673405704705
61.20673405704705
61.58560859957955
61.30721680492631
61.54679907195374
61.30805010796219
61.301243821632546
61.244326994429365
61.22660177858962
61.46256269024423
61.59498759973875
61.63763276847218
61.653070815273516
61.56080477409204
61.626279703990264
61.614425155508236
61.58495172913661
61.518316264877065
61.350489889693414
61.4332617028673
61.505421811299875
61.50121707465443
61.40271407537652
61.38748454061651
61.57601757102063
61.59629531210406
61.53025480457585
61.40874824390365
61.40874824390365
61.60504764627496
61.52403206067658
61.42909896299293
61.354354579512794
61.28950266741643
61.342508424861606
61.33008825094744
61.04944326580497
61.26460582007045
61.15367074174016
61.213877461998344
61.15815076154093
61.43713830908339
61.32510455758146
61.56393252974962
61.466914102245255
61.438623113742004
61.53284508656701
61.30751258456983
61.84389132068339
61.526085482392844
61.45209023870936
61.43563391026193
61.46498269035889
61.37863828992512
61.38316220890962
61.619314390439335
61.0685979291726
61.07120154083987
61.35735874027606
61.19229598736135
61.21539315042285
61.0779971429712
61.08832551210544
61.28149931134499
61.25679937987443
61.27798103918646
61.32170309589974
61.24471729791353
61.22423485003024
61.155519549272526
60.69471567457527
61.043396708188794
61.28160344896474
61.27198974351312
61.26154437245948
60.749471934088135
61.05920528593178
61.26057226509511
61.30732149078017
61.25467195207673
61.19010242923027
61.07783257639226
61.06872727156249
61.08244277060221
61.08244277060221
61.031716694400124
61.031716694400124
61.03441757738858
61.18557563504956
61.18557563504956
61.26270223338726
61.02214934254919
61.14882872266124
61.049271824859744
60.985138808232676
60.86589788984644
61.42190688465396
61.16582506230491
61.17476396995308
61.15861274716837
61.03189453410995
61.05845108914657
61.158297133110004
61.213878832624
61.14815223574861
61.148089452328875
61.095968896393615
61.0977503690777
61.06815812838094
61.1424645933014
61.12416751052644
61.11025974457159
60.98472279227564
60.98472279227564
61.06390959516919
60.96268517557492
60.948829276920925
61.04816075553719
60.992484803446146
60.992484803446146
60.95255372650054
60.95255372650054
61.05913861890685
61.08083399352113
61.01037961627809
61.15873886715192
61.06221404584647
