2415445.0
1925945.0
1925945.0
1925945.0
1916045.0
1916045.0
1916045.0
1743725.0
1743725.0
1743725.0
1743725.0
1743725.0
1471280.0
1471280.0
1442265.0
1442265.0
1442265.0
1442265.0
1417330.0
1417330.0
1410800.0
1410800.0
1324850.0
1324850.0
1324850.0
1324850.0
1324850.0
1324850.0
1234605.0
1234605.0
1234605.0
1234605.0
1234605.0
1091360.0
635470.0
635470.0
635470.0
635470.0
635470.0
635470.0
617585.0
466305.0
466305.0
336240.0
336240.0
336240.0
336240.0
336240.0
336140.0
336140.0
336140.0
316160.0
316160.0
288865.0
258600.0
258600.0
244180.0
238800.0
192265.0
192265.0
192265.0
192265.0
192265.0
192265.0
192265.0
192265.0
192265.0
192265.0
192265.0
192265.0
192265.0
192265.0
192265.0
192265.0
192265.0
192265.0
192265.0
192265.0
192265.0
166820.0
166820.0
166820.0
166820.0
159950.0
159950.0
159950.0
159950.0
159950.0
159950.0
159950.0
159950.0
159950.0
159950.0
159950.0
159950.0
159950.0
159395.0
159395.0
159395.0
157300.0
146570.0
146570.0
146570.0
146570.0
146570.0
146570.0
146570.0
146570.0
146570.0
146570.0
146570.0
143960.0
143960.0
143960.0
141865.0
141865.0
141865.0
141865.0
141865.0
141865.0
141725.0
141725.0
141725.0
141725.0
141725.0
141725.0
140010.0
140010.0
140010.0
139305.0
139305.0
136670.0
136670.0
136670.0
136670.0
136670.0
136670.0
136670.0
136270.0
136270.0
136270.0
136270.0
136270.0
136270.0
136270.0
136270.0
136270.0
136270.0
136270.0
136270.0
136270.0
136270.0
136270.0
136270.0
136270.0
136270.0
136270.0
136270.0
136270.0
136270.0
136270.0
136270.0
136270.0
134535.0
134535.0
134535.0
134535.0
134535.0
134535.0
134535.0
134535.0
134535.0
134535.0
134535.0
134535.0
134535.0
134535.0
134535.0
134535.0
134535.0
134535.0
134535.0
134535.0
134535.0
134535.0
134535.0
134535.0
134535.0
134535.0
134535.0
134535.0
134535.0
134535.0
134535.0
134535.0
134535.0
134535.0
134535.0
134535.0
134535.0
134535.0
134535.0
134535.0
134535.0
134535.0
134535.0
134535.0
134535.0
132200.0
132200.0
132200.0
132200.0
132200.0
132200.0
132200.0
132200.0
132200.0
132200.0
132200.0
132200.0
132200.0
132200.0
132200.0
132200.0
132200.0
132200.0
132200.0
132200.0
132200.0
132200.0
132200.0
132200.0
132200.0
132200.0
132200.0
132200.0
132200.0
132200.0
132200.0
128860.0
128860.0
128860.0
128860.0
128860.0
128860.0
128860.0
128860.0
128860.0
128860.0
128860.0
128860.0
128860.0
128860.0
128860.0
128860.0
128860.0
128860.0
128860.0
128860.0
128860.0
128860.0
128860.0
128860.0
128860.0
128860.0
128860.0
128380.0
128380.0
128380.0
128380.0
128380.0
128380.0
128380.0
128380.0
128280.0
126560.0
126560.0
126560.0
126560.0
126560.0
126560.0
126560.0
126560.0
126560.0
82390.0
82390.0
82390.0
82390.0
82390.0
82390.0
82390.0
82390.0
76800.0
76800.0
76800.0
76800.0
76800.0
76800.0
76800.0
76800.0
76800.0
76800.0
74710.0
73790.0
73790.0
73790.0
73790.0
73790.0
73790.0
73790.0
73160.0
73160.0
73160.0
73160.0
73160.0
73160.0
73160.0
73160.0
72320.0
72320.0
72320.0
72320.0
72320.0
72320.0
72320.0
72320.0
72320.0
72320.0
72320.0
72320.0
72320.0
72320.0
72320.0
72320.0
72320.0
72320.0
72320.0
72320.0
72320.0
72320.0
72320.0
72320.0
72320.0
72320.0
72320.0
72320.0
72320.0
72320.0
72320.0
72320.0
72320.0
72320.0
72320.0
72320.0
72320.0
72320.0
72320.0
72320.0
72320.0
72320.0
70970.0
70970.0
70970.0
70970.0
70970.0
70970.0
70970.0
70970.0
70970.0
70970.0
70970.0
70970.0
70970.0
70970.0
70970.0
70970.0
70850.0
70850.0
70850.0
70850.0
70850.0
70850.0
70850.0
56240.0
56240.0
56240.0
56240.0
56240.0
26840.0
26840.0
26840.0
19420.0
19420.0
19420.0
19420.0
19420.0
19420.0
19420.0
19420.0
19420.0
19420.0
16000.0
16000.0
16000.0
16000.0
16000.0
16000.0
16000.0
16000.0
16000.0
16000.0
16000.0
16000.0
16000.0
16000.0
16000.0
16000.0
16000.0
16000.0
16000.0
16000.0
16000.0
16000.0
16000.0
16000.0
16000.0
16000.0
16000.0
16000.0
16000.0
16000.0
16000.0
16000.0
16000.0
16000.0
16000.0
16000.0
16000.0
16000.0
16000.0
16000.0
16000.0
16000.0
16000.0
16000.0
16000.0
16000.0
16000.0
16000.0
16000.0
16000.0
16000.0
15300.0
15300.0
15300.0
15300.0
15300.0
15300.0
15300.0
15300.0
15300.0
15300.0
15300.0
15300.0
15200.0
15200.0
15200.0
15200.0
15200.0
15200.0
15200.0
15200.0
15200.0
15200.0
15200.0
15200.0
15200.0
15200.0
15200.0
15200.0
15200.0
15200.0
15200.0
15200.0
15200.0
15200.0
15200.0
15200.0
15200.0
15200.0
15200.0
15200.0
15200.0
15200.0
15200.0
15200.0
15200.0
15200.0
15200.0
15200.0
