455306.0
455306.0
455306.0
310710.0
310710.0
310710.0
310710.0
310710.0
307301.0
307301.0
307301.0
307301.0
307301.0
307301.0
307301.0
305127.0
264275.0
264275.0
264275.0
264275.0
257063.0
239955.0
231654.0
231539.0
231539.0
231539.0
196487.0
196487.0
196487.0
196487.0
196487.0
196487.0
192713.0
179932.0
172613.0
172613.0
172613.0
172613.0
172613.0
172613.0
172613.0
172613.0
172613.0
172613.0
160831.0
149160.0
149160.0
149160.0
149160.0
149160.0
138408.0
138408.0
130933.0
130933.0
130933.0
128531.0
127506.0
127506.0
127506.0
127506.0
127506.0
127506.0
127506.0
127506.0
127506.0
127506.0
127506.0
127506.0
127506.0
127506.0
127506.0
127506.0
127506.0
127506.0
127506.0
127506.0
124671.0
124671.0
124671.0
124671.0
124671.0
124056.0
124056.0
124056.0
124056.0
124056.0
124056.0
124056.0
121806.0
121806.0
121806.0
121806.0
121806.0
121806.0
121806.0
121806.0
121806.0
121806.0
121806.0
121806.0
121806.0
121806.0
121806.0
121806.0
121806.0
119083.0
119083.0
119083.0
116418.0
116418.0
116418.0
116418.0
116418.0
116418.0
116418.0
116418.0
116418.0
116418.0
116418.0
116418.0
116418.0
109707.0
100586.0
100586.0
100586.0
100586.0
100296.0
100296.0
100296.0
79595.0
79595.0
79595.0
79595.0
79595.0
79595.0
79595.0
79595.0
79595.0
79595.0
79595.0
79595.0
79595.0
79595.0
77840.0
77840.0
77840.0
77840.0
77840.0
77840.0
77840.0
77601.0
77601.0
77601.0
77601.0
77601.0
77601.0
77601.0
77601.0
77601.0
77601.0
77601.0
77601.0
76826.0
76826.0
76826.0
76826.0
74886.0
74886.0
74886.0
74886.0
74565.0
74565.0
74565.0
74565.0
74565.0
74565.0
74565.0
74565.0
69326.0
69326.0
69326.0
69326.0
69326.0
69326.0
67969.0
67969.0
66627.0
66627.0
66627.0
66627.0
66627.0
66627.0
66627.0
66627.0
66627.0
66627.0
66627.0
66627.0
66451.0
66451.0
66451.0
66451.0
64091.0
64091.0
64091.0
64091.0
64091.0
64091.0
64091.0
64091.0
64091.0
64091.0
64091.0
64091.0
64091.0
64091.0
64091.0
64091.0
64091.0
64091.0
62762.0
62762.0
62762.0
44672.0
44672.0
43707.0
43707.0
43707.0
43707.0
43707.0
43707.0
43707.0
43707.0
43707.0
43707.0
43707.0
43707.0
43707.0
43707.0
43707.0
43707.0
43707.0
43707.0
43707.0
43707.0
43707.0
43707.0
43707.0
43707.0
43707.0
41936.0
41936.0
41936.0
41936.0
41302.0
41181.0
41002.0
41002.0
41002.0
41002.0
41002.0
41002.0
41002.0
39914.0
39914.0
39914.0
27616.0
27616.0
27616.0
27616.0
27616.0
27616.0
24914.0
24914.0
24914.0
24914.0
24914.0
24914.0
24914.0
24290.0
24290.0
24290.0
24290.0
24290.0
24290.0
22849.0
22849.0
22849.0
22849.0
22849.0
22849.0
22849.0
22849.0
22849.0
22373.0
22373.0
22373.0
22373.0
22373.0
22373.0
22373.0
22373.0
19188.0
19188.0
19188.0
19188.0
19188.0
19188.0
19188.0
19188.0
19188.0
19188.0
19188.0
19188.0
19188.0
19188.0
19188.0
19188.0
19188.0
19188.0
19188.0
19188.0
19188.0
19188.0
19188.0
19188.0
19188.0
19188.0
19188.0
19188.0
19188.0
19188.0
19188.0
19188.0
19188.0
19188.0
19188.0
19188.0
19188.0
19188.0
19188.0
19188.0
19188.0
19188.0
19188.0
19188.0
19188.0
19188.0
19188.0
19188.0
19188.0
19188.0
19188.0
19188.0
19188.0
19188.0
19188.0
19188.0
19188.0
19188.0
19188.0
19188.0
19188.0
18848.0
18848.0
18848.0
18848.0
18848.0
18848.0
18848.0
18848.0
18848.0
18848.0
18848.0
18478.0
18478.0
18478.0
18192.0
18192.0
18192.0
18192.0
18192.0
18192.0
18192.0
18192.0
18192.0
18192.0
18192.0
18192.0
18192.0
18192.0
18192.0
18192.0
18192.0
18192.0
18192.0
18192.0
18192.0
18192.0
18192.0
