38.59996004777959
40.08612811008022
41.517087965257616
41.517087965257616
41.53596969482405
41.53596969482405
42.37354180365797
43.11808956733505
47.18936141200416
47.29562091133734
47.70240700218818
47.82045816403769
48.531634674548215
48.531634674548215
48.531634674548215
46.846674637157314
46.41175309477483
44.521627610613734
44.521627610613734
44.521627610613734
44.521627610613734
42.55247343023774
41.34849867703922
39.08962914988877
39.08962914988877
39.08962914988877
41.867023755798385
41.92473014863095
41.92473014863095
41.92473014863095
41.92473014863095
42.75359248453445
41.182028338518066
43.20998832040128
43.98527365564657
44.626180369054836
45.95304744501899
45.95304744501899
45.95304744501899
45.95304744501899
45.95304744501899
45.95304744501899
45.95304744501899
45.95304744501899
44.9791389138711
43.58696372223182
43.58696372223182
43.58696372223182
43.58696372223182
43.58696372223182
43.58696372223182
43.655308691444276
43.91156081290748
43.91156081290748
43.91156081290748
42.492581698447054
42.492581698447054
42.492581698447054
42.492581698447054
42.492581698447054
42.492581698447054
42.492581698447054
42.492581698447054
42.492581698447054
42.492581698447054
42.492581698447054
42.780067855770675
42.93065947734126
42.93065947734126
42.93065947734126
42.91079766346924
42.91079766346924
42.91079766346924
42.91079766346924
42.91079766346924
42.91079766346924
42.93065947734126
42.93065947734126
42.95507974029864
42.95507974029864
45.76481480851122
45.08391008446961
45.08391008446961
45.08391008446961
45.08391008446961
45.08391008446961
45.08391008446961
43.43777355425345
45.756347365438224
45.756347365438224
45.756347365438224
45.81624497954488
45.81624497954488
45.81624497954488
46.715598112346925
46.715598112346925
46.715598112346925
46.78844029282556
46.78844029282556
46.78844029282556
46.78844029282556
46.37460827532672
46.78844029282556
46.78844029282556
46.78844029282556
46.84047042173888
46.19930625399056
46.84047042173888
46.84047042173888
47.154157249910796
47.154157249910796
47.154157249910796
47.154157249910796
47.154157249910796
47.154157249910796
47.154157249910796
47.154157249910796
47.154157249910796
47.154157249910796
47.154157249910796
47.154157249910796
47.218179528264265
49.413450147395096
49.413450147395096
49.413450147395096
50.632745505826044
50.632745505826044
53.09189351782223
53.09189351782223
53.09189351782223
52.936279993147295
52.936279993147295
52.936279993147295
52.936279993147295
55.6571907229988
55.6571907229988
56.070738123157874
56.070738123157874
56.53232523867495
56.53232523867495
56.53232523867495
56.53232523867495
56.53232523867495
56.034898870165094
56.034898870165094
56.034898870165094
56.034898870165094
56.034898870165094
56.034898870165094
56.034898870165094
56.44039985318567
55.65667313429722
55.65667313429722
56.44039985318567
56.44039985318567
56.44039985318567
55.91256692648342
56.44039985318567
56.44039985318567
56.44039985318567
56.01909217347327
56.01909217347327
55.166833083707765
55.166833083707765
54.878086853360806
54.878086853360806
54.31373763654009
54.31373763654009
54.19934336864275
54.19934336864275
51.658343614750414
51.658343614750414
51.658343614750414
51.18908610825876
51.18908610825876
51.18908610825876
51.18908610825876
51.58980083426356
51.658343614750414
51.658343614750414
51.658343614750414
51.658343614750414
51.658343614750414
51.658343614750414
51.265299727787244
51.265299727787244
51.265299727787244
52.33199928319695
52.33199928319695
52.33199928319695
52.33199928319695
52.33199928319695
52.932993651178776
52.932993651178776
52.932993651178776
52.48837397387683
52.48837397387683
52.48837397387683
52.932993651178776
52.932993651178776
53.00841117716042
53.40612786777648
53.581749654424854
53.581749654424854
53.581749654424854
53.96541950113378
53.98991739552964
53.98991739552964
53.98991739552964
53.68780507006771
53.98991739552964
53.98991739552964
53.98991739552964
53.98991739552964
54.114229024943306
54.114229024943306
54.114229024943306
54.64032076852509
54.89635837018256
54.89635837018256
53.13708086785011
53.13708086785011
54.63682909061061
54.63682909061061
49.15612043524705
54.68068042716643
54.68068042716643
54.68068042716643
54.68068042716643
54.68068042716643
54.68068042716643
54.68068042716643
54.74146300282807
54.74146300282807
54.74146300282807
54.74146300282807
55.06036047444177
55.06036047444177
55.06036047444177
55.06141572749146
55.06141572749146
55.06141572749146
55.06141572749146
55.06141572749146
55.06141572749146
55.06141572749146
55.06141572749146
55.06141572749146
55.06141572749146
54.93056434933097
49.50937075861272
49.50937075861272
49.50937075861272
49.50937075861272
47.182060135232334
51.96646109912812
51.96646109912812
53.328588815314475
53.328588815314475
53.34593807147507
53.34593807147507
53.34593807147507
53.34593807147507
51.90008165835325
51.90008165835325
51.90008165835325
51.90008165835325
50.21844521758968
50.21844521758968
50.21844521758968
54.02301655077061
54.02301655077061
50.309210653378926
50.309210653378926
50.309210653378926
50.309210653378926
50.309210653378926
50.309210653378926
50.309210653378926
50.84142116865642
50.84142116865642
50.84142116865642
50.84142116865642
50.84142116865642
50.84142116865642
51.417687233897446
51.417687233897446
51.417687233897446
51.417687233897446
51.417687233897446
51.417687233897446
47.200254522316165
51.324740108535735
51.324740108535735
51.417687233897446
51.417687233897446
51.417687233897446
52.0139177193919
52.80124726411418
53.15523840933849
53.267772014511436
53.267772014511436
53.448272421602965
53.448272421602965
53.448272421602965
53.64710566920511
53.64710566920511
53.64710566920511
51.67992667992668
54.188123691018845
54.188123691018845
54.188123691018845
54.188123691018845
54.188123691018845
54.188123691018845
54.188123691018845
54.188123691018845
54.56593158391853
54.56593158391853
54.56593158391853
54.56593158391853
54.56593158391853
54.56593158391853
54.56593158391853
54.56593158391853
54.56593158391853
54.56593158391853
54.56593158391853
54.56593158391853
54.56593158391853
54.56593158391853
54.56593158391853
54.62054946408772
54.62054946408772
54.62054946408772
54.62054946408772
54.62054946408772
54.62054946408772
54.4382695200958
54.62054946408772
54.6215761159706
54.6215761159706
54.6215761159706
54.6215761159706
54.6215761159706
54.6215761159706
54.6215761159706
54.6215761159706
54.6215761159706
54.6215761159706
54.6215761159706
54.6215761159706
54.6215761159706
54.6215761159706
54.6215761159706
52.23730604794159
54.6215761159706
54.6215761159706
54.6215761159706
54.6215761159706
54.6215761159706
54.6215761159706
54.6215761159706
54.62465607161924
54.62465607161924
54.76178721303381
54.76178721303381
54.76178721303381
54.76178721303381
54.76178721303381
54.76178721303381
54.76178721303381
54.76178721303381
54.76178721303381
55.0281823418086
55.0281823418086
55.0281823418086
55.11663233243856
55.11663233243856
55.11663233243856
55.11663233243856
55.0907029478458
55.2991937515747
55.2991937515747
55.2991937515747
55.372679936172
55.372679936172
55.372679936172
55.372679936172
55.372679936172
55.37897875199462
55.37897875199462
55.37897875199462
55.37897875199462
55.37897875199462
55.37897875199462
55.37897875199462
55.37897875199462
55.37897875199462
55.37897875199462
