763780.2875
711785.7375
655970.075
629656.9875
594086.9375
566839.8875
553221.875
509283.8
518540.275
528657.425
541491.8625
539967.925
531952.7125
518050.3375
514626.125
490667.675
487609.925
479100.4875
465058.1625
451942.3
453683.1
441578.4625
440508.8
441146.9625
425579.0625
430024.2625
430392.3375
427217.5
428354.975
403391.05
393622.7125
384409.575
372174.2375
359873.4375
360841.85
368961.8375
373397.95
360193.9
366679.775
374954.2125
389974.7875
376777.675
363858.65
370714.9625
371045.075
359658.775
351364.9375
341113.6875
333090.4375
326419.525
311652.6125
316598.05
307531.925
325130.7625
306654.45
324619.95
324094.0625
325417.6875
326570.65
331266.125
334062.3375
330638.55
329613.8
335053.9125
352882.3
354739.2125
358761.1
370661.825
366260.5625
348907.475
346861.6625
333178.9625
311085.9
320658.5625
303214.475
307396.3375
310641.5375
314564.6125
306386.5875
295433.5125
308017.0375
297116.875
295857.95
288027.9
302106.6125
298150.925
290700.8375
305679.1625
315576.6375
342338.6125
336996.2
354038.9875
373336.0
387892.7125
392624.3875
399696.0375
401466.375
409963.75
379532.7625
364562.275
370385.35
373259.7125
358933.2625
360460.175
366780.8
372379.5625
369546.8875
373255.45
359300.7875
364378.35
363225.975
370819.125
381657.45
389227.175
391822.6375
416632.5625
418053.325
394936.025
385238.475
356027.1875
347002.525
349785.625
352517.7375
356928.2
373315.425
370600.9625
377707.3625
392144.5625
382209.9875
389662.2375
385815.5625
390308.7125
390220.5125
377712.3125
402953.925
416302.5125
396257.7375
405467.125
403747.0375
388930.925
373546.225
395726.975
416095.9375
413327.15
417002.9875
422687.2375
416552.45
413973.6625
386113.9875
385529.8375
370928.525
361390.9125
352915.725
357149.875
365180.8375
352372.0375
363599.4625
371353.725
354892.625
355576.4625
360333.65
334790.9375
349277.6625
361012.6125
351357.1125
339215.4125
320928.1125
341490.275
341896.2
352386.6875
350632.4875
347962.8375
332769.825
314428.5875
328932.0375
327172.525
326795.4
337734.9
329605.5125
322836.2625
316503.2875
295271.325
296924.95
287366.875
268287.475
265736.6875
264588.225
276276.475
275648.7125
269291.7125
265453.2875
253289.025
267893.2875
248333.8125
245771.2375
235684.025
229371.0875
237048.325
237892.175
238078.5125
255256.2375
268944.4875
272917.5375
255461.7
254603.9125
265875.4375
252350.4
266586.475
268006.0375
266651.7375
259694.9125
258530.6
248239.725
263353.2875
270950.3125
265001.5
239547.7125
241826.6
244121.3875
245357.9
256797.35
246305.05
249602.4125
252078.275
243791.2625
241858.5875
249023.925
261896.9375
275505.275
289309.05
295891.675
305480.6
318120.1875
338468.7875
321972.6625
326664.0625
338851.6125
316257.9
300091.0375
318038.6
316109.3
316619.025
321740.1125
318059.075
327942.4625
335296.275
332066.8125
305485.4875
304025.4625
303043.1
301962.975
274523.3875
268231.3125
266890.325
249613.2625
255071.4
225380.2375
209583.05
208899.0
213511.7625
215767.8
199009.0625
201249.5625
214923.7125
210882.2625
214833.3125
224027.7875
222953.7
222522.9625
220686.45
246073.7875
245586.325
235955.6375
247638.975
241660.0625
221686.3875
228317.1125
229312.5
216278.825
212246.7
214619.6
214619.6
209885.9625
208149.0125
212276.9375
211298.8375
222580.125
216316.675
222036.825
235059.4875
236414.6625
250409.325
251747.2375
266880.9125
272825.1625
249649.875
226443.3375
224621.65
232501.175
245718.4125
246198.925
251221.525
250138.475
230181.9
229960.6
233599.4625
245474.425
238131.8875
236825.75
235870.9
236755.225
235321.7875
232286.175
241987.4375
237355.8875
245465.55
268253.825
262322.4375
260021.0125
263615.8375
272826.0375
273117.3
275507.15
273818.725
290251.1125
272773.1125
265339.7875
266104.0875
277553.5125
275288.3875
247312.35
256531.2875
259520.8
284524.925
277555.5375
270636.7375
266463.45
281359.6125
251191.275
253009.425
266324.875
266125.4625
266937.4625
266286.8875
256874.975
270245.7375
266958.1125
256575.95
228176.35
224493.4875
229059.9625
234649.8375
236132.1625
230850.025
245788.7875
234681.25
226812.7375
230589.4125
235801.15
234135.625
232981.1375
229713.475
236927.875
237984.0
247353.7875
252061.0
264579.5625
262555.6
253623.3
253914.3875
255746.9625
259709.125
259269.825
261350.3625
265617.9125
264691.8875
261815.75
260035.4875
282972.7625
284686.2125
270793.3375
260244.575
248499.725
259867.6375
261401.225
246681.6
240430.45
242855.4375
255691.2625
242125.85
242176.025
243882.375
243265.5
252458.2
229157.0125
223399.9125
193136.3875
191306.3625
202127.275
211498.2375
