51.898303445916305
53.06622339409224
54.45239362226295
56.96284400730465
57.568464593257985
59.50016536593118
59.50016536593118
59.50016536593118
59.50016536593118
59.50016536593118
59.50016536593118
59.50016536593118
60.01979377548019
60.01979377548019
60.01979377548019
60.01979377548019
60.01979377548019
60.01979377548019
60.01979377548019
60.01979377548019
60.04694674357972
60.04694674357972
60.04694674357972
60.04694674357972
60.04694674357972
60.48851243903576
60.48851243903576
60.5125412308398
60.5125412308398
61.00017964908545
61.00017964908545
61.00017964908545
61.00017964908545
61.00017964908545
61.00017964908545
61.00017964908545
61.00017964908545
61.00017964908545
61.00017964908545
61.00017964908545
61.00017964908545
61.00017964908545
61.331996224634246
61.331996224634246
61.331996224634246
61.331996224634246
61.331996224634246
61.331996224634246
61.331996224634246
61.331996224634246
61.331996224634246
61.331996224634246
61.331996224634246
61.331996224634246
61.41436386835159
61.41436386835159
61.94416469129179
61.94416469129179
61.94416469129179
61.94416469129179
61.94416469129179
61.94416469129179
61.94416469129179
61.94416469129179
61.94416469129179
61.94416469129179
61.94416469129179
61.94416469129179
61.94416469129179
61.94416469129179
61.94416469129179
61.94416469129179
61.94416469129179
61.94416469129179
61.94416469129179
61.94416469129179
61.94416469129179
61.94416469129179
61.94416469129179
61.95864331984951
61.95864331984951
61.95864331984951
61.95864331984951
61.95864331984951
61.95864331984951
62.098969579959814
62.098969579959814
62.098969579959814
62.098969579959814
62.50543242068665
62.50543242068665
62.50543242068665
62.50543242068665
62.50543242068665
62.50543242068665
62.50543242068665
62.50543242068665
62.87307371859329
62.87307371859329
62.87307371859329
62.87307371859329
62.87307371859329
62.87307371859329
62.87307371859329
62.87307371859329
62.87307371859329
62.87307371859329
62.87307371859329
62.87307371859329
62.87307371859329
62.87307371859329
62.87307371859329
62.87307371859329
62.87307371859329
62.87307371859329
63.11132110047182
63.11132110047182
63.11132110047182
63.11132110047182
63.11132110047182
63.11132110047182
63.11132110047182
63.31002598618339
63.31002598618339
63.31002598618339
63.31002598618339
63.31002598618339
63.31002598618339
63.31002598618339
63.31002598618339
63.31002598618339
63.31002598618339
63.31002598618339
63.31002598618339
63.31002598618339
63.31002598618339
63.31002598618339
63.31002598618339
63.31002598618339
63.31002598618339
63.31002598618339
63.31002598618339
63.31002598618339
63.31002598618339
63.31002598618339
63.31002598618339
63.31002598618339
63.332104306818
63.332104306818
63.332104306818
63.348727652873535
63.348727652873535
63.348727652873535
63.348727652873535
63.348727652873535
63.348727652873535
63.348727652873535
63.37739902164468
63.37739902164468
63.37739902164468
63.37739902164468
63.56700187090739
63.56700187090739
63.56700187090739
63.56700187090739
63.56700187090739
63.56700187090739
63.56700187090739
63.56700187090739
63.56700187090739
63.56700187090739
63.57262358782471
63.57510864208594
63.872196684148506
63.872196684148506
63.872196684148506
63.90300729559295
63.90300729559295
63.90300729559295
63.90300729559295
63.90300729559295
63.90300729559295
63.90300729559295
63.90300729559295
63.942265734265746
63.942265734265746
63.942265734265746
64.01718147369368
64.01718147369368
64.01718147369368
64.01718147369368
64.20024063058707
64.20024063058707
64.23008328104372
64.23008328104372
64.23008328104372
64.23008328104372
64.23008328104372
64.23008328104372
64.23008328104372
64.23008328104372
64.29289465102941
64.29289465102941
64.29289465102941
64.29289465102941
64.43187568169296
64.43187568169296
64.43187568169296
64.43187568169296
64.51980704575354
64.53217590770579
64.53217590770579
64.53217590770579
64.53217590770579
64.53217590770579
64.53217590770579
64.53217590770579
64.53217590770579
64.53937233647802
64.53937233647802
64.53937233647802
64.53937233647802
64.53937233647802
64.53937233647802
64.53937233647802
64.53937233647802
64.53937233647802
64.56973227036084
64.56973227036084
64.56973227036084
64.56973227036084
64.56973227036084
64.56973227036084
64.56973227036084
64.6297753693252
64.64372055367522
64.64372055367522
64.64372055367522
64.64372055367522
64.64372055367522
64.64372055367522
64.64372055367522
64.64372055367522
64.64372055367522
64.64372055367522
64.64372055367522
64.64372055367522
64.64372055367522
64.64372055367522
64.64372055367522
64.94169768252506
64.94169768252506
64.94169768252506
64.94169768252506
64.94169768252506
64.94169768252506
64.94169768252506
64.94169768252506
64.94169768252506
64.94169768252506
64.94169768252506
64.94169768252506
64.94169768252506
64.96666029482869
64.96666029482869
64.96666029482869
64.96666029482869
64.96666029482869
64.96666029482869
64.96666029482869
64.96666029482869
64.96666029482869
64.96666029482869
64.96666029482869
64.96666029482869
64.96666029482869
64.96666029482869
65.22145885104517
65.22145885104517
65.22145885104517
65.22145885104517
65.22145885104517
65.22145885104517
65.22145885104517
65.22145885104517
65.22145885104517
65.22145885104517
65.22145885104517
65.22145885104517
65.22145885104517
65.22145885104517
65.22145885104517
65.22145885104517
65.22145885104517
65.22145885104517
65.22145885104517
65.22145885104517
65.22145885104517
65.22145885104517
65.22145885104517
65.22145885104517
65.22145885104517
65.22145885104517
65.22145885104517
65.22145885104517
65.22145885104517
65.22145885104517
65.30939021510575
65.30939021510575
65.30939021510575
65.30939021510575
65.31388798308839
65.31388798308839
65.31388798308839
65.31388798308839
65.31388798308839
65.31388798308839
65.31388798308839
65.31388798308839
65.31388798308839
65.31388798308839
65.31388798308839
65.31388798308839
65.31388798308839
65.31388798308839
65.31388798308839
65.31388798308839
65.31388798308839
65.31388798308839
65.31388798308839
65.31388798308839
65.31388798308839
65.31388798308839
65.31388798308839
65.31388798308839
65.31388798308839
65.31388798308839
65.31388798308839
65.31388798308839
65.31388798308839
65.31388798308839
65.31388798308839
65.31388798308839
65.31388798308839
65.31388798308839
65.31388798308839
65.31662752904575
65.31662752904575
65.31662752904575
65.31662752904575
65.31662752904575
65.31662752904575
65.31662752904575
65.31662752904575
65.31662752904575
65.31662752904575
65.31662752904575
65.31662752904575
65.31662752904575
65.31662752904575
65.31662752904575
65.31662752904575
65.31662752904575
65.31662752904575
65.31662752904575
65.31662752904575
65.31662752904575
65.31662752904575
65.31662752904575
65.31662752904575
65.31662752904575
65.31662752904575
65.31662752904575
65.31662752904575
65.31662752904575
65.31662752904575
65.31662752904575
65.31662752904575
65.63225506887478
65.63225506887478
65.63225506887478
65.63225506887478
65.63225506887478
65.63225506887478
65.63225506887478
65.63225506887478
65.63225506887478
65.63225506887478
65.63225506887478
65.63225506887478
65.63225506887478
65.63225506887478
65.63225506887478
65.63225506887478
65.63225506887478
65.63225506887478
65.65660933929368
65.65660933929368
65.65660933929368
65.65660933929368
