46.66164638082349
48.38896478579306
48.90031456314006
49.693282856721154
50.601954445716316
51.053930395573886
52.25804270144222
51.659214764420895
53.48916814039427
54.17703495712567
55.25678586459644
55.39081009505894
55.39086909652898
55.40151440423822
55.309481459290886
54.80241288788375
54.89951784654952
54.74107307484876
54.38799962268716
54.17428680093116
54.28665100649763
54.35828502537872
54.437150178511935
54.154241889545595
53.895947545145624
54.38149368252076
54.60663969048596
55.04272021813226
55.0326710604693
54.50134819673828
54.512049041483124
54.55043352357268
54.31733730374583
53.92864245482885
54.04348181811125
54.65187023219336
54.99069454176832
54.800759018231304
54.97709367958174
55.19378870216191
55.59145441382107
55.32385878411641
55.099675558949876
55.289657394883946
55.50300607034543
54.988696663785376
54.86237330153447
54.43620743197827
54.2060776909482
54.27126734678029
53.86261649573894
54.04968346793621
53.90382392188748
54.71454250604965
54.35568141137052
54.84468195013485
55.004307245733365
54.89157872805025
55.23174313430242
55.616830833687324
55.72631965941364
55.815442364541035
55.831404470533315
55.414771752456616
56.24082816378967
56.345712856756265
56.39254241266231
56.787084797822295
56.74585815078633
56.191761253023785
55.914358844401384
55.310714080122764
54.751993917741025
55.08080464989139
54.59226632478097
54.94262683318929
55.15127399355613
55.323796381595855
55.349670810906005
55.251965859201825
56.13216011183118
55.75036507771419
55.84760689247463
55.6193417049569
55.96264650654219
55.84600761158195
55.850681582298456
55.89230230605166
56.31129047052449
56.810713385383636
56.65110679207029
57.48673603822358
57.95723053524275
58.46526521423135
58.58023902643521
58.66134989483792
58.70771175726001
59.073941670379476
58.6806056114238
58.386850976753784
58.579808602324874
58.50093797650534
58.28413237626768
58.32382159405339
58.43711067218201
58.52257981721927
58.347880817644615
58.53782194616523
58.27575561721021
58.353015160263524
58.35789600214232
58.58713099061659
58.8207742843912
58.91346048712154
58.717463570529375
59.270420116492325
59.297719542261895
58.99379572981694
58.824288544546604
58.44928387925502
58.197164787163466
58.568520678760805
58.818515711267125
58.96603644338112
59.16788830725983
59.33537003708468
59.51053707500203
59.741155846313575
59.65966736179316
59.89315568307836
59.81724187285107
59.96142521409551
59.9740197381188
59.829212796997254
60.42296400894482
60.59208938156731
60.38071170469429
60.4791542642064
60.503064274000906
60.35006345064502
60.16411213696392
60.478680021336096
60.74184045276269
60.748400287973766
60.79140952828882
60.89865416009163
60.82494158397104
60.79473534858822
60.50386047449956
60.507959837551155
60.366908196443134
60.22803140303343
60.076413247121266
60.13621114364885
60.24244631549483
60.12516800613584
60.22011726377311
60.40278589992914
60.23664354848563
60.27724948280894
60.34211520570426
60.178275856581
60.381990184966845
60.57785566599817
60.45084696738361
60.41472924939679
60.2078828915971
60.45743946364788
60.45044357730219
60.61484210473103
60.50794437983704
60.48164827004574
60.33378248587189
59.930863265281324
60.14945560725705
60.18748832311949
60.19645054773069
60.29384940944993
60.25844874130197
60.18753186868624
60.04776585445743
59.861218080927664
59.94450322298938
59.919256075599506
59.56833935839798
59.374927840023624
59.37330465593192
59.748871438838705
59.67900958176183
59.54473506276162
59.60077633482081
59.41280718429832
59.68300620510804
59.487756212211025
59.52223773849963
59.353520495009185
59.23414486453576
59.44678275987494
59.58935756832417
59.610528717397
59.82592836010049
60.0127970144088
60.0282920481986
59.870188569764956
59.866281432437766
60.02697621504948
59.95939065214752
60.114306537699704
60.16833386708714
60.07712528768648
59.83340404693344
59.87080241004969
59.76226551180042
60.109907903276884
60.366845195934786
60.31852960495979
59.974877026011214
60.134839432378136
60.238537181221844
60.1925015687777
60.20427817113864
60.061247174662356
60.26868997273188
60.31579750379967
60.106591111659796
60.16572437800829
60.3000349083537
60.45381644490874
60.63906674597215
60.83491182667768
60.874543209203125
61.03822047885832
61.25156390379634
61.48549060704262
61.28962998590229
61.40528520376315
61.6355381413837
61.345897765583665
61.13502479646454
61.40619146568279
61.482337619726636
61.522427453558386
61.58417202466543
61.563829241239674
61.653322917553155
61.755856232457425
61.696090191854424
61.3524052118823
61.323751407412395
61.26913310167689
61.202683841628286
60.83210919089852
60.750814301478954
60.653253211777596
60.23898626882119
60.44330657725783
60.02882897210352
59.836610000531365
59.78678035959193
59.9540039139506
60.00292121209013
59.788234449032814
59.832427111121
59.8986123475727
59.736879060896854
59.74072724268599
60.03441803262503
59.84255896786728
59.85987615436147
59.77971683785713
60.398569975485756
60.361481613516716
60.19358570034383
60.44596426173733
60.24267355128576
59.89311590851711
60.02721966945546
60.09196525586227
59.84620944008564
59.79014073664727
59.836122668704625
59.83617685162617
59.78064791509555
59.73657544809443
59.760960421942926
59.77327921186221
59.95383732476161
59.88203027204613
59.895624447966654
60.086477741244025
60.103923251080175
60.08134734453226
60.23017113762438
60.442173596134936
60.76900387352455
60.359344536872456
59.95329333917873
60.0638489979998
60.25879087475342
60.5513873963057
60.57808600594923
60.69585427310564
60.79010641602139
60.436360462468976
60.39870571652658
60.4545141936563
60.59845365761115
60.519222843774116
60.45403987009412
60.60206066109474
60.595226111741134
60.54728915910431
60.48258707581391
60.66726959029118
60.61467321724156
60.84238330696631
61.102119997852256
61.101160214772314
61.096439166541565
61.139746814955664
61.27053840273942
61.27980607730473
61.45714530602079
61.42450708267322
61.689005140209034
61.510132071701456
61.476341149992194
61.4969322030136
61.60666995556289
61.57413749937467
61.11726903921323
61.13613364818597
61.147752651891025
61.48935388971447
61.32302790605473
61.142405450502814
61.11038371788642
61.539186393716406
61.103661499378326
61.26062293551358
61.49099131179222
61.506368836846036
61.528624102883455
61.56345055756327
61.42716882260854
61.59916847512242
61.58849206160191
61.46920484922257
61.09977577366283
61.09854621559383
61.209586770733935
61.27549854233207
61.369168678470736
61.23768523170479
61.45559874682906
61.224091404792
61.24311031494691
61.31709507907813
61.3458116640378
61.33787914959602
61.25458698061294
61.17141330799045
61.25674369346895
61.340171503928296
61.71030554579477
61.7731947317768
61.877933507486205
61.94032234039545
61.84349508892605
61.886367571685355
61.902767158044846
61.93206476199269
61.962349015811654
62.01008977863826
62.11626132426274
62.10987138773855
62.028000012771926
62.02786827374958
62.38222920612183
62.427547096243075
62.273674804453336
62.01533338029967
61.93856775769998
62.13761654795435
62.21294285600375
62.019565245840376
61.98273005381084
62.0105260600472
62.14214527361904
61.99114759271119
61.99372058674322
62.00521476574936
62.029193775988844
62.11307711813582
61.81848862163663
61.70653792596048
61.33981485648248
61.31166677650265
61.470437503999484
61.64020868480426
