27.985546522131887
29.311424100156493
29.00267038198073
30.0
31.213126843657818
29.06067613698932
34.237132352941174
32.61088709677419
32.61088709677419
34.87940630797773
34.87940630797773
34.87940630797773
34.87940630797773
36.70388751033912
36.558338302524355
34.47187141216992
39.29283771532185
36.50376853877948
34.74499089253188
40.250809061488674
39.107365792759055
38.734995383194835
39.935956084172
35.07643113398846
35.52054393917239
36.003861003861005
35.82813582813583
32.06352904628766
34.425451092117754
37.315849117694675
37.01095461658842
34.01658126067575
40.83436087135224
37.11703431372549
37.458486278622615
34.078711985688734
36.64146187775677
37.4610187110187
39.22179610099073
36.08158326851611
34.081446786364815
40.83436087135224
40.19831068674256
36.377496569599025
36.663086287146434
36.01083032490975
37.625178826895564
37.732095490716176
40.83436087135224
38.255777144666034
37.653181131442004
36.704653371320035
39.02991840435177
37.56666666666666
41.66975881261596
34.405637254901954
39.863760217983646
39.00915170714537
39.52563488260661
40.114887505983724
37.183179723502306
37.51788268955651
32.62318651156711
38.72752420470263
36.13266814486327
41.44372421921037
40.20686412787964
35.17865538316878
33.74286967968407
42.255203002388264
36.148076457778856
40.04369538077403
39.68786464410736
36.291732214647794
38.745115067303516
33.48030570252793
37.93940999823353
38.44702467343977
42.633484162895925
39.278978052126206
39.619643716899375
38.66415804327375
36.28148148148148
39.326014028667274
40.7356109572176
42.7991565629942
39.660619189457535
40.01806684733514
37.813180827886704
38.40511860174782
39.877762106252945
40.02551918338613
38.30409356725146
35.44360632183908
38.642659279778385
39.26724774708229
36.804822245688136
41.76346356916579
38.11524609843938
38.68593238822246
40.021344717182494
38.880226789510985
43.17271250676773
37.88706739526412
33.99061997192838
37.30893592004703
34.33131407269339
32.8556655340523
37.5
37.63431389818566
37.43569449940641
37.63431389818566
37.63431389818566
33.73842592592593
37.63431389818566
37.26745959133882
37.63431389818566
37.63431389818566
37.63431389818566
37.63431389818566
32.6731408126757
36.66225749559083
33.54037267080745
36.91210146203981
35.490765384305185
37.00174570846668
37.63431389818566
37.63431389818566
36.859050798950626
31.38961038961039
37.63431389818566
37.41320726842961
37.10626789691378
35.838059231253936
37.63431389818566
30.325749741468453
35.39577121171049
37.63431389818566
37.17364905889496
37.63431389818566
37.63431389818566
35.922185922185925
37.63431389818566
36.10421836228288
34.31342364532019
37.63431389818566
36.58622511890083
35.42769634653249
37.14547118023788
36.69191474370266
37.63431389818566
37.63431389818566
31.618179186568245
33.957777036048064
32.80477160314227
33.557321057321055
37.63431389818566
36.680390362915524
37.63431389818566
37.63431389818566
37.63431389818566
37.63431389818566
37.63431389818566
37.63431389818566
36.98478357216724
33.879133048568264
34.40121155638398
36.67298219022358
37.63431389818566
36.583566324945636
36.209829867674856
37.63431389818566
37.17145949288806
37.63431389818566
36.51162790697675
30.59720785935884
37.63431389818566
37.58769965666517
37.63431389818566
37.63431389818566
37.63431389818566
37.63431389818566
35.473651676711484
32.66631327855818
37.63431389818566
37.56480634339737
37.63431389818566
34.801114378579165
34.801114378579165
34.801114378579165
34.801114378579165
37.63431389818566
37.63431389818566
37.63431389818566
37.63431389818566
37.63431389818566
37.63431389818566
37.114643545279385
35.849294354838705
33.67602808425276
36.501796076264164
