52909.0
48627.166666666664
37011.166666666664
41361.083333333336
36584.083333333336
33492.416666666664
36292.583333333336
31230.833333333332
31946.0
31529.666666666668
33039.25
29842.916666666668
31116.666666666668
29128.666666666668
28687.0
28520.333333333332
28348.666666666668
29641.666666666668
29395.0
29830.5
31838.166666666668
31511.666666666668
30482.666666666668
29139.666666666668
30387.666666666668
30963.833333333332
31129.166666666668
31273.5
31557.833333333332
32071.166666666668
32905.5
32436.5
32564.166666666668
33185.833333333336
32173.833333333332
31973.833333333332
31424.0
31742.0
32550.333333333332
32582.333333333332
33055.333333333336
33549.0
33549.0
34043.333333333336
33274.333333333336
33091.333333333336
33343.666666666664
33463.333333333336
32422.666666666668
32502.0
32500.0
32706.0
32752.166666666668
32748.5
31979.5
31899.833333333332
31423.166666666668
32341.5
32873.5
32870.166666666664
33186.833333333336
33272.5
33851.5
34049.5
34063.833333333336
33108.5
33133.5
34126.5
33915.5
33942.166666666664
34036.5
34066.166666666664
34094.166666666664
34085.5
34103.5
34093.166666666664
34216.833333333336
34384.166666666664
34137.833333333336
34059.166666666664
33498.833333333336
32422.166666666668
32381.166666666668
32371.166666666668
32397.833333333332
32359.5
32265.166666666668
31653.833333333332
31871.166666666668
31871.166666666668
32793.833333333336
33027.333333333336
33428.666666666664
34422.666666666664
34422.666666666664
34422.666666666664
34445.666666666664
34480.0
34494.0
34494.0
34520.666666666664
34520.666666666664
34481.333333333336
34532.333333333336
34559.0
34505.333333333336
34633.0
34515.666666666664
34451.0
34582.0
34620.333333333336
34577.0
34635.0
34640.333333333336
34640.333333333336
34640.333333333336
34640.333333333336
34693.666666666664
34738.0
34758.333333333336
33838.0
33797.666666666664
33797.666666666664
33755.333333333336
34259.333333333336
34282.333333333336
34282.333333333336
34284.0
33928.0
34041.0
34004.0
33912.666666666664
33936.666666666664
33992.333333333336
33983.0
34154.0
34207.333333333336
34231.333333333336
34231.333333333336
34233.666666666664
34236.0
34284.0
34284.0
34284.0
34346.0
34367.333333333336
34446.666666666664
34471.666666666664
34519.666666666664
34457.333333333336
34384.0
34384.0
34353.0
34360.666666666664
34360.666666666664
34382.333333333336
34017.0
33761.666666666664
33798.666666666664
33966.0
33990.0
33961.666666666664
33961.666666666664
34029.0
34040.666666666664
34040.666666666664
33985.666666666664
33985.666666666664
33957.333333333336
33771.666666666664
34038.333333333336
34909.666666666664
35084.0
35074.0
35074.0
35074.0
35074.0
35074.0
35074.0
35074.0
35110.666666666664
35093.666666666664
35093.666666666664
35093.666666666664
35093.666666666664
35203.0
35258.0
35258.0
35634.333333333336
35147.333333333336
35147.333333333336
35258.333333333336
35919.0
35919.0
35882.333333333336
35872.333333333336
35844.0
35910.666666666664
35910.666666666664
35949.0
36015.666666666664
