63231.892857142855
55455.392857142855
55967.42857142857
46242.78571428572
52371.82142857143
48931.67857142857
38805.17857142857
45884.96428571428
45264.96428571428
43509.82142857143
41467.142857142855
45814.892857142855
41746.67857142857
43087.32142857143
39402.32142857143
40246.78571428572
43619.96428571428
44120.0
42144.96428571428
41982.392857142855
39204.42857142857
49653.607142857145
41603.107142857145
43033.92857142857
41536.57142857143
42590.92857142857
42872.92857142857
41524.142857142855
42708.642857142855
42705.0
46578.82142857143
45577.142857142855
42254.107142857145
43831.42857142857
46582.21428571428
42142.392857142855
45192.607142857145
42896.92857142857
42631.142857142855
47274.46428571428
44620.53571428572
46268.892857142855
46333.642857142855
46374.25
47807.107142857145
43549.42857142857
43211.32142857143
42880.21428571428
45450.78571428572
44013.142857142855
43458.07142857143
45634.67857142857
45546.357142857145
44667.67857142857
46414.67857142857
46857.96428571428
46811.67857142857
45896.42857142857
46031.357142857145
45569.92857142857
45812.67857142857
44592.642857142855
47050.03571428572
45020.42857142857
45274.142857142855
46132.25
47440.107142857145
46819.642857142855
50585.53571428572
45944.82142857143
46575.32142857143
47507.392857142855
48343.42857142857
47832.07142857143
44802.75
43619.96428571428
44970.67857142857
47459.607142857145
47927.5
47244.0
45905.75
45033.642857142855
46543.857142857145
42203.857142857145
45058.17857142857
46568.21428571428
45029.0
45216.21428571428
41089.53571428572
46844.0
43430.857142857145
46272.107142857145
47977.21428571428
46332.5
47356.82142857143
45826.607142857145
45695.92857142857
45999.07142857143
45462.28571428572
46889.42857142857
44469.857142857145
46517.78571428572
47600.46428571428
46265.53571428572
50118.96428571428
47592.53571428572
47522.857142857145
45990.71428571428
46742.32142857143
47574.607142857145
46682.42857142857
47508.53571428572
46064.03571428572
47836.78571428572
44578.142857142855
48399.46428571428
46507.0
46936.857142857145
45280.0
48524.0
48348.25
44551.75
46939.42857142857
45208.67857142857
43613.96428571428
44733.25
49200.03571428572
48930.07142857143
45483.107142857145
49051.78571428572
45649.57142857143
44799.92857142857
48862.92857142857
48410.25
46970.17857142857
49190.03571428572
48008.42857142857
46602.28571428572
47764.92857142857
46960.107142857145
49467.107142857145
46108.75
47177.607142857145
48332.857142857145
47034.07142857143
47147.142857142855
48182.142857142855
46997.96428571428
47830.42857142857
44013.357142857145
46362.57142857143
44733.32142857143
46020.46428571428
46293.21428571428
46738.28571428572
47288.92857142857
44731.892857142855
44163.25
47657.92857142857
45533.357142857145
47736.32142857143
48718.96428571428
46464.5
48047.53571428572
47502.607142857145
43950.57142857143
47813.142857142855
46390.07142857143
47521.642857142855
47176.607142857145
45732.75
44926.57142857143
49765.857142857145
43953.32142857143
46667.53571428572
47832.57142857143
47232.857142857145
47374.357142857145
48907.46428571428
46597.17857142857
46430.07142857143
47706.92857142857
45710.92857142857
47341.0
46536.78571428572
47237.28571428572
47416.25
47793.75
48006.0
47715.892857142855
49754.857142857145
50520.0
48034.78571428572
48858.82142857143
47858.17857142857
48769.46428571428
48183.42857142857
47866.21428571428
50575.607142857145
47761.67857142857
51612.0
