95750.0
75230.0
84670.0
70580.0
70580.0
70950.0
72260.0
69620.0
76860.0
76860.0
76860.0
76860.0
76860.0
76860.0
76860.0
76860.0
76860.0
76860.0
69930.0
69930.0
65580.0
65580.0
65580.0
65580.0
65580.0
65580.0
65580.0
65580.0
65580.0
65580.0
65580.0
65580.0
51020.0
51020.0
48140.0
48140.0
48140.0
48140.0
48140.0
48140.0
48140.0
47420.0
47420.0
47420.0
47420.0
47420.0
47420.0
47420.0
47420.0
47420.0
47420.0
47420.0
47420.0
47420.0
47420.0
47420.0
47420.0
46700.0
46700.0
46700.0
46700.0
46700.0
46700.0
46700.0
46700.0
46700.0
46700.0
46700.0
46700.0
46700.0
46700.0
46700.0
46700.0
46700.0
46700.0
46700.0
46700.0
46700.0
46700.0
46700.0
46700.0
46700.0
46700.0
46700.0
46700.0
46700.0
46700.0
46700.0
46700.0
46700.0
46700.0
46700.0
46700.0
46700.0
46700.0
46700.0
46700.0
46700.0
46700.0
46700.0
46700.0
46700.0
46700.0
46700.0
46700.0
46700.0
46700.0
46700.0
46700.0
46700.0
46700.0
46700.0
46700.0
46700.0
46700.0
46700.0
46700.0
46700.0
46700.0
46700.0
46700.0
46700.0
46700.0
46700.0
46700.0
46700.0
46700.0
46700.0
46700.0
46700.0
46700.0
46700.0
46700.0
46700.0
46700.0
46700.0
46700.0
46700.0
46700.0
46700.0
46700.0
46700.0
46700.0
46700.0
46700.0
46700.0
46700.0
46700.0
46700.0
46700.0
46700.0
46700.0
46700.0
46700.0
46700.0
46700.0
46700.0
46700.0
46700.0
46700.0
46700.0
46700.0
46700.0
46700.0
46700.0
46700.0
46700.0
46700.0
46700.0
46700.0
46700.0
46700.0
46700.0
46700.0
46700.0
46700.0
46700.0
46700.0
46700.0
46700.0
46700.0
46700.0
46700.0
46700.0
46700.0
46700.0
46700.0
46700.0
46700.0
46700.0
46700.0
46700.0
46700.0
46700.0
46700.0
46700.0
46700.0
46700.0
46700.0
46700.0
46700.0
