60.01899335232669
61.2750263435195
63.50849256900213
63.50849256900213
63.90658174097665
64.31556948798328
66.28151260504202
68.26716738197425
68.26716738197425
68.26716738197425
68.26716738197425
68.26716738197425
68.26716738197425
68.26716738197425
68.26716738197425
68.26716738197425
68.26716738197425
68.26716738197425
68.26716738197425
68.26716738197425
68.26716738197425
68.26716738197425
68.26716738197425
68.26716738197425
68.26716738197425
68.26716738197425
68.26716738197425
68.26716738197425
68.26716738197425
68.26716738197425
68.26716738197425
68.26716738197425
68.26716738197425
68.26716738197425
68.26716738197425
68.26716738197425
68.26716738197425
68.26716738197425
68.26716738197425
68.26716738197425
68.26716738197425
68.26716738197425
68.26716738197425
68.26716738197425
68.6353829557713
68.6353829557713
68.6353829557713
68.6353829557713
68.6353829557713
68.6353829557713
68.6353829557713
68.6353829557713
68.6353829557713
68.6353829557713
68.6353829557713
68.6353829557713
68.6353829557713
68.6353829557713
68.6353829557713
68.6353829557713
68.6353829557713
68.6353829557713
68.6353829557713
68.6353829557713
68.6353829557713
68.6353829557713
68.6353829557713
68.6353829557713
68.6353829557713
68.6353829557713
68.6353829557713
68.6353829557713
68.6353829557713
68.6353829557713
68.6353829557713
68.6353829557713
68.6353829557713
68.6353829557713
68.6353829557713
68.6353829557713
68.6353829557713
68.6353829557713
68.6353829557713
68.6353829557713
68.6353829557713
68.6353829557713
68.6353829557713
68.6353829557713
68.6353829557713
68.6353829557713
68.6353829557713
68.6353829557713
68.6353829557713
68.6353829557713
68.6353829557713
68.6353829557713
68.6353829557713
68.6353829557713
68.6353829557713
68.6353829557713
68.6353829557713
68.6353829557713
68.6353829557713
68.6353829557713
68.6353829557713
68.6353829557713
68.6353829557713
68.6353829557713
68.6353829557713
68.6353829557713
68.6353829557713
68.6353829557713
68.6353829557713
68.6353829557713
68.6353829557713
68.6353829557713
68.6353829557713
68.6353829557713
68.6353829557713
68.6353829557713
68.6353829557713
68.6353829557713
68.6353829557713
68.6353829557713
68.6353829557713
68.6353829557713
68.6353829557713
68.6353829557713
68.6353829557713
68.6353829557713
68.6353829557713
68.6353829557713
68.6353829557713
68.6353829557713
68.6353829557713
68.6353829557713
68.6353829557713
68.6353829557713
68.6353829557713
68.6353829557713
68.6353829557713
68.6353829557713
68.6353829557713
68.6353829557713
68.6353829557713
68.6353829557713
68.6353829557713
68.6353829557713
68.6353829557713
68.6353829557713
68.6353829557713
68.6353829557713
68.6353829557713
68.6353829557713
68.6353829557713
68.6353829557713
68.6353829557713
68.6353829557713
68.6353829557713
68.6353829557713
68.6353829557713
68.6353829557713
68.6353829557713
68.6353829557713
68.6353829557713
68.6353829557713
68.6353829557713
68.6353829557713
68.6353829557713
68.6353829557713
68.6353829557713
68.6353829557713
68.6353829557713
68.6353829557713
68.6353829557713
68.6353829557713
68.6353829557713
68.6353829557713
68.6353829557713
68.6353829557713
68.6353829557713
68.6353829557713
68.6353829557713
68.6353829557713
68.6353829557713
68.6353829557713
68.6353829557713
68.6353829557713
68.6353829557713
68.6353829557713
68.6353829557713
68.6353829557713
68.6353829557713
68.6353829557713
68.6353829557713
68.6353829557713
68.6353829557713
68.6353829557713
68.6353829557713
68.6353829557713
68.6353829557713
