41.98212607895523
44.82582365808619
46.733166334449876
47.577569656846215
51.73357568632455
50.55814378122877
53.84319062644431
52.53709141237066
53.6358627333862
52.45647666290192
53.70753596572675
54.687337165001104
55.77297794727682
56.20080780862104
55.93641876672918
56.19440276054227
56.898247316388385
57.08421181216502
57.72536084675138
58.404562045084496
58.02581672686399
57.73361282904405
57.89130523522383
57.990381992424474
58.62342545333931
58.78766308514817
58.99672890115299
59.30240471745371
59.52486647245048
59.14702770968494
59.30601423121343
59.49763552285113
58.87869018165301
59.25042123427247
58.13206758387319
58.565770795679235
58.48861586712233
58.70165973066101
58.34755214181802
58.51380786105493
58.52475485591187
58.39934436783113
58.679167798270676
58.41998864422957
58.24069508365455
58.56138779093302
58.526655348781134
58.67120100720481
58.54527774445588
58.599618198552676
58.66282429058486
59.81084528525364
59.75370423720612
59.41641923976283
59.0015569019722
58.928783639860704
58.729721223505315
59.19116704787394
59.47211983795828
59.47211983795828
59.887515715242294
59.83765966209675
59.83765966209675
59.8438825706994
60.458580550809764
60.474062477292115
60.44522741329514
60.584961195274985
60.57413305944687
60.57413305944684
60.594220213154685
60.735461337936734
60.72538548589764
60.72538548589761
60.725385485897625
60.730799553811686
60.730799553811686
60.821302623704604
60.90735258537938
60.90735258537937
60.94686254216874
60.99015955535477
60.99015955535479
60.99015955535479
61.03892853002386
61.21113118936157
61.211940030050144
61.20646141176575
61.279913437227904
61.27991343722793
61.279913437227904
61.279913437227904
61.25982628352007
61.01640768788334
60.95444152798264
61.08422576080374
61.08422576080374
61.17370938332876
61.17370938332876
61.20780527220406
61.221103283962975
61.221103283962975
61.221103283962975
61.15194942248809
60.75539428390468
60.782458423488755
60.77623551488612
60.84644881786268
60.84644881786268
60.904418916842495
60.904418916842495
60.904418916842495
60.88433176313466
60.88433176313466
60.88433176313466
60.8214008102624
60.8214008102624
60.80753656515721
60.793672320052
60.77358516634417
60.91938383252546
60.91938383252546
60.91938383252546
60.94488505414735
60.97898094302267
60.97898094302267
61.0288369961682
61.0288369961682
61.0629328850435
61.0629328850435
61.0629328850435
61.085978044215715
61.085978044215715
61.04646808742635
61.04187085367169
61.04120650304537
60.983689618087155
60.983689618087155
60.998362703880964
60.998362703880964
61.00228337023641
60.9397160375019
60.85104125566546
60.851041255665436
60.851041255665436
60.78848613970385
60.78848613970385
60.78848613970385
60.78848613970385
60.68604523004223
60.74143296369195
60.557860491416434
60.49572576672803
60.501516154684026
60.566045293623326
60.644102546310975
60.62401539260314
60.584505435813774
60.62401539260315
60.62401539260315
60.65499523250947
60.94015011730985
60.93473604939579
60.93473604939579
60.95022596934894
60.95022596934894
60.892522810531126
60.79008190086951
60.829591857658876
60.86210655185234
60.93051231597231
60.93051231597231
60.924289407369656
61.03193132505222
60.97458580289296
60.959095882939785
60.959095882939785
60.959095882939785
60.9590958829398
60.9590958829398
60.443069340605554
60.56614005406459
60.542120017228385
60.542120017228385
60.54068779153145
60.615073585502024
60.47429175849202
60.79365921336132
60.79620882988152
60.8237170471188
61.592406156105035
61.65496127206661
61.65496127206661
61.86742617198276
61.89610799294402
61.740075195467355
61.75742395837896
61.738642969770375
61.738642969770375
61.67654520184173
61.63703524505237
