39.19693209670708
42.49426480726951
44.283222070072306
46.56664841091685
48.364937799582684
50.07020612660605
48.131909881991504
51.53539981684515
49.226089109107775
52.43218351468326
50.5839028565718
52.20545644625439
52.363280962691285
52.009204560463466
52.3598563335688
51.292343843213956
54.351465029063064
54.14230809752841
53.73194892899327
54.22701615181929
54.81774115624098
54.85307301755851
54.96729257977056
55.005224178167865
54.36408860139688
53.16065721541059
53.85569373768301
54.150004657166676
54.80055801076561
54.94799619109259
54.04087460789775
54.34165024863991
56.06337527315418
54.433217514352954
55.84366201335773
53.24317540294548
54.628234253729154
54.31096569605488
55.76160443893086
54.1615230473706
54.195556688855994
55.44577360177915
54.76015903910358
54.17139594847166
54.348559830948275
54.09555645129212
55.113123826713085
54.76530198252605
55.52070310267999
54.51552561133328
54.82867905304316
54.32822267441267
55.55605284167539
54.60041042437945
54.93077294162313
54.36503634388246
54.494790505903765
54.6319188921909
54.95361470877764
54.683780775358166
55.551223098890624
54.66089119467364
55.709532257968405
55.51870129009998
55.51603052299424
56.340168087337254
56.35267337757396
55.72171953095427
55.72846245708827
55.82175706539511
55.913253212980806
55.92591646222663
55.56815095381137
56.01548341997224
56.25529337505671
55.983752153585584
55.85518922356979
56.63451160538474
56.79430423810983
56.03763770004408
55.641880696414916
55.74705312854174
56.20352976669956
56.17856920664909
55.99865380630928
56.55372057941242
56.32878143207649
56.51522047781008
56.16252984456312
55.95590972890014
56.34327877425759
55.644005459593934
56.62147869301171
55.6702795542934
55.70911424770266
56.04241374046781
56.227468856381265
56.27987667297321
55.791912236814476
56.032001588017394
56.158303809355466
56.01071277908981
56.46305677016908
56.29145086317705
55.215935088358925
55.57822199869604
55.70062738170952
55.81649077632069
55.42850694081113
56.16108959243476
55.89116531482926
55.984163708776464
56.67855155026375
56.20038684578099
55.90088007538227
55.87511299128744
55.38782260093289
56.01488996568456
56.29927366081723
56.2276256408845
55.8057371107374
55.77365386877241
55.53311473101284
55.480459301846295
55.84401669864946
55.86235191352205
55.306967881554925
55.53725140503647
56.325950706201105
55.04403945420836
55.59063549372616
55.77576124164521
55.9027002872093
56.312377155975554
56.03824842174376
55.770977548981065
55.63094783441404
55.555279643014664
55.71765699929149
55.47680054658974
56.1176453666068
55.81718622629414
56.24844407618442
56.44043629924579
55.96078753317448
56.161158952093714
54.78322217810712
55.597987892874585
55.393950753313135
55.47430436051244
56.16238125242771
55.911124241242106
54.96263869030807
55.241165428026626
55.55299295137625
55.33726311950556
55.147220445561395
55.869874794746735
55.77753427118351
56.00352637579431
56.47128844047248
55.709682526155554
55.7131048554703
55.30901469525721
56.71711598320461
55.846263707876574
55.74747029882911
55.43445542079908
56.135432707341224
54.25311508336403
56.46294082930174
56.4466218358721
55.336493879062665
55.398124344726845
55.8760856226771
55.21345855948455
55.3846902097085
54.821709981273465
56.366200168165314
56.05416740498406
55.54573431368971
56.18991522665785
56.1169563137156
54.1630131623925
55.51486222188027
56.345351834573705
56.665096459089
55.422755493617615
56.01057330357406
55.429809444064574
55.72610558712666
56.38533485360222
56.55026781496545
57.34023642301847
56.35965172109091
56.63895726252121
57.329764711994024
57.07167056208539
56.97369819381194
55.57552189319493
56.37620831863715
