40.21028345084691
40.786199095022624
41.172356232660924
40.02003300053771
40.02003300053771
39.329404411108136
39.329404411108136
37.837121212121204
41.491382488411034
41.491382488411034
40.53825965706518
43.05503834492599
39.93856381637112
39.93856381637112
39.93856381637112
39.93856381637112
39.92263395026164
39.92263395026164
38.8330371855705
38.8330371855705
38.8330371855705
38.8330371855705
37.26916413765988
37.26916413765988
37.26916413765988
39.331907630935
39.95850817188205
40.32307586433249
40.4038051274993
40.4038051274993
42.680009689335684
42.680009689335684
42.680009689335684
39.30988919861323
39.30988919861323
38.7065482218234
38.7065482218234
39.314788719601594
38.32650035437991
38.32650035437991
38.32650035437991
38.32650035437991
38.32650035437991
38.32650035437991
38.32650035437991
38.32650035437991
41.192735465406145
41.206884006219965
39.69316771743353
39.69316771743353
41.206884006219965
42.061097360883224
39.80988992246028
39.80988992246028
40.01115207494194
42.1602682212221
42.35385540547591
42.35385540547591
42.35385540547591
42.35385540547591
42.35385540547591
41.089531680440764
40.91591189955222
40.91591189955222
40.91591189955222
40.91591189955222
44.795436142804554
44.81531100478468
41.64314378759605
42.19120967406812
42.19120967406812
42.19120967406812
42.476734783383364
42.476734783383364
42.476734783383364
42.476734783383364
42.476734783383364
42.476734783383364
42.476734783383364
42.476734783383364
41.89499861840287
41.89499861840287
41.89499861840287
41.67404419730109
41.89499861840287
41.89499861840287
41.89499861840287
41.89499861840287
45.944012163491635
45.940208027977064
46.069887076952654
43.4937578374505
43.4937578374505
46.069887076952654
46.45065371047904
46.45065371047904
46.45065371047904
46.45065371047904
46.5942192081992
46.78944570028738
46.78944570028738
46.78944570028738
46.08506290098329
47.04224525144585
47.04224525144585
47.09541470543145
46.01391769475197
47.19402784089953
47.19402784089953
47.368284386279235
47.368284386279235
47.368284386279235
48.31187737078877
48.34489984335938
48.34489984335938
48.34489984335938
47.53752629700101
48.34489984335938
48.36288066612033
49.411711134229336
48.37696352945592
49.411711134229336
49.47344964165822
50.17449842933443
50.24782011745847
50.24782011745847
50.36635471756772
50.36635471756772
50.57954333463567
50.400598265465774
50.57954333463567
49.83494035542728
48.78915194635263
50.459164457960675
50.459164457960675
50.77577498301672
51.04387885124318
51.04387885124318
51.22519291954508
54.29636167500245
48.132493850097184
54.251446503873694
49.67879277822689
47.59331446395175
48.041989625467416
50.83646720004545
51.00998839053122
49.17351733271343
49.17351733271343
54.29636167500245
54.29636167500245
54.29636167500245
54.29636167500245
54.29636167500245
54.29636167500245
54.29636167500245
51.38172209580178
51.38172209580178
51.38172209580178
54.07580566919148
54.07580566919148
50.20338291798141
54.07580566919148
52.5046674314506
51.1975690487818
48.638534978429924
48.638534978429924
46.59264033751319
48.17107125844521
48.638534978429924
54.923707394977605
55.56838859200521
55.60585292435046
55.60585292435046
55.628723017104335
55.628723017104335
55.628723017104335
55.628723017104335
55.628723017104335
55.697676645789045
55.697676645789045
55.72218958652492
55.72218958652492
45.10158361572856
45.10158361572856
45.10158361572856
51.296917803307366
49.23026697113807
49.23026697113807
50.08022721493373
50.919018215281724
50.919018215281724
50.919018215281724
51.296917803307366
51.296917803307366
55.56823903359584
55.66568982359364
53.78156438350025
53.78156438350025
53.78156438350025
53.78156438350025
53.78156438350025
53.78156438350025
53.78156438350025
55.651367427029676
55.651367427029676
47.43786209393751
55.651367427029676
50.2896834288275
50.2896834288275
50.2896834288275
50.2896834288275
55.50190090753005
46.40586350581869
46.40586350581869
47.54058140815734
47.54058140815734
47.80052101447794
53.792255982391175
53.792255982391175
55.69448276919303
55.701189600196216
55.701189600196216
55.82766127054206
47.18360250108671
55.74641280353201
55.878058314937455
55.89262171940151
48.05544665922821
48.05544665922821
55.92519775570272
55.98939170959038
55.98939170959038
55.98939170959038
56.019285013490304
56.019285013490304
46.553400109885466
53.461369381250684
55.898562055432905
55.898562055432905
50.51605663943083
50.51605663943083
50.51605663943083
51.894019256448104
55.95719892077507
56.019285013490304
48.35856292259561
48.35856292259561
48.35856292259561
45.780203784570595
49.22703327675336
47.55152573751886
47.55152573751886
47.55152573751886
47.49385561442193
46.19147648603863
47.55152573751886
47.55152573751886
47.55152573751886
47.55152573751886
47.55152573751886
47.55152573751886
47.55152573751886
51.493570933910206
51.53390877223043
51.53390877223043
48.71259749632221
51.53390877223043
51.68365853484405
51.68365853484405
51.77200910992596
52.86599192522537
54.65798994358597
54.65798994358597
54.65798994358597
54.67293659553593
54.69094922737307
54.69094922737307
47.53077326000131
45.18557555960701
54.703596394407654
54.18762612773029
54.18762612773029
54.18762612773029
54.703596394407654
54.88429758400784
47.84976032824821
54.84022412312975
54.84022412312975
54.84022412312975
54.84022412312975
50.81234359652502
50.81234359652502
51.948151474970416
53.27925222607488
53.27925222607488
54.89675312729948
62.63348359963368
63.1029546444735
63.1029546444735
63.69008520809385
63.73227872352073
63.607367475292016
63.607367475292016
59.66293973961876
59.66293973961876
63.607367475292016
63.607367475292016
55.16172101244876
55.16172101244876
55.16172101244876
55.16172101244876
55.16172101244876
55.16172101244876
55.16172101244876
55.16172101244876
55.16172101244876
63.33859827595438
63.47468365726116
63.54897289000732
64.55416563112693
64.57759917795147
64.57759917795147
64.84454531020891
65.12238329762468
65.12238329762468
65.21165493382306
65.13580177705525
65.13580177705525
63.34109801772175
63.34109801772175
61.954744448546855
61.954744448546855
63.34109801772175
63.34109801772175
63.34109801772175
63.34109801772175
56.692494124559346
56.692494124559346
56.692494124559346
56.692494124559346
56.692494124559346
56.53497558916525
56.53497558916525
56.53497558916525
56.53497558916525
56.53497558916525
56.53497558916525
58.33395294273157
58.33395294273157
63.40956197319332
63.82964444074167
63.82964444074167
63.82964444074167
62.257348126913335
63.82964444074167
63.91944175763437
64.26235548800146
64.97288832795773
62.47600167876627
62.47600167876627
63.13399195616378
64.97288832795773
64.97288832795773
65.36226803159911
62.85792305331383
62.85792305331383
62.85792305331383
65.48286822792501
63.38501081516477
65.08011821804241
65.48620125289237
65.39031482413465
65.48620125289237
65.55063303045695
65.55533607991421
65.55533607991421
56.007501799180204
61.30320076748649
61.30320076748649
61.30320076748649
61.30320076748649
61.30320076748649
63.881849715138124
63.881849715138124
64.34723794274358
64.73488910209379
64.92839698046181
64.92839698046181
64.92839698046181
65.00471971438718
65.29384653009011
65.29384653009011
65.29384653009011
65.29384653009011
65.29384653009011
65.29384653009011
63.686696747813706
63.686696747813706
65.65415711468975
65.55038255077876
65.55038255077876
65.36759780752648
65.55038255077876
65.55038255077876
65.42656062793044
65.61877942244737
58.009274223625646
65.61877942244737
65.88057434504098
65.88057434504098
65.9654808064227
65.9654808064227
65.39049332990545
65.25075937193513
65.25075937193513
65.25075937193513
65.25075937193513
65.25075937193513
65.39049332990545
65.39049332990545
65.39049332990545
65.39049332990545
65.39049332990545
65.39049332990545
64.95549585115327
64.95549585115327
64.95549585115327
60.41061276058118
60.41061276058118
65.39049332990545
65.39049332990545
66.62674481955325
66.62674481955325
66.62674481955325
66.95585869575325
66.95585869575325
66.95585869575325
67.06924544962543
67.07279573860143
67.07279573860143
67.07279573860143
66.74012881287018
65.26215928548291
65.26215928548291
63.3286286856843
63.3286286856843
63.3286286856843
63.3286286856843
63.3286286856843
63.3286286856843
66.95164421100709
67.02895447971379
67.02895447971379
65.43665935969257
65.43665935969257
65.43665935969257
56.36046576812498
66.84842693050012
65.23287770304476
63.16281499905003
65.23287770304476
65.23287770304476
66.84842693050012
66.84842693050012
60.15506064921673
66.39200945221013
64.39636679610068
66.84842693050012
66.84842693050012
66.12504018000642
61.280889657038614
64.72669217352163
64.72669217352163
64.72669217352163
64.72669217352163
64.72669217352163
63.82420593464196
63.82420593464196
63.82387690864652
63.82387690864652
63.82420593464196
63.82420593464196
63.82420593464196
63.82420593464196
65.3584660899105
65.3584660899105
63.00201874677623
63.00201874677623
63.00201874677623
54.96379155235355
54.96379155235355
54.96379155235355
54.96379155235355
54.96379155235355
54.96379155235355
54.96379155235355
54.96379155235355
54.96379155235355
54.96379155235355
