54.67696020793366
54.67696020793366
56.93324314480462
60.06247327871284
60.06247327871284
61.613479703854985
61.613479703854985
62.78422025228313
63.99326330718433
63.99326330718433
63.99326330718433
63.99326330718433
64.14794131985995
64.14794131985995
64.6873199485884
64.6873199485884
64.6873199485884
64.6873199485884
64.6873199485884
64.6873199485884
64.6873199485884
64.8094995395084
64.8144174110536
64.99301338206052
64.92506952082049
64.92506952082049
64.92506952082049
64.96767623095998
64.96767623095998
64.96767623095998
64.96767623095998
65.51363797378674
65.59112646121149
65.59112646121149
65.60278896305705
65.63319190335919
65.63319190335919
65.63319190335919
65.63319190335919
65.63319190335919
65.63319190335919
66.48620546235964
66.48620546235964
66.82992026934532
66.82992026934532
66.82992026934532
66.82992026934532
66.82992026934532
66.86807443994302
66.86807443994302
66.86807443994302
66.86807443994302
66.86807443994302
66.86807443994302
67.21493053628578
67.21493053628578
67.21493053628578
67.21493053628578
67.21493053628578
66.06119756366463
66.06119756366463
66.9616036993869
66.9616036993869
66.9616036993869
66.9616036993869
66.9616036993869
66.9616036993869
66.9616036993869
66.9616036993869
66.9616036993869
66.9616036993869
67.49793899422919
67.96794306886127
67.96794306886127
67.96794306886127
67.96794306886127
67.96794306886127
67.33878989399494
67.33878989399494
67.23712655828882
67.23712655828882
67.37134527832202
67.37134527832202
67.37134527832202
67.37134527832202
67.37134527832202
67.37134527832202
67.06689332685733
67.06689332685733
67.06689332685733
67.06689332685733
67.06689332685733
67.06689332685733
67.30379296758632
67.30379296758632
67.30379296758632
67.30379296758632
67.30379296758632
68.0447045482938
68.0447045482938
68.0447045482938
68.0447045482938
68.0447045482938
68.0447045482938
68.0447045482938
68.0447045482938
68.0447045482938
68.0447045482938
68.0447045482938
68.0447045482938
68.0447045482938
68.0447045482938
67.97544246952715
68.19950752858598
68.19950752858598
68.19950752858598
68.19950752858598
68.19950752858598
68.19950752858598
68.19950752858598
68.19950752858598
68.19950752858598
68.19950752858598
68.19950752858598
68.19950752858598
68.19950752858598
68.19950752858598
68.19950752858598
68.19950752858598
68.19950752858598
68.19950752858598
68.19950752858598
68.19950752858598
68.19950752858598
68.19950752858598
68.19950752858598
68.19950752858598
68.19950752858598
68.19950752858598
68.02568021434772
68.02568021434772
68.02568021434772
68.02568021434772
68.02568021434772
68.38324087701423
68.58538175838508
68.58538175838508
68.58538175838508
68.58538175838508
68.58538175838508
68.47876334956037
68.47876334956037
68.47876334956037
68.47876334956037
68.44645080946451
68.44645080946451
68.44645080946451
68.44645080946451
68.44645080946451
68.44645080946451
68.44645080946451
68.56461992548508
69.0659063578882
69.0659063578882
69.48572176340583
69.48572176340583
69.0659063578882
69.0659063578882
69.06009580490637
69.35284700461729
69.35284700461729
69.35284700461729
68.56703924130257
68.56703924130257
68.56703924130257
68.56703924130257
68.61663521556103
68.61663521556103
68.56461992548508
68.56461992548508
68.56461992548508
68.56461992548508
68.57308753084628
68.56461992548508
68.56461992548508
68.56461992548508
68.56461992548508
68.56461992548508
68.56461992548508
68.56461992548508
68.56461992548508
68.56461992548508
69.07397645405025
69.07397645405025
68.90979637922456
68.56461992548508
68.56461992548508
68.56461992548508
68.47917634758365
68.6624610416432
68.47917634758365
68.47917634758365
68.33474882367872
68.33474882367872
68.33474882367872
68.33474882367872
68.33474882367872
68.33474882367872
68.33474882367872
68.33474882367872
68.42138659481834
68.42138659481834
68.42138659481834
68.42138659481834
68.42138659481834
68.42138659481834
68.42138659481834
68.42138659481834
68.42138659481834
68.42138659481834
68.42138659481834
68.42138659481834
68.42138659481834
68.42138659481834
68.85727647921006
68.85727647921006
68.85727647921006
68.85727647921006
68.85727647921006
68.85727647921006
68.85727647921006
68.85727647921006
69.22255143550028
69.22255143550028
69.41897130293914
69.41897130293914
69.41897130293914
69.41897130293914
69.41897130293914
69.41897130293914
69.41897130293914
69.27806980158165
69.27806980158165
69.27806980158165
69.27806980158165
69.45247788853011
69.45247788853011
69.45247788853011
69.45247788853011
69.49495666998153
69.49495666998153
69.49495666998153
69.49495666998153
69.49495666998153
69.49495666998153
69.49495666998153
69.49495666998153
69.49495666998153
69.49495666998153
69.49495666998153
69.8510150622135
69.8510150622135
69.8510150622135
69.8510150622135
70.35051435500274
70.45441210983337
70.45441210983337
70.45441210983337
70.45441210983337
70.45441210983337
70.45441210983337
70.6597629664398
70.6597629664398
70.6597629664398
70.6597629664398
70.6597629664398
70.6597629664398
70.6597629664398
70.69715193244434
70.69715193244434
70.69715193244434
70.69715193244434
70.69715193244434
70.69715193244434
70.69715193244434
70.51357271376047
70.7189235703669
70.7189235703669
70.86682508018464
70.86682508018464
70.86682508018464
70.86682508018464
70.86682508018464
70.86682508018464
70.86682508018464
70.86682508018464
70.86682508018464
70.73188023155755
70.73188023155755
70.73188023155755
70.73188023155755
70.73188023155755
70.54168622389112
70.54168622389112
70.868987902036
70.18598920441211
70.17132128608307
70.0649788781976
70.0649788781976
70.0649788781976
70.0649788781976
70.0649788781976
70.0649788781976
70.0649788781976
70.0649788781976
70.0649788781976
70.0649788781976
70.0649788781976
70.0649788781976
70.19381209418759
70.19381209418759
69.4280149003327
69.4280149003327
69.4280149003327
69.60810798001916
69.60810798001916
69.52935778080533
69.74727896930942
69.74727896930942
69.74727896930942
69.74727896930942
69.74727896930942
69.74727896930942
69.74727896930942
69.74727896930942
69.74727896930942
69.74727896930942
69.74727896930942
69.74727896930942
69.74727896930942
69.74727896930942
69.74727896930942
69.74727896930942
69.74727896930942
70.01863002122285
70.30760264848769
70.30760264848769
70.30760264848769
70.34289288995758
70.34289288995758
70.34289288995758
70.34289288995758
70.34289288995758
70.56770863878951
70.56770863878951
70.56770863878951
70.64451304753028
70.64451304753028
70.64451304753028
70.64451304753028
70.64451304753028
70.64451304753028
70.64451304753028
70.64451304753028
70.64451304753028
70.64451304753028
71.1596082245341
71.3314625648335
71.3314625648335
71.3314625648335
71.3314625648335
71.85785809746075
71.85785809746075
71.85785809746075
71.85785809746075
71.85785809746075
71.85785809746075
71.85785809746075
71.85785809746075
71.85785809746075
71.85785809746075
71.85785809746075
71.85785809746075
71.85785809746075
71.85785809746075
71.85785809746075
71.7144894580416
71.7144894580416
71.7144894580416
71.7144894580416
71.71573614186264
71.71573614186264
71.71573614186264
71.71573614186264
71.71573614186264
71.7144894580416
71.7144894580416
71.7144894580416
71.7144894580416
71.7144894580416
71.49881315700237
71.49881315700237
71.49881315700237
71.49881315700237
71.68207567869466
71.68207567869466
71.68207567869466
71.68207567869466
71.69828256836813
71.68207567869466
71.68207567869466
71.68207567869466
71.70127460953863
71.70127460953863
71.65215526698981
71.65215526698981
71.65215526698981
71.70825603893643
71.70825603893643
71.86907825185008
71.86907825185008
71.86907825185008
71.99000658249058
71.99000658249058
71.99000658249058
71.99000658249058
71.99000658249058
71.99000658249058
71.99000658249058
71.99000658249058
72.07852113378415
72.07852113378415
72.07852113378415
72.07852113378415
72.07852113378415
72.07852113378415
72.07852113378415
71.99000658249058
71.99000658249058
71.81847545219638
71.81847545219638
71.81847545219638
72.06684088951532
72.00273079633546
72.87490275866195
72.87490275866195
72.87490275866195
72.87490275866195
72.87490275866195
72.87490275866195
72.87490275866195
72.87490275866195
72.87490275866195
72.51959786966667
72.51959786966667
72.401912980092
72.401912980092
72.24551458068832
72.24551458068832
72.24551458068832
72.24551458068832
72.24551458068832
72.76910055409569
72.76910055409569
72.76910055409569
72.76910055409569
72.66940157775737
72.91426004364011
72.91426004364011
72.91426004364011
72.84465310071778
72.60399079806088
72.60399079806088
72.60399079806088
72.56943415973065
72.24551458068832
72.34763542133852
72.35205251606682
72.35205251606682
72.35205251606682
72.35205251606682
72.35205251606682
72.35205251606682
72.35205251606682
72.3668152784749
72.35451297646816
72.57004930762645
72.57004930762645
72.57004930762645
72.57004930762645
72.57004930762645
72.98832757585599
72.98832757585599
72.98832757585599
72.98832757585599
72.96987412284587
72.96987412284587
72.96987412284587
72.96987412284587
72.95757182083912
