47.085129474992364
47.88298633669571
48.16699929692233
49.527137386595356
49.73151576028348
49.58925349135757
50.47957598138318
53.05549000507945
53.78829819295031
53.24171120147743
53.37013520591614
54.52972854439141
53.39253638381878
53.36556400904156
54.01767488061597
53.61475745003054
54.34856567712168
54.05303559613249
56.001345458831395
56.56773286190132
56.25304655616928
55.79194049330954
55.68306383647358
55.5709960913375
56.20328698050581
55.88815507567815
56.15232932172662
55.41535179041607
56.083589586843075
55.77339022766389
56.5506496951614
56.06182854246059
56.44697509598711
56.63255271970646
55.80186597561264
54.1507096083249
55.13858616368699
54.698181576258165
54.477383543066935
54.41852970416115
54.487414244791566
54.74914753911686
55.20290617864548
55.66236848862803
55.84255945440869
55.865050633008785
55.7246922810635
56.17292323401919
55.54065675241477
55.732167513583974
55.98417616411233
56.308251176126
56.27747644392049
55.4544881875491
55.41182701226087
55.40119512911523
55.057878961665175
54.98790144953614
54.7657731829573
55.29970565874952
55.164475657243656
53.56040829397449
54.44149032492135
54.874407119038494
54.753556548903454
54.756362523598284
55.603115494609575
55.66432533086951
55.07750722643281
55.39327654114927
55.37439504066663
56.4244440981724
56.1282001455202
56.638216619289736
56.78862123825853
57.05692512637053
56.741158104484136
56.524231515571685
55.95710985878935
56.43164150576674
56.710653262906874
56.553034400079426
57.25116354691753
57.473186928166875
57.357696056171314
57.25754499032839
57.75190889802873
57.95765935324597
59.15614983721275
58.96468723033648
59.34624730244728
58.03995958317175
58.4733601308606
58.296331984964255
58.722458347249336
58.635173637939204
58.43727674047183
57.14958915254137
57.15525974844802
58.01180901045238
57.93637585129876
58.985592460166
58.966887983567844
58.929577477233046
58.72269950683267
58.23331454377927
58.32605187806833
58.09529210638799
58.150437554450605
59.03649651591819
59.79255967620137
59.54713308604985
59.823774354863
60.110211560857195
60.78727193887198
60.75003449620285
60.87756040428932
61.02814183450086
60.82696983451044
61.33395639429898
60.77523552193851
61.1599466510144
60.61588017305263
61.18795483908508
61.45320539252888
61.52642749965224
62.138377882454414
62.17986114202606
62.21418582271933
61.60549413510883
61.06694180127928
60.99632395361124
61.621461732153215
61.574505910411936
61.56192126777288
61.77040441837646
62.559796634984195
62.27866376188971
63.01978702030323
63.43121560771084
63.09980859329413
63.48531454467741
62.902469252563506
62.5031739545352
62.79893198926137
63.37858675485918
63.139144020356355
62.84266269206098
62.75700019982406
63.60314822023754
63.70834395716946
63.60043422245506
63.597353252046176
63.29793394248054
63.30692520853419
63.37905572459293
63.39732133273399
63.57798968945226
63.66598659514382
63.56076843898825
63.75100755355792
63.48181254227095
63.98341515223833
64.16733285259822
63.64285759419656
63.22457025766611
62.42721038040899
61.95984370723683
62.61173070484682
62.710985984954235
64.09995785131906
63.968065004643975
63.867284106030226
63.97148605194246
64.2679822390291
64.27944826744486
64.01370724459761
64.0025337053884
63.91286123652625
63.9081996295764
63.985414996105234
64.32223247415334
64.75779121295781
64.65814386731616
64.54886614579931
64.67778078408523
64.85630584158045
64.47981754404489
64.2687561665282
64.30712049120172
64.19293715018343
64.19432506769462
64.05082669907836
63.994846213756475
63.745834426464036
64.22951969275886
64.36961210684153
64.42660014615068
64.45394897678861
64.48374339052445
64.44088824164531
64.32446751337974
64.28927500890295
64.36403683948629
64.54483262725162
64.67801520240155
64.17425371197919
64.56842170435702
64.44777509197687
64.25742740099237
64.16270889275384
64.11455810316953
64.47720611293501
64.20437078602137
64.15839869357656
63.690884348959116
63.58455811402505
63.23060771943947
63.58224026207989
63.573158892886795
63.973828595650374
64.23320434846337
64.23053360822938
64.46744474434848
64.2536416051163
64.54494545673087
64.39552613277151
64.45612438817984
64.18535662505259
64.13524013290358
64.38990174239667
64.70699746668059
65.00189715786956
65.0727732688465
65.0781645869977
65.09094869507487
64.51947361829723
64.98610197776154
65.44529634894437
65.28032960509672
65.15101429599756
65.3475561143174
65.37301799486696
65.36754145076002
65.3071788963765
65.41071971133636
64.64822458657464
64.5966726661992
65.03468363332095
64.59236122385394
64.45705592513362
64.40424213567876
64.51648561357192
64.22442824839612
63.20849314088682
62.76666877349324
62.84320529405876
63.60098110140401
63.464933334352494
63.19304753614966
63.61945433090523
63.6210157103434
64.04517276755787
63.77038481306086
64.30415369103657
64.59581687649943
64.46500792722915
64.19296208958978
64.18625457438633
64.48187511768705
64.68242593404226
64.86583131082816
65.45858314205574
65.41878324201345
65.4255819157838
65.3587637627275
65.77074867864532
65.8188775359845
65.83614343334865
65.34239160023961
65.81430631866819
65.86761635004471
65.79740389097427
65.75337264654375
65.72484749069912
65.74226353727138
65.33712780045887
65.42651872936504
65.61863563598152
65.49032741573592
65.89552963605772
65.80308238584252
65.68728328289443
65.8947992915173
65.93940020279646
65.66768770708907
66.04150156863268
66.62120173709572
66.86055131646692
66.9721086092309
67.10462758781684
67.27911695660893
67.17586380919674
67.19488632439591
67.01568229341497
66.73693063782454
66.97819586826397
66.83242863728438
66.66311715982441
66.66086943171749
66.37841139591697
66.53483526560207
66.56750918563839
66.71502415116322
66.512536945882
66.50723319850752
66.47208635294562
66.45399238368248
66.37231379121091
66.85039812674715
66.95646356149281
66.9159631511897
66.95838100868835
67.08157744316163
67.33358768109694
67.33807131930459
67.41190295103867
67.51906585194789
67.56344274752081
67.49612599946713
67.59504796777807
67.47049098428911
67.45594490678842
67.54848333432676
67.48455855027902
67.46741959246357
67.39284232406283
67.19824543614651
66.92639315955378
67.23832386055767
67.30102024208642
67.22953097863056
67.13116492900512
67.41496165911944
67.20088832951245
67.64392735085933
67.54473045930595
67.39060440986255
67.59040374701463
67.54724161214588
67.7549015192259
67.93288620930232
67.9212431569075
67.9479116903008
67.75916393899091
67.83311094487013
67.9275453292081
68.08522471981806
68.224177805142
68.0808383498626
68.14095896934404
67.91347981758278
68.0195592365637
67.93334410669421
67.96491106690794
68.03072909537336
68.04907514495191
68.30180002445557
68.23970748165115
68.33835654203568
68.4845136606497
68.61484542570841
68.6635968808783
68.87243336540949
69.0321489577202
68.9428942972202
68.94899518154858
68.71481050298857
68.90342473290147
68.95666011109054
68.90393120317486
68.76167603098527
68.62636500252839
68.6656195500901
68.715416022982
68.6151701820335
68.68682636065762
68.93340990532712
69.03788409804217
69.1162644307677
69.3007049073842
69.23377735756608
69.25700161207621
69.15783196892238
69.045661226041
69.06148940508267
69.15072034314065
68.9796023626151
69.00028462681863
68.97640111984629
69.11514655406425
69.27379351747025
69.1518242063519
69.14064049337387
68.92122209075042
68.80553861965655
68.85472142255608
68.72942539222397
69.10787083637526
69.20735537098588
69.13657643579218
69.0152812490542
69.08708675297194
69.03136455532814
68.94945459293096
69.00115055693685
68.78017467971169
68.73035536898934
68.88635790627436
69.07457897378474
69.02721865752886
69.09875186050756
69.15165941003609
69.16323629712063
69.15343773539867
69.16195756129119
69.1681206725482
68.98958287813812
68.89802347174287
68.92459654051589
69.37375633239071
69.40279437288109
69.55622506804603
69.43556056192296
69.44466492909737
69.54222659344146
69.44202759825946
69.36853592846448
69.46960400140682
69.70028881019103
69.7411717831156
69.81437047989468
69.86089019066198
69.67539566513767
69.70947844059694
69.56675173266495
69.524029427594
69.36434138916512
69.229659318761
69.23311913402134
69.38101461563238
69.60672694804684
69.60717848893947
69.78106076719031
69.78578425160632
69.69175483545911
69.77777724862422
69.57019288684745
69.92962000045254
69.97355200124086
69.85078326833984
70.04018010529528
69.92060370676765
69.97113045520588
69.9632094512531
69.68606310472359
69.85848752890008
69.99764790415718
69.86418842440962
69.90953356129943
69.93324838825394
69.77715681417541
69.75577508568486
69.70725574768102
69.76046072065463
69.64934834613133
69.96127668343343
69.92675001279488
69.93735056437369
69.79418211560211
69.87300636263072
69.92650131879542
70.0616101587802
69.82810578997268
69.78055032759138
69.84272837768886
69.8938209770826
69.7630129032534
69.71829073606656
69.4464035588797
68.52571827390872
68.6215355129469
68.85607843067534
68.73084145572706
68.64941015366698
68.84249983970108
69.03403923230692
69.25657383075547
69.17930241958437
69.23069478926539
