556070.0
537990.0
537990.0
530840.0
530840.0
530840.0
503720.0
503720.0
503720.0
487690.0
487690.0
487690.0
487690.0
487690.0
487690.0
487690.0
487690.0
448095.0
448095.0
441140.0
441140.0
441140.0
441140.0
441140.0
441140.0
441140.0
435775.0
435775.0
435775.0
435555.0
435555.0
433125.0
415020.0
414530.0
400165.0
400165.0
390500.0
385920.0
384320.0
384320.0
384320.0
384320.0
384320.0
383630.0
383630.0
383630.0
383630.0
376895.0
376895.0
376895.0
376895.0
376895.0
376895.0
376895.0
376895.0
376895.0
376895.0
376895.0
376895.0
376895.0
376895.0
376895.0
376895.0
371985.0
369200.0
369200.0
369200.0
369200.0
369200.0
362220.0
362220.0
362220.0
362220.0
362220.0
362220.0
362220.0
362220.0
362220.0
358920.0
358510.0
356915.0
356915.0
355205.0
355205.0
355205.0
355205.0
355205.0
355205.0
355205.0
355205.0
355205.0
355205.0
355205.0
355205.0
355205.0
355205.0
355205.0
355205.0
355205.0
355205.0
355205.0
355205.0
355205.0
355205.0
355205.0
355205.0
355205.0
355205.0
355205.0
355205.0
355205.0
355205.0
355200.0
355200.0
355200.0
355200.0
350240.0
350240.0
350240.0
347595.0
347595.0
347595.0
347595.0
347595.0
347595.0
347595.0
347595.0
347595.0
347595.0
348505.0
347615.0
347615.0
347615.0
347615.0
347615.0
347615.0
347615.0
347615.0
347615.0
347615.0
347615.0
347615.0
347615.0
347615.0
347615.0
347615.0
347615.0
347615.0
347615.0
346545.0
346545.0
346545.0
346545.0
346545.0
346545.0
346545.0
345630.0
345630.0
345630.0
345630.0
345630.0
345630.0
345630.0
345630.0
345630.0
345630.0
345630.0
345630.0
345630.0
345630.0
345630.0
345630.0
345630.0
345630.0
345630.0
343175.0
343175.0
343175.0
343175.0
343175.0
343175.0
343175.0
343175.0
343175.0
343175.0
343175.0
343175.0
343175.0
343175.0
343175.0
343175.0
343175.0
343175.0
343175.0
343175.0
343175.0
343175.0
343175.0
343175.0
343175.0
343175.0
343175.0
343175.0
343175.0
343175.0
343175.0
343175.0
343175.0
343175.0
343175.0
343175.0
343175.0
343175.0
343175.0
338980.0
338980.0
338980.0
338980.0
338980.0
338980.0
338980.0
338980.0
338980.0
343175.0
343175.0
340820.0
340820.0
340820.0
340820.0
340820.0
340820.0
340820.0
340820.0
340820.0
340820.0
340820.0
340820.0
340820.0
340820.0
340820.0
340820.0
340820.0
340820.0
340820.0
340820.0
340820.0
340820.0
340820.0
340320.0
340320.0
340320.0
340320.0
340320.0
340320.0
340320.0
336450.0
336450.0
336450.0
336450.0
336450.0
336450.0
336450.0
336450.0
336450.0
336450.0
336450.0
336450.0
334060.0
334060.0
334060.0
334060.0
334060.0
334060.0
334060.0
334060.0
334060.0
334060.0
333075.0
333075.0
333075.0
333075.0
333075.0
333075.0
333075.0
333075.0
333075.0
333075.0
333075.0
333075.0
333075.0
333075.0
333075.0
333075.0
333075.0
331765.0
331765.0
331765.0
331765.0
331765.0
331765.0
331765.0
331765.0
331765.0
331765.0
331765.0
331765.0
331765.0
331765.0
330610.0
330610.0
330610.0
330610.0
330610.0
330610.0
330610.0
330610.0
330610.0
330610.0
330610.0
330610.0
330610.0
330610.0
330610.0
330610.0
330610.0
330610.0
330610.0
330610.0
330610.0
326025.0
326025.0
326025.0
326025.0
326025.0
326025.0
326025.0
326025.0
326025.0
326025.0
326025.0
326025.0
326025.0
326025.0
326025.0
326025.0
326025.0
326025.0
326025.0
326025.0
326025.0
326025.0
326025.0
326025.0
326025.0
326025.0
326025.0
326025.0
326025.0
326025.0
326025.0
326025.0
326025.0
326025.0
326025.0
326025.0
326025.0
326025.0
326025.0
326025.0
326025.0
326025.0
326025.0
326025.0
326025.0
326025.0
326025.0
326025.0
326025.0
326025.0
326025.0
326025.0
326025.0
326025.0
326025.0
326025.0
326025.0
326025.0
326025.0
326025.0
326025.0
326025.0
326025.0
326025.0
326025.0
326025.0
326025.0
326025.0
326025.0
326025.0
326025.0
326025.0
326025.0
326025.0
326025.0
326025.0
326025.0
326025.0
326025.0
326025.0
326025.0
326025.0
326025.0
326025.0
326025.0
326025.0
326025.0
326025.0
326025.0
326025.0
326025.0
326025.0
326025.0
326025.0
326025.0
326025.0
326025.0
325850.0
325850.0
325850.0
325850.0
325850.0
325820.0
325820.0
325820.0
325820.0
325820.0
325820.0
325820.0
325820.0
324750.0
322470.0
322390.0
322390.0
322390.0
322390.0
322390.0
322390.0
322390.0
322390.0
322390.0
322390.0
322390.0
322390.0
322390.0
322390.0
322390.0
322390.0
322390.0
322390.0
322390.0
322390.0
320490.0
320490.0
320490.0
320490.0
320490.0
320490.0
320490.0
320490.0
320490.0
320490.0
319680.0
319680.0
319680.0
319680.0
319680.0
319680.0
319680.0
319680.0
319680.0
319680.0
319680.0
319680.0
319680.0
319680.0
319680.0
319680.0
319680.0
319680.0
319680.0
319680.0
319680.0
319680.0
319680.0
319680.0
319680.0
319680.0
319680.0
319680.0
319680.0
