798193.375
615340.125
584766.75
572650.9375
561614.1875
559566.4375
519891.375
520273.5625
519827.9375
515326.125
512592.0625
505533.8125
503274.1875
503306.0625
503165.875
501360.4375
502020.6875
492518.5625
489213.875
484561.3125
487259.9375
486415.75
486334.75
486826.8125
487869.375
487862.625
481322.0
481595.75
481595.75
479069.0625
479642.625
476665.0625
467664.5625
464577.75
446039.8125
442291.125
419793.0
412735.1875
390984.375
407422.8125
404951.25
398798.6875
397955.1875
397163.625
396533.125
395724.3125
395724.3125
393541.1875
393541.1875
391882.9375
391727.0
399750.3125
395536.8125
395475.1875
395475.1875
395104.5625
395104.5625
388451.5625
388451.5625
388325.0
388325.0
384093.8125
384368.8125
376441.25
373943.0625
373736.5625
375106.0625
376236.75
375763.0
372713.9375
371461.75
371465.875
368259.375
368259.375
370817.125
369531.0
368854.9375
366878.1875
360337.25
359722.0
358057.75
357067.0
356679.375
356298.625
356950.4375
356950.4375
357178.4375
357178.4375
359866.0625
359940.125
359765.125
359765.125
359765.125
359765.125
359765.125
359765.125
358734.9375
358734.9375
358734.9375
358734.9375
358971.0625
359040.9375
359040.9375
360384.8125
360384.8125
360384.8125
360386.0625
357792.0625
357792.0625
357777.4375
357777.4375
355978.0625
356505.75
356528.75
356463.1875
356398.875
354957.6875
354957.6875
354806.4375
354516.9375
354316.25
354139.1875
354081.0625
354081.0625
354081.0625
353694.5625
353694.5625
353694.5625
353643.625
355278.375
355245.0
355297.25
355432.625
355538.6875
355538.6875
355538.6875
355538.6875
355463.625
355463.625
355611.9375
355611.9375
355621.0
355621.0
355621.0
355621.0
355621.0
355621.0
355811.3125
355811.3125
355763.3125
355763.3125
355763.3125
355728.8125
355383.5625
353656.875
352211.6875
352200.25
351834.125
351235.25
351235.25
350721.3125
350280.625
350280.625
350111.375
350111.375
350111.375
350111.375
350111.375
351508.6875
351945.1875
350805.0
350805.0
350805.0
350805.0
351031.1875
350958.375
350636.1875
350636.1875
350636.1875
350567.375
350567.375
350217.75
350529.0
350750.3125
350778.5625
350791.375
350357.75
350357.75
350325.25
350325.25
350313.5
350250.5
350233.1875
350176.5625
350176.5625
349931.625
349017.75
348877.75
348877.75
348847.8125
348847.8125
348847.8125
348847.8125
348858.3125
348639.4375
348626.4375
348626.4375
348629.3125
348627.0625
348627.0625
348611.125
348527.5
348527.5
348527.5
347660.9375
346827.5625
346738.75
346738.75
346738.75
346375.1875
346302.625
346302.625
346295.3125
347333.0625
347361.1875
347015.625
347015.625
346440.75
346341.5625
346341.5625
346341.5625
346341.5625
346341.5625
346301.75
345626.0
345486.0
345486.0
345486.0
345486.0
345486.0
345486.0
345486.0
344343.5
344343.5
344324.0
344271.4375
344171.625
344171.625
343967.5625
343967.5625
343995.125
343995.125
343995.125
343995.125
343644.3125
343507.0625
343507.0625
343432.375
342698.75
342698.75
342698.75
342698.75
342474.875
342405.375
342405.375
342405.375
342405.375
342375.5
342375.5
342375.5
342188.1875
342188.1875
342182.25
342182.25
342182.25
342182.25
342174.9375
342042.875
342041.4375
342041.4375
342046.9375
342046.9375
341505.3125
341505.3125
341476.8125
341283.8125
341283.8125
341283.8125
341283.8125
341283.8125
341322.25
341322.25
341322.25
341322.25
341251.0625
341221.125
341221.125
340961.0
340563.375
340555.125
340555.125
340474.0
340474.0
340408.0625
340408.0625
340368.875
340368.875
339996.625
339982.1875
339851.9375
339851.9375
339466.75
339449.5
339107.625
338947.9375
338947.9375
338947.9375
338893.0625
338893.0625
338596.9375
338596.9375
338487.375
338487.375
338487.375
338565.625
338505.125
338505.125
338505.125
338505.125
338013.8125
337236.125
337236.125
337184.0
337129.625
337254.75
337286.0
337248.125
337239.125
337239.125
337239.125
336813.375
336900.75
336900.75
336900.75
336900.75
336900.75
336900.75
336485.625
336466.25
336466.25
336466.25
335528.125
335386.25
335385.75
335385.75
335385.75
335385.75
335385.75
335385.75
335385.75
335385.75
335385.75
335385.75
335385.75
335384.8125
335384.8125
333517.25
333483.25
333438.875
331528.8125
331528.8125
331507.625
331507.625
331062.5625
331056.8125
331056.8125
331056.8125
331056.8125
331056.8125
331056.8125
331056.8125
332167.9375
332138.9375
332643.1875
332499.6875
332499.6875
332587.1875
332587.1875
332587.1875
332587.1875
332587.1875
332587.1875
332676.6875
332676.6875
332676.6875
332147.625
332147.625
332147.625
332147.625
332131.0625
332140.5
332140.5
332156.875
330420.3125
330420.3125
329275.8125
329155.0625
328362.0625
328362.0625
329160.125
328954.5
328954.5
328954.5
329111.5625
328209.4375
328625.0
328625.0
328625.0
328625.0
328533.0
328533.0
328533.0
328533.0
328412.375
328412.375
328063.0
327048.875
327048.875
327048.875
327071.5
327138.4375
327130.1875
327130.1875
327130.1875
327130.1875
327130.1875
327130.1875
327130.1875
327854.0
326738.125
323147.6875
322513.9375
322513.9375
323358.6875
324484.375
324346.5
324540.75
324540.75
324540.75
324540.75
324570.375
324589.75
324253.8125
324253.8125
324253.8125
324154.4375
324154.4375
324154.4375
324154.4375
324154.4375
324154.4375
324121.3125
324121.3125
324121.3125
324214.75
324214.75
324051.4375
323619.5625
323104.125
323176.125
323176.125
323166.0
323166.0
323166.0
323166.0
323166.0
323166.0
323166.0
323162.8125
323162.8125
323162.8125
323162.8125
323162.8125
322774.0625
322774.0625
322774.0625
322629.6875
322629.6875
322629.6875
322629.6875
322629.6875
322575.9375
322575.9375
322575.9375
322575.9375
322454.5
322454.5
322144.3125
322144.3125
322144.3125
