950965.0
873470.0
675210.0
635275.0
599960.0
576460.0
551140.0
524620.0
524620.0
524620.0
524620.0
524620.0
524620.0
524620.0
524620.0
524620.0
518120.0
518120.0
518120.0
518120.0
518120.0
518120.0
518120.0
518120.0
518120.0
518120.0
518120.0
518120.0
518120.0
518120.0
518120.0
518120.0
518120.0
518120.0
518120.0
518120.0
518120.0
518120.0
436690.0
419130.0
427275.0
427275.0
427275.0
414500.0
412510.0
399955.0
399955.0
400195.0
400195.0
400195.0
404760.0
427465.0
427465.0
427465.0
427465.0
427465.0
427465.0
395405.0
395405.0
397345.0
397345.0
397345.0
397345.0
399495.0
380805.0
380805.0
380405.0
380405.0
380405.0
380405.0
376915.0
376915.0
376915.0
376915.0
376915.0
374870.0
374870.0
374870.0
366525.0
364115.0
365405.0
357555.0
357555.0
357240.0
357495.0
357495.0
357595.0
357595.0
361345.0
363420.0
363420.0
363420.0
363420.0
363420.0
363420.0
363420.0
361345.0
361345.0
361345.0
361345.0
359955.0
360055.0
360055.0
363590.0
363590.0
363590.0
363590.0
363590.0
363590.0
363590.0
363590.0
358695.0
357040.0
357040.0
357040.0
357040.0
357040.0
357040.0
357040.0
356980.0
356980.0
356980.0
356980.0
356980.0
356980.0
356980.0
356980.0
356980.0
356980.0
363155.0
363155.0
363155.0
363155.0
363155.0
363155.0
363155.0
363155.0
363155.0
363155.0
363155.0
363155.0
363155.0
363155.0
363155.0
363155.0
363155.0
363155.0
363155.0
363155.0
363155.0
363155.0
363155.0
363155.0
363155.0
363155.0
363155.0
363155.0
363155.0
357445.0
357445.0
357445.0
357445.0
357445.0
357445.0
357445.0
357445.0
357445.0
357445.0
357445.0
357445.0
357445.0
357445.0
357445.0
357445.0
357445.0
357445.0
352515.0
352515.0
352515.0
352515.0
352515.0
352515.0
353105.0
353105.0
353105.0
353105.0
353105.0
353105.0
353105.0
353105.0
353105.0
353105.0
353105.0
353105.0
353105.0
353105.0
352820.0
352820.0
352820.0
350085.0
350085.0
350085.0
350085.0
350085.0
350085.0
350875.0
350875.0
350085.0
350085.0
350085.0
350085.0
350085.0
350085.0
350085.0
350085.0
350085.0
350085.0
350085.0
350085.0
350085.0
350085.0
350085.0
350085.0
349505.0
349505.0
349505.0
349505.0
349505.0
349505.0
349505.0
349505.0
349505.0
349505.0
349505.0
349505.0
349505.0
349505.0
349505.0
349505.0
349505.0
349505.0
349505.0
349505.0
349505.0
349505.0
349505.0
349505.0
349505.0
349505.0
349505.0
349505.0
349505.0
349505.0
349505.0
349505.0
349505.0
349505.0
349505.0
349505.0
349505.0
349505.0
349505.0
349505.0
349505.0
349505.0
349505.0
349505.0
349505.0
349505.0
349505.0
349505.0
349505.0
349505.0
349505.0
349505.0
349505.0
349505.0
349505.0
349505.0
349505.0
349505.0
349505.0
349505.0
349505.0
349505.0
349505.0
349505.0
349505.0
349505.0
349505.0
349505.0
349505.0
349505.0
349505.0
349505.0
349505.0
349505.0
349505.0
349505.0
349505.0
349505.0
349505.0
349505.0
349505.0
349505.0
349505.0
349505.0
349505.0
349505.0
349505.0
349505.0
349505.0
349505.0
349505.0
349505.0
349505.0
349505.0
349505.0
349505.0
349505.0
349505.0
349505.0
349505.0
349505.0
349505.0
349505.0
349505.0
349505.0
349505.0
349505.0
349505.0
349505.0
345375.0
345375.0
345375.0
345375.0
345375.0
345375.0
345375.0
345375.0
345375.0
345375.0
345375.0
345375.0
345375.0
345375.0
345375.0
345375.0
345375.0
345375.0
345375.0
345375.0
345375.0
345375.0
345375.0
345375.0
345375.0
345375.0
345375.0
345375.0
345375.0
345375.0
345375.0
345375.0
345375.0
345375.0
345375.0
345375.0
345375.0
345375.0
345375.0
345375.0
345375.0
337530.0
337530.0
337530.0
337530.0
337530.0
337530.0
337530.0
337530.0
335150.0
335150.0
336450.0
336450.0
336450.0
336450.0
336450.0
336450.0
336450.0
336450.0
336450.0
336450.0
336450.0
336450.0
336450.0
336450.0
336450.0
336450.0
336450.0
336450.0
336450.0
336450.0
336450.0
336450.0
329985.0
329760.0
329760.0
329760.0
330295.0
330295.0
330295.0
330295.0
331555.0
330295.0
331860.0
331860.0
331860.0
331860.0
331860.0
331860.0
331860.0
331860.0
331860.0
331860.0
328325.0
328325.0
328325.0
328325.0
329025.0
334380.0
334380.0
334380.0
334380.0
334380.0
334380.0
334380.0
334380.0
330785.0
330785.0
330785.0
330785.0
330785.0
330785.0
327935.0
327935.0
327935.0
327935.0
327935.0
327935.0
327935.0
327935.0
326445.0
326445.0
326445.0
326445.0
326445.0
326445.0
326445.0
326445.0
326445.0
330590.0
330590.0
330590.0
330590.0
330590.0
326445.0
325075.0
323785.0
329545.0
329545.0
329545.0
329545.0
329545.0
329545.0
329545.0
329545.0
329545.0
329545.0
329545.0
329545.0
329545.0
329545.0
329545.0
329545.0
329545.0
329545.0
329545.0
329545.0
329545.0
329545.0
329545.0
329545.0
329545.0
329545.0
329545.0
329545.0
329545.0
329545.0
329545.0
