1015031.0
1091571.0
1341748.0
1184900.0
1197746.0
1197746.0
1197746.0
1197746.0
1099955.0
1099955.0
1059504.0
1059504.0
978715.0
978715.0
971711.0
962616.0
1048186.0
1048186.0
1048186.0
1034013.0
1034013.0
1034013.0
1034013.0
1034013.0
1034013.0
1034013.0
1034013.0
926835.0
926835.0
926835.0
926835.0
926835.0
926835.0
1006968.0
926835.0
926835.0
926835.0
926835.0
926835.0
926835.0
926835.0
904051.0
904051.0
847147.0
847147.0
847147.0
867068.0
867068.0
867068.0
867068.0
867068.0
867068.0
867068.0
867068.0
876747.0
876747.0
876747.0
876747.0
876747.0
876747.0
876747.0
876747.0
876747.0
876747.0
876747.0
876747.0
876747.0
876747.0
876747.0
876747.0
876747.0
876747.0
876747.0
876747.0
876747.0
876747.0
876747.0
876747.0
876747.0
876747.0
876747.0
876747.0
876747.0
876747.0
876747.0
876747.0
876747.0
876747.0
876747.0
876747.0
876747.0
876747.0
876747.0
876747.0
876747.0
876747.0
876747.0
876747.0
876747.0
838021.0
838021.0
838021.0
838021.0
838021.0
838021.0
838021.0
838021.0
838021.0
838021.0
838021.0
838021.0
838021.0
838021.0
838021.0
838021.0
838021.0
838021.0
838021.0
838021.0
838021.0
838021.0
838021.0
838021.0
838021.0
838021.0
838021.0
838021.0
838021.0
838021.0
838021.0
838021.0
838021.0
838021.0
915340.0
915340.0
854361.0
877147.0
877147.0
877147.0
886252.0
886252.0
886252.0
886252.0
886252.0
886252.0
886252.0
886252.0
886252.0
886252.0
886252.0
886252.0
886252.0
886252.0
886252.0
886252.0
886252.0
886252.0
886252.0
877147.0
877147.0
854361.0
854361.0
854361.0
854361.0
854361.0
854361.0
854361.0
854361.0
854361.0
854361.0
854361.0
854361.0
897404.0
897404.0
897404.0
897404.0
897404.0
897404.0
897404.0
897404.0
897404.0
897404.0
897404.0
897404.0
897404.0
897404.0
897404.0
897404.0
911274.0
911274.0
911274.0
911274.0
911274.0
911274.0
911274.0
911274.0
911274.0
911274.0
911274.0
911274.0
911274.0
854361.0
854361.0
854361.0
854361.0
854361.0
854361.0
854361.0
854361.0
854361.0
854361.0
854361.0
854361.0
854361.0
854361.0
854361.0
809631.0
809631.0
809631.0
809631.0
895614.0
866829.0
866829.0
866829.0
866829.0
866829.0
866829.0
809631.0
809631.0
814862.0
814862.0
814862.0
814862.0
814862.0
814862.0
814862.0
814862.0
814862.0
814862.0
814862.0
814862.0
814862.0
814862.0
814862.0
814862.0
814862.0
814862.0
814862.0
814862.0
814862.0
814862.0
814862.0
814862.0
814862.0
814862.0
814862.0
814862.0
814862.0
814862.0
814862.0
814862.0
814862.0
814862.0
814862.0
814862.0
814862.0
814862.0
814862.0
814862.0
814862.0
814862.0
862368.0
814862.0
814862.0
814862.0
814862.0
814862.0
814862.0
888623.0
888623.0
888623.0
814862.0
814862.0
814862.0
814862.0
814862.0
814862.0
814862.0
814862.0
814862.0
814862.0
814862.0
814862.0
814862.0
814862.0
814862.0
814862.0
814862.0
788618.0
788618.0
788618.0
788618.0
788618.0
788618.0
788618.0
788618.0
788618.0
860744.0
860744.0
860744.0
860744.0
860744.0
860744.0
860744.0
860744.0
860744.0
860744.0
860744.0
860744.0
860744.0
860744.0
860744.0
860744.0
860744.0
860744.0
860744.0
860744.0
860744.0
860744.0
860744.0
860744.0
860744.0
860744.0
860744.0
860744.0
860744.0
860744.0
860744.0
860744.0
860744.0
860744.0
860744.0
860744.0
860744.0
860744.0
860744.0
827452.0
827452.0
827452.0
827452.0
827452.0
827452.0
827452.0
827452.0
827452.0
827452.0
827452.0
827452.0
827452.0
827452.0
827452.0
827452.0
827452.0
827452.0
827452.0
827452.0
827452.0
827452.0
827452.0
827452.0
827452.0
827452.0
827452.0
827452.0
827452.0
827452.0
827452.0
827452.0
827452.0
780651.0
780651.0
780651.0
780651.0
780651.0
780651.0
780651.0
780651.0
780651.0
780651.0
776600.0
776600.0
776600.0
776600.0
776600.0
776600.0
776600.0
776600.0
776600.0
776600.0
776600.0
776600.0
776600.0
776600.0
763700.0
763700.0
763700.0
763700.0
763700.0
763700.0
763700.0
770600.0
770600.0
770600.0
763700.0
763700.0
763700.0
763700.0
763700.0
763700.0
763700.0
763700.0
763700.0
763700.0
763700.0
763700.0
763700.0
763700.0
763700.0
763700.0
763700.0
763700.0
763700.0
763700.0
766935.0
766935.0
766935.0
766935.0
766935.0
766935.0
766935.0
799169.0
766935.0
766935.0
766935.0
766935.0
766935.0
766935.0
766935.0
766935.0
766935.0
766935.0
766935.0
766935.0
766935.0
766935.0
766935.0
766935.0
766935.0
766935.0
766935.0
766935.0
766935.0
766935.0
766935.0
766935.0
766935.0
766935.0
766935.0
792837.0
792837.0
792837.0
792837.0
792837.0
792837.0
792837.0
792837.0
792837.0
792837.0
792837.0
792837.0
792837.0
792837.0
792837.0
792837.0
792837.0
792837.0
792837.0
792837.0
792837.0
792837.0
847940.0
792837.0
792837.0
792837.0
792837.0
792837.0
792837.0
792837.0
792837.0
833648.0
