47.43936314077419
48.92586779514061
50.60399480523409
51.19655631395334
50.834156824084076
50.90941693360372
51.31747715033073
51.941009150680465
52.2733982931068
53.299793747253716
54.059391032724115
53.66638803785342
53.86986049736187
53.69040962420646
54.23693492501788
54.767482366103
54.90996862982458
54.6667285890023
54.96263380576703
55.81275632650248
56.01779165587753
56.08768850930975
55.73217635646623
56.39900243536107
56.22424172792323
56.161584713731216
55.99741942374108
56.6473483516505
56.73299468351901
56.542156404213
56.25994118379039
56.203709550938335
55.88222913136313
56.011767402240466
55.93117192433533
55.96358786038727
56.231196856012545
56.12231446674163
56.08119793898228
56.425587814845436
56.403175320792364
56.68656751599808
57.05812122965885
57.341442164680736
56.989365165271614
56.94581413043593
56.74586423159669
56.53517273998559
56.81593903032375
56.6269669452076
57.11360165371242
57.055784945086316
56.825748883004906
56.933065569685425
57.04891427903126
57.113485158518095
57.18502693495545
58.02272194746079
58.118495528755524
58.13975800563736
58.30874917934515
57.99128181637705
57.77724162030061
57.396913441923815
57.702505660597375
57.47503876804497
57.23808773704759
56.96789678936417
57.273581371674354
57.254480902740866
57.83394211304845
57.72132392681283
58.25647238253445
58.068276001050876
57.986760197711895
57.959239094557816
58.05807329272612
57.80027362180384
57.81945154282274
58.15438519131283
58.15438519131283
58.256472538481844
58.27096217647336
58.276570019378916
58.28791689645578
58.213373471356235
58.21363890211968
58.061364256811785
58.01810686709647
58.019824626016636
58.049409258939555
58.19902751859869
58.363742956397914
58.38758635188769
58.40086220474207
58.17448713340322
58.20260190041671
58.698602517562925
58.93372553678828
58.95232772703963
58.94756236953956
58.94756236953957
58.94756236953957
58.94913926711787
58.98590669013642
58.98590669013642
59.011356063210044
59.10672552313055
59.1061250703061
59.37884339524241
59.63026187944242
59.66034649936853
59.957831319192806
59.863257791688724
59.932802977809786
59.90590379129194
60.11831310563057
60.148141511542555
60.26707724344294
60.26707724344294
60.267166855167716
60.31170366406009
60.31281246549069
60.31080378055667
60.3828253045369
60.36006824478964
60.50708799659078
60.44431887850336
60.44431887850336
60.44431887850336
60.50834405990092
60.75219631291759
60.916579856287434
61.18810599561484
61.205083725314395
61.256867028225734
61.201183053889636
61.28024536383587
61.28404141723922
61.28672941817327
61.1499039625514
61.01864318151405
61.17455821972955
61.04935499808543
61.06646390488281
61.06646390488281
60.963436845392835
61.147531055811214
61.12136869978292
60.781476924303774
60.97677735788511
61.02007719281771
61.196314725662354
61.374153106383005
61.31255275308264
61.54633998817343
61.79726420098079
61.804889229919624
61.858208777240726
62.030865744428354
62.06575934096371
62.2488219329911
62.37381074736705
62.46388054724881
62.385458135133284
62.36739874841019
62.38312128586115
62.324391461446034
62.412359386439604
62.306712241165165
62.372754166199286
62.579068566125514
62.51072454145778
62.276660822131404
62.355535131308486
62.34837180087139
62.42427601675663
62.432441977443816
62.34799213665127
62.354577984281
62.531123544514415
62.389520642525476
62.6643862055854
62.90838699287826
62.913408295498165
62.83203299154881
62.755782791923195
63.097201017795065
63.46972241617315
63.228919351056824
63.201963580183666
63.3198342558414
63.217823848371594
63.24229729910007
63.155029117216614
63.35295734436986
63.44962923859522
63.82916570664141
63.50240369059704
63.53184077137964
63.587455210881785
63.603334019628946
63.720070830431254
63.87609770407431
63.96436726315453
63.90487990503651
64.03947213108856
63.927222095327465
64.06430342621475
64.09529099758194
64.12014078722041
63.995319760756885
64.01035360283622
64.03350200966133
64.09248852070165
64.14537706730837
64.1167009315927
64.23284682379746
64.38204619460734
64.38915512910566
64.6587286604391
64.7602276972581
64.78680353021998
64.83166746385197
64.77698511968235
64.80341671166515
64.91555560575233
65.10079331450109
65.01817766834118
65.11253544945626
65.11030203675969
65.15982948826179
65.24742341117769
65.1961954951554
65.25954527450105
65.27517477339966
65.20968425548776
65.18838123387948
65.1939784942546
65.09353272882846
65.08495035035278
65.08572379188095
65.08572379188095
65.21017417117613
65.17464914244849
65.2149400665937
65.2383283476515
65.35278087940445
65.25583099633054
65.41687104837011
65.35496896814317
65.4812725186111
65.51319900405619
65.1679068197962
65.17697126103619
65.35403645730574
65.35403645730574
65.13806905116255
65.44470171490732
65.44470171490732
65.44470171490732
65.51533648414596
65.51341328858334
65.31756011378711
65.68195161220196
65.56390370978454
65.85395878724441
65.94850435770462
65.92160689325453
65.98023608774302
65.85498050937375
65.87671386842112
65.99011287929696
66.00210011208334
66.0871213425933
66.26097912932254
66.15240036876061
66.12705257841071
66.30873531060602
66.21807035559443
66.28640504652529
66.68043576405859
66.83535966024775
66.86872989055846
66.88189305886822
66.85132037298085
66.74210121699244
66.80190144747625
66.6340188156552
66.79051261552736
66.8843725845269
66.87066882766604
67.11826686653924
66.97934143963376
66.98217694090037
66.98471061377171
66.98471061377171
66.80344890024904
66.85275440253989
66.91279634115656
66.79452948950947
66.81164333831651
67.04058558833229
67.1700622259697
67.21668665816286
67.3432202436003
67.3432202436003
67.50403499181633
67.31970071080781
67.44120057680563
67.54675628089493
67.74633164249194
67.78173407391918
67.78292369107852
67.78596731748235
67.69126298337802
67.69126298337802
67.69126298337802
67.77042726307032
67.83759557228392
67.58514854648716
67.58514854648716
67.60451970510356
67.626662134299
67.626662134299
67.626662134299
67.66452848193526
67.66452848193526
67.66452848193526
67.78264993453399
67.76377071519273
67.85137547029663
67.87554243650054
67.85068525574722
67.85068525574722
67.85068525574722
67.85176290264738
67.67660016548513
67.58332669858972
67.71035629067943
67.70590121522667
67.56055545774214
67.57250413395084
67.62168651212662
67.62168651212662
67.62168651212662
67.55183631629203
67.55183631629203
67.60110563171388
67.60791280429632
67.61111260439617
67.4870400045864
67.49277628186441
67.36706145044253
67.35536282562954
67.25917438956779
67.1578875192759
67.1578875192759
67.21305981965975
67.21305981965975
67.21305981965975
67.21926042023735
67.2570752756957
67.2838611372032
67.08274073127266
67.25637067895825
67.52551113503691
67.52707714221133
67.50175877786093
67.49294711956094
67.35190769580927
67.36115427465563
67.36115427465563
67.29492211830903
67.12150184383668
67.29577024281352
67.30533989320294
67.30533989320294
67.30533989320294
67.13936786135807
67.09834374944423
67.17543409466627
67.15502359563096
67.12619822301556
67.18928351091172
67.05567587049909
67.06571187165227
67.05612745884177
67.08200460889206
67.06634290818654
67.07243827540037
67.2097805401262
67.20132887201524
67.22877601255007
67.2699367769084
67.20984923630341
67.30230919747129
67.42880993996856
67.42880993996856
67.59222729963685
67.59222729963685
67.59222729963685
67.59222729963685
67.54957954187678
67.47616484145892
67.47616484145894
67.50086894378582
67.50086894378582
68.07458345612584
68.4942032081398
68.54209775121737
68.42534241702711
68.50431250375445
68.72124295115427
68.66396221108681
68.73816944889145
68.73816944889145
68.74065400556754
68.74065400556754
68.74065400556754
68.81797956453477
68.82286778871611
68.86289053042715
68.86289053042715
68.89633545395202
68.95193822130192
68.97948866538093
68.97948866538093
68.83447266953105
68.8179891105717
68.80682834034324
68.90819173424707
68.93639077604948
68.97157668521092
68.956781530274
69.08814003876805
69.03486833145139
69.07909978922096
69.07909978922095
69.10288545644153
69.4066314729711
69.3754556839256
69.4616831721718
69.50349015929534
69.50349015929534
69.50758356018025
69.51076198728114
69.58287683955521
69.67363549475735
69.67363549475735
69.63570194152237
69.63570194152237
69.63740881110502
69.71139505801776
69.70469224004287
69.6491007068875
69.67724372637448
69.69085294670991
69.70269103380332
69.67677029415607
69.64250094997935
69.68335882029459
69.7543780478859
69.83274274343398
69.83274274343398
69.83274274343398
69.77856590022643
69.77856590022643
69.83426974346145
69.85132354838649
69.85132354838649
69.85132354838649
69.8499288659899
69.84387563649415
69.85821516698356
69.66438900205294
69.5568817539618
69.5628254602008
69.64307380930248
69.64481494494757
69.64481494494757
69.59035292749822
69.59971120231128
69.60251762773113
69.60251762773113
69.57300606057687
69.57300606057687
69.61251641336767
69.5475851027394
69.5475851027394
69.33249224990486
69.64716867434007
69.60072477504113
69.56450225728737
69.64362509203629
69.62028988169563
69.59968144187792
69.59968144187792
69.59968144187792
69.6991743936587
