40.13931924931315
41.21497337540062
39.647031640752424
41.25316439910712
41.579245733381065
41.57566535386084
41.33804032181282
41.57566535386084
41.68978995106815
41.162100323973775
44.05894990719607
44.05894990719607
43.9530244057673
43.9530244057673
43.76631457536575
43.21564365538171
44.05894990719607
44.659252523839505
43.437648903303156
45.14532660361334
45.14532660361334
45.720772138091974
45.720772138091974
45.720772138091974
45.720772138091974
45.720772138091974
44.73201471760259
44.73201471760259
43.513358502168515
44.73201471760259
44.73201471760259
44.73201471760259
46.15389441029831
46.657982033000536
43.602897330667524
42.83062320963803
42.83062320963803
42.141558897016985
42.141558897016985
41.537169725263304
42.141558897016985
42.141558897016985
42.789537578633706
42.92426143212064
43.205691973451394
43.274326716879266
45.554824379729304
46.88257974283213
47.21116927340116
47.21116927340116
47.21116927340116
47.298359865694785
47.298359865694785
47.298359865694785
47.298359865694785
47.298359865694785
47.56055558131372
48.95931731887256
48.95931731887256
48.95931731887256
48.95931731887256
48.95931731887256
48.95931731887256
48.95931731887256
48.95931731887256
49.14656186350727
49.14656186350727
49.2977790260184
48.07054526900924
48.07054526900924
49.44170651225754
49.44170651225754
49.44170651225754
48.58439688538619
49.321240621783666
49.321240621783666
49.321240621783666
49.321240621783666
49.321240621783666
49.347784762977945
49.347784762977945
49.38895840410514
49.415429509892405
49.415429509892405
49.44170651225754
47.656807096608574
48.75731612780923
49.44170651225754
48.923497600628096
48.923497600628096
49.49763072133276
49.49763072133276
49.49763072133276
49.49763072133276
49.49763072133276
49.69474237626577
44.46791831919467
44.46791831919467
49.69474237626577
49.69474237626577
49.69474237626577
49.77180601199111
49.77180601199111
49.77180601199111
49.77180601199111
49.77180601199111
49.775059809943954
49.80365898142424
49.90176041219408
49.95812995426237
49.95812995426237
49.964293848780606
49.964293848780606
49.964293848780606
50.03417775869472
50.03417775869472
50.03417775869472
50.03417775869472
50.04087591240876
50.07264920566767
50.07264920566767
50.07264920566767
50.07264920566767
50.134478316874194
51.36000056082497
51.36000056082497
51.36000056082497
51.493264454318044
51.55650984643948
51.55650984643948
51.55650984643948
51.55650984643948
51.55650984643948
51.55650984643948
51.681179810210004
51.681179810210004
51.681179810210004
51.681179810210004
51.738840563521876
52.382927529986354
52.382927529986354
50.70609741694034
52.11336397450187
52.382927529986354
52.382927529986354
52.382927529986354
52.6728236019886
52.6728236019886
52.6728236019886
52.7022172224843
52.7022172224843
52.79076096817505
52.79076096817505
52.79076096817505
52.79076096817505
52.79076096817505
52.79076096817505
52.833399862104
52.833399862104
52.833399862104
52.833399862104
52.833399862104
52.86224915629423
52.86224915629423
52.86224915629423
52.86224915629423
52.87603875603295
52.87603875603295
52.87603875603295
52.87603875603295
52.87603875603295
52.87603875603295
52.87603875603295
52.87603875603295
52.87603875603295
52.87603875603295
52.80356378773924
52.87603875603295
52.87603875603295
52.88982835577167
52.88982835577167
52.89200566099357
52.89200566099357
52.89200566099357
52.89200566099357
52.89200566099357
52.89200566099357
52.993343295747856
52.993343295747856
52.993343295747856
52.993343295747856
52.993343295747856
52.739924875629015
52.993343295747856
52.993343295747856
52.993343295747856
52.993343295747856
53.09206176697006
53.09206176697006
53.09206176697006
53.09206176697006
53.09206176697006
53.09206176697006
53.09206176697006
53.09206176697006
53.09206176697006
53.09206176697006
53.09206176697006
53.09206176697006
53.09206176697006
53.09206176697006
53.09206176697006
53.2338903228728
53.1360775256985
53.2338903228728
53.2338903228728
53.0787138206306
53.0787138206306
53.20707502587876
53.2338903228728
53.2338903228728
53.2338903228728
53.2338903228728
53.2338903228728
53.2338903228728
53.30902569373811
53.30902569373811
53.32264637956799
53.32264637956799
53.32264637956799
53.32264637956799
53.32264637956799
53.39078993239624
53.422270524838105
53.422270524838105
43.85110176568389
53.422270524838105
53.422270524838105
53.422270524838105
53.422270524838105
53.44002880417661
53.44002880417661
53.44002880417661
53.44002880417661
53.44002880417661
53.44002880417661
53.44002880417661
53.46087356553178
53.46087356553178
53.46087356553178
53.46087356553178
53.46087356553178
53.72160204128127
53.72160204128127
53.72160204128127
53.08035493258372
53.72160204128127
53.72160204128127
53.75167448854057
53.75167448854057
53.75167448854057
53.75167448854057
53.75167448854057
53.75167448854057
53.75167448854057
53.75167448854057
53.75167448854057
53.75167448854057
53.75167448854057
53.75167448854057
53.755319633662914
53.755319633662914
52.51019219569017
53.755319633662914
53.65690071535973
53.65690071535973
53.65690071535973
53.65690071535973
53.65690071535973
53.65690071535973
53.755319633662914
53.755319633662914
53.755319633662914
53.867411892563275
53.867411892563275
52.39444596854838
53.63922176151639
53.867411892563275
53.867411892563275
53.867411892563275
53.867411892563275
53.867411892563275
53.867411892563275
53.867411892563275
53.867411892563275
53.867411892563275
53.867411892563275
53.867411892563275
53.90294801111769
53.90294801111769
53.93210917209642
53.78502756640998
53.78502756640998
53.93210917209642
53.93210917209642
53.93210917209642
53.93210917209642
50.24213632249388
53.93210917209642
53.93210917209642
53.99205750583874
53.99205750583874
53.99205750583874
53.99205750583874
53.99205750583874
53.99205750583874
53.99205750583874
53.99205750583874
53.99205750583874
53.99205750583874
53.99205750583874
53.99205750583874
54.12074543217752
54.1684247056997
54.1684247056997
54.1684247056997
54.31334041144748
54.31334041144748
54.31334041144748
54.31334041144748
45.392998423235746
54.31334041144748
54.31334041144748
54.31334041144748
54.31334041144748
54.36725143625205
54.38959596427084
54.4192159948165
54.43661776276207
53.01473496569956
53.01473496569956
53.0677953838362
54.34516591845235
54.34516591845235
54.34516591845235
54.34516591845235
54.34516591845235
54.34516591845235
54.34516591845235
54.43661776276207
54.43661776276207
51.66378014365215
54.43661776276207
54.43661776276207
54.43661776276207
54.43661776276207
54.445133521543944
54.445133521543944
54.445133521543944
54.445133521543944
54.445133521543944
53.75343121902691
53.75343121902691
53.75343121902691
53.960014184034186
54.45438978108945
54.45438978108945
54.45438978108945
54.48123293377146
54.48123293377146
54.523811727680844
54.523811727680844
54.524737353635395
53.59529339466622
54.524737353635395
54.54880362845375
54.54880362845375
54.54880362845375
54.54880362845375
54.62100245290878
55.150141621888245
55.15387834717168
55.15387834717168
55.15387834717168
55.15387834717168
55.15854925377596
55.15854925377596
55.15854925377596
55.15854925377596
55.15854925377596
55.15854925377596
55.15854925377596
53.290318110879355
53.290318110879355
55.15854925377596
55.15854925377596
55.15854925377596
55.15854925377596
55.26654061446712
55.26654061446712
55.2863452584693
55.33697788605978
55.33697788605978
55.33697788605978
55.33697788605978
55.33697788605978
55.33697788605978
55.33697788605978
55.38574215100854
55.38574215100854
55.38574215100854
55.38574215100854
55.38574215100854
55.38574215100854
55.38574215100854
55.38574215100854
55.38574215100854
55.38574215100854
55.417877988446044
55.417877988446044
55.417877988446044
55.417877988446044
55.417877988446044
55.426285620333765
55.426285620333765
55.426285620333765
55.426285620333765
55.426285620333765
55.426285620333765
55.426285620333765
55.426285620333765
55.426285620333765
55.426285620333765
55.426285620333765
55.426285620333765
55.426285620333765
55.426285620333765
55.426285620333765
55.426285620333765
55.426285620333765
55.426285620333765
52.13584090542082
55.426285620333765
53.92217283807397
55.426285620333765
55.426285620333765
55.426285620333765
55.426285620333765
55.426285620333765
55.507559395248386
54.18702847143054
55.507559395248386
55.507559395248386
55.507559395248386
55.507559395248386
55.507559395248386
55.507559395248386
55.507559395248386
55.507559395248386
55.507559395248386
55.14434969769892
55.507559395248386
55.44777179071349
55.507559395248386
55.507559395248386
55.507559395248386
55.507559395248386
55.507559395248386
55.507559395248386
55.507559395248386
55.52063793374038
55.52063793374038
55.52157211506124
55.52157211506124
55.52157211506124
55.52157211506124
55.615924428467856
55.76553377873163
55.76553377873163
55.76553377873163
55.76553377873163
55.79667312450704
55.79667312450704
44.135719729030434
54.31110387908045
54.31110387908045
54.31110387908045
55.63556896432773
55.79667312450704
55.79667312450704
55.79667312450704
55.79667312450704
55.83005002806271
55.83005002806271
55.854476700497294
55.854476700497294
55.854476700497294
55.854476700497294
55.854476700497294
55.854476700497294
