736706.85
691525.4875
644450.15
628512.4
585397.1875
530276.775
493716.1125
489099.4
483304.8625
463913.0125
459865.5875
458283.2375
424817.8125
405007.375
392078.7625
385712.725
405233.8875
379858.25
384158.2375
381072.4875
359712.1
317556.3875
301465.4125
297959.175
301530.425
294465.1125
273060.0375
242601.225
214186.4625
227410.625
221311.1625
232252.875
245522.275
250733.0
230183.4125
219238.8375
220128.2375
219177.2375
202597.7125
189533.35
201692.05
205110.15
214697.3625
211911.1375
239639.8625
247172.85
233187.7625
247435.9625
237775.65
234379.7375
244910.35
236588.4625
260930.75
269917.8
264549.2625
269769.0125
264204.0875
274351.425
258226.725
252693.5625
250035.8375
237026.425
230662.5
257354.825
256665.225
248426.3
229816.8
228934.45
232872.575
238619.5875
244965.6125
244293.15
260571.3125
265900.85
261533.45
253399.0375
255141.375
254418.3625
252728.75
248095.6875
244583.8375
239194.7875
248373.9625
252405.2
248653.8625
241936.775
232620.2875
242447.3375
235531.8375
231357.8125
227439.9625
217108.6375
222545.7
226081.15
243191.9
239044.35
244488.7625
244183.675
226460.8125
247751.6375
252601.45
252448.9
267121.8
269427.35
272677.7
286309.475
274145.3125
266510.25
263340.5875
256179.3375
241285.375
243756.9125
238240.3
230450.8875
213949.2
207145.775
199119.075
215005.3
217337.85
217783.425
203688.7125
199386.075
218763.3375
218856.075
244294.375
252828.625
250240.0125
245333.875
253527.0
253800.75
250549.675
239793.75
240807.5875
226600.2
219576.3
217952.8625
217213.8
220221.175
231135.3625
222492.6375
214512.1375
210646.7125
211587.6625
199352.525
192835.625
184643.275
174378.9
163182.125
176212.6
174427.05
188105.4375
191179.925
190922.65
192383.725
201739.3
204891.975
228489.6125
224254.15
218764.2125
214426.2375
218294.65
228364.6375
231497.3
230664.325
235855.55
239393.6875
233269.9375
231964.0625
231107.725
222545.9625
228359.525
220167.3125
223961.9125
223441.0625
219363.0625
218331.7
206571.3875
205944.6125
206424.4875
200686.95
198332.0875
205425.1625
198680.9
199422.0
188452.9
185770.125
187220.5375
187090.8375
183124.475
183472.375
185548.075
178756.6625
171424.5125
170793.2375
166226.9625
167867.1
180497.525
180425.075
198336.2375
202544.6125
209883.625
206700.6875
223815.6125
220860.0375
217783.3625
216046.7875
217877.2375
221122.2375
224854.7625
222614.1625
219290.1875
226844.475
236461.3
223685.1375
224622.7
223178.125
204341.9625
200307.6125
201721.55
197749.2875
206529.7
200888.8375
196911.4
198888.075
197861.725
201975.2
214489.2625
214901.85
209227.475
195111.2875
195705.4875
190348.8
182680.2375
188622.225
205350.2125
203808.625
205509.45
197905.6625
186165.7875
185640.7125
189258.25
189623.575
187884.05
176122.675
179821.9125
185706.5625
180560.125
170191.4625
173057.8375
167619.05
165789.8875
162472.1375
169338.0625
185565.8375
174743.9875
169053.0125
171249.9875
179279.05
184217.6375
194046.0125
201126.5375
215064.9875
218664.225
213740.45
213203.1875
209683.35
205336.025
197861.4125
200243.2125
208444.075
210393.0625
219291.575
208213.5875
206174.1125
213251.475
225884.45
225593.85
223539.85
218147.1375
211053.9
202915.7875
202606.6
200517.6125
211251.975
211539.1625
203301.7875
200936.9625
197917.15
200502.55
201705.4625
195535.4875
191366.0625
195096.3125
183051.1375
186240.35
183678.4625
187072.7875
187669.25
169065.5
160676.125
171796.225
158472.85
160298.7375
174607.125
187462.2125
198367.25
196195.9625
191186.0375
193548.5125
182629.1875
204019.7875
200369.1
201334.65
211277.8375
206898.275
215986.6375
215614.0
211638.55
221093.2875
220449.075
219876.6875
218791.8
221869.3125
219087.7125
223537.5125
221376.175
215115.3375
214149.2375
216184.5125
218510.225
206840.7625
209699.3
206465.725
209496.325
211048.9125
210949.0875
209632.0875
211798.85
210441.375
211764.9
212994.7625
217382.65
197870.175
197078.725
203557.65
206204.8125
212570.3375
200287.9875
187095.825
200142.55
200538.0875
212106.5
208467.975
212193.55
198649.6
192006.3125
193961.0875
187385.225
189748.0
186585.9875
191045.4
170874.925
168952.125
164771.55
169236.975
185996.15
183304.8
177636.1
170292.725
155473.9125
156918.1
147856.8375
154714.975
154107.225
155273.85
190707.175
186023.7625
184991.2625
190218.25
164659.0625
168301.2625
167021.575
163847.7
148805.825
149030.875
154200.2375
154425.6875
164149.7
166777.025
172793.6
172793.6
176872.7625
156422.4375
154818.025
165387.0
158510.1
155141.9
150186.475
144424.6625
148038.5875
155198.3625
163778.9875
162697.6125
180263.8875
187152.25
192304.775
190589.8625
185390.1875
193527.1125
186713.65
196053.975
196240.775
186425.1375
187496.6
178195.0
176881.8625
179776.5875
177683.8125
184729.0
186184.575
187680.825
186847.5125
190284.725
191195.2375
191156.125
211696.9625
205506.625
204281.225
211668.75
210543.15
205219.2625
207271.95
205599.05
205665.125
215383.5125
205169.8625
205899.7
209847.1
207203.95
201206.9
211361.5375
201528.6375
192123.65
166385.1
168741.4625
168848.6375
169268.05
166871.1875
169859.6875
165836.6375
173196.8375
180486.7875
184465.8375
183885.9625
185056.8
189102.675
184740.2
183499.575
191710.75
194767.6625
183387.975
178789.1125
158578.325
159724.8875
157690.65
148716.775
136046.825
129364.1625
126369.5125
126218.3
126261.6
123505.9375
130182.5
127394.175
129709.8125
120764.05
130615.05
125464.9625
122639.3375
119735.4125
120914.7875
118049.5875
120892.5
138499.7
135786.0625
146634.975
135272.65
139487.0
135894.1125
135819.875
133088.9375
135330.3375
135456.8875
137496.2625
148347.7
152194.1375
165108.675
167802.525
160967.9875
163411.25
