46.4795058349545
47.52667644599826
47.86194164971496
48.724029710718085
48.67631825147315
48.32025856064875
48.609852601917524
48.9538647831342
49.53177026373539
49.80716689368845
50.51768942006756
51.13517454354296
51.1294224022456
51.15881220770116
51.31402668064048
51.48013542245044
52.14446790245432
52.13549389813363
52.665516570112096
52.95293303922667
53.00257929257434
52.54300433162199
52.561726765204696
52.70929301961917
53.00022907675485
53.10779486184672
52.80028287827673
52.29620237621558
51.89600418872105
52.52941058463871
52.51522609836608
52.9598848989199
53.52838232486774
53.7823896692813
53.70983972189494
53.50741630773216
53.51637224181319
53.36047072838276
52.82135542950772
52.55941684199017
53.07663175697553
53.29355032737899
53.90422950463361
53.743095496107
54.92370792195737
55.41409795277669
55.19071750793641
55.628897419284066
55.460487863110835
55.484726361629534
55.63864948132182
55.76258329524283
56.14294504185209
56.48612150060634
56.48227413847244
56.588137356031396
56.614015796722924
56.945667713780495
56.701001751935124
56.74032149220973
56.685933871628905
56.43547985532341
56.32457569466352
57.00145574607183
57.026544514516786
56.95671612487407
56.59351813344561
56.66760256892603
56.38420473189772
56.67466826445568
56.86763349500826
56.86177737227463
57.208297385901446
57.377790692996726
57.322685449514985
57.276300029569754
57.35814779225168
57.46119587592261
57.487251918080766
57.41114967329364
57.389079713655406
57.26237649313158
57.4670269686246
57.4904565429278
57.49628713744619
57.41985236921762
57.32992054766204
57.63531807706814
57.5212674235856
57.43225657411959
57.648848696400535
57.56971062893423
57.651766941217076
57.76052398999978
58.19330028157624
58.176495438170164
58.08870687618794
58.16302620020058
58.074862377482454
58.4600113688921
58.5543975733102
58.57007773288666
58.79325465588083
58.78094046289971
58.85181825518008
59.02037496792724
58.731323004558746
58.74921292592377
58.77848380984307
58.73863548153363
58.440500438436914
58.48838575562125
58.39619540986665
58.34226114746017
58.17334479373958
58.12252477736541
58.039351050536155
58.31555288810485
58.454010961958
58.558278790446955
58.340666650362685
58.35304156960177
58.71877304543466
58.76091458027994
59.25886737085538
59.39456233314767
59.40157575102908
59.4349740029348
59.77489490606657
59.76846469199701
59.74383157092245
59.66879960182816
59.78462628510812
59.628706158297895
59.67184390645209
59.603404629845805
59.64912358864657
59.670938288434456
60.016888050774675
59.8635225833706
59.863168208809626
59.70183844911567
59.74540979841599
59.53179337882024
59.4655218981998
59.31929255271022
59.157099308616104
58.97575200556902
59.28233199485133
59.33040580882672
59.547776938854
59.735719737766715
59.78723444961732
59.939275409185726
60.118405142268124
60.27515543611206
60.71220139751877
60.66861733289007
60.48980453929825
60.373512488545714
60.47027989749223
60.6278359244324
60.534713540841395
60.6504605967941
60.77156231894448
60.907113152406396
60.85798206041445
60.81992564524586
60.804909634578884
60.65825215523461
60.770142090916224
60.71933780651464
60.76887132660619
60.83102320926186
60.79078483178914
60.79506367879354
60.52402195858657
60.65673998879571
60.683283498427855
60.54770603984929
60.45230545014548
60.71387911752089
60.609666433447295
60.6438665229269
60.49853338205107
60.503108388222245
60.455758824914156
60.510499437770235
60.354796263874036
60.43690086298615
60.51788060731336
60.338137288823546
60.14573193439723
60.1832529641222
60.03582214292511
60.0711472318175
60.35264276626837
60.4476348769425
60.85649824943149
61.01418061822186
61.21351198819358
61.14563192504189
61.56086332737938
61.53256625727558
61.4284068168614
61.39557596422621
61.46069536846899
61.531824560720146
61.651667620133864
61.602479806660675
61.551629403851585
61.73873080767284
62.066618958381255
61.72368544918659
61.74727714654013
61.713135789644845
61.218383570196785
61.121097603459
61.115405127498036
61.10925972374152
61.4107446510453
61.34958102694717
61.25104652062832
61.3036409971132
61.274011037803824
61.43491821876088
61.811498213325805
61.92046480164852
61.828519480560864
61.52425968853671
61.55591779508654
61.413559473759065
61.208779570627485
61.410275579930044
61.87201438059442
61.68294161638816
61.915451265317586
61.76613916490537
61.729064241513015
61.732853687147454
61.923961331776255
61.957263521435074
61.91450899569342
61.62074798581678
61.69899791049992
61.910427904980054
61.82259283796519
61.560865718077935
61.65705274652525
61.54156476138648
61.50170706336225
61.43590984999101
61.694097538868036
61.91786306474338
61.67450398377745
61.468793617325254
61.56819704931512
61.78272461546844
61.89841808505061
62.17736988067743
62.404156383987996
62.73294826824959
62.8280247721976
62.76209603523357
62.73328218387743
62.68778968602512
62.62199998477354
62.42076743137346
62.429095869054834
62.51307455993005
62.507757666729525
62.744422924909884
62.45501419595398
62.445810090180274
62.59756404807647
62.90967066939761
62.87851859631039
62.91684693306595
62.8763085748988
62.6751132149554
62.471837291344855
62.435353108322396
62.42676161256509
62.782092569485165
62.75346514277142
62.42756270829692
62.333588868613205
62.33080180047612
62.40738370327672
62.3974283000915
62.22495875029483
62.12807724030846
62.22596606014004
61.90930451053937
61.96006460789228
61.77539913620283
61.68156462242321
61.70941662109709
61.22015795086961
60.99327040865633
61.378816684505026
60.933550896596714
60.99163926411685
61.70891649148548
62.19767915543838
62.600721628925875
62.47664745294306
62.33339881778007
62.52897054099914
62.1962237214194
62.89019395100163
62.79256384916463
62.82955960102329
63.06138957588236
62.99617828922188
63.28694346372932
63.2997491164753
63.05783274998826
63.32645340310762
63.36274090512593
63.24669452586363
63.20810689877813
63.43968404634376
63.43532513353688
63.533220554927894
63.49173050969985
63.42362294594784
63.422988881269816
63.45306426726678
63.49414849082051
63.0902485056377
63.41066616601595
63.35929759551531
63.44974077597958
63.50674203441842
63.50127501308988
63.45670589083208
63.47760603025607
63.538739480262166
63.4724398964633
63.49546032062453
63.41821120061869
63.150754398830614
63.10693351945325
63.38126563764107
63.40658632588513
63.56977310080002
63.28274096111305
62.974012692562
63.32299625399902
63.340186919243635
63.3785188038528
63.331935317662136
63.47480707452739
63.11984313284073
62.95084745329596
63.000911479870695
62.75216303383161
62.839770926435584
62.808107766763236
62.94208357044361
62.39859033196275
62.308250141017496
62.30352677348024
62.43603067978815
63.08153826007536
63.041798787485824
62.86695062583853
62.71462892742242
62.30846082999368
62.17920006986204
61.99804328175041
62.17260256805167
62.06491391277342
62.16200288246059
63.56125972230598
63.39603844185393
63.3994377553419
63.63557702567429
63.088309413638356
63.19770133708325
63.199829964324216
63.10573015608328
62.754010499553274
62.76060811784888
62.897506245776654
62.88353031002164
63.11479040554546
63.27853056280092
63.45228359337678
63.45575787156885
63.52349336536476
62.91776552167012
62.93102831264881
63.299080795804585
63.18369329218518
63.13309167838562
63.00916307966861
63.02008442547865
63.12541363873938
63.28107890627668
63.443645088001176
63.35195403614298
63.612399505671966
63.64151974594914
63.73709553385497
63.725737281268366
63.641750003308985
63.87759615889647
63.71483407054077
63.88849445584562
63.90854683012414
63.706710015487054
63.68336500413271
63.43141245668498
63.414672214001556
63.449572140606925
63.468394013179896
63.58801912548341
63.52615099928223
63.56939653410861
63.56095111394244
63.61841650944494
63.65096422009992
63.76171579037068
64.27598329363849
64.09374094152504
63.970851481263956
64.24710204153693
64.17524148829945
64.1297718072181
64.18030727289405
64.14990810373804
64.16499560503551
64.35684572260928
64.14648976896046
64.18228584052343
64.3550505506532
64.25059908740106
64.1707145128584
64.41508652534905
64.06068157127145
63.98998693003396
63.41819926776285
63.61717062774527
63.65632977530347
63.70187606777695
63.6565354293254
63.598341215349194
63.62990007414031
63.673554123389735
63.98908321698751
64.11354892904455
64.07129970820307
64.13832723828
64.36474616023779
64.28134221583403
64.2643771718697
64.4411794727127
64.44417568692337
64.02433050744389
63.931959997276536
63.307348251185374
63.42610638361397
63.30672730559648
63.171132499653915
62.89817795859741
62.72578856603194
62.67056415150391
62.6812873444086
62.91717880843855
62.8328163344422
63.03476106759716
62.99222478824115
63.04622564265851
62.961118467624146
63.18441813508546
63.11899455587577
63.026515189247036
62.99235473051116
62.98982609294261
62.95668364511424
63.02203639730666
63.36777268878886
63.370374610313924
63.54705013392601
63.308684760937844
63.413082286802236
63.38160174072213
63.37152438714863
63.25050539797337
63.28865050646367
63.28672309721283
63.33820548690111
63.646454282149534
63.75072991363611
64.00755101727866
64.13016109438114
63.94564924759052
63.946004967946045
