2140.9166666666665
1596.5833333333333
1852.0
1845.8333333333333
1989.0833333333333
1863.3333333333333
1793.0833333333333
1706.0833333333333
1598.1666666666667
1513.0
1482.0
1621.8333333333333
1690.0833333333333
1792.8333333333333
1397.25
1426.0
1491.5
1467.5
1398.9166666666667
1368.75
1330.0
1215.6666666666667
1363.3333333333333
1284.5833333333333
1324.8333333333333
1332.6666666666667
1243.9166666666667
1211.9166666666667
1195.5833333333333
1202.4166666666667
1210.25
1204.0833333333333
1209.25
1348.0833333333333
1367.5
1224.0
1391.9166666666667
1321.6666666666667
1280.5833333333333
1257.9166666666667
1257.9166666666667
1248.9166666666667
1248.9166666666667
1238.9166666666667
1297.25
1303.9166666666667
1286.0833333333333
1255.8333333333333
1252.0
1210.9166666666667
1210.9166666666667
1214.75
1214.75
1267.75
1262.75
1278.5
1233.6666666666667
1248.4166666666667
1217.75
1244.4166666666667
1229.0
1177.3333333333333
1181.4166666666667
1194.9166666666667
1198.1666666666667
1204.0
1218.25
1254.0833333333333
1250.5833333333333
1242.75
1253.75
1289.5833333333333
1265.4166666666667
1314.1666666666667
1269.4166666666667
1246.5
1241.1666666666667
1229.6666666666667
1337.3333333333333
1332.3333333333333
1295.8333333333333
1290.75
1265.0
1263.5
1333.5
1307.0833333333333
1256.8333333333333
1258.0
1276.25
1259.8333333333333
1208.25
1199.9166666666667
1199.4166666666667
1202.9166666666667
1210.75
1209.0
1238.9166666666667
1223.0
1241.8333333333333
1222.1666666666667
1241.5833333333333
1252.3333333333333
1236.3333333333333
1233.25
1202.3333333333333
1260.3333333333333
1241.5
1235.1666666666667
1264.9166666666667
1264.9166666666667
1215.0833333333333
1213.9166666666667
1223.4166666666667
1225.25
1221.4166666666667
1218.75
1216.75
1152.3333333333333
1256.3333333333333
1308.9166666666667
1288.1666666666667
1288.1666666666667
1294.9166666666667
1361.4166666666667
1398.0
1395.5833333333333
1381.5833333333333
1341.0833333333333
1350.1666666666667
1346.6666666666667
1323.8333333333333
1387.4166666666667
1381.0833333333333
1371.75
1356.5
1384.75
1346.9166666666667
1348.75
1302.5833333333333
1290.1666666666667
1294.75
1320.75
1315.25
1335.5
1323.5833333333333
1312.0
1284.1666666666667
1309.3333333333333
1283.5
1277.6666666666667
1240.0
1255.0
1384.9166666666667
1406.9166666666667
1446.1666666666667
1442.5833333333333
1438.9166666666667
1444.9166666666667
1604.6666666666667
1523.25
1446.75
1442.0
1480.25
1449.9166666666667
1497.5
1447.0
1440.25
1401.75
1386.0833333333333
1378.3333333333333
1389.3333333333333
1436.4166666666667
1393.4166666666667
1393.4166666666667
1411.75
1431.3333333333333
1415.1666666666667
1411.6666666666667
1403.9166666666667
1403.9166666666667
1404.0833333333333
1404.0833333333333
1381.5
1376.0
1429.5
1405.1666666666667
1411.0
1394.6666666666667
1371.9166666666667
1396.1666666666667
1442.25
1434.5833333333333
1407.4166666666667
1387.4166666666667
1393.6666666666667
1379.3333333333333
1423.0
1407.8333333333333
1423.5
1416.4166666666667
