3400.0
2720.0
2720.0
2975.0
2720.0
2720.0
2720.0
3735.0
2720.0
2285.0
2570.0
3440.0
2570.0
3165.0
2320.0
2215.0
3885.0
2200.0
2400.0
2400.0
2400.0
2400.0
2400.0
2410.0
2410.0
2410.0
2400.0
2400.0
2400.0
2400.0
2400.0
2400.0
2400.0
2400.0
2400.0
2400.0
2400.0
2070.0
2070.0
2070.0
2070.0
2070.0
2070.0
2070.0
2375.0
2375.0
2070.0
2070.0
2070.0
2070.0
2070.0
2070.0
2070.0
2070.0
2070.0
2375.0
2070.0
2070.0
2070.0
2070.0
2070.0
2070.0
2070.0
2070.0
2070.0
2070.0
2115.0
2115.0
2115.0
2115.0
2115.0
2070.0
2070.0
2070.0
2070.0
2070.0
2070.0
2070.0
2270.0
2270.0
2070.0
2070.0
2070.0
2070.0
2290.0
2070.0
2070.0
2070.0
2070.0
2070.0
2070.0
2070.0
2070.0
2115.0
2115.0
2115.0
2735.0
2735.0
2735.0
2735.0
2735.0
2735.0
2735.0
2735.0
2115.0
2115.0
2115.0
2070.0
2070.0
2070.0
2070.0
2070.0
2070.0
2070.0
2070.0
2070.0
2070.0
2070.0
2805.0
2805.0
2805.0
2805.0
2805.0
2805.0
2805.0
2805.0
2805.0
2805.0
2805.0
2805.0
2805.0
2805.0
2805.0
2805.0
2805.0
2805.0
2805.0
2805.0
2805.0
2805.0
2805.0
2805.0
2805.0
2805.0
2805.0
2275.0
2275.0
2275.0
2275.0
2275.0
2275.0
2275.0
3850.0
3850.0
3850.0
3850.0
3850.0
3850.0
3850.0
3850.0
3850.0
3850.0
3850.0
3850.0
3850.0
3850.0
3850.0
3850.0
3850.0
3850.0
3850.0
3850.0
3850.0
3850.0
3850.0
3850.0
3850.0
3850.0
3850.0
3850.0
3850.0
3850.0
3850.0
3850.0
3850.0
3850.0
3850.0
3850.0
3850.0
3850.0
3850.0
3850.0
3850.0
3850.0
3850.0
3850.0
3850.0
3850.0
3850.0
3850.0
