62.76785714285714
62.76785714285714
62.76785714285714
62.76785714285714
62.76785714285714
62.76785714285714
62.76785714285714
62.76785714285714
62.76785714285714
60.254372019077906
60.254372019077906
63.01115241635688
63.01115241635688
63.01115241635688
63.01115241635688
63.01115241635688
64.77272727272728
64.77272727272728
65.993265993266
65.993265993266
65.993265993266
65.993265993266
65.993265993266
65.993265993266
65.993265993266
65.993265993266
65.993265993266
65.993265993266
65.993265993266
65.993265993266
65.993265993266
65.993265993266
65.993265993266
65.993265993266
65.993265993266
65.993265993266
66.09697933227343
66.09697933227343
66.09697933227343
66.09697933227343
66.09697933227343
66.09697933227343
66.09697933227343
66.09697933227343
66.09697933227343
66.09697933227343
66.09697933227343
66.09697933227343
66.09697933227343
66.09697933227343
66.09697933227343
66.09697933227343
66.09697933227343
66.09697933227343
66.09697933227343
66.09697933227343
66.09697933227343
66.09697933227343
66.09697933227343
66.09697933227343
66.09697933227343
66.09697933227343
66.09697933227343
66.09697933227343
66.09697933227343
66.09697933227343
66.09697933227343
66.09697933227343
66.09697933227343
66.09697933227343
66.09697933227343
66.09697933227343
66.09697933227343
66.09697933227343
66.09697933227343
66.09697933227343
66.09697933227343
66.09697933227343
66.13672496025437
66.13672496025437
66.09697933227343
66.09697933227343
66.09697933227343
66.09697933227343
66.09697933227343
66.09697933227343
66.09697933227343
66.09697933227343
66.09697933227343
66.09697933227343
66.09697933227343
66.09697933227343
66.09697933227343
66.09697933227343
66.09697933227343
66.09697933227343
66.13672496025437
66.13672496025437
66.13672496025437
66.13672496025437
66.13672496025437
66.13672496025437
66.13672496025437
66.13672496025437
66.09697933227343
66.09697933227343
66.09697933227343
66.09697933227343
66.09697933227343
66.09697933227343
66.09697933227343
66.09697933227343
66.09697933227343
66.09697933227343
66.09697933227343
66.09697933227343
66.09697933227343
66.09697933227343
67.19269102990033
67.19269102990033
67.19269102990033
67.19269102990033
67.19269102990033
67.19269102990033
67.19269102990033
67.19269102990033
67.19269102990033
67.19269102990033
67.19269102990033
67.19269102990033
67.19269102990033
67.19269102990033
67.19269102990033
67.19269102990033
67.19269102990033
67.19269102990033
67.19269102990033
67.19269102990033
67.19269102990033
67.19269102990033
67.19269102990033
67.19269102990033
67.19269102990033
67.19269102990033
67.19269102990033
66.54103852596316
66.54103852596316
66.54103852596316
66.54103852596316
66.54103852596316
66.54103852596316
66.83123877917416
67.776886035313
67.776886035313
67.776886035313
67.776886035313
67.776886035313
67.776886035313
67.776886035313
67.776886035313
67.776886035313
67.776886035313
67.776886035313
67.776886035313
67.776886035313
67.776886035313
67.776886035313
67.776886035313
67.776886035313
67.776886035313
67.776886035313
67.776886035313
67.776886035313
67.776886035313
67.776886035313
67.776886035313
67.776886035313
67.776886035313
67.776886035313
67.776886035313
67.776886035313
67.776886035313
67.776886035313
67.776886035313
67.776886035313
67.776886035313
67.776886035313
67.776886035313
67.776886035313
67.776886035313
67.776886035313
67.776886035313
67.78768233387358
67.78768233387358
67.78768233387358
67.78768233387358
67.78768233387358
67.78768233387358
67.78768233387358
67.78768233387358
