37.2779491792641
37.2779491792641
38.66361025478882
38.85907897121938
38.85907897121938
39.23287918817344
39.98290095398312
39.98290095398312
39.167413645744304
38.09536925550808
38.09536925550808
38.09536925550808
38.09536925550808
38.09536925550808
38.09536925550808
38.09536925550808
38.49520032028901
40.1083422109888
37.73395622418375
37.73395622418375
37.73395622418375
37.73395622418375
37.73395622418375
37.73395622418375
37.73395622418375
37.73395622418375
37.73395622418375
37.73395622418375
37.73395622418375
37.73395622418375
37.73395622418375
37.73395622418375
40.29514060134576
36.15074181988681
36.15074181988681
36.15074181988681
36.15074181988681
36.15074181988681
36.15074181988681
40.29514060134576
40.29514060134576
40.29514060134576
40.29514060134576
40.29514060134576
40.29514060134576
42.038482483209286
42.038482483209286
42.038482483209286
42.038482483209286
48.00021543086966
48.00021543086966
50.050805039337156
50.050805039337156
49.70584658037277
49.70584658037277
49.70584658037277
49.20977114972494
49.20977114972494
49.20977114972494
49.20977114972494
49.20977114972494
49.20977114972494
49.20977114972494
49.20977114972494
49.70584658037277
49.70584658037277
49.70584658037277
50.36946247030281
50.85613925146565
50.85613925146565
54.19550366236546
55.75717991647195
55.75717991647195
55.75717991647195
55.75717991647195
55.75717991647195
55.75717991647195
55.75717991647195
55.75717991647195
56.18165501501237
52.89401320329155
56.18165501501237
56.18165501501237
50.691361073383554
50.691361073383554
56.082679103742755
56.18165501501237
56.18165501501237
56.18165501501237
56.18165501501237
56.18165501501237
56.18165501501237
56.18165501501237
57.16355312680278
57.16355312680278
57.16355312680278
57.16355312680278
57.289878325729084
57.289878325729084
57.289878325729084
57.289878325729084
57.289878325729084
50.28364404611588
57.289878325729084
57.370414888193416
57.857877288233304
57.857877288233304
57.857877288233304
57.857877288233304
57.857877288233304
57.857877288233304
57.857877288233304
57.857877288233304
57.857877288233304
57.857877288233304
57.857877288233304
57.857877288233304
57.857877288233304
58.12533524397929
56.328794947233895
55.93804575870252
58.12533524397929
56.41679331927898
56.41679331927898
56.41679331927898
56.41679331927898
56.41679331927898
56.41679331927898
56.41679331927898
56.41679331927898
58.12533524397929
58.12533524397929
58.12940830052398
58.12940830052398
58.12940830052398
58.12940830052398
58.21009751882484
58.21009751882484
58.21009751882484
58.21009751882484
58.21009751882484
57.71281948078084
58.21009751882484
58.21009751882484
58.21009751882484
58.21009751882484
58.21009751882484
58.21009751882484
58.21009751882484
58.21009751882484
58.21009751882484
58.21009751882484
58.431597138493686
58.431597138493686
58.431597138493686
58.431597138493686
58.431597138493686
58.431597138493686
58.431597138493686
58.431597138493686
58.431597138493686
58.506811209547884
58.66589695482754
58.66589695482754
58.66589695482754
58.66589695482754
58.66589695482754
58.66589695482754
59.71373307543521
59.71373307543521
59.71373307543521
59.71373307543521
59.71373307543521
59.71373307543521
59.71373307543521
59.71373307543521
59.71373307543521
59.71373307543521
59.71373307543521
59.71373307543521
59.71373307543521
59.71373307543521
59.71373307543521
59.71373307543521
59.91944884325506
59.91944884325506
59.91944884325506
59.91944884325506
59.91944884325506
59.91944884325506
59.91944884325506
59.91944884325506
59.91944884325506
59.91944884325506
59.91944884325506
59.91944884325506
59.91944884325506
59.91944884325506
59.91944884325506
59.91944884325506
59.91944884325506
59.91944884325506
59.91944884325506
59.91944884325506
59.91944884325506
59.92894566421278
59.92894566421278
59.92894566421278
59.92894566421278
59.92894566421278
59.92894566421278
57.33198462002646
59.92894566421278
59.92894566421278
59.92894566421278
59.92894566421278
59.92894566421278
59.92894566421278
59.92894566421278
59.92894566421278
59.92894566421278
60.12188296747716
60.12188296747716
60.12188296747716
60.12188296747716
60.12188296747716
60.22152473346996
60.35658604326231
60.35658604326231
60.35658604326231
60.35658604326231
60.35658604326231
60.35658604326231
60.37162815097049
60.37162815097049
60.37162815097049
60.37162815097049
60.40710022662823
60.40710022662823
60.40710022662823
60.41242854500911
60.41242854500911
60.41242854500911
59.07276628671645
60.41242854500911
60.41242854500911
60.41242854500911
60.41242854500911
60.41242854500911
60.41242854500911
60.41242854500911
60.41242854500911
60.41242854500911
60.41242854500911
60.41466707714845
60.41466707714845
60.41466707714845
60.65623594850701
60.65623594850701
60.65623594850701
60.65623594850701
59.922731183314454
59.922731183314454
59.922731183314454
60.65623594850701
60.67325160555986
60.67325160555986
60.67325160555986
60.67325160555986
60.67325160555986
60.67325160555986
60.67325160555986
60.67325160555986
60.67325160555986
60.67325160555986
62.022191746665
62.022191746665
62.022191746665
62.022191746665
62.022191746665
62.022191746665
62.26939214631523
62.26939214631523
62.26939214631523
62.26939214631523
62.26939214631523
62.26939214631523
62.26939214631523
62.26939214631523
62.26939214631523
62.26939214631523
62.67026298044504
58.43053076961788
56.765930087600765
56.765930087600765
56.765930087600765
62.67026298044504
62.67026298044504
62.67026298044504
62.67026298044504
62.67026298044504
62.67026298044504
62.67026298044504
62.67026298044504
62.1061924842643
58.19643633202956
58.19643633202956
61.7233480900192
61.7233480900192
61.7233480900192
61.7233480900192
61.7233480900192
61.7233480900192
61.7233480900192
62.67026298044504
56.320955034058414
57.85999035116674
62.67026298044504
62.67026298044504
62.67026298044504
61.18663682376581
62.67026298044504
62.67026298044504
62.67026298044504
62.67026298044504
62.67026298044504
62.67026298044504
62.67026298044504
62.67026298044504
55.54300018147088
62.67026298044504
62.67026298044504
62.67026298044504
62.67026298044504
62.67026298044504
62.67026298044504
62.67026298044504
62.67026298044504
62.67026298044504
62.67026298044504
62.67026298044504
62.67026298044504
62.67026298044504
62.67026298044504
62.67026298044504
62.67026298044504
62.67026298044504
62.67026298044504
62.67026298044504
51.53777297086686
62.67026298044504
58.18370842198976
55.465666187980716
59.65053275095374
62.67026298044504
62.67026298044504
62.909878042342015
61.746015339135475
61.746015339135475
62.909878042342015
62.909878042342015
62.909878042342015
62.909878042342015
62.909878042342015
62.909878042342015
62.909878042342015
62.909878042342015
62.909878042342015
62.909878042342015
62.909878042342015
62.909878042342015
62.909878042342015
62.909878042342015
62.909878042342015
62.909878042342015
62.909878042342015
62.91385824795809
62.91385824795809
62.91385824795809
62.91385824795809
62.91385824795809
63.27330452791708
63.27330452791708
63.27330452791708
63.27330452791708
63.27330452791708
63.27330452791708
63.27330452791708
63.27330452791708
63.27330452791708
63.27330452791708
63.27330452791708
63.27330452791708
63.27330452791708
63.27330452791708
63.27330452791708
63.27330452791708
63.27330452791708
63.27330452791708
63.27330452791708
63.27330452791708
63.27330452791708
63.27330452791708
63.27330452791708
63.27330452791708
63.27330452791708
63.27330452791708
63.27330452791708
63.27330452791708
63.27330452791708
63.27330452791708
63.27330452791708
63.27330452791708
63.3235761166554
63.3235761166554
63.3235761166554
63.3235761166554
63.3235761166554
63.3235761166554
63.3235761166554
63.3235761166554
63.3235761166554
63.3235761166554
63.3235761166554
63.3235761166554
63.3235761166554
63.3235761166554
63.3235761166554
63.3235761166554
63.3235761166554
63.3235761166554
63.3235761166554
63.3235761166554
63.3235761166554
63.3235761166554
63.3235761166554
63.3235761166554
63.3235761166554
63.3235761166554
63.3235761166554
63.3235761166554
63.3235761166554
63.3235761166554
63.3235761166554
63.3235761166554
63.3235761166554
63.3235761166554
63.3235761166554
63.3235761166554
63.3235761166554
63.3235761166554
63.3235761166554
63.3235761166554
63.3235761166554
63.3235761166554
63.3235761166554
63.3235761166554
63.3235761166554
63.3235761166554
63.3235761166554
63.3235761166554
63.3235761166554
63.3235761166554
63.3235761166554
63.3235761166554
63.3235761166554
63.39390739665277
63.39390739665277
63.39390739665277
52.66399287607572
58.74981260405407
58.74981260405407
58.74981260405407
61.81759065561602
61.81759065561602
61.81759065561602
61.81759065561602
61.81759065561602
61.81759065561602
61.81759065561602
61.81759065561602
61.81759065561602
61.81759065561602
61.81759065561602
61.81759065561602
61.81759065561602
61.81759065561602
61.81759065561602
61.81759065561602
61.81759065561602
61.81759065561602
61.81759065561602
61.81759065561602
61.81759065561602
61.81759065561602
61.81759065561602
61.81759065561602
61.81759065561602
61.81759065561602
61.81759065561602
