41.814126531669935
44.0538023598537
43.89247568946278
43.302750536316275
47.0245386248571
47.440597420230816
44.05680291690655
44.05680291690655
46.40652510553447
44.880625825459724
44.880625825459724
46.40652510553447
46.40652510553447
46.804241593941796
47.632021974127234
47.632021974127234
47.632021974127234
47.632021974127234
47.86899543274196
47.86899543274196
47.56174225415357
47.86899543274196
50.3769391168855
50.3769391168855
50.3769391168855
50.3769391168855
47.6120857699805
47.6120857699805
47.6120857699805
47.6120857699805
50.579164049961626
50.579164049961626
50.579164049961626
50.579164049961626
50.579164049961626
50.69098949695966
50.69098949695966
50.43302008476138
50.43302008476138
50.69098949695966
51.00902184235518
51.00902184235518
51.00902184235518
51.16809116809117
51.16809116809117
51.16809116809117
51.16809116809117
51.16809116809117
51.16809116809117
51.16809116809117
51.16809116809117
51.16809116809117
51.16809116809117
51.16809116809117
51.16809116809117
51.236942070275404
51.3316645807259
51.3316645807259
51.3316645807259
51.3316645807259
51.3316645807259
51.3316645807259
51.3316645807259
52.03422511448542
52.03422511448542
52.03422511448542
52.03422511448542
52.03422511448542
52.03422511448542
52.03422511448542
52.03422511448542
52.03422511448542
52.03422511448542
52.03422511448542
52.03422511448542
52.03422511448542
52.03422511448542
52.03422511448542
52.03422511448542
56.30563192421809
56.30563192421809
56.30563192421809
56.30563192421809
56.30563192421809
56.36960013065847
56.63091705909573
56.63091705909573
56.63091705909573
56.63091705909573
56.63091705909573
56.63091705909573
59.7910759998899
56.886914335433865
56.886914335433865
59.7910759998899
59.7910759998899
59.7910759998899
59.7910759998899
59.7910759998899
59.7910759998899
59.7910759998899
59.893920289457824
59.893920289457824
59.957609623166064
59.985135841889395
60.01726879008826
60.026425169974395
60.029177791846735
60.029177791846735
60.0429409012084
60.0429409012084
60.0305541027829
60.0305541027829
60.0305541027829
60.0305541027829
60.017504670089224
60.0305541027829
60.0305541027829
60.0305541027829
60.0305541027829
60.0305541027829
60.0305541027829
60.0305541027829
60.0305541027829
58.746943272512304
60.0305541027829
60.0305541027829
60.0305541027829
60.0305541027829
60.0305541027829
60.0305541027829
60.0305541027829
57.92245280074895
60.0305541027829
59.6531276968904
59.6531276968904
60.0305541027829
60.0305541027829
59.24650570069005
60.0305541027829
55.44576717924376
60.0305541027829
60.0305541027829
60.0305541027829
60.0305541027829
60.0305541027829
60.0305541027829
59.92044922788956
59.92044922788956
59.92044922788956
59.92044922788956
59.92044922788956
59.92044922788956
60.0057805059319
60.0057805059319
60.0057805059319
60.0057805059319
60.0057805059319
60.0057805059319
60.0057805059319
60.0057805059319
61.54156297357043
61.54156297357043
61.54156297357043
61.54156297357043
61.54156297357043
61.54156297357043
61.54156297357043
59.673805647170155
58.632860040567955
61.54156297357043
56.41687754996643
60.19753965862078
61.54156297357043
61.54156297357043
61.515147302125754
61.591613719465556
61.60134580894519
61.60134580894519
61.60134580894519
61.60134580894519
61.60134580894519
61.60134580894519
61.60134580894519
61.60134580894519
61.58327192848304
61.58327192848304
58.752148050231334
58.752148050231334
61.58327192848304
61.58327192848304
61.58327192848304
61.58327192848304
61.60551670443644
61.60551670443644
61.60551670443644
61.60551670443644
61.60551670443644
61.60551670443644
61.60551670443644
61.60551670443644
61.60551670443644
61.60551670443644
61.60551670443644
60.74931616610947
60.74931616610947
58.92387383722507
61.60551670443644
61.60551670443644
61.60551670443644
61.60551670443644
60.80813633864759
60.80813633864759
60.7492172563797
60.7492172563797
60.7492172563797
60.7492172563797
60.7492172563797
60.7492172563797
60.31879081211891
60.7492172563797
60.7492172563797
61.338579392995676
61.338579392995676
61.338579392995676
61.338579392995676
61.338579392995676
61.338579392995676
61.338579392995676
61.338579392995676
61.39975252686752
61.42477789981508
60.25991792065664
61.34692118397819
61.34692118397819
61.34692118397819
61.34692118397819
61.34692118397819
61.42477789981508
61.42477789981508
61.42477789981508
61.42477789981508
61.42477789981508
61.42477789981508
61.42477789981508
61.42477789981508
61.5332211825879
61.5332211825879
61.5332211825879
61.5332211825879
61.5332211825879
61.5332211825879
61.5554659585413
61.5554659585413
61.5554659585413
61.59578461495682
61.01538258401004
55.79326550637814
58.736551945619
61.59856521195099
61.096667454502494
61.096667454502494
61.096667454502494
61.085545066525796
61.096667454502494
61.096667454502494
61.096667454502494
61.096667454502494
61.096667454502494
61.096667454502494
61.096667454502494
61.096667454502494
61.096667454502494
61.096667454502494
61.096667454502494
61.096667454502494
61.096667454502494
61.096667454502494
61.096667454502494
61.096667454502494
61.17452417033936
61.617014094016376
61.617014094016376
61.617014094016376
61.617014094016376
61.617014094016376
61.617014094016376
61.617014094016376
61.617014094016376
61.617014094016376
61.76611247081329
61.76611247081329
61.76611247081329
61.76611247081329
61.76611247081329
61.76611247081329
61.76611247081329
61.85894730919627
61.864573663037675
61.864573663037675
61.864573663037675
61.864573663037675
61.864573663037675
61.864573663037675
61.51026909685514
61.51026909685514
61.51026909685514
61.51026909685514
61.51026909685514
61.51026909685514
61.51026909685514
61.51026909685514
61.51026909685514
61.51026909685514
61.51026909685514
61.51026909685514
61.51026909685514
61.51026909685514
61.51026909685514
61.51026909685514
61.51026909685514
61.51026909685514
61.51026909685514
61.51026909685514
61.51026909685514
61.51026909685514
61.51026909685514
61.51026909685514
61.51026909685514
61.51026909685514
61.51026909685514
61.51026909685514
61.54691927094347
61.54691927094347
61.54691927094347
61.54691927094347
61.54691927094347
61.54691927094347
61.54691927094347
62.531878423010994
62.63796676111134
62.63796676111134
62.63796676111134
62.63796676111134
62.63796676111134
62.63796676111134
62.63796676111134
62.63796676111134
62.63796676111134
62.63796676111134
62.70844786512735
62.70844786512735
62.70844786512735
62.70844786512735
62.70844786512735
62.70844786512735
62.70844786512735
62.79584443410721
62.79584443410721
62.79584443410721
61.83947563344653
61.83947563344653
61.83947563344653
62.79584443410721
62.53506434924796
62.53506434924796
62.79584443410721
62.79584443410721
62.79584443410721
62.79584443410721
62.79584443410721
62.79584443410721
62.79584443410721
62.79584443410721
62.79584443410721
62.84518120691841
62.84518120691841
62.84518120691841
62.84518120691841
62.93962588629988
62.94244513046051
62.94244513046051
62.94244513046051
62.94244513046051
62.94244513046051
62.94244513046051
62.895927601809944
62.88887949140834
60.032529140688524
62.88887949140834
62.88887949140834
62.88887949140834
62.88887949140834
62.88887949140834
62.88887949140834
62.72818257425183
62.72818257425183
62.72818257425183
62.69717088848479
62.69717088848479
62.69717088848479
62.69717088848479
62.69717088848479
62.69717088848479
62.72818257425183
62.72818257425183
62.72818257425183
62.72818257425183
62.74791728337632
62.74791728337632
62.74791728337632
62.74791728337632
62.74791728337632
62.74791728337632
62.74791728337632
62.59803921568628
62.74791728337632
62.74791728337632
62.76765199250082
62.76765199250082
62.76765199250082
62.76765199250082
62.76765199250082
62.76765199250082
61.78323971372359
61.78323971372359
61.78323971372359
61.78323971372359
61.78323971372359
61.78323971372359
61.78323971372359
61.78323971372359
61.78323971372359
61.78323971372359
61.78323971372359
62.74509803921569
62.74509803921569
62.74509803921569
62.74509803921569
62.74509803921569
62.74509803921569
62.74509803921569
62.80816695377143
62.80816695377143
62.80816695377143
62.80816695377143
62.80816695377143
62.80816695377143
62.80816695377143
62.80816695377143
62.80816695377143
62.80816695377143
62.80816695377143
62.80816695377143
62.80816695377143
62.80816695377143
62.80816695377143
62.80816695377143
62.80816695377143
62.89429838185873
62.89429838185873
62.89429838185873
62.89429838185873
62.89429838185873
62.89429838185873
62.89429838185873
62.89429838185873
62.89429838185873
62.89429838185873
62.89429838185873
62.89429838185873
62.89429838185873
62.89429838185873
62.89429838185873
62.87578554039518
62.87578554039518
62.87578554039518
62.87578554039518
62.87578554039518
62.87578554039518
62.87578554039518
62.87578554039518
62.87578554039518
62.87578554039518
62.87578554039518
62.87578554039518
62.87578554039518
62.87578554039518
62.87578554039518
62.87578554039518
62.87578554039518
62.87578554039518
62.87578554039518
62.87578554039518
62.87578554039518
63.017324350336864
63.017324350336864
63.017324350336864
63.017324350336864
63.017324350336864
