746573.4375
692981.375
654806.5625
624577.75
586233.25
578828.0
552110.8125
526672.9375
507666.375
494222.4375
479056.0625
471529.5
449846.1875
449072.1875
441995.25
438075.0
422074.0
418576.875
415549.1875
404717.625
406711.4375
404378.375
404080.625
399846.6875
400544.6875
390848.0
390744.375
388804.25
385350.0625
384654.0
382007.3125
378030.5
378910.75
377961.75
376611.125
371224.5
371988.75
366572.6875
364630.8125
361938.1875
362989.375
364352.0625
364115.5
363258.9375
363439.0625
362906.3125
357135.9375
357333.9375
357532.9375
358681.25
359087.3125
355529.875
355151.3125
348453.125
338388.625
337919.4375
336679.5
338971.125
336844.5
338087.0
342834.8125
343996.0
346049.4375
352096.625
358255.0
359840.1875
356898.8125
350966.9375
349991.75
344060.125
346824.0
346499.1875
346274.8125
345007.5625
344124.6875
341491.6875
340112.875
337008.5625
334711.625
341162.375
339523.5625
339875.25
338418.8125
337771.375
342906.375
343420.75
344167.0
341124.375
339955.6875
335717.5625
333743.0
332840.875
331235.5
330154.0625
335493.0625
330665.0
333100.375
332302.75
338466.3125
337469.0625
334562.625
335363.125
335223.9375
336335.3125
335755.75
332394.6875
333452.6875
333174.125
332514.0
330334.625
328130.8125
329044.0
329016.6875
324406.75
325473.75
317831.0625
318641.375
319182.1875
318899.0625
324036.125
326087.4375
326402.3125
332117.1875
333085.4375
333314.0625
335913.375
334651.4375
343731.875
343671.625
340551.5
337977.8125
337020.6875
336912.4375
333717.9375
332475.9375
328529.9375
327914.875
324900.75
322838.5625
323370.625
322350.625
321088.25
320300.1875
318714.625
316644.625
320252.5625
319315.5
312849.0625
310950.5625
312259.6875
311373.625
313569.75
313805.5
317025.75
322133.1875
321710.4375
320409.8125
317972.375
323419.9375
322258.9375
321750.75
322980.0
326400.9375
325387.875
325887.4375
323865.75
321501.8125
320861.5625
320854.875
320407.9375
319234.25
317753.0625
317727.375
312126.5625
310945.0625
308806.0625
307246.875
310449.5625
309442.8125
309139.375
308800.5
309162.3125
310421.8125
308363.9375
307364.3125
306889.125
308191.9375
308307.4375
306399.4375
308373.875
304619.25
304457.25
309376.4375
312644.5625
315838.1875
316778.5625
317963.5
318526.1875
317827.8125
315352.6875
317100.4375
316928.625
316663.9375
316528.625
316190.8125
316542.25
316883.6875
319510.0625
318056.9375
317034.0625
315121.0625
313997.6875
313924.75
312126.0
311673.4375
308664.625
309326.625
306609.5
306740.1875
305910.75
304475.375
305829.0
306444.4375
303334.0625
305359.6875
307651.1875
306646.5625
306255.5
305452.625
301414.9375
298262.1875
301764.1875
300971.9375
301793.4375
297028.125
300041.1875
300915.5625
300397.5625
302813.875
301158.5
300203.0
298379.0625
296517.1875
293916.375
294882.1875
294073.8125
295661.0
300787.4375
303320.625
302945.1875
302259.625
300129.1875
299328.8125
299809.625
301042.1875
304400.5625
302020.1875
300307.25
299757.3125
296610.125
292030.6875
289344.125
289928.625
288359.8125
286505.9375
285393.1875
288452.1875
288485.1875
290421.625
290828.125
288390.3125
286472.4375
285707.0625
283009.125
287037.4375
289240.5625
288964.9375
288324.5625
286944.4375
286441.375
283852.6875
285172.1875
285185.8125
285023.5
285982.0
285491.125
284162.75
285821.4375
282825.1875
284380.4375
286721.6875
284384.4375
286181.6875
286957.3125
286985.9375
287221.5625
287258.6875
290232.125
290993.4375
290139.6875
287995.625
286902.875
286690.375
286490.625
285178.875
284116.875
282542.375
280366.6875
279090.75
279632.3125
278332.625
276109.3125
275408.0625
275163.625
277720.25
278144.625
278139.5
278643.1875
277137.25
275582.5
275351.5
274016.1875
272838.9375
271225.25
273905.8125
272352.375
272526.75
273679.8125
276533.8125
276502.6875
276569.6875
275297.75
277814.3125
276373.8125
278841.75
278301.6875
275733.75
274317.6875
273431.3125
273985.1875
270811.75
272049.625
273195.5
275636.1875
281680.0
282386.4375
282188.125
281483.625
279335.4375
279962.6875
283541.0
282069.9375
282056.3125
281823.25
282024.125
281528.375
282852.625
282986.625
281521.5625
280604.625
280738.125
282175.875
280493.75
278184.25
276469.5
274622.0
276572.75
276793.0625
277475.875
279055.75
278504.1875
277514.875
278363.6875
276535.5625
274961.0625
276073.25
278231.0
277399.0625
277534.8125
278027.0
278006.625
277966.875
279466.1875
278547.4375
278137.25
278042.4375
277019.375
275424.5
276854.5625
276069.5625
278411.8125
278960.4375
279675.25
279512.125
276631.0625
274906.5
271042.5625
270153.625
274208.9375
274945.25
273743.625
273244.4375
274512.8125
274087.625
275246.0
273669.3125
273241.0625
272809.0
273374.25
273342.6875
271967.375
272754.375
272677.875
273293.4375
273583.75
273194.4375
272888.8125
273167.875
274080.25
274947.75
274082.0625
272386.25
272114.9375
268764.4375
264388.875
263203.25
262917.0625
260968.3125
261541.25
261665.25
261290.1875
261659.5625
263662.625
265200.3125
265174.0625
266323.75
267067.3125
268494.0
270639.8125
269084.8125
268331.5625
267896.6875
269486.125
266738.125
267837.375
269759.625
269750.1875
271514.0
268434.3125
267731.5
267515.9375
267560.875
267189.4375
265980.75
265337.5
262590.0625
264571.4375
267956.75
268068.25
269864.375
268626.3125
273821.25
274181.5
275156.375
275093.125
276063.1875
276281.625
277330.125
276925.0
277666.625
274220.5625
276200.375
277868.6875
279166.875
280684.1875
281817.25
285694.1875
285170.1875
285226.125
289564.4375
291208.0625
286399.5625
284659.3125
285400.75
282212.75
281122.625
281564.1875
278341.9375
279107.875
279137.375
279997.3125
278769.4375
278825.625
277664.1875
275521.375
276825.3125
275194.5625
276331.375
277086.375
277903.875
