47.77128850671149
48.818467447383405
49.4811732335165
50.411664203538315
51.61998904497638
52.852107920438165
53.26077679424782
53.2741898344634
53.893136168385595
54.33590803066274
55.079095107294464
56.46258145867737
56.03322554523786
57.418734434478196
57.991273809548375
58.567482204170076
58.19595601227483
58.583143648852094
59.18373058155462
58.83290418871909
59.49140599136233
60.15323614577551
60.51288338072563
60.1954050193268
60.736434052318046
60.570080653966976
61.14668951557552
61.65773201872321
61.63546808012859
61.91517254302356
62.22980747807544
62.14970838966097
62.43316712378281
62.36577436161209
62.524965900572326
62.24939666544592
62.61876350431605
62.06054753188852
61.93929739117327
61.73292501000928
62.11039693865715
62.37700660442893
62.46455244083894
62.412031196058614
62.67716720688391
62.6805968533857
62.09694397555055
62.153619333050244
62.36876863851368
62.51620409799691
62.655989232467746
62.39527028401877
62.34414934377757
61.557953286110674
60.26157132929751
60.3652381480185
60.25665118196618
60.61284139955111
60.40473022121963
60.89551291097996
61.65363366778314
61.86092752553242
62.2239670698695
63.340787263795654
64.37510359839673
64.60236515153795
64.3268589190736
63.4862585702042
63.902768363995825
63.330010861591916
64.09749740419134
64.22468705724457
64.41583073783592
64.46408631889317
64.56572887564127
64.14990030240608
64.15019019695416
64.42092448582318
64.35255081954938
65.71694293989249
65.74201444902499
66.3391668442915
66.22026446664294
66.45490065011278
67.558253473734
67.7727338629979
67.83861384613975
67.61152283542191
67.71253938484809
67.2481767122313
67.21085136046436
67.28135258353099
67.11748630336832
67.02764027939699
67.92116984400624
67.32702518198843
67.57245166390925
67.47481665270007
67.88603699337375
68.0222227926625
67.87235288576075
68.19139755722502
68.16116879141508
68.32132286228679
68.14680984959361
68.22347891034528
68.40598510364643
68.36145729788223
68.39043732498885
67.9963027471714
67.31995622686614
67.4806402753878
67.40813924803096
67.20695964562677
66.96719741226188
65.49111495974536
65.95529468723531
65.9912070624176
66.02220000923248
66.67691202496874
66.88246269312258
67.31583067648998
67.91434038252984
67.94108663422881
68.97888502652573
69.09905265329455
69.60455179469747
70.66325795826164
70.76797088350581
70.2955895253236
69.9942387954525
69.67170469058284
69.92025759159762
69.84861644796078
69.7119075302605
68.92597576124216
69.28840984919376
68.7870646680916
68.52959722124967
68.55539138772704
69.02009639648507
69.33720091105398
69.70543104868287
69.61847079531132
69.45808777444167
69.9155458372663
69.76524565710105
69.02103119031042
68.89838819047569
69.17496240707057
69.13060909447081
69.5317870171128
69.5883069883389
70.08975055332563
70.85725266623415
70.7930511922053
70.73878251929258
70.4554146165178
71.20606830658838
71.11364165797247
71.0856826790958
71.2912961954721
71.78549883487324
71.72698927794009
71.7915132862913
71.58515639039159
71.32371480238722
71.28574455304418
71.1994324826965
71.12947352792352
71.27660803002661
70.9539437138803
71.14779963473029
70.5953218648823
70.4851498845986
70.29472584515518
70.10756400666179
70.6269109750072
70.5417760257611
70.49073684630223
70.52043032080834
70.5758118136291
70.76180454581359
70.51483442261595
70.41958317304454
70.43164235298248
70.60970806243819
70.56137651703321
70.32448366687709
70.76848100329222
70.29406316548666
70.31278665898238
71.06385586316037
71.60381215605975
72.14694849233142
72.33010929698207
72.41806397817001
72.52681325434796
72.56239236321572
72.29477334464592
72.68610152685076
72.67361762917304
72.5037112810335
72.3929944802587
72.3418597221605
72.20472884824437
72.07135577872225
72.59369045112115
72.53570070914951
72.3548141364095
72.17700713525245
71.92149334747027
71.84863967011428
71.82315754651508
71.80209662034444
71.51770039276114
71.58283793438241
71.2467999010405
71.30899754349454
71.3392350486232
71.0397841244415
71.05194255547208
71.15544197660347
70.78486048332934
71.08023267363096
71.40969820884125
71.25444120071178
71.21795535793154
71.18724572228425
70.76354927702569
70.26417707976994
70.79968552721394
70.69250495421004
70.91779696490296
70.30842816110844
70.70345008257081
70.86304342422078
70.86076425796662
71.12448538538418
70.87023115272122
70.803967080599
70.57228262151844
70.39098509127538
70.02582261793813
70.16152219185837
70.00537419829074
70.446604943215
71.28645498782029
71.71232303063401
71.74739895683481
71.67616683233219
71.36772848502676
71.11360245994408
71.26945328908877
71.52601724720489
72.12140820807502
71.82052454310084
71.46005035928485
71.47264031199671
71.36942382116649
70.89254080437622
70.51067054469327
70.40754207035359
70.18049457446864
69.92893609441526
69.64532391108291
70.2406214880161
70.29762268369541
70.63039350130569
70.71349395618527
70.42470986904178
70.24315445870529
70.16526843184208
69.66593817631784
70.70262061972302
71.316341236976
71.33765003840968
71.32322331080212
71.12165913997902
71.07438046992056
70.57217232780445
70.91697240122181
71.04810609730247
71.01570609124772
71.19893188884845
71.07045822942402
70.86475987902232
71.21835917447319
70.60728729801602
70.98790963246532
71.53573828046709
71.0449347922208
71.6290641036681
71.80443986652845
71.86003290755362
71.9407677823328
71.96523655050211
72.5278537703696
72.77384472013983
72.66389848096402
72.25650357764229
72.08644728490998
72.19146896692897
72.10133020517723
71.80440547765062
71.53709238051223
71.27010599467191
70.84542128998234
70.64643041236613
70.7834134153887
70.48735213046841
70.01939858184122
69.9321249350784
69.84345354030533
70.42311467393304
70.51854675481107
70.52285093598903
70.58012778929232
70.36181046888689
70.03639235083793
69.94954338584536
69.75159738851657
69.48691128393031
69.12430682385255
69.77032643956605
69.51882226171077
69.61030823562997
69.96286180895366
70.48698541856258
70.55431270367185
70.52432017286596
70.22493403236705
70.7815423831771
70.5115679291765
71.0893804193161
70.88806580109885
70.10976190984209
69.63927487950409
69.4491386635136
69.48988661200146
68.7457405282314
69.08963653538297
69.47361178501481
70.02462432178353
71.25028898550205
71.37144639711482
71.39891419289121
71.25110524578045
70.64596029420451
70.73153478012632
71.37170903730119
70.97546222721385
70.97353749629728
70.91017522323834
70.9538550926395
70.8318004662187
71.1158437808598
71.12441959121847
70.90464578982001
70.7996287829171
70.77932090398741
71.20206271076962
70.90706114070989
70.55068315288544
70.2784551575109
69.89236437356567
70.4644687214824
70.5128721814789
70.77341343887511
71.15099517063575
71.10582348548205
70.91476240502831
71.10357993145547
70.73906559742473
70.3844019679187
70.6805600382466
71.13071371751751
70.93629098500887
71.08895096814635
71.15520434160966
71.15607881065503
71.23812781355346
71.54515542146615
71.36663951393945
71.29105119540895
71.41649133672782
71.0768801401665
70.71155292487342
70.99831614366147
70.9838617207012
71.64129342890563
71.71713876189384
71.89597452161499
71.71536522438494
71.18553656465514
70.76401805010501
70.15373980546417
69.98120874291888
70.72485089243858
70.81642633666905
70.79630717152625
70.75762107621125
71.0174608514234
70.91304070378183
71.30649675517584
71.10283934320525
71.18971907574726
71.09903938766091
71.23702055495374
71.24393312993196
70.93838284678745
71.26148392826249
71.26973825042317
71.43617380633012
71.50057038128443
71.2582645614776
71.30925717272711
71.38307861503668
71.58498163247211
71.69883642031104
71.53210762641763
71.25231918164418
71.16591272668933
70.63915987776969
69.94011074379088
69.71033746460618
69.5855051935663
69.18130766948141
69.31572788673948
69.25293789371281
69.14139697344704
69.12278480431337
69.62996495781724
69.99723386728695
69.99835533036496
70.30656164566135
70.474151032055
70.73674181040258
71.25849910078608
71.08285492894949
70.85103835772412
70.76932617495808
71.14466286426439
70.44816720825968
70.65992548408506
71.06326296490616
71.09340787254578
71.38809624810588
70.70126754539085
70.56056605490816
70.45679062420133
70.50480822206418
70.34482046910145
70.08411134924356
70.13942316589183
69.90800619037864
70.37198445395387
71.02682345201208
71.04495122513472
71.37699042310574
71.0958095837157
72.29941815623087
72.28623066459349
72.55506010829018
72.56852622776827
72.80539888831086
72.902786868884
73.04674022017363
72.89883801544353
72.91821339139014
72.34990564613312
72.52602480286671
72.75336282913972
72.9674601653841
73.23710637622236
73.34029154983662
74.0733733351885
73.99220112408564
73.99865351698465
74.65168723956396
74.99923580923974
74.51327829543094
74.322253290194
74.66850146637205
74.24120795822623
74.1924018694334
74.24001607282916
73.84308274802449
73.90663786886202
73.76712673560039
73.77923463988722
73.62974837862734
73.60491994490448
73.34484529373381
73.09378038728427
73.45444602309396
73.16700544859833
73.3583382227458
73.39046598416603
73.50602538822503
