51.15504220346513
48.343572952689286
49.92844184640194
50.84829888999188
50.852564102564095
49.21142804223005
51.73639974138727
58.82752553094339
58.82752553094339
58.82752553094339
58.82752553094339
60.488547639874305
64.3603848168786
60.97415743717995
60.97415743717995
54.2639718116864
52.32050193414473
52.32050193414473
59.53713947277257
57.21234661287612
57.21234661287612
57.21234661287612
61.32199815473837
63.47558631295655
63.47558631295655
62.447997249441286
54.490851233094666
54.554133658338415
54.554133658338415
54.554133658338415
54.554133658338415
54.554133658338415
54.554133658338415
54.554133658338415
54.554133658338415
54.554133658338415
54.554133658338415
54.554133658338415
54.554133658338415
54.554133658338415
61.455877303422234
61.455877303422234
59.042529503451355
59.042529503451355
59.042529503451355
62.03280065424485
62.03280065424485
62.03280065424485
62.03280065424485
62.941190316468365
62.34949945887446
60.41694147649827
63.7912673056443
63.7912673056443
63.7912673056443
63.7912673056443
63.7912673056443
63.7912673056443
63.7912673056443
63.7912673056443
63.7912673056443
63.7912673056443
63.7912673056443
52.78883437728203
52.78883437728203
52.78883437728203
52.78883437728203
52.78883437728203
52.78883437728203
52.78883437728203
52.78883437728203
52.78883437728203
61.180325741353585
58.75440405602819
52.274708358834545
51.332095972778056
51.332095972778056
51.332095972778056
51.332095972778056
51.332095972778056
51.332095972778056
51.332095972778056
51.332095972778056
51.332095972778056
51.332095972778056
50.35409624979881
50.35409624979881
50.35409624979881
50.35409624979881
50.35409624979881
50.35409624979881
50.35409624979881
50.35409624979881
50.35409624979881
54.16898249719662
54.16898249719662
54.16898249719662
54.16898249719662
54.16898249719662
57.04771832290943
57.04771832290943
57.04771832290943
55.078708005969986
56.28749801102594
56.404444864167225
56.404444864167225
56.404444864167225
57.04771832290943
57.04771832290943
57.04771832290943
57.04771832290943
57.04771832290943
57.04771832290943
57.04771832290943
57.04771832290943
57.04771832290943
57.04771832290943
57.04771832290943
57.04771832290943
57.04771832290943
57.04771832290943
57.04771832290943
57.04771832290943
57.04771832290943
58.93831737205231
58.93831737205231
58.93831737205231
58.93831737205231
58.93831737205231
58.93831737205231
58.93831737205231
58.93831737205231
58.93831737205231
58.93831737205231
58.93831737205231
58.93831737205231
58.93831737205231
58.93831737205231
58.93831737205231
58.93831737205231
58.93831737205231
58.93831737205231
58.93831737205231
58.93831737205231
58.93831737205231
58.93831737205231
58.93831737205231
58.136239892319686
56.51535992663916
56.51535992663916
56.51535992663916
56.51535992663916
56.51535992663916
56.51535992663916
56.51535992663916
56.51535992663916
55.568848629863844
55.568848629863844
55.568848629863844
55.568848629863844
55.568848629863844
55.568848629863844
55.568848629863844
55.568848629863844
55.82135763523777
55.82135763523777
55.82135763523777
55.82135763523777
55.82135763523777
55.82135763523777
55.82135763523777
57.08598645258914
57.08598645258914
57.08598645258914
57.08598645258914
57.08598645258914
57.08598645258914
57.08598645258914
57.08598645258914
57.08598645258914
57.08598645258914
57.08598645258914
57.08598645258914
57.08598645258914
57.08598645258914
57.08598645258914
57.08598645258914
57.08598645258914
57.08598645258914
54.10558562622162
54.10558562622162
57.08598645258914
57.08598645258914
57.08598645258914
57.08598645258914
55.11585828518065
55.11585828518065
55.11585828518065
55.11585828518065
55.11585828518065
55.11585828518065
55.11585828518065
55.11585828518065
55.11585828518065
55.11585828518065
55.11585828518065
55.11585828518065
55.11585828518065
55.11585828518065
56.659979520615224
57.08598645258914
57.08598645258914
55.49993932775149
55.49993932775149
55.49993932775149
55.49993932775149
55.49993932775149
55.49993932775149
55.49993932775149
55.49993932775149
55.49993932775149
55.49993932775149
55.49993932775149
55.49993932775149
55.49993932775149
55.49993932775149
55.49993932775149
55.49993932775149
55.49993932775149
55.49993932775149
55.49993932775149
55.49993932775149
55.49993932775149
55.49993932775149
55.49993932775149
55.49993932775149
55.49993932775149
55.49993932775149
55.49993932775149
55.49993932775149
55.49993932775149
55.49993932775149
55.49993932775149
55.49993932775149
55.49993932775149
55.49993932775149
55.49993932775149
55.49993932775149
55.49993932775149
55.49993932775149
55.49993932775149
55.49993932775149
55.49993932775149
55.49993932775149
55.49993932775149
55.49993932775149
55.49993932775149
55.49993932775149
55.49993932775149
55.49993932775149
55.49993932775149
55.49993932775149
55.49993932775149
55.49993932775149
55.49993932775149
55.49993932775149
55.49993932775149
55.49993932775149
55.49993932775149
55.49993932775149
55.49993932775149
55.49993932775149
55.49993932775149
55.49993932775149
55.49993932775149
57.33490395445199
57.33490395445199
57.33490395445199
57.33490395445199
57.33490395445199
57.33490395445199
57.33490395445199
57.33490395445199
57.33490395445199
57.33490395445199
57.33490395445199
57.33490395445199
57.33490395445199
57.33490395445199
57.33490395445199
57.33490395445199
57.33490395445199
57.33490395445199
57.33490395445199
57.33490395445199
57.33490395445199
57.33490395445199
57.33490395445199
57.33490395445199
57.33490395445199
57.33490395445199
57.33490395445199
57.33490395445199
57.33490395445199
57.33490395445199
57.33490395445199
57.33490395445199
57.33490395445199
57.33490395445199
57.33490395445199
57.33490395445199
57.33490395445199
57.33490395445199
57.33490395445199
57.33490395445199
57.33490395445199
57.33490395445199
57.33490395445199
57.33490395445199
57.33490395445199
57.33490395445199
57.33490395445199
57.33490395445199
57.33490395445199
57.33490395445199
57.33490395445199
57.33490395445199
57.33490395445199
57.33490395445199
57.33490395445199
57.33490395445199
57.33490395445199
57.33490395445199
57.33490395445199
57.33490395445199
57.33490395445199
57.33490395445199
57.33490395445199
57.33490395445199
57.33490395445199
58.18342485640346
58.18342485640346
58.18342485640346
58.18342485640346
58.18342485640346
58.18342485640346
58.18342485640346
58.18342485640346
58.18342485640346
58.18342485640346
58.18342485640346
58.18342485640346
58.18342485640346
58.18342485640346
58.18342485640346
58.18342485640346
58.18342485640346
58.18342485640346
58.18342485640346
58.18342485640346
58.18342485640346
58.18342485640346
58.18342485640346
58.18342485640346
58.18342485640346
58.18342485640346
58.18342485640346
58.18342485640346
58.18342485640346
58.18342485640346
58.18342485640346
58.18342485640346
58.18342485640346
58.18342485640346
58.18342485640346
58.18342485640346
52.688383966363524
52.688383966363524
52.688383966363524
52.688383966363524
52.688383966363524
52.688383966363524
52.688383966363524
52.688383966363524
52.688383966363524
52.688383966363524
52.688383966363524
52.688383966363524
52.688383966363524
52.688383966363524
52.688383966363524
52.688383966363524
52.688383966363524
52.688383966363524
52.688383966363524
52.688383966363524
52.688383966363524
52.688383966363524
52.688383966363524
52.688383966363524
