275928.0
236470.0
242242.0
242252.0
213110.0
244116.0
206770.0
181364.0
166848.0
178878.0
188322.0
189922.0
189922.0
151188.0
151188.0
153720.0
163788.0
163788.0
163788.0
163788.0
163788.0
163788.0
163788.0
163788.0
163788.0
164752.0
163788.0
126638.0
126638.0
130606.0
126638.0
126638.0
126638.0
126638.0
126638.0
124466.0
124466.0
124466.0
124466.0
128900.0
124466.0
137850.0
137850.0
134838.0
134838.0
124842.0
124842.0
124842.0
124842.0
124842.0
124842.0
124842.0
124466.0
135110.0
124466.0
124466.0
124466.0
124466.0
124466.0
124466.0
136380.0
136380.0
124466.0
124466.0
135000.0
124466.0
125484.0
129452.0
129452.0
129452.0
129140.0
129140.0
129140.0
129140.0
129140.0
132744.0
132744.0
132744.0
132744.0
132744.0
132744.0
139896.0
139438.0
139438.0
139438.0
139438.0
139438.0
143608.0
143608.0
143608.0
143608.0
143608.0
150314.0
136648.0
136648.0
146188.0
145694.0
136648.0
152392.0
136648.0
136648.0
136648.0
136648.0
136648.0
136648.0
136648.0
136648.0
136648.0
136648.0
148270.0
148270.0
148270.0
148270.0
148270.0
136648.0
136648.0
136648.0
136648.0
136648.0
136648.0
136648.0
136648.0
136648.0
136648.0
136648.0
136648.0
136648.0
136648.0
135896.0
135896.0
135896.0
135896.0
135896.0
135896.0
133898.0
133898.0
133898.0
133898.0
138852.0
138852.0
138852.0
150444.0
150444.0
150444.0
150444.0
150444.0
150444.0
134928.0
134928.0
134928.0
134928.0
134928.0
132744.0
130586.0
130586.0
130586.0
130586.0
130586.0
130586.0
130586.0
130586.0
135066.0
135066.0
135066.0
135066.0
135066.0
135066.0
135066.0
135066.0
135066.0
135066.0
135066.0
135066.0
135066.0
135066.0
135066.0
135066.0
135066.0
135066.0
135066.0
135066.0
135066.0
135066.0
135066.0
135066.0
143572.0
143572.0
135066.0
135066.0
135066.0
135066.0
138332.0
138332.0
138332.0
138332.0
138332.0
138332.0
138332.0
135066.0
135066.0
135066.0
135066.0
135066.0
135066.0
135066.0
135066.0
135066.0
135066.0
135066.0
135066.0
135066.0
135066.0
135066.0
135066.0
135066.0
135066.0
135066.0
135066.0
139484.0
139484.0
135066.0
135066.0
135066.0
135066.0
138692.0
135066.0
135066.0
135066.0
135066.0
135066.0
135066.0
135066.0
135066.0
136062.0
136062.0
136062.0
136062.0
135066.0
135066.0
135066.0
135066.0
135066.0
135066.0
135066.0
135066.0
135066.0
135066.0
141460.0
141460.0
141460.0
141460.0
135066.0
135066.0
135066.0
135066.0
135066.0
135066.0
135066.0
135066.0
135066.0
135066.0
135066.0
135066.0
135066.0
135066.0
135066.0
135066.0
135066.0
135066.0
135066.0
135066.0
135066.0
135066.0
135066.0
135066.0
135066.0
135066.0
135066.0
135066.0
135066.0
135066.0
135066.0
135066.0
135066.0
135066.0
135066.0
135066.0
135066.0
135066.0
135066.0
135066.0
135066.0
135066.0
135066.0
135066.0
135066.0
135066.0
135066.0
135066.0
135066.0
135066.0
135066.0
135066.0
135066.0
135066.0
135066.0
135066.0
135066.0
135066.0
135066.0
150698.0
135066.0
135066.0
135066.0
135066.0
135066.0
135066.0
135066.0
135066.0
135066.0
135066.0
135066.0
135066.0
135066.0
135066.0
135066.0
142032.0
135066.0
135066.0
135066.0
135066.0
135066.0
135066.0
135066.0
135066.0
135066.0
135066.0
135066.0
135066.0
135066.0
135066.0
135066.0
135066.0
135066.0
135066.0
135066.0
135066.0
135066.0
135066.0
135066.0
135066.0
135066.0
135066.0
135066.0
135066.0
135066.0
135066.0
135066.0
135066.0
135066.0
135066.0
135066.0
135066.0
135066.0
135066.0
135066.0
135066.0
135066.0
138358.0
135066.0
135066.0
135066.0
135066.0
135066.0
135066.0
123868.0
123868.0
123868.0
123868.0
123868.0
123868.0
123868.0
123868.0
123868.0
123868.0
123868.0
123868.0
123868.0
123868.0
123868.0
123868.0
123868.0
123868.0
123868.0
123416.0
123416.0
123416.0
123416.0
123416.0
123416.0
