999264.0
977861.0
1047267.0
947235.0
900219.0
883185.0
841022.0
841022.0
841022.0
841022.0
841022.0
763937.0
732362.0
729956.0
729956.0
729956.0
729956.0
729956.0
720321.0
720321.0
720321.0
720321.0
720321.0
720321.0
720321.0
696370.0
696370.0
696370.0
696370.0
696370.0
699570.0
699570.0
696370.0
696370.0
696370.0
696370.0
677552.0
677552.0
677552.0
748809.0
726700.0
726700.0
677552.0
677552.0
677552.0
777754.0
677552.0
677552.0
677552.0
677552.0
684547.0
684547.0
692351.0
693340.0
684547.0
684547.0
684547.0
594342.0
594342.0
594342.0
594342.0
594342.0
681711.0
594342.0
594342.0
594342.0
594342.0
594342.0
594342.0
594342.0
594342.0
567599.0
600749.0
567599.0
567599.0
567599.0
567599.0
567599.0
567599.0
567599.0
567599.0
567599.0
567599.0
579647.0
656619.0
578243.0
578243.0
594864.0
605073.0
567259.0
567259.0
567259.0
654233.0
567259.0
567259.0
583185.0
613508.0
613508.0
613508.0
613508.0
613508.0
613508.0
613508.0
639718.0
593924.0
593924.0
672829.0
593924.0
593924.0
593924.0
602464.0
602464.0
602464.0
587368.0
637862.0
660574.0
660574.0
747575.0
747575.0
747575.0
794795.0
794795.0
747575.0
747575.0
747575.0
747575.0
747575.0
747575.0
747575.0
747575.0
747575.0
747575.0
747575.0
747575.0
747575.0
746833.0
746833.0
746833.0
746833.0
746833.0
637862.0
637862.0
637862.0
637862.0
637862.0
637862.0
637862.0
637862.0
687382.0
687382.0
687382.0
687382.0
583916.0
607024.0
607024.0
579173.0
579173.0
579173.0
579173.0
544649.0
544649.0
571110.0
544649.0
544649.0
616670.0
544649.0
581586.0
581586.0
581586.0
581586.0
544649.0
544649.0
588923.0
588923.0
572838.0
572838.0
572838.0
572838.0
572838.0
572838.0
573678.0
573678.0
608512.0
608512.0
608512.0
573678.0
573678.0
573678.0
573678.0
573678.0
581730.0
573678.0
573678.0
573678.0
573678.0
566083.0
566083.0
558203.0
558203.0
558203.0
558203.0
558203.0
559235.0
558203.0
558203.0
558203.0
558203.0
558203.0
552923.0
552923.0
552923.0
558689.0
552923.0
548881.0
548881.0
548881.0
548881.0
548881.0
548881.0
548881.0
548881.0
548881.0
548881.0
548881.0
640828.0
547749.0
547749.0
547749.0
547749.0
547749.0
547749.0
547749.0
547749.0
557694.0
557694.0
557694.0
557694.0
557694.0
557694.0
557694.0
557694.0
557694.0
558130.0
558130.0
558130.0
558130.0
558130.0
558130.0
543364.0
543364.0
543364.0
550294.0
550294.0
550294.0
543364.0
588178.0
543364.0
543364.0
562131.0
562131.0
543364.0
543364.0
543364.0
543364.0
543364.0
543364.0
544193.0
544193.0
544193.0
544193.0
544193.0
544193.0
543364.0
558939.0
557891.0
557891.0
557891.0
557891.0
557891.0
557891.0
557891.0
557891.0
557891.0
557891.0
557891.0
557891.0
543364.0
543364.0
543364.0
543364.0
543364.0
534215.0
507920.0
507920.0
507920.0
507920.0
497269.0
593705.0
593705.0
497269.0
497269.0
497269.0
496659.0
572100.0
572279.0
644718.0
572100.0
579549.0
579549.0
579549.0
579549.0
368265.0
368265.0
368265.0
464118.0
593058.0
593058.0
369225.0
369225.0
389056.0
389056.0
419300.0
500648.0
585716.0
525011.0
525011.0
500648.0
555286.0
555286.0
555286.0
419300.0
484422.0
419300.0
490306.0
424150.0
466245.0
466245.0
466245.0
424150.0
424150.0
424150.0
492742.0
631984.0
646865.0
476260.0
465681.0
428685.0
428685.0
569159.0
447741.0
428685.0
428685.0
428685.0
428685.0
636378.0
636378.0
418060.0
418060.0
418060.0
608036.0
538080.0
614176.0
614176.0
745908.0
538080.0
538080.0
538080.0
418060.0
418060.0
385842.0
385842.0
385842.0
369365.0
369365.0
369365.0
578561.0
578561.0
578561.0
578561.0
413072.0
568827.0
568827.0
568827.0
568827.0
568827.0
568827.0
568827.0
608962.0
608962.0
608962.0
608962.0
608962.0
538791.0
538791.0
538791.0
413975.0
407690.0
407690.0
407690.0
407690.0
