45443.333333333336
42400.666666666664
38740.833333333336
31987.75
30233.75
29662.25
32817.25
30651.583333333332
30878.75
28587.75
26248.416666666668
25281.25
28506.75
28649.166666666668
28949.5
28844.083333333332
28749.416666666668
27775.083333333332
30210.666666666668
29838.666666666668
29863.666666666668
29560.0
30215.0
30046.333333333332
31081.583333333332
28550.583333333332
28508.916666666668
29152.416666666668
29415.416666666668
29326.416666666668
29326.416666666668
28365.083333333332
27276.416666666668
27092.833333333332
27092.833333333332
28238.5
28149.833333333332
26436.25
27548.25
26747.916666666668
27361.25
27936.666666666668
27428.333333333332
27051.333333333332
26963.333333333332
27598.0
27647.0
28299.0
28367.333333333332
28410.666666666668
27677.0
27545.0
28184.333333333332
28184.333333333332
27647.666666666668
27692.0
25712.333333333332
26703.083333333332
28524.75
28428.083333333332
29043.083333333332
29078.083333333332
29099.083333333332
29211.083333333332
29211.083333333332
31072.75
31544.75
32173.416666666668
32816.416666666664
32816.416666666664
32797.083333333336
32606.083333333332
32854.083333333336
32807.083333333336
33856.416666666664
34196.333333333336
34104.666666666664
33929.333333333336
35237.0
35868.0
35868.0
35887.666666666664
35917.666666666664
35685.416666666664
35685.416666666664
35694.083333333336
35694.083333333336
35674.416666666664
35370.166666666664
34741.833333333336
34734.833333333336
34734.833333333336
34784.5
34820.166666666664
34828.166666666664
34828.166666666664
34831.5
35252.083333333336
35252.083333333336
34589.083333333336
34582.75
34575.75
34596.083333333336
34589.416666666664
34598.083333333336
34668.083333333336
34661.75
34573.75
34595.083333333336
34595.083333333336
33084.5
32521.5
32521.5
32521.5
32521.5
31865.166666666668
31865.166666666668
31218.5
31886.5
31909.5
31099.25
31110.583333333332
31091.916666666668
31091.916666666668
30740.0
30020.333333333332
30020.333333333332
29370.0
29510.0
28794.666666666668
28794.666666666668
30056.333333333332
29365.166666666668
29365.166666666668
28108.833333333332
27460.5
28733.5
28733.5
30054.833333333332
31976.166666666668
31976.166666666668
32231.916666666668
32254.916666666668
32254.916666666668
31951.0
31273.0
31189.333333333332
30870.75
30379.083333333332
30439.083333333332
30439.083333333332
29801.083333333332
29282.75
29100.666666666668
29425.083333333332
29425.083333333332
29425.083333333332
30068.083333333332
30068.083333333332
30068.083333333332
30068.083333333332
30068.083333333332
30068.083333333332
30709.416666666668
30709.416666666668
31979.083333333332
31676.833333333332
31749.166666666668
31743.833333333332
31449.916666666668
31137.666666666668
31448.25
31117.666666666668
31469.583333333332
32160.083333333332
32492.0
32469.833333333332
32464.833333333332
32463.166666666668
33074.5
32518.5
33251.166666666664
33279.166666666664
33264.5
34540.833333333336
33939.166666666664
33870.5
33905.833333333336
33905.833333333336
33928.833333333336
33928.833333333336
33907.833333333336
33948.833333333336
33899.5
33854.166666666664
33156.5
33156.166666666664
33120.833333333336
33157.5
33103.833333333336
33156.5
