63203.107142857145
53518.17857142857
54940.642857142855
46376.5
45648.53571428572
40403.78571428572
39931.892857142855
43816.92857142857
44510.96428571428
44213.53571428572
39285.5
43180.46428571428
42575.75
39521.42857142857
45319.32142857143
41442.0
41042.46428571428
42970.21428571428
45583.0
45982.46428571428
43215.17857142857
42444.892857142855
42003.57142857143
41835.21428571428
45567.107142857145
41722.82142857143
45519.607142857145
40343.857142857145
44356.5
43141.28571428572
41686.25
42358.57142857143
46463.32142857143
41949.92857142857
41092.78571428572
43114.392857142855
44277.28571428572
43744.53571428572
41243.42857142857
43703.607142857145
41533.53571428572
43549.42857142857
38103.96428571428
39615.857142857145
38490.75
37084.28571428572
41970.892857142855
40865.71428571428
41316.46428571428
40134.57142857143
43920.32142857143
39949.07142857143
39631.17857142857
40925.0
42819.07142857143
43133.57142857143
39161.5
41744.142857142855
42313.53571428572
40306.642857142855
40934.32142857143
39773.25
43576.142857142855
43926.28571428572
42555.92857142857
40931.607142857145
43647.03571428572
43566.67857142857
43126.642857142855
42073.32142857143
42376.107142857145
43677.53571428572
43077.75
43945.92857142857
46179.25
42865.17857142857
44456.46428571428
43471.21428571428
40758.42857142857
45360.32142857143
46459.0
46920.82142857143
46077.5
47300.32142857143
45242.0
46084.53571428572
45273.17857142857
45134.67857142857
42721.82142857143
41271.71428571428
42839.71428571428
40924.107142857145
44720.82142857143
42193.642857142855
45501.607142857145
45932.142857142855
45640.392857142855
42789.82142857143
42788.57142857143
43769.857142857145
40631.67857142857
42023.392857142855
41734.357142857145
43746.03571428572
41769.642857142855
43172.03571428572
41789.392857142855
41731.75
44369.607142857145
42816.392857142855
40883.107142857145
42587.03571428572
43433.642857142855
41313.57142857143
43531.92857142857
42202.78571428572
42544.142857142855
42437.25
44615.82142857143
42994.857142857145
41961.46428571428
44011.357142857145
44331.392857142855
44265.32142857143
42117.607142857145
43922.07142857143
43522.53571428572
42965.107142857145
44612.857142857145
42600.78571428572
43185.17857142857
43670.21428571428
42725.67857142857
41326.32142857143
40368.642857142855
43945.357142857145
43328.78571428572
41558.46428571428
47233.392857142855
40287.96428571428
43066.357142857145
41000.5
42837.28571428572
41369.857142857145
42506.67857142857
40237.21428571428
39726.53571428572
41220.46428571428
39539.71428571428
41281.142857142855
38461.0
39340.892857142855
42723.107142857145
38712.21428571428
38454.82142857143
39897.57142857143
39765.392857142855
41653.71428571428
41475.357142857145
38726.357142857145
37820.17857142857
40608.0
38842.42857142857
41291.642857142855
43561.25
39252.53571428572
39760.57142857143
41732.142857142855
39582.28571428572
39080.142857142855
38540.0
41282.25
39376.07142857143
40445.357142857145
41773.78571428572
39369.25
42581.17857142857
42612.67857142857
43988.82142857143
40918.53571428572
40652.53571428572
43707.75
43534.857142857145
44440.142857142855
43553.53571428572
43116.17857142857
41856.0
45121.71428571428
40288.67857142857
42732.78571428572
42679.107142857145
42966.07142857143
42069.32142857143
42416.75
44558.78571428572
41364.17857142857
42825.607142857145
41069.92857142857
42403.57142857143
43980.32142857143
43248.32142857143
