47.24335907103015
47.66193632324149
48.470751692387616
48.50825264942686
49.87944006789212
49.95934048440263
50.78035726029468
51.1341820722035
51.956189329412254
52.031058776862736
52.248546961055034
51.87100967980825
52.181579025460984
52.25278080233595
52.47479538580889
52.405706981825446
52.23033150620538
52.62674404057609
52.434197460110134
52.693229919210765
52.627827361193894
52.695345777114355
53.04488481808924
53.07429677283297
53.18257676952585
53.12815407615496
52.97627534251891
52.98450889084104
52.961616770205794
52.72525087101068
52.75157291297056
52.460564791042145
52.571245740240784
52.68032235360196
52.99521338597526
53.267435762735644
52.82193474475762
52.75647653555542
52.949747415774695
52.73285643244285
53.04010571754876
53.14562301959346
53.317661907238154
53.625269461839615
53.83735063700383
54.20619696285023
54.459083147459936
54.444997883399125
54.49580947087139
54.72394876234864
54.93903742280985
55.272112377568206
55.191529528927944
54.750373443054215
54.87406185475576
54.86516595625303
54.94190699767476
54.81237674337473
55.002275105260836
54.8658838697361
54.53290298983603
55.1343174407574
55.68966313609478
56.21062967238235
56.41980952766629
56.27964059911214
56.71984398850244
57.365592960799134
57.168737053087774
57.413407240315415
57.64623393389966
57.667263894786046
57.632403014751596
57.789923767991446
57.614182997633975
58.050608148932874
58.12216002031196
57.952098681913654
57.80982015933698
58.07948356266455
58.346122300085675
58.327676506201705
58.43665308410974
58.338266368087304
58.29566515997745
58.33283395945581
58.18318295476278
58.253958748200795
58.34266037464032
58.376324600786766
58.411047149829834
58.184017806487745
58.271937250667165
58.363614688216366
58.37189235000881
58.4557125494263
58.731806579072575
58.73435967242686
58.752005475109094
58.74328495766213
58.67302460850865
58.690133194905414
58.69424242068046
58.79394453456102
58.70750737509454
58.85930180739713
58.85930180739712
59.088712144769985
59.09479293107266
58.95552910056451
58.98157065788374
58.890910793660304
58.890910793660304
58.90119012076563
58.90119012076563
59.35570240810372
59.35639631269604
59.4771482641341
59.31384794184805
59.37740319067952
59.445499698625056
59.51249608031029
59.517724455600856
59.517724455600856
59.53923967718937
59.45362866841756
59.6114288846602
59.28580198138312
59.38327706216921
59.745340313755264
59.57048306476374
59.69092805467717
59.59889931577281
59.688477701186244
59.82245940393343
59.77774021849005
59.71395221159057
59.499709317597
59.47940422610209
59.122646441841994
59.15766335735932
59.07582670650282
59.07582670650282
59.07228218644811
59.09046188102379
59.123335827091594
59.130212840166585
59.15478937282445
59.08440053509806
59.0559302135405
59.06131180607714
59.14332257460093
59.29312297170727
59.50675623153866
59.506646513509
59.487706508181404
59.487706508181404
59.48610013911482
59.77599985253654
59.879022951975415
59.879022951975415
59.94038513827574
60.10123301030818
60.10123301030818
60.21423825710025
60.319275085783524
60.3403593135871
60.42493039244965
60.58583060894007
60.58583060894007
60.72504926976457
60.84194854774019
60.96461620770987
61.04742046695342
61.05654901572518
60.936817969000856
60.936817969000856
60.74282103699028
60.719489495485604
60.87373535995018
60.87373535995018
61.026994302165576
61.026994302165576
61.026994302165576
61.02925013902209
61.11230886977374
61.11906067985175
61.08813028797316
61.09542345911372
61.069757336002056
61.152539070729325
61.262111845092875
61.32103910522329
61.32409304426295
61.32342131370083
61.41169109599648
61.713569591996034
61.71450401871855
61.56036647768227
61.6210350686639
61.6210350686639
61.59300940922302
61.59300940922302
61.68684939317588
61.58947225264151
61.46121083513388
61.417381133421124
61.43379840335596
61.32628174502505
61.27117707240925
61.301416108658614
61.301416108658614
61.496776089029744
61.5980825649425
61.6032784261658
61.61247033163456
61.601572351247775
61.654533321986705
61.749098255704595
61.851176434429746
61.77157132642329
61.866836658792536
61.89807477176546
61.714165097749756
61.714165097749756
61.80390080518399
61.72680480314991
61.72680480314989
61.59279108770181
61.61769439969559
61.7199021144814
61.72515679832211
61.784174152188015
61.70805906327187
61.70805906327185
61.70805906327185
61.7094088845207
61.72424863818469
61.63264620602897
61.69023028003262
61.8001858362671
61.80544866907975
61.80544866907974
61.757582770276485
61.78560130343912
61.74826345695283
61.75169367958779
61.751693679587774
61.78103672433622
61.785567350264365
61.7942382669075
61.850649761929525
61.93601203289851
61.93601203289851
61.94268686151146
61.85153165528793
61.85153165528791
61.85153165528791
61.85153165528791
61.85153165528791
62.00039889036524
62.000398890365226
62.00650572119639
62.00650572119641
62.00830803993464
62.00830803993464
61.90883398875947
61.88140584412787
61.881405844127855
61.881405844127855
61.891466291998086
61.90694891601579
61.77783648443271
61.683968270081905
61.68396827008188
61.68396827008188
61.68396827008188
61.68815080986506
61.68815080986506
61.68815080986506
61.65621248755171
61.7055683424132
61.56696289254545
61.56696289254544
61.580421642463875
61.46888995601048
61.47268059785731
61.47268059785731
61.4733345616786
61.4733345616786
61.4847392487016
61.3837702385607
61.483155138298
61.50397772363105
61.71126205031605
61.66429484630595
61.66429484630595
61.66056466729344
61.680387283783965
61.83036054716068
61.83036054716068
61.76495954485292
61.81135542632362
61.81135542632362
61.81765791250503
61.82480447788807
61.89472373004234
61.8248487753772
61.918379809441014
62.07327920386524
62.07800654257022
62.15912720049825
62.264789981405
62.39860794121565
62.28627603553427
62.29379449321116
62.163234353736016
62.23432835847294
62.297047735087276
62.22825297772391
62.354452189339646
62.33827286931815
62.10929007126906
62.14536263815737
62.11260623722679
62.19910556732375
62.186012875717566
62.164565356144216
62.16456535614422
62.16456535614422
62.16456535614422
62.16456535614422
62.189905041017354
62.085193487451
61.87694057595509
61.74299969315591
61.91099636491074
61.865958028689455
62.04206117597886
62.073691421812384
61.92417348519113
61.895439583376195
61.81131608134085
62.08972114223987
62.18199039677923
62.181275334768884
62.181275334768884
62.19741218378338
62.181723002019154
62.181723002019154
62.15463351388826
62.37089845053619
62.41727012683739
62.42130996791839
62.4232280547476
62.42649010132378
62.42649010132378
62.38695554838849
62.35730296159695
62.2870444240343
62.2871195205037
62.3790220371773
62.3790220371773
62.380392675151924
62.380392675151924
62.39244358977601
62.39244358977601
62.213741365843774
62.1160787031226
62.25261096216077
62.164303016550164
62.343883361158795
62.33563043118937
62.41936330238127
62.4462244998594
62.33044446677017
62.33044446677017
62.35223647750828
62.35223647750828
62.487624238119906
62.485679928859724
62.543735910572956
62.42466423292568
62.42848939993532
62.504160524493216
62.51283507893188
62.5186120901732
62.5186120901732
62.49028701061947
62.47411612865236
62.47411612865236
62.31946621515408
62.424277818230465
62.37912618964869
62.51781525479929
62.42855135458002
62.42855135458002
62.515901029323686
62.6465438973514
62.646543897351386
