36.72102128856794
40.53686446118291
41.076892534482056
41.352045944628685
41.470517663995935
41.03929246473714
40.4063066392159
43.61681783862023
40.99668010645019
38.010179966204646
42.30382855229379
42.59054753381249
45.45666173896791
46.66027848997315
43.64194088120469
43.172331444981246
47.28471548616108
46.31846640922255
44.70098384648743
48.59730821603484
46.601351351351354
45.762917728031844
48.53718951661999
42.68488212134149
48.39920014942263
46.37786608458798
45.52327095242008
48.28155802517276
44.22884302831008
46.99838584902853
42.63787382076654
46.881857006111474
46.5514071949852
46.66609500943233
46.79291205366419
45.28945270479618
45.366133686184604
47.492019349044455
47.301287350891705
44.278065774224665
46.573577961790335
46.082747682463285
46.614660539579006
46.965390650442615
45.656241546184134
47.913381861465915
46.01159995819835
47.496142897498856
45.37805440295067
44.01407302527138
44.12836926256566
45.66840225425353
48.39360076374764
46.71063258054096
47.69981408425157
48.30578139928973
46.71020226299236
48.13497058357342
47.07393947307335
45.132660933872515
46.74711891436481
47.1994006979214
50.21435389762601
47.7062209312686
47.22927406528146
43.87066755717786
47.641478174430155
45.60192632854376
46.803973447514416
43.528675759674286
47.301370723781645
47.38549542051186
45.019498548945194
49.02113162521979
47.475062799392454
47.30871894090038
44.34079040249439
45.35509963519597
46.04579302415406
47.56736919366677
44.24971216579251
48.1859228276225
47.786047569439354
46.14190079016681
47.265863453815264
44.761818978184685
47.35932091168829
45.80145757563089
46.59097443296167
46.43051761749149
48.635813807625105
47.03417655398851
44.78563132233972
46.810054016747294
46.1099371505766
46.55310621242486
46.43088680985638
46.8172996426134
45.24830054097513
44.648034346613095
46.65761106746966
47.071930136398485
47.11746810153022
48.44274479716121
46.41806263656227
48.64669013870761
45.65977648071487
47.156646442360724
47.13367874854589
45.42113991446277
47.86634968722825
48.25789761217735
46.456866003675465
47.76126844834464
46.579773111272026
45.59551244261036
47.91452647877678
43.1804096414927
47.85737598496505
44.344820344085264
44.83046484260077
45.86281812538796
47.61093557861459
48.75853190782519
49.340644875098505
44.713975754236124
49.36704667789219
42.814233527262886
45.84516096412345
45.25732202914798
46.67013848705783
48.19683216909971
47.52877245953392
48.13417773580307
45.03415053763442
44.75208615941136
47.52559773064973
48.57858741787312
46.326103622585215
45.90144907146877
45.782002745000504
46.88976139529251
47.73545698836994
46.8979381842913
44.88761277980813
47.399267657455404
47.308233485286735
47.58462291501939
47.62855788940472
46.33470432318801
47.01718760272021
47.02183559597557
46.51126521291113
47.98984212458696
48.71948998178507
46.664349010621024
46.48399916335495
45.61240473801855
49.32486024359179
48.43411435268436
47.72542691094727
46.22599275983089
45.25623057705198
46.3222042721235
48.38903743315508
46.8487077792559
47.07955994751668
46.72425684529968
49.74118981776927
45.27800635965581
42.89596129419177
44.8865898748578
46.48898355486093
45.91159450603081
46.43707807055748
45.83487967632313
45.91585782874512
46.19369695965308
46.347777171459946
43.0100914143813
46.44268273232125
45.26550499045658
44.9147099854074
47.36142340746332
47.07847717307555
47.597757114355474
47.017922780102865
40.868629727833294
46.47709540694083
47.814066289409865
47.95187437813737
44.68156639236656
44.96601250242028
48.073822740552274
46.40553329398731
47.86602062992072
47.292953211339764
45.208548434066664
45.324263038548764
46.9668030923147
46.23541405811297
44.439690496016006
46.066905739479935
45.22599973948156
49.26199922048138
44.95010034262506
46.99876075295564
47.368285248360664
46.958830638402986
47.51503950134088
47.38545283099738
46.84615820168734
44.76153407026831
43.519702869920316
48.08470887163823
46.37072920082348
43.61592183641315
44.39312643537996
44.760784313725495
46.03859641798522
45.51496970766424
48.66559609816434
47.6793899624576
46.42544650669448
46.0472266590506
44.92853429476143
43.58474579109357
46.929756978075204
45.45124416669828
46.737671329659456
48.652144686881165
45.83618869622399
44.25445009084715
50.71781684806443
47.54833896902277
46.17964997321672
46.94507721436602
49.289375203384324
50.58076434162696
47.10905677752985
48.96228037569833
47.39670420965181
46.76682662815438
47.76470588235294
47.03738398820365
50.328567845497865
49.31797851203872
48.12499435864572
47.3797551665131
46.39662932433398
49.19059011164274
51.01085400176074
45.790156785380546
47.15455374278528
50.50515523299349
46.329919441555454
47.51085672753702
44.38950912334862
45.15533851276359
48.012671914867134
48.89725881712961
47.35104490884838
45.13335687844183
43.842476094615
45.37339829434823
48.66019058192247
46.54466872906361
45.92792233698302
43.97632002190057
46.56120291607447
47.9045867157196
47.78673690689019
45.19570475452828
44.2455519015094
47.742998292176985
45.37933657153722
47.0822204051967
47.3786301369863
48.20426508199188
45.882976226633915
45.41674237152171
44.650859233678666
48.74275820113247
46.2332238720731
43.61280682135417
47.50149944461658
46.911108308283055
46.28428337279184
44.30297627890854
44.52318402621353
44.98550313733035
46.04587350834492
45.171307758408
46.24954672468591
48.21329652634001
47.86791642994659
47.84358967635929
46.857767877873236
46.80859033162059
48.100679001157225
48.02224891421636
47.249922658770494
46.43314923853748
44.29267660490227
44.866100522363375
47.60248487397678
45.38153500102243
47.459132538448245
46.72066700087069
47.875907207415466
48.68253305497565
48.26987235277053
44.76432184850971
46.62542018715364
46.606684247720494
45.34826337482883
45.50648491751479
49.167485649987896
44.141442407847904
47.2318186610073
46.257723963675474
47.928431904311175
42.822821944777445
45.100871251361326
48.77963167436851
45.909776336587555
46.98647373387858
41.57968085204566
46.937125967012115
46.07477226720647
47.54342405090503
46.443768996960486
46.874467057017796
43.23970872343588
44.6834408899694
44.693151030180836
44.39938940985459
46.62538443850421
41.20852907750558
45.15350491839729
44.71240298482658
48.649325321526455
41.92952978599632
44.868503074719904
45.61000088230104
46.58395875192058
45.511520154023984
47.33343054972355
45.791576119444976
48.26815944615717
47.510528565841064
44.9077159024803
44.93229305296779
44.805252941976974
45.704038755884135
47.03572517568307
45.953464315419396
47.16814466160639
46.32225519704209
43.5041281569116
50.63004753995074
44.34736507263281
45.857210600838876
47.37787589550463
45.10684697920135
48.004646945483394
45.80216549756963
46.898831251944046
43.47225895512279
45.29671194301805
45.395250783866786
44.89197033215092
45.249301270895955
44.68127603720824
47.41133426805222
46.395440367242436
47.53895565921033
48.313569006538145
45.73379359358343
44.17547923590828
46.5262420660976
43.936580370930095
47.265194818815885
45.64543822262202
43.60581540284844
42.98395265767447
45.77139901732609
45.811180967718414
48.08643214159427
44.73330799442544
47.05256276872933
45.55038371705039
47.363750915964054
43.72422328302553
46.51650719765538
45.67682283543222
48.13709167068466
45.61372718673052
45.87043199328477
47.581059086841464
47.881515831029255
