756549.15
691702.95
605320.4
549606.8666666667
547907.9666666667
538534.6333333333
571755.1333333333
539794.4333333333
514938.13333333336
545342.0
486646.15
512482.01666666666
486948.38333333336
526583.1333333333
470366.61666666664
489807.68333333335
449597.18333333335
448581.5333333333
460202.48333333334
437636.9166666667
453958.86666666664
414465.56666666665
416575.36666666664
452130.5333333333
412831.31666666665
410283.01666666666
451612.31666666665
417915.31666666665
443291.7
416769.11666666664
440176.5833333333
431998.31666666665
423984.13333333336
415874.86666666664
345328.15
343130.55
374968.56666666665
416876.15
417568.86666666664
444233.6666666667
431696.13333333336
415761.2166666667
418114.15
416324.45
425792.5333333333
414556.55
413641.86666666664
431481.56666666665
435794.5333333333
449908.63333333336
364771.7166666667
371335.8
375879.86666666664
309235.9
347444.5833333333
356278.4166666667
348372.15
331945.5
348816.7833333333
342552.7
347695.0833333333
356482.4666666667
362589.18333333335
334794.8
346802.5
356062.9
346125.01666666666
335864.3333333333
371322.55
369281.7166666667
369558.75
365849.63333333336
347584.4166666667
317916.5333333333
342277.4
308880.45
322258.7833333333
339713.65
337650.3333333333
353292.3333333333
365038.7833333333
334140.3333333333
328414.76666666666
352010.06666666665
330678.15
359764.8
343162.86666666664
333407.31666666665
330970.76666666666
335070.5833333333
352450.0
336317.65
319596.15
334858.6666666667
344492.11666666664
357183.68333333335
355491.01666666666
343002.1666666667
338193.7
347118.85
343143.85
348179.4166666667
332240.51666666666
346677.26666666666
329995.15
343325.2833333333
342345.1
346801.75
327270.55
325616.3
316382.35
322151.9666666667
335652.01666666666
324179.86666666664
317768.2833333333
329567.2166666667
322744.15
321555.38333333336
349090.63333333336
330815.61666666664
342016.35
356974.13333333336
361924.38333333336
367052.5833333333
366045.0333333333
373435.4666666667
356773.88333333336
367543.9166666667
361302.2833333333
333652.6666666667
339728.4
344396.1
354326.01666666666
338175.0833333333
314896.6666666667
328075.4166666667
282749.1
291348.9166666667
306813.2166666667
303502.1666666667
300652.73333333334
302072.15
293270.7833333333
244342.18333333332
258277.06666666668
253618.7
272171.5
259884.16666666666
262783.35
265995.51666666666
274419.9
241335.56666666668
280313.6666666667
285503.9
285157.11666666664
286507.43333333335
264025.93333333335
284616.15
283727.9166666667
282228.9
313075.51666666666
285300.68333333335
292575.76666666666
297310.98333333334
321741.3
318410.05
323192.6
332977.86666666664
324556.4
334517.6666666667
339502.55
335172.9666666667
323423.61666666664
320358.2
339670.9666666667
305365.88333333336
288602.2
287118.25
290576.2
302459.23333333334
240122.35
257023.4
231184.03333333333
246308.03333333333
251070.26666666666
269029.3
253372.73333333334
272190.0
293760.25
263496.55
284535.0
288435.93333333335
282656.1666666667
232125.15
244347.08333333334
249976.45
268196.25
268698.73333333334
266603.8
244909.08333333334
268943.7166666667
238995.11666666667
268156.5833333333
274586.01666666666
263420.2166666667
264546.93333333335
254058.1
275274.73333333334
309162.2166666667
302883.55
276661.9
266281.93333333335
201848.98333333334
221234.21666666667
229725.6
243268.76666666666
232872.06666666668
248175.3
277884.23333333334
315551.81666666665
295848.2
315361.43333333335
268971.2
278992.5
267200.2833333333
272792.9166666667
293339.3333333333
315313.15
304670.9166666667
335272.0
343363.0833333333
326127.31666666665
336244.86666666664
326388.36666666664
337445.88333333336
289079.56666666665
309106.38333333336
292662.86666666664
282381.65
272762.36666666664
279777.95
290145.73333333334
273195.2
269507.7166666667
284069.5833333333
293810.51666666666
290695.9
272777.7833333333
272686.3333333333
272684.81666666665
287884.1666666667
284644.56666666665
273276.65
294274.81666666665
318488.73333333334
301983.23333333334
291726.31666666665
318988.3333333333
312277.31666666665
322083.43333333335
300046.98333333334
290568.86666666664
295061.55
300173.01666666666
274569.3
284527.68333333335
269404.45
239318.21666666667
245885.7
234203.38333333333
215147.16666666666
225951.0
226661.86666666667
233462.45
231241.35
232540.13333333333
248561.06666666668
262259.63333333336
238998.93333333332
240483.38333333333
226414.93333333332
221984.91666666666
231595.53333333333
212050.41666666666
211414.11666666667
218369.28333333333
209584.66666666666
202866.01666666666
211490.36666666667
210633.43333333332
217572.36666666667
218034.06666666668
236239.85
232085.03333333333
202483.25
205616.78333333333
183504.93333333332
190035.65
191834.58333333334
192638.95
192256.33333333334
192564.78333333333
191120.18333333332
190987.31666666668
202672.5
207158.28333333333
207156.78333333333
219105.63333333333
212649.93333333332
204438.51666666666
206644.13333333333
224484.38333333333
231723.88333333333
224914.25
222927.7
215163.43333333332
260774.4
231004.58333333334
231004.91666666666
241589.21666666667
246777.26666666666
242868.31666666668
232734.65
220621.93333333332
210673.6
216165.96666666667
227681.21666666667
217058.05
217031.38333333333
216915.71666666667
225797.63333333333
225969.03333333333
226402.86666666667
226090.73333333334
225508.38333333333
231696.45
211600.11666666667
221616.26666666666
203414.56666666668
205217.95
205852.0
216532.68333333332
215841.08333333334
215886.48333333334
216873.15
204716.08333333334
211254.68333333332
222753.3
222143.88333333333
222135.76666666666
211355.9
202378.65
206483.66666666666
206204.28333333333
196168.86666666667
198052.8
199485.53333333333
215681.13333333333
199301.51666666666
197935.11666666667
188323.78333333333
198792.25
210820.23333333334
213109.36666666667
216874.85
211106.65
224830.95
220350.45
216801.93333333332
194209.46666666667
201785.81666666668
209263.6
210820.43333333332
209434.53333333333
182345.46666666667
188851.73333333334
177888.95
201964.83333333334
201554.16666666666
200199.65
226179.93333333332
245945.11666666667
218451.18333333332
234718.16666666666
256510.38333333333
244136.7
238718.58333333334
243572.36666666667
255820.41666666666
249962.31666666668
244164.15
238089.78333333333
217206.25
214044.31666666668
205746.46666666667
217227.05
208943.76666666666
200375.95
210145.81666666668
222261.2
206555.78333333333
