859689.3214285715
751119.5785714285
655540.5642857143
600725.7071428571
587182.5214285714
570591.8428571429
555732.1357142857
599552.2785714286
553122.8214285715
495016.70714285714
597374.0071428572
487417.85
516150.2
494717.03571428574
542011.3285714285
478488.96428571426
511182.2357142857
513158.42142857146
452691.71428571426
536112.25
481504.6142857143
509492.2428571429
475350.3785714286
450957.55
470631.3071428572
455632.17142857146
421226.5642857143
498506.29285714286
441208.0642857143
503906.35
454708.1
479694.4142857143
463602.3642857143
474704.5571428572
463160.7571428571
428535.1285714286
405833.54285714286
439775.70714285714
474296.8357142857
447165.15
477625.5142857143
493875.6928571428
485383.6214285714
437707.84285714285
387586.9428571428
468461.2571428571
431773.6285714286
443614.5071428571
459784.6357142857
428093.10714285716
484385.9285714286
412571.6857142857
446709.47142857144
455630.04285714286
329087.3714285714
375420.8142857143
388648.64285714284
371280.46428571426
346197.3785714286
422133.7357142857
383311.6142857143
392959.8214285714
390053.1928571428
407229.7
377215.6642857143
355695.55
375083.3714285714
371848.34285714285
335512.1642857143
409536.9857142857
400206.8214285714
389817.02857142856
358427.03571428574
404434.4357142857
376727.64285714284
433031.10714285716
324366.0857142857
400063.1642857143
415020.7428571429
382253.9428571428
373994.02857142856
375794.4357142857
383531.21428571426
378933.97857142857
394833.1285714286
334702.90714285715
367314.9
382923.20714285714
342103.54285714286
379947.89285714284
350349.72142857144
351193.27142857143
400561.29285714286
352859.84285714285
390410.72142857144
380576.27857142856
430499.6785714286
404014.6357142857
399101.3785714286
397912.6214285714
384227.90714285715
375035.17142857146
388982.10714285716
375708.65714285715
395615.4857142857
352402.0642857143
352646.4357142857
368942.20714285714
402508.3142857143
370259.64285714284
326092.6
356246.85
371219.54285714286
360667.71428571426
372709.6142857143
363569.10714285716
370127.97142857144
366690.6214285714
362022.02857142856
424849.2428571429
372027.9285714286
414904.6357142857
432278.59285714285
406233.28571428574
438026.6928571428
395264.6214285714
415091.0642857143
391422.67142857146
399408.7571428571
398749.5071428571
369777.9928571429
396567.7571428571
367855.14285714284
407129.82857142854
425417.6285714286
364882.8357142857
379714.9
372274.3357142857
376232.78571428574
356402.65
343556.85714285716
343786.32857142854
331141.3214285714
357413.5071428571
326983.04285714286
357386.9
331201.45714285714
313426.97142857144
336411.6
338370.22857142857
343836.2428571429
403711.9428571428
334759.2
353164.2428571429
402754.1642857143
338747.39285714284
363396.3642857143
325010.45
387676.6357142857
320925.1
355470.5642857143
398143.09285714285
356468.25
396611.70714285714
390178.54285714286
398834.8785714286
386116.5714285714
371470.7
387126.6785714286
351840.1928571428
378598.65714285715
345709.4
367734.22857142857
338187.6142857143
394525.70714285714
380175.3357142857
369292.7
314131.6214285714
343300.5071428571
318865.57857142854
353953.47142857144
299857.47857142857
320591.70714285714
243434.92857142858
293029.04285714286
307879.9285714286
380167.0714285714
295890.1214285714
333356.54285714286
312422.79285714286
347747.25
334825.0071428571
363227.6357142857
406191.3214285714
316727.07857142854
316702.22857142857
379541.27857142856
328022.97142857144
356210.02142857143
410675.0642857143
311093.79285714286
380645.2428571429
326270.7
369242.95714285714
362197.14285714284
323725.4928571429
304518.3857142857
323246.7642857143
359964.45
346690.84285714285
396900.7357142857
345405.52857142856
345621.85714285716
310734.4357142857
308877.72857142857
328309.96428571426
352547.5571428572
350590.4928571429
337230.52142857143
292831.2642857143
384367.72857142857
356556.4428571428
423654.72857142857
347309.1142857143
362620.3142857143
344729.3142857143
354093.0857142857
327964.77142857143
349560.5642857143
350399.79285714286
427189.6928571428
446620.2428571429
315590.0071428571
388453.15
371073.6785714286
450747.34285714285
334055.8142857143
417809.6642857143
390425.2357142857
414289.0071428571
386082.8714285714
315294.15
400557.85
384122.4428571428
380694.95714285714
341995.85
365043.4428571428
352329.6
381200.3642857143
396024.77857142856
325058.39285714284
327007.3357142857
389218.22142857144
286538.75
354270.20714285714
397074.04285714286
346320.47142857144
329208.03571428574
363024.2642857143
333271.0714285714
359308.34285714285
392214.90714285715
358332.5071428571
325023.85
375880.3142857143
335993.8214285714
322833.47857142857
314813.6214285714
268263.4428571428
328015.3785714286
297521.53571428574
252370.2857142857
309929.1642857143
285259.2642857143
367024.2
314654.6142857143
330457.07857142854
310407.4428571428
377430.89285714284
310986.29285714286
288619.1785714286
322113.6285714286
269822.95
354789.35714285716
274707.02857142856
269925.4142857143
314884.04285714286
286617.42142857146
296128.4428571428
289409.6142857143
274096.6785714286
236208.26428571428
298996.35
323019.5571428572
332002.78571428574
277295.09285714285
280643.8
336484.2428571429
286535.8214285714
273731.97857142857
269780.46428571426
264734.54285714286
261076.08571428573
291114.84285714285
298797.25
251556.82857142857
275756.1142857143
286425.02142857143
278526.9428571428
325788.92142857146
286406.27142857143
286405.6
265400.0714285714
241597.55
309987.35
289979.6142857143
311176.0142857143
275448.52857142856
299863.6142857143
280569.15
300211.0
261813.7
286622.54285714286
255480.04285714286
279337.7571428571
256501.05
261396.14285714287
288841.22857142857
286975.9357142857
259801.2857142857
288654.2571428571
284627.10714285716
304483.5714285714
306596.6214285714
318374.92142857146
275530.89285714284
318071.5571428572
250517.8142857143
318750.6142857143
274695.55
260141.88571428572
267832.3714285714
279462.6214285714
242675.7142857143
274715.67142857146
242933.7
294110.15
267453.47142857144
259720.76428571428
256071.45714285714
296674.4928571429
264532.7571428571
274930.1642857143
246527.36428571428
340603.0
265422.53571428574
247929.76428571428
330860.52857142856
317467.6285714286
280987.1642857143
295485.02142857143
250812.72857142857
299273.5
273436.42142857146
246065.9714285714
247222.2
294373.90714285715
211340.79285714286
245055.64285714287
238641.12857142856
234495.57857142857
270710.67142857146
257981.70714285714
288467.5071428571
248219.87142857144
231366.12857142856
246990.45
249064.72857142857
300149.92142857146
299879.67142857146
275197.79285714286
319320.3357142857
321465.9142857143
300166.3857142857
278674.0
302435.6
300575.3857142857
238592.9357142857
280170.9285714286
294498.2428571429
327885.52857142856
295232.85
309368.0
275944.9
291839.52142857143
255198.0357142857
312189.1357142857
307952.45
260597.23571428572
258593.80714285714
277240.71428571426
