1394939.0
1099002.0
1099002.0
1038613.0
896189.0
962732.0
975828.0
897985.0
940060.0
888466.0
852063.0
863456.0
848208.0
919115.0
867644.0
923662.0
911630.0
857872.0
880989.0
878767.0
941326.0
1061072.0
931256.0
900886.0
925725.0
821715.0
830833.0
894138.0
866070.0
1025608.0
876559.0
825067.0
847276.0
852468.0
897858.0
827525.0
839722.0
753585.0
811956.0
812678.0
867045.0
852324.0
886608.0
829527.0
778462.0
773880.0
945874.0
837004.0
841911.0
762216.0
817673.0
820398.0
817769.0
844612.0
843296.0
742966.0
825098.0
761902.0
742966.0
920386.0
742966.0
819676.0
805079.0
879033.0
789015.0
760594.0
919332.0
808017.0
775761.0
912043.0
844147.0
949751.0
775089.0
837461.0
857174.0
828988.0
818752.0
878504.0
836701.0
868934.0
800680.0
854390.0
881758.0
803123.0
956903.0
928547.0
880957.0
877830.0
1032890.0
901190.0
785375.0
770943.0
903090.0
776337.0
853220.0
811912.0
882449.0
893831.0
774011.0
796793.0
863275.0
719399.0
789778.0
783640.0
894912.0
887797.0
808316.0
767976.0
871975.0
913839.0
697564.0
830191.0
829380.0
742196.0
827493.0
864792.0
890566.0
835919.0
957185.0
940051.0
925777.0
980690.0
875140.0
1007067.0
899874.0
770665.0
829256.0
923260.0
872643.0
812671.0
848266.0
844966.0
922401.0
923194.0
875897.0
824141.0
887319.0
816212.0
861412.0
785809.0
852720.0
906069.0
783017.0
816306.0
890347.0
925874.0
872770.0
816608.0
856545.0
824856.0
781402.0
934805.0
914810.0
796042.0
886467.0
823891.0
845052.0
797371.0
917618.0
861207.0
901214.0
864828.0
786178.0
873978.0
855752.0
924512.0
935485.0
876793.0
866480.0
781066.0
810395.0
808287.0
915625.0
779100.0
806090.0
819047.0
871509.0
872760.0
824308.0
850536.0
897740.0
814844.0
828911.0
873298.0
835820.0
927587.0
883155.0
855601.0
783714.0
827664.0
891647.0
875131.0
940337.0
882136.0
873940.0
905807.0
882722.0
848314.0
882881.0
929249.0
982992.0
926838.0
854864.0
792799.0
842783.0
871635.0
822288.0
913760.0
1010609.0
831799.0
877310.0
842331.0
901904.0
846110.0
862230.0
861292.0
843650.0
829564.0
819982.0
793523.0
864942.0
957279.0
909358.0
862051.0
867840.0
850752.0
888872.0
930345.0
837248.0
825479.0
881704.0
849819.0
839291.0
924955.0
867364.0
900859.0
852924.0
833577.0
964974.0
869848.0
874352.0
886396.0
869096.0
902362.0
855264.0
852181.0
929550.0
857461.0
827745.0
844233.0
811725.0
851456.0
862748.0
800519.0
964974.0
868688.0
857228.0
896966.0
937775.0
888448.0
863060.0
933781.0
783911.0
778131.0
823787.0
828419.0
735584.0
828157.0
838510.0
827321.0
783093.0
802041.0
814611.0
859357.0
904557.0
864998.0
850828.0
805030.0
868076.0
774272.0
759950.0
966514.0
848790.0
942440.0
972251.0
808389.0
859252.0
850775.0
840865.0
836494.0
748970.0
842655.0
814536.0
806687.0
902146.0
753212.0
888893.0
875494.0
876736.0
856565.0
887734.0
918547.0
824288.0
840059.0
852182.0
842655.0
814844.0
824292.0
844088.0
836288.0
909922.0
791532.0
753212.0
755627.0
845593.0
831246.0
847839.0
886241.0
837106.0
769519.0
856627.0
780866.0
879718.0
850906.0
865917.0
807510.0
895419.0
889469.0
835565.0
849171.0
794179.0
850095.0
794179.0
875076.0
797869.0
923848.0
819843.0
827639.0
911428.0
839955.0
854621.0
873778.0
863868.0
759604.0
862328.0
663808.0
896561.0
720252.0
1000494.0
818109.0
824175.0
821369.0
810504.0
772087.0
932081.0
823177.0
878501.0
841219.0
837787.0
742711.0
853605.0
869077.0
806289.0
760125.0
694007.0
837715.0
785071.0
660559.0
851640.0
819491.0
778851.0
839764.0
642194.0
642194.0
672249.0
750142.0
774229.0
707962.0
804164.0
855303.0
787725.0
798117.0
772597.0
708453.0
800708.0
725226.0
967356.0
859307.0
775119.0
750829.0
836672.0
808670.0
818411.0
825882.0
880445.0
789986.0
887448.0
834933.0
735733.0
865537.0
848393.0
