1067715.0
1191750.0
1191750.0
1027210.0
991010.0
991010.0
930545.0
1011330.0
1011330.0
969615.0
969615.0
906175.0
884265.0
828185.0
846860.0
846860.0
940695.0
955450.0
955450.0
814615.0
794230.0
831865.0
893120.0
893120.0
781400.0
850390.0
848590.0
801570.0
785440.0
874445.0
874445.0
1061475.0
1061475.0
883345.0
883345.0
853075.0
906605.0
906605.0
916175.0
916175.0
885265.0
915425.0
915425.0
855995.0
1013985.0
966610.0
844850.0
907430.0
907430.0
975310.0
810410.0
944655.0
944655.0
1055720.0
1055720.0
966320.0
966320.0
804865.0
795650.0
837840.0
837840.0
964655.0
837965.0
935820.0
935820.0
811845.0
740765.0
805380.0
805380.0
873460.0
873460.0
772815.0
793345.0
831310.0
946175.0
946175.0
766270.0
825055.0
825055.0
871055.0
871055.0
724555.0
784305.0
784305.0
838940.0
838940.0
947380.0
947380.0
807850.0
835895.0
835895.0
819280.0
926950.0
734055.0
811460.0
851195.0
851195.0
794850.0
755195.0
873530.0
959485.0
959485.0
868055.0
818430.0
818430.0
868200.0
824330.0
665700.0
806160.0
806160.0
844465.0
844465.0
750960.0
712545.0
737995.0
848910.0
897260.0
890770.0
1006665.0
1006665.0
765095.0
779790.0
779790.0
748055.0
779600.0
779600.0
676800.0
703950.0
818590.0
818590.0
790875.0
790875.0
750175.0
751050.0
781350.0
867425.0
867425.0
817700.0
817700.0
780010.0
943905.0
943905.0
847210.0
847210.0
903080.0
903080.0
880080.0
834320.0
790390.0
915845.0
915845.0
873905.0
873905.0
1028200.0
1028200.0
823885.0
749055.0
847195.0
847195.0
797795.0
797795.0
863920.0
859105.0
859105.0
735865.0
688290.0
840055.0
687220.0
694850.0
826205.0
749030.0
749030.0
679525.0
729425.0
948875.0
748900.0
982025.0
982025.0
803065.0
645020.0
804535.0
804535.0
820075.0
820075.0
867020.0
867020.0
703150.0
753370.0
753370.0
743620.0
697375.0
748790.0
799710.0
799710.0
832075.0
832075.0
692635.0
713570.0
811155.0
896595.0
739930.0
782290.0
786570.0
934600.0
942130.0
852850.0
837200.0
964580.0
863475.0
863475.0
1087360.0
709100.0
882420.0
858890.0
818235.0
1004160.0
1004160.0
728995.0
707920.0
759455.0
680505.0
680505.0
839255.0
881885.0
877695.0
784335.0
784335.0
815080.0
815080.0
680150.0
868015.0
803585.0
799265.0
797940.0
720035.0
806020.0
874560.0
676295.0
676295.0
893165.0
966855.0
966855.0
808285.0
839145.0
868605.0
868605.0
704735.0
744825.0
840770.0
779315.0
834540.0
834540.0
848815.0
796430.0
654185.0
890285.0
890285.0
893515.0
893515.0
766845.0
780515.0
848180.0
933265.0
953885.0
953885.0
839630.0
736270.0
736270.0
727015.0
834500.0
834500.0
788875.0
966695.0
977165.0
977165.0
788230.0
890130.0
890130.0
894940.0
809985.0
816410.0
1000035.0
1000035.0
961515.0
961515.0
827525.0
882820.0
882820.0
797100.0
868460.0
868460.0
693075.0
855225.0
855225.0
777045.0
777045.0
803095.0
803095.0
801975.0
834335.0
785100.0
785100.0
813460.0
813460.0
842225.0
842225.0
857550.0
819375.0
920260.0
897845.0
897845.0
754830.0
718040.0
863380.0
863380.0
732000.0
846045.0
846045.0
898190.0
936625.0
936625.0
707890.0
763905.0
762000.0
769020.0
908935.0
908935.0
723700.0
761690.0
825955.0
812495.0
783580.0
667490.0
797285.0
966625.0
966625.0
852805.0
852805.0
690310.0
711940.0
721210.0
765985.0
768030.0
813385.0
813385.0
881020.0
881020.0
873200.0
900370.0
856965.0
1066005.0
1066005.0
772345.0
946950.0
952610.0
952610.0
833850.0
732225.0
762195.0
763320.0
763320.0
657495.0
749810.0
748740.0
798080.0
907205.0
925260.0
925260.0
805055.0
896470.0
896470.0
811550.0
856125.0
856125.0
669535.0
767710.0
744275.0
879150.0
879150.0
909270.0
909270.0
940160.0
940160.0
784030.0
882690.0
882690.0
883180.0
865070.0
755610.0
853120.0
853120.0
795920.0
795920.0
797385.0
797385.0
772095.0
772095.0
748670.0
865815.0
865815.0
852235.0
852235.0
875810.0
882890.0
663305.0
739470.0
739470.0
855705.0
692060.0
678275.0
688925.0
764280.0
1041435.0
1041435.0
792665.0
778485.0
778485.0
824280.0
824280.0
768365.0
863705.0
863705.0
909600.0
909600.0
782340.0
931655.0
962600.0
962600.0
901980.0
901980.0
786930.0
728430.0
758790.0
1034960.0
1034960.0
733620.0
780330.0
780330.0
740110.0
843950.0
843950.0
862135.0
862135.0
800310.0
769175.0
769175.0
825115.0
825115.0
766605.0
790930.0
701120.0
754455.0
790735.0
790735.0
759085.0
834290.0
935390.0
935390.0
845050.0
819885.0
753770.0
753770.0
903630.0
903630.0
746185.0
857640.0
830915.0
930190.0
930190.0
882865.0
871605.0
845550.0
753055.0
968105.0
881150.0
881150.0
832165.0
927365.0
927365.0
755000.0
765550.0
765550.0
870300.0
870300.0
824180.0
824180.0
792970.0
743050.0
743050.0
731435.0
829755.0
829755.0
760490.0
812370.0
812370.0
782025.0
750455.0
737800.0
803705.0
736850.0
736850.0
