43.84786670972826
45.56494264699555
45.35667266149034
46.12756028916457
46.555999437561624
47.89120691800844
47.514279609472446
48.17278863337909
48.08214725920373
47.11908229366086
47.83759668661866
47.93024180487429
49.30122871898288
49.22115423880817
49.49691598047419
50.09142184804354
49.82965999415866
48.82849780877483
49.30418846679255
48.76944279807669
49.96228282370818
49.97593436618733
49.864859585672505
49.74342211624714
50.21041937608571
49.592284220325645
49.677872474710554
49.5533696831974
49.786028295531516
49.50710752206014
49.67113186727285
49.94672714895718
50.22716259858769
50.810944020565344
50.138089410687066
50.70761034001315
50.48261787411523
50.930248296871646
50.95750551144813
51.42834125001139
51.326872010604035
52.010365859531426
51.2820649987914
52.10719513993972
51.588003144643146
51.670930638578774
51.27453818476031
51.690168898336836
51.53643007076471
51.04264806462421
50.891544256051354
50.41615017149842
50.95702776645384
50.85230951826943
50.27453168659776
50.293873596178514
50.5211666217694
50.582738972441035
50.30483183728115
50.54355200884368
51.348018437807546
51.43452157671258
51.657184820000026
50.93951556195391
51.4457264235849
51.15046196711145
52.00784713607095
51.907503592625176
52.21824366737807
52.886645072928914
53.65183007269383
52.32614400629153
50.832961220774614
50.08869890536732
49.843367856099874
49.595531958818164
49.557861743352376
50.49813433081226
50.8449761954537
51.00505915103125
51.5296709880838
50.41759947638773
50.45889186417792
50.65417379542176
50.489541777738786
50.853177191874806
50.04918702624268
50.206962865773285
51.45422629559889
51.41226414426583
51.745045561078776
50.4684505795968
50.086334313534586
50.10803608803032
49.801969255744666
49.86835500199742
49.18846139124009
49.82977850894136
49.272961805470025
48.93813831153412
47.86105035636782
48.35526383660117
50.880042576503165
49.08363331786782
49.259540972412786
48.93472761562232
49.473104445911225
50.56907393213892
51.09472982714729
49.34550042223569
50.21291719076414
47.81077679546359
47.381229596419416
48.041865192468165
48.71330652970607
49.13291563475913
49.22159578833057
49.00901140069473
47.34908551824381
47.16861131856361
47.468872783136796
47.250689109362575
49.37496895134782
48.3763308523699
48.38626904256065
47.49896007486961
48.29252388083618
47.830767309406134
48.51443055369666
49.00397669094318
49.19668109189025
49.95297000119189
50.781694697124706
49.27483909639032
47.96887633020959
48.45330071515903
48.3333845852322
48.92679859952962
48.53853892405855
48.46949988584034
48.665614050771964
49.285528352446214
48.698868294103995
48.1858600797491
49.10852076726246
48.525834791509354
48.509369489310366
48.51764670049275
48.97745129337688
49.70616306980408
49.028618897308505
48.93071931781227
50.39917108356882
49.6769535869558
48.37704591917618
50.3661780398717
49.640514543593845
49.35813643958716
49.58798400994352
48.93282409595169
49.00599833463017
50.09625109040031
50.093508297227466
49.992600257126355
49.11749990980295
49.36133690169677
48.288002174316134
49.77398407979003
50.58179630583213
49.47345967280945
48.61097125120652
48.68279826359008
48.94604052105417
49.390378937872356
49.18817512925144
49.49814514053746
49.94366445865513
50.35901820019372
48.805686124986686
50.74291514456104
49.05959174087232
49.5544645772183
48.74501548333949
49.15296418848014
49.47291728371416
50.698146798993584
50.11576629210385
51.297410729533766
49.82302495401764
50.63402019015976
50.158579593848266
50.1199248048453
50.432410673915385
50.45776740274078
50.93017504927913
52.31622190548129
51.45347959140189
51.20993948292403
51.285457718575394
51.737398886531125
52.46783897289938
51.476447481116125
51.39677544549868
52.15315646689524
51.78696698392855
51.57552577437686
51.95536402862893
52.49150718164562
51.57028654534183
51.83101627890862
51.39402209628979
53.24127648038856
51.79911815870105
51.915550897174725
51.78748085447238
51.26007859808022
51.639034157380436
51.84860990614619
50.501025711560324
50.43536947229289
50.629465625554964
51.44665720099833
51.41673783166061
52.16816259889697
51.949787699748775
52.3683366990843
52.216811960722616
52.254121392284524
50.66811828648429
51.63706947758034
51.209936880359315
50.45552573097241
51.637006178107484
51.772707262777175
50.682066212437505
51.85882817306463
51.760158649611824
51.389776701413645
50.69410488127588
51.75396128338893
52.87486312101344
52.07592559945418
52.24622832000792
52.86983410372747
52.822214864325446
51.87161846763744
52.266972584123614
52.015987053940975
51.1956941710868
52.37485764230323
51.42887038622273
51.11835569915911
51.05423338160313
50.98934886152793
51.72233155180368
50.64714502464634
51.36155200140373
50.383861662802865
50.88039145626185
51.09622473627668
51.809631943921914
52.31487535531679
51.392032011640126
50.68295399087126
51.11485552523012
51.30655568085303
51.23370097378437
50.926099244166345
51.64618625637081
51.299973277460126
50.63228900513228
50.77978138342867
51.38920317186789
50.79356616035304
50.95301212679668
52.1879083246021
50.93700013116015
52.34631884057441
52.123613763610315
51.83094209409687
51.882185704997895
51.17729380524303
52.68811905001287
52.666755593172056
52.02921378644446
52.563887237170455
51.899779960232735
52.4884417508024
51.654980951458285
52.49618944112582
51.61768956669582
52.0739910118912
50.99068818730191
51.886257981724754
52.62769781315944
51.98346167127558
52.7169712556506
52.74763945111598
52.64779663332056
51.71642713817949
51.230741432582114
51.638036884400435
51.80979036813149
51.88593382926459
51.735274955185865
53.48312217709176
52.655287648299115
52.07123679521296
51.83370619104017
51.83166553155709
52.74299417731111
52.65345932593896
53.2389100371346
51.97641364969511
51.171228320224046
51.45877670540826
52.30290636970897
51.72714563242133
51.93342741551673
50.59348753035096
52.52814764416136
51.94548757116404
52.23207053306371
52.654591303858936
51.84589220284705
53.1783467629056
52.32952307389955
52.67857126649753
52.14238402999089
52.19859557121761
53.19974482749971
52.81799772838748
54.19153538327707
52.981106437708725
51.315753566138
52.08954145690276
52.562532619308584
53.29822698814623
52.402053912260705
52.765938509503826
53.54655453045289
53.83201059448904
52.5728945361317
53.08399201385623
53.20424307187776
51.41724474840255
53.1586840284129
53.92663146706389
52.902412985104576
53.22377547788304
53.248839053884126
52.20492794078377
52.29207650478898
53.24744367410345
53.15766624474588
52.714885730571204
52.829172549428236
53.12311366426181
53.524471271326654
53.4983773867682
53.73742077048932
53.04926848989498
52.96644762688109
52.53712185947096
52.667130021311806
54.31991484988105
53.350830098206096
53.08934495611787
52.97300135619197
53.69798497675759
52.651511505585475
53.0401191177464
53.41987799419412
53.67116696873332
53.11316033691692
51.74147358610589
52.051948791771665
51.859333133795836
52.19720623703903
53.42921634599111
51.647779575006915
52.80752298782817
52.13893565382853
51.318272465911704
52.41624573386036
52.75823065586471
52.56541062906849
52.04676996723311
51.28314566844992
51.781470508710996
51.82184390753812
51.387668933333494
52.190665315669044
52.739926715268425
52.834486362929475
53.49413191712755
52.67166798785009
53.09111689472017
52.03474993624707
52.333060596492345
52.17960671628869
52.007925056660696
52.83848873456565
52.66153773166137
52.665484613703256
51.4633399357857
51.92317623116484
51.709826733377334
51.3464149406755
52.39084911895294
51.94481824323264
53.31094098054431
52.856572707681444
53.048741998224976
51.97418756229873
52.83015207966182
52.19798896273343
52.50422463997268
53.10369314656996
52.192497895987124
51.556036381526766
51.736671720407685
53.229589866765814
51.909234533398916
53.260972183234415
52.90238495046919
53.593917320355885
53.47264436105242
53.449852143216404
54.18158505251097
53.531114436212356
53.05202531236274
52.64382463740232
53.18021297003491
54.04904324798973
54.664798416142375
54.35148903808856
53.471504628033045
53.14634556177777
53.94659564183193
54.620353876595466
54.444152763414095
53.43412355190716
52.98685871656702
52.684312668690595
53.80353644925229
53.454885221555436
54.13909089506718
53.78747546377734
53.53622025519631
52.66348453194292
54.096290430789814
52.6391750801963
52.39515934759988
53.07096724785247
52.45519285447703
53.66317374180207
53.10158355282059
53.404731607767076
52.93079462413023
52.94584951314969
54.17975890529517
53.69568606097416
54.14522679053009
54.754498620818445
53.19162206221306
54.02729384890103
54.69156786756617
55.30924419941733
53.94403689142792
53.68381441211299
54.463251936127655
54.00874165456479
54.17558103525336
54.39813833021851
53.564544455299796
54.267543544987284
55.55681104704269
54.89362409413723
55.143876574471385
55.19646467776465
54.393282369524776
54.58840128102536
53.8827746494302
53.433466854237544
53.48059171165635
54.045265723718266
51.5104145385995
50.544754119666315
50.37198526871247
50.01245579071412
52.05166300239518
51.346709887662016
50.92684505985267
50.89987708019882
50.344900846643405
52.13594102706981
50.9326229504856
50.81659256463397
52.00030717373044
51.55393510242466
