46.064906057022725
53.57342214944924
63.754630826225544
63.754630826225544
64.86702260366249
64.86702260366249
64.86702260366249
64.86702260366249
64.86702260366249
64.86702260366249
64.86702260366249
63.92645077590938
63.92645077590938
63.92645077590938
63.92645077590938
63.92645077590938
63.92645077590938
63.92645077590938
63.92645077590938
63.92645077590938
63.92645077590938
63.701699397619855
63.701699397619855
63.701699397619855
66.09167198311823
66.09167198311823
66.09167198311823
66.68731903616823
66.68731903616823
65.71103950753842
65.71103950753842
65.71103950753842
63.990691523182186
63.990691523182186
63.59012182405453
63.59012182405453
