264396.3333333333
200827.0
192916.33333333334
169053.0
173524.66666666666
155875.0
145725.33333333334
151059.33333333334
149614.66666666666
149614.66666666666
151428.0
150360.33333333334
147353.66666666666
146670.66666666666
146670.66666666666
146670.66666666666
146850.33333333334
146850.33333333334
147294.0
147294.0
147294.0
145833.0
144866.66666666666
142854.66666666666
154662.0
154662.0
149441.33333333334
148895.0
151271.0
139468.33333333334
139468.33333333334
138250.33333333334
137867.33333333334
137451.0
136169.33333333334
135583.33333333334
