39.74658318184879
42.481471572667864
43.29206136098058
42.61225362633127
42.61225362633127
40.94917270765315
40.94917270765315
40.092950989478275
41.49883372115448
41.49883372115448
41.49883372115448
41.42246784333473
41.42246784333473
41.42246784333473
39.510354764837814
43.5830231580955
43.79743350331586
43.79743350331586
44.323911786467036
44.323911786467036
45.50749726967203
45.50749726967203
43.672005314045315
46.17524493330064
46.17524493330064
46.875883517104896
46.875883517104896
47.42809619071167
47.42809619071167
47.65693876531351
47.65693876531351
47.65693876531351
47.67055560088112
47.67055560088112
47.67055560088112
47.67055560088112
47.67055560088112
47.13777006153481
47.67055560088112
47.67055560088112
47.67055560088112
47.67055560088112
48.20243614984314
48.35766515785155
48.35766515785155
48.35766515785155
47.85702090830872
48.109783337056065
48.35766515785155
48.76455561990014
48.76455561990014
48.045731887921335
49.27637520785327
49.27637520785327
49.27637520785327
49.27637520785327
49.27637520785327
49.678792027115065
49.678792027115065
49.678792027115065
48.159804637938635
49.678792027115065
49.678792027115065
49.678792027115065
49.678792027115065
49.678792027115065
47.778889971374475
49.678792027115065
49.678792027115065
47.96063716094649
49.678792027115065
49.678792027115065
49.799660991256054
47.28490404684128
50.034498801759185
50.034498801759185
50.034498801759185
45.671328068739264
48.670581306727634
50.361674785778575
50.361674785778575
50.361674785778575
48.67570500359491
50.361674785778575
50.361674785778575
50.361674785778575
50.382859434134815
50.382859434134815
50.382859434134815
50.382859434134815
50.613976801251496
50.613976801251496
46.572189434056
48.20362861757611
50.613976801251496
50.613976801251496
51.52211106070941
51.52211106070941
51.714120624747416
51.714120624747416
51.714120624747416
50.62287475768265
51.714120624747416
51.714120624747416
52.068562765688
52.068562765688
41.0465291817924
47.65596055743965
47.65596055743965
49.438325312668994
49.438325312668994
52.068562765688
51.16951174482348
52.068562765688
52.068562765688
52.068562765688
52.15725658473012
49.207288215806905
49.207288215806905
49.207288215806905
52.321856609666135
52.321856609666135
52.321856609666135
52.321856609666135
46.93564323825836
52.36959107126521
45.961317251627044
53.32421600967207
48.20800259083962
44.98575286061673
49.962407882185104
49.56273993355025
49.56273993355025
53.361477730000274
53.361477730000274
48.062363442353615
48.062363442353615
48.062363442353615
48.25036339632203
53.361477730000274
53.361477730000274
53.457583494710526
51.90699117017049
53.457583494710526
52.24652261874084
53.83728643981164
54.38228743613257
54.38228743613257
52.27900318970279
52.27900318970279
52.27900318970279
54.38228743613257
54.71551687263085
54.71551687263085
54.97749114972442
55.52343498697768
50.453822852341084
55.54557230092316
55.54557230092316
54.75888531200207
56.38820408800126
56.38820408800126
49.854209543866375
56.59053027447629
56.6966732404942
56.6966732404942
54.911269733757095
56.6966732404942
57.46947406716841
57.46947406716841
57.73060007066539
57.73060007066539
57.73060007066539
57.73060007066539
54.23741191076058
57.85054668380372
57.85054668380372
57.85054668380372
58.328795505558276
58.328795505558276
58.328795505558276
58.328795505558276
59.44997661659196
59.44997661659196
59.44997661659196
59.44997661659196
59.44997661659196
59.44997661659196
59.44997661659196
59.44997661659196
59.44997661659196
59.44997661659196
59.44997661659196
59.44997661659196
59.44997661659196
59.44997661659196
59.57638244934308
49.411465339976765
56.427441183924415
59.57638244934308
58.405672076346576
58.405672076346576
59.57638244934308
59.57638244934308
59.57638244934308
58.894860039612745
59.73562877952196
59.77489744159139
59.77489744159139
59.77489744159139
59.77489744159139
59.843000931542946
60.73886221823801
60.73886221823801
60.73886221823801
60.73886221823801
60.73886221823801
60.73886221823801
60.73886221823801
55.775131378199696
60.73886221823801
60.73886221823801
60.81794719078818
60.81794719078818
60.81794719078818
60.81794719078818
60.870719842071864
60.870719842071864
60.870719842071864
60.870719842071864
60.870719842071864
60.870719842071864
60.870719842071864
60.870719842071864
60.870719842071864
61.216422645766244
55.601198099480456
55.601198099480456
61.216422645766244
61.216422645766244
61.216422645766244
61.216422645766244
51.053827884540894
58.57357360717331
61.216422645766244
61.216422645766244
61.244859110244185
52.29417618998593
47.5355611683867
61.244859110244185
61.244859110244185
61.244859110244185
57.51489342923965
61.244859110244185
61.244859110244185
61.244859110244185
61.244859110244185
61.244859110244185
61.244859110244185
61.244859110244185
61.244859110244185
61.244859110244185
61.244859110244185
61.244859110244185
61.244859110244185
52.84154827288378
55.640211323593526
61.244859110244185
61.244859110244185
61.244859110244185
56.3486095847713
56.3486095847713
61.25527922796291
61.25527922796291
61.25527922796291
61.25527922796291
61.25527922796291
61.25527922796291
61.25527922796291
61.25527922796291
61.25527922796291
61.25527922796291
61.25527922796291
61.25527922796291
61.25527922796291
61.75271451613662
61.75271451613662
58.633994449333244
58.633994449333244
58.633994449333244
58.633994449333244
58.633994449333244
58.633994449333244
58.633994449333244
61.77135986365176
61.77135986365176
61.77135986365176
61.77135986365176
61.77135986365176
61.77135986365176
61.77135986365176
61.77135986365176
61.77135986365176
61.77135986365176
61.82533764386644
61.82533764386644
61.82533764386644
61.82533764386644
61.82533764386644
62.192329708070986
62.192329708070986
54.08367961025935
62.192329708070986
62.192329708070986
62.192329708070986
59.52628839146277
62.192329708070986
62.192329708070986
62.192329708070986
52.1727563873001
52.1727563873001
57.24032757116033
62.192329708070986
55.121684029193304
57.098517401767076
57.098517401767076
62.192329708070986
62.192329708070986
62.192329708070986
55.06786560909009
55.06786560909009
55.06786560909009
55.06786560909009
60.36891679748824
60.36891679748824
60.36891679748824
60.36891679748824
60.36891679748824
61.73211666938243
61.73211666938243
61.73211666938243
61.73211666938243
61.73211666938243
61.73211666938243
61.73211666938243
61.73211666938243
61.73211666938243
61.73211666938243
61.73211666938243
61.73211666938243
61.73211666938243
61.73211666938243
57.281271546249585
61.73211666938243
45.222931002168735
61.73211666938243
60.27936651222052
61.73211666938243
61.73211666938243
61.73211666938243
61.73211666938243
61.73211666938243
61.73211666938243
61.73211666938243
62.192329708070986
62.192329708070986
53.076328354156956
53.076328354156956
53.076328354156956
50.973206535735756
50.973206535735756
53.076328354156956
53.076328354156956
62.192329708070986
48.17693715235505
62.192329708070986
48.18017289689577
53.389781326895395
53.389781326895395
62.192329708070986
62.799720461720135
63.10080467830697
48.69701078416407
48.69701078416407
48.74452644149799
48.74452644149799
48.74452644149799
48.74452644149799
48.74452644149799
48.74452644149799
47.12469534286281
48.74452644149799
48.74452644149799
48.74452644149799
48.74452644149799
48.74452644149799
48.74452644149799
48.74452644149799
48.74452644149799
48.74452644149799
48.74452644149799
48.74452644149799
48.74452644149799
48.74452644149799
48.74452644149799
48.74452644149799
48.74452644149799
48.74452644149799
53.926402169783955
53.926402169783955
53.926402169783955
53.926402169783955
54.718790995434745
54.718790995434745
54.718790995434745
54.718790995434745
54.718790995434745
54.403837984022225
54.403837984022225
54.718790995434745
54.718790995434745
54.718790995434745
51.607856734926976
54.718790995434745
59.77066902335713
59.77066902335713
62.29806412441911
62.29806412441911
62.29806412441911
62.29806412441911
62.29806412441911
62.29806412441911
42.98790174949638
56.0843468578961
62.29806412441911
62.29806412441911
63.10080467830697
53.600986327671365
50.19428210393304
50.19428210393304
50.19428210393304
50.19428210393304
53.600986327671365
53.600986327671365
53.600986327671365
53.600986327671365
53.600986327671365
53.600986327671365
58.801579497884525
58.801579497884525
58.801579497884525
63.10080467830697
48.25447336096485
63.10080467830697
53.878907467026686
55.03862348125444
63.10080467830697
63.10080467830697
63.10080467830697
63.10080467830697
63.10080467830697
63.10080467830697
63.10080467830697
63.10080467830697
63.10080467830697
63.10080467830697
63.10080467830697
63.10080467830697
63.10080467830697
63.10080467830697
63.10080467830697
63.10080467830697
63.10080467830697
63.10080467830697
63.10080467830697
63.10080467830697
48.247420076039866
48.247420076039866
63.10080467830697
63.10080467830697
63.10080467830697
63.10080467830697
63.10080467830697
63.10080467830697
52.06155520938481
63.12861778374716
55.06959169649069
63.12861778374716
63.12861778374716
50.77373393033136
53.20916427734886
60.664632467651636
60.664632467651636
63.12861778374716
55.3931642669956
57.32785557736487
63.12861778374716
63.12861778374716
53.57838802482424
53.57838802482424
