830229.2333333333
748840.1
674112.7166666667
620869.2833333333
554839.75
518677.7
423081.85
403883.0
357557.81666666665
373250.1
338649.06666666665
383471.2166666667
310658.35
326344.95
259251.86666666667
273169.1
283106.35
264909.5833333333
276806.65
264959.23333333334
313646.3
311797.5
272387.1
293839.61666666664
305867.56666666665
291594.9666666667
288894.2
307383.8333333333
294482.7
283728.76666666666
277452.6
304918.0333333333
308010.48333333334
281719.86666666664
331417.95
329962.43333333335
328752.9666666667
308061.35
324640.06666666665
305737.86666666664
287992.76666666666
285951.05
295909.2
298441.7
288368.9666666667
301798.8333333333
260155.91666666666
275750.2
265518.01666666666
285743.5
300065.31666666665
280836.86666666664
301948.43333333335
275712.7166666667
272631.1666666667
272613.98333333334
265702.05
264375.56666666665
273976.51666666666
280076.45
282322.55
298797.01666666666
276850.85
302765.0
280804.06666666665
299937.3333333333
264614.1666666667
294497.18333333335
308383.2166666667
288797.65
302850.2
275378.68333333335
296211.26666666666
286192.4666666667
307067.0
293247.86666666664
320420.51666666666
298991.76666666666
298991.76666666666
309137.7166666667
298129.88333333336
277147.65
242563.08333333334
251260.16666666666
256714.95
266979.86666666664
272580.6666666667
276344.6
271915.68333333335
270184.75
297151.63333333336
295516.75
301662.36666666664
294295.48333333334
304251.9166666667
292639.48333333334
311585.65
306128.3333333333
304051.56666666665
303974.15
301334.86666666664
288803.5333333333
290335.7166666667
299192.1
301038.05
294326.3333333333
261195.0
279284.73333333334
264410.81666666665
258276.23333333334
239975.55
241873.51666666666
239801.85
231353.06666666668
239922.88333333333
248448.9
259398.41666666666
267044.76666666666
268434.95
261006.2
280432.25
288376.0333333333
292245.56666666665
291376.7
266189.18333333335
279037.9
234564.75
258343.53333333333
264706.95
277975.56666666665
283410.36666666664
272717.95
285306.6
298374.65
303550.95
297088.1
299778.06666666665
303909.6
297779.38333333336
299088.2833333333
298474.51666666666
297098.56666666665
294728.7
294724.26666666666
285067.0333333333
287519.95
307028.8333333333
310059.3333333333
298495.3
298128.4666666667
306455.31666666665
301685.7833333333
313513.36666666664
303578.2166666667
304856.51666666666
314401.0833333333
304831.86666666664
308604.61666666664
308604.0333333333
314250.5833333333
313728.4666666667
329973.5833333333
303510.88333333336
315908.51666666666
316562.38333333336
316562.38333333336
310883.05
310883.05
319010.1666666667
328519.48333333334
337152.51666666666
328764.4
328687.51666666666
328625.95
323125.4166666667
337949.86666666664
321241.26666666666
319771.11666666664
323768.18333333335
334049.25
343190.26666666666
347341.48333333334
364593.9166666667
356529.6
351853.9
352526.0
349201.6666666667
357542.0833333333
356721.85
356721.85
356721.85
352150.56666666665
334791.4166666667
338992.0333333333
350878.5833333333
350878.5833333333
353334.4666666667
345333.8
345156.5333333333
353703.43333333335
338927.6666666667
338636.7833333333
342027.15
337735.88333333336
336474.18333333335
324036.11666666664
324036.11666666664
324036.11666666664
337149.0
337149.0
337149.0
340824.06666666665
357995.5833333333
353002.61666666664
348004.2166666667
327019.7833333333
333007.2833333333
338094.48333333334
333685.11666666664
325052.0833333333
325015.4166666667
331211.61666666664
350811.56666666665
350811.56666666665
338621.23333333334
332167.93333333335
320798.4
315967.1
315967.1
315967.1
315218.7833333333
315218.7833333333
319752.0833333333
319417.7166666667
324682.6666666667
343479.68333333335
332734.35
332670.05
331591.0
330765.2833333333
330728.4
331334.7
323378.98333333334
322777.56666666665
323922.0333333333
323922.0333333333
333572.65
326421.35
318671.5333333333
329478.0333333333
329245.1666666667
315137.76666666666
330777.88333333336
339852.15
333359.43333333335
333725.9666666667
333864.1
328582.7166666667
328582.7166666667
328582.7166666667
323017.43333333335
324178.15
324178.15
328158.5
327873.3333333333
319749.35
313908.6666666667
321684.6
321530.1
321230.18333333335
314128.2
314128.2
323689.26666666666
316190.45
322402.0333333333
319556.23333333334
350983.3
350965.9666666667
346212.76666666666
341245.8
340888.0333333333
340888.0333333333
344405.5333333333
344405.5333333333
344405.5333333333
352894.61666666664
352894.61666666664
352877.25
352759.98333333334
351616.9666666667
351616.9666666667
351616.9666666667
351616.9666666667
351616.9666666667
367595.75
359588.06666666665
364405.98333333334
368282.9166666667
367330.15
367246.93333333335
372701.63333333336
367525.7833333333
373942.7166666667
373942.7166666667
382942.86666666664
382942.86666666664
391124.0833333333
391124.0833333333
391124.0833333333
399768.31666666665
400848.9166666667
392922.15
402263.13333333336
402263.13333333336
400825.2833333333
393084.81666666665
391336.95
391052.5333333333
386928.85
378638.23333333334
374537.51666666666
383162.7833333333
385979.4666666667
368597.06666666665
375706.0333333333
375706.0333333333
377695.56666666665
374810.85
369726.05
366342.18333333335
370291.11666666664
381272.4
380565.18333333335
380552.23333333334
379170.45
379170.45
386757.2833333333
392542.3
392542.3
392542.3
384863.76666666666
384863.76666666666
384863.76666666666
384863.76666666666
384863.76666666666
384863.76666666666
384863.76666666666
379645.85
379645.85
379540.76666666666
379540.76666666666
384201.2166666667
375539.4
383421.18333333335
379443.7166666667
383219.81666666665
373954.2166666667
373954.2166666667
375072.65
375072.65
366875.18333333335
366334.56666666665
361628.8
365868.2833333333
374455.65
373542.01666666666
365823.9
365823.9
365743.9
356941.38333333336
356941.38333333336
366358.61666666664
366358.61666666664
375018.68333333335
357281.15
364394.8333333333
361728.7
361553.61666666664
366440.2833333333
379819.95
385959.98333333334
394298.95
373622.01666666666
380393.3333333333
380396.88333333336
369499.68333333335
373479.38333333336
381524.5
381524.5
370911.2
363674.2166666667
356457.1666666667
360454.3333333333
359494.38333333336
374876.0833333333
360462.7833333333
371488.85
369412.6
366912.5333333333
357916.88333333336
364452.7
355115.98333333334
355595.36666666664
355595.36666666664
355595.36666666664
355595.36666666664
355595.36666666664
355595.36666666664
358326.8
358311.7166666667
358298.6
358298.6
368997.93333333335
363596.1
363596.1
363414.48333333334
363277.01666666666
361239.0833333333
357157.1666666667
366739.86666666664
367951.3333333333
367951.3333333333
361520.11666666664
359268.2833333333
373335.85
373335.85
367552.85
368158.25
368158.25
367225.8
367225.8
367121.5833333333
359477.4
359102.93333333335
361437.6666666667
361029.45
362329.3
355340.48333333334
334090.43333333335
331806.5833333333
331806.5833333333
325110.2166666667
327382.25
331170.13333333336
330363.63333333336
343798.45
345165.18333333335
345165.18333333335
347814.86666666664
347814.86666666664
347616.31666666665
356975.23333333334
337987.7
360551.8
354839.7833333333
352992.9166666667
354721.55
354137.01666666666
342605.65
346713.75
345277.18333333335
345524.65
345060.55
350599.0333333333
347721.95
352204.9166666667
351723.38333333336
356808.2166666667
350262.11666666664
353188.18333333335
352423.2166666667
352355.5333333333
343843.9166666667
347701.3333333333
347579.1666666667
341007.95
335074.0833333333
334477.15
340527.85
340527.85
336639.2833333333
331032.48333333334
335888.9
335875.5
320915.06666666665
324036.98333333334
321648.15
329182.8333333333
329182.8333333333
313959.98333333334
314480.15
314433.68333333335
314567.68333333335
321014.4166666667
312597.8
318750.55
324159.5
323163.4
319762.13333333336
324039.01666666666
