1208462.0
1139414.0
1139414.0
1081800.0
1083625.0
990134.0
1090857.0
995673.0
1019909.0
957266.0
1047767.0
920532.0
988913.0
856136.0
911272.0
888175.0
902583.0
975779.0
977716.0
1013076.0
890760.0
907220.0
1129939.0
1068859.0
895184.0
1046038.0
870413.0
1022188.0
908762.0
1051821.0
857447.0
923432.0
930081.0
901334.0
919716.0
871731.0
990100.0
976486.0
979327.0
976939.0
1052250.0
1014574.0
861132.0
930406.0
981318.0
979726.0
998296.0
1059990.0
897915.0
933088.0
884608.0
961139.0
880153.0
854738.0
965210.0
873916.0
1027909.0
907779.0
918297.0
895348.0
1026309.0
917591.0
1019453.0
949424.0
1116805.0
902958.0
849923.0
887798.0
949647.0
974150.0
1040692.0
982264.0
882744.0
981234.0
837352.0
1000108.0
989559.0
1026928.0
1084790.0
1006104.0
867138.0
1170943.0
950452.0
874526.0
961362.0
954963.0
876951.0
850639.0
1044285.0
961410.0
895928.0
1046813.0
876646.0
994830.0
884058.0
942746.0
853981.0
1003375.0
1101167.0
928436.0
1128776.0
955864.0
1092957.0
1121217.0
970179.0
1002220.0
1145602.0
993101.0
1055470.0
1043478.0
1082441.0
1057349.0
934237.0
947914.0
897487.0
1063676.0
952672.0
827624.0
935450.0
982012.0
1016543.0
1224916.0
1029468.0
1202015.0
815865.0
940213.0
934688.0
947363.0
996582.0
940232.0
892879.0
1012253.0
853443.0
953722.0
1029061.0
977142.0
1105576.0
881230.0
936211.0
709698.0
860086.0
999623.0
1026269.0
1088704.0
1086169.0
1039417.0
935747.0
832415.0
852637.0
1023334.0
806762.0
998415.0
1127223.0
994806.0
955312.0
971755.0
1038946.0
906886.0
852733.0
934086.0
999061.0
978953.0
1005530.0
865874.0
917213.0
1079478.0
990982.0
1074213.0
922793.0
1109037.0
958901.0
974296.0
993219.0
1049504.0
1070643.0
965118.0
921501.0
1098120.0
881752.0
940379.0
1044163.0
1004355.0
1118282.0
1044006.0
1020505.0
1008339.0
960211.0
910426.0
970401.0
946547.0
965987.0
1007655.0
960233.0
1034867.0
1106007.0
996517.0
1138615.0
927812.0
1030476.0
1020016.0
1091383.0
956763.0
1068996.0
1090843.0
1163885.0
1081659.0
943137.0
953528.0
1132074.0
1196875.0
1092703.0
872930.0
1007848.0
1104976.0
1034566.0
1104841.0
1008540.0
993808.0
896018.0
904365.0
998172.0
922102.0
1123898.0
866520.0
903883.0
1021641.0
1165573.0
870383.0
1010565.0
922813.0
982157.0
985376.0
865431.0
1029620.0
1029999.0
993188.0
977440.0
964700.0
985619.0
1131294.0
1033333.0
986518.0
914565.0
960610.0
951223.0
919906.0
1159168.0
1010102.0
1095962.0
824754.0
969497.0
1198106.0
960790.0
972088.0
1186033.0
1130043.0
975879.0
965553.0
1100229.0
883849.0
1006181.0
1053984.0
997915.0
1016823.0
976269.0
941203.0
989560.0
980685.0
1042137.0
936244.0
1128235.0
819673.0
975770.0
1076280.0
1067147.0
1036503.0
1002716.0
985536.0
1042574.0
1088370.0
923999.0
980940.0
952958.0
949710.0
949872.0
1051576.0
1046793.0
1085219.0
910988.0
1071613.0
960910.0
1042302.0
957117.0
965785.0
888262.0
1036130.0
971637.0
1063464.0
1027092.0
1012086.0
1045641.0
985344.0
1240750.0
968795.0
1059173.0
857083.0
920750.0
1115172.0
1042208.0
996512.0
995529.0
1055835.0
992993.0
971266.0
1047192.0
915763.0
1106329.0
1114307.0
895584.0
948358.0
966692.0
901582.0
880703.0
947999.0
1141429.0
987499.0
901915.0
926781.0
939327.0
1050150.0
918496.0
987609.0
992793.0
1118766.0
972174.0
1079156.0
1150505.0
1059394.0
1007223.0
959382.0
1151269.0
1046879.0
948960.0
980751.0
888879.0
1067600.0
1040416.0
944963.0
913708.0
980492.0
1101107.0
918352.0
879960.0
971439.0
1163375.0
1036662.0
937429.0
986480.0
1007132.0
1033100.0
1029167.0
955388.0
982117.0
1085850.0
1095424.0
1103181.0
865289.0
1066425.0
928316.0
1022712.0
1032495.0
888102.0
1166778.0
941615.0
990386.0
913347.0
1132147.0
1052414.0
920534.0
1027454.0
1023636.0
1026172.0
961852.0
900681.0
980405.0
1048353.0
1009982.0
1093020.0
983285.0
922252.0
1105280.0
861125.0
993989.0
969872.0
895223.0
994180.0
1033820.0
1061993.0
981492.0
1073286.0
1008325.0
986719.0
1074202.0
942053.0
1112887.0
1049069.0
1074829.0
942017.0
1150439.0
967463.0
1064252.0
1077955.0
1130944.0
1028446.0
1060046.0
1140839.0
929380.0
1040485.0
927535.0
983345.0
952323.0
1037831.0
1139828.0
1059939.0
971355.0
944271.0
915884.0
1026666.0
1004305.0
990227.0
908475.0
1039707.0
889787.0
1136510.0
1163124.0
856391.0
1056975.0
1233806.0
1030990.0
921480.0
931413.0
1049745.0
836663.0
1145941.0
906624.0
1118457.0
1013531.0
1002283.0
1055803.0
995511.0
1023087.0
940575.0
1069999.0
1153439.0
1017239.0
987741.0
1139677.0
803887.0
848998.0
1169642.0
1106247.0
1130008.0
891351.0
1111050.0
996310.0
926716.0
1143189.0
1105153.0
876620.0
922404.0
862423.0
1020011.0
904684.0
911711.0
1112226.0
907578.0
1035817.0
1111261.0
1093586.0
947061.0
1056963.0
916602.0
993263.0
1040182.0
1036755.0
1062871.0
1090347.0
962523.0
848316.0
871648.0
1062148.0
998434.0
1027736.0
1138141.0
1092071.0
886132.0
847955.0
991858.0
944976.0
909500.0
