1113649.0
1139414.0
1062254.0
1062254.0
927512.0
955496.0
955496.0
955496.0
955496.0
955496.0
901128.0
918513.0
838570.0
838570.0
824225.0
824225.0
824225.0
824225.0
824225.0
824225.0
824225.0
824225.0
824225.0
824225.0
824225.0
747134.0
747134.0
747134.0
747134.0
747134.0
747134.0
747134.0
747134.0
747134.0
747134.0
778633.0
778633.0
778633.0
778633.0
778633.0
740532.0
740532.0
740532.0
740532.0
740532.0
740532.0
730911.0
784530.0
730911.0
656524.0
683117.0
683117.0
683117.0
683117.0
683117.0
683117.0
683117.0
683117.0
683117.0
683117.0
683117.0
714707.0
714707.0
714707.0
652633.0
652633.0
652633.0
710424.0
710424.0
710424.0
710424.0
710424.0
710424.0
710424.0
710424.0
710424.0
710424.0
710424.0
710424.0
710424.0
710424.0
710424.0
652633.0
652633.0
652633.0
652633.0
652633.0
652633.0
652633.0
652633.0
659307.0
659307.0
659307.0
659307.0
659307.0
659307.0
659307.0
659307.0
659307.0
659307.0
659307.0
659307.0
637455.0
637455.0
637455.0
637455.0
637455.0
637455.0
637455.0
637455.0
637455.0
637455.0
637455.0
637455.0
637455.0
637455.0
637455.0
637455.0
625494.0
625494.0
625494.0
625494.0
635758.0
635758.0
583263.0
583263.0
583263.0
583263.0
583263.0
583263.0
583263.0
583263.0
592001.0
592001.0
592001.0
592001.0
592001.0
592001.0
592001.0
592001.0
592001.0
592001.0
592001.0
592001.0
592001.0
592001.0
609208.0
609208.0
609208.0
609208.0
609208.0
609208.0
609208.0
609208.0
609208.0
609208.0
609208.0
609208.0
609208.0
609208.0
609208.0
609208.0
609208.0
609208.0
609208.0
609208.0
609208.0
609208.0
609208.0
609208.0
609208.0
609208.0
609208.0
609208.0
609208.0
609208.0
609208.0
609208.0
609208.0
619522.0
619522.0
619522.0
619522.0
619522.0
619522.0
619522.0
619522.0
619522.0
619522.0
619522.0
619522.0
619522.0
619522.0
619522.0
619522.0
619522.0
619522.0
619522.0
619522.0
619522.0
619522.0
619522.0
619522.0
619522.0
619522.0
619522.0
619522.0
619522.0
619522.0
619522.0
619522.0
619522.0
619522.0
619522.0
619522.0
619522.0
619522.0
619522.0
619522.0
619522.0
619522.0
619522.0
626676.0
626676.0
626676.0
626676.0
619522.0
619522.0
619522.0
619522.0
619522.0
619522.0
619522.0
619522.0
619522.0
644720.0
619522.0
619522.0
619522.0
619522.0
619522.0
619522.0
619522.0
619522.0
619522.0
619522.0
619522.0
619522.0
619522.0
619522.0
619522.0
619522.0
619522.0
619522.0
619522.0
619522.0
619522.0
619522.0
619522.0
619522.0
619522.0
619522.0
619522.0
619522.0
619522.0
619522.0
619522.0
619522.0
619522.0
619522.0
619522.0
619522.0
619522.0
619522.0
619522.0
595887.0
595887.0
595887.0
595887.0
595887.0
595887.0
595887.0
595887.0
595887.0
595887.0
595887.0
595887.0
595887.0
595887.0
595887.0
595887.0
595887.0
595887.0
595887.0
595887.0
595887.0
595887.0
595887.0
583326.0
583326.0
583326.0
583326.0
583326.0
583326.0
583326.0
583326.0
583326.0
583326.0
583326.0
583326.0
583326.0
583326.0
583326.0
583326.0
561687.0
561687.0
561687.0
561687.0
561687.0
561687.0
561687.0
561687.0
561687.0
561687.0
561687.0
561687.0
561687.0
561687.0
561687.0
561687.0
561687.0
565139.0
565139.0
565139.0
565139.0
565139.0
575785.0
580607.0
580607.0
580607.0
575785.0
575785.0
575785.0
575785.0
575785.0
575785.0
575785.0
575785.0
575785.0
575785.0
575785.0
575785.0
575785.0
575785.0
591703.0
591703.0
591703.0
591703.0
591703.0
591703.0
591703.0
575785.0
575785.0
575785.0
575785.0
575785.0
575785.0
575785.0
575785.0
575785.0
575785.0
575785.0
575785.0
575785.0
575785.0
575785.0
575785.0
575785.0
575785.0
575785.0
575785.0
575785.0
575785.0
575785.0
575785.0
575785.0
575785.0
575785.0
575785.0
575785.0
575785.0
575785.0
575785.0
575785.0
575785.0
575785.0
575785.0
575785.0
575785.0
575785.0
575785.0
575785.0
575785.0
575785.0
575785.0
575785.0
575785.0
575785.0
575785.0
575785.0
575785.0
575785.0
575785.0
575785.0
575785.0
575785.0
575785.0
580973.0
580973.0
580973.0
580973.0
580973.0
580973.0
580973.0
580973.0
580973.0
580973.0
580973.0
580973.0
580973.0
580973.0
580973.0
580973.0
580973.0
580973.0
580973.0
580973.0
580973.0
580973.0
580973.0
580973.0
580973.0
580973.0
580973.0
580973.0
580973.0
580973.0
580973.0
580973.0
580973.0
580973.0
580973.0
580973.0
580973.0
580973.0
580973.0
580973.0
580973.0
580973.0
580973.0
580973.0
580973.0
580973.0
580973.0
580973.0
580973.0
580973.0
580973.0
580973.0
580973.0
580973.0
580973.0
580973.0
580973.0
580973.0
580973.0
580973.0
580973.0
580973.0
580973.0
580973.0
580973.0
580973.0
580973.0
580973.0
580973.0
580973.0
580973.0
580973.0
580973.0
580973.0
580973.0
580973.0
580973.0
580973.0
580973.0
580973.0
580973.0
580973.0
580973.0
