52.27033078145313
54.96245747135426
56.356570309249506
60.00683660904191
60.00683660904191
60.480179278534436
60.480179278534436
61.20571428571429
61.20571428571429
61.76882171844389
61.76882171844389
62.6005929690809
62.6005929690809
64.647727486768
64.647727486768
64.647727486768
64.647727486768
64.79324628874353
64.79324628874353
64.79324628874353
64.79324628874353
64.79324628874353
65.31746499342091
65.31746499342091
65.31746499342091
65.31746499342091
65.31746499342091
65.64231479581368
65.64231479581368
65.64231479581368
65.64231479581368
65.73984902430009
65.73984902430009
65.73984902430009
65.73984902430009
65.73984902430009
65.73984902430009
65.86159491242124
67.25161721622526
67.25161721622526
67.25161721622526
67.25161721622526
67.25161721622526
67.25161721622526
67.25161721622526
67.25161721622526
67.25161721622526
67.25161721622526
67.25161721622526
67.50427652922785
67.50427652922785
67.50427652922785
67.50427652922785
67.50427652922785
67.50427652922785
67.50427652922785
67.50427652922785
67.50427652922785
67.50427652922785
67.50427652922785
68.04512049924047
68.04512049924047
68.12217305801377
69.28070498272302
69.28070498272302
69.28070498272302
69.28070498272302
69.28070498272302
69.28070498272302
69.28070498272302
69.28070498272302
69.28070498272302
69.28070498272302
69.28070498272302
69.28070498272302
69.28070498272302
69.28070498272302
69.28070498272302
69.28070498272302
69.28070498272302
69.28070498272302
69.84023637694801
69.84023637694801
69.84023637694801
69.84023637694801
69.84023637694801
69.84023637694801
69.84023637694801
69.84023637694801
69.84023637694801
69.84023637694801
69.84023637694801
69.84023637694801
69.84023637694801
69.84023637694801
69.84023637694801
69.84023637694801
69.84023637694801
69.84023637694801
69.84023637694801
69.84023637694801
69.84023637694801
69.84023637694801
69.84023637694801
69.84023637694801
69.84023637694801
69.84023637694801
69.84023637694801
69.84023637694801
69.84023637694801
69.84023637694801
70.93391159402397
70.93391159402397
70.93391159402397
70.93391159402397
70.93391159402397
70.93391159402397
70.93391159402397
70.93391159402397
70.93391159402397
71.14355681771413
71.14355681771413
71.14355681771413
71.14355681771413
71.14355681771413
71.14355681771413
71.14355681771413
71.14355681771413
71.14355681771413
71.14355681771413
71.14355681771413
71.14355681771413
71.14355681771413
71.14355681771413
71.14355681771413
71.14355681771413
71.14355681771413
71.14355681771413
71.14355681771413
71.14355681771413
71.14355681771413
71.14355681771413
71.14355681771413
71.14355681771413
71.14355681771413
71.14355681771413
71.14355681771413
71.14355681771413
71.14355681771413
71.14355681771413
71.14355681771413
71.14355681771413
71.14355681771413
71.14355681771413
71.14355681771413
71.42239782689221
71.42239782689221
71.42239782689221
71.42239782689221
71.42239782689221
71.42239782689221
71.42239782689221
71.42239782689221
71.42239782689221
71.42239782689221
71.42239782689221
71.42239782689221
71.42239782689221
71.42239782689221
71.42239782689221
71.42239782689221
71.42239782689221
71.42239782689221
71.42239782689221
71.42239782689221
71.42239782689221
71.42239782689221
71.42239782689221
71.42239782689221
71.42239782689221
71.42239782689221
71.42239782689221
71.42239782689221
71.42239782689221
71.42239782689221
71.42239782689221
71.42239782689221
71.42239782689221
71.42239782689221
71.42239782689221
71.42239782689221
71.42239782689221
71.42239782689221
71.42239782689221
71.76655579388024
71.76655579388024
71.76655579388024
71.76655579388024
71.76655579388024
71.76655579388024
71.76655579388024
71.76655579388024
71.76655579388024
71.76655579388024
71.76655579388024
71.76655579388024
71.76655579388024
71.76655579388024
71.76655579388024
71.76655579388024
71.76655579388024
71.76655579388024
71.76655579388024
71.76655579388024
71.76655579388024
72.02901038091078
72.02901038091078
72.02901038091078
72.02901038091078
72.02901038091078
72.02901038091078
72.02901038091078
72.02901038091078
72.02901038091078
72.02901038091078
72.02901038091078
72.02901038091078
72.02901038091078
72.02901038091078
72.02901038091078
72.02901038091078
72.02901038091078
72.02901038091078
72.02901038091078
72.02901038091078
72.02901038091078
72.02901038091078
72.02901038091078
72.02901038091078
72.02901038091078
72.02901038091078
72.02901038091078
72.02901038091078
72.02901038091078
72.02901038091078
72.02901038091078
72.02901038091078
72.02901038091078
72.02901038091078
72.02901038091078
72.02901038091078
72.02901038091078
72.02901038091078
72.02901038091078
72.02901038091078
72.02901038091078
72.02901038091078
72.02901038091078
72.02901038091078
72.02901038091078
72.02901038091078
72.02901038091078
72.02901038091078
72.02901038091078
72.02901038091078
72.02901038091078
72.02901038091078
72.02901038091078
72.02901038091078
72.02901038091078
72.02901038091078
72.02901038091078
72.02901038091078
72.02901038091078
72.02901038091078
72.02901038091078
72.05939056670626
72.05939056670626
72.05939056670626
72.05939056670626
72.05939056670626
72.05939056670626
72.05939056670626
72.05939056670626
72.05939056670626
72.05939056670626
72.05939056670626
72.05939056670626
72.05939056670626
72.05939056670626
72.05939056670626
72.05939056670626
72.05939056670626
72.05939056670626
72.05939056670626
72.05939056670626
72.05939056670626
72.05939056670626
72.05939056670626
72.05939056670626
72.05939056670626
72.05939056670626
72.05939056670626
72.05939056670626
72.05939056670626
72.05939056670626
72.05939056670626
72.05939056670626
72.05939056670626
72.05939056670626
72.05939056670626
72.05939056670626
72.05939056670626
72.05939056670626
72.21804981850043
72.21804981850043
72.21804981850043
72.21804981850043
72.21804981850043
72.21804981850043
72.21804981850043
72.21804981850043
72.21804981850043
72.21804981850043
72.21804981850043
72.21804981850043
72.21804981850043
72.21804981850043
72.21804981850043
72.21804981850043
72.21804981850043
72.33258017950168
72.33258017950168
72.33258017950168
72.33258017950168
72.33258017950168
72.52678255069927
72.52678255069927
72.52678255069927
72.52678255069927
72.52678255069927
72.52678255069927
72.52678255069927
72.52678255069927
72.52678255069927
72.52678255069927
72.52678255069927
72.52678255069927
72.52678255069927
72.52678255069927
72.52678255069927
72.52678255069927
72.52678255069927
72.52678255069927
72.52678255069927
72.52678255069927
72.52678255069927
72.52678255069927
72.52678255069927
72.52678255069927
72.52678255069927
72.52678255069927
72.52678255069927
72.52678255069927
72.52678255069927
72.52678255069927
72.52678255069927
72.52678255069927
72.52678255069927
72.52678255069927
72.52678255069927
72.52678255069927
72.52678255069927
72.52678255069927
72.52678255069927
72.52678255069927
72.52678255069927
72.52678255069927
72.55335667687947
72.55335667687947
72.55335667687947
72.55335667687947
72.55335667687947
72.62655415085068
72.62655415085068
72.62655415085068
72.62655415085068
72.62655415085068
72.62655415085068
72.62655415085068
72.62655415085068
72.62655415085068
72.62655415085068
72.62655415085068
72.62655415085068
72.62655415085068
72.62655415085068
72.62655415085068
72.62655415085068
72.62655415085068
72.62655415085068
72.62655415085068
72.62655415085068
72.62655415085068
72.62655415085068
72.62655415085068
72.62655415085068
72.62655415085068
72.62655415085068
72.62655415085068
72.62655415085068
72.62655415085068
72.62655415085068
72.62655415085068
72.62655415085068
72.62655415085068
72.62655415085068
72.725632901465
72.725632901465
72.725632901465
72.725632901465
72.725632901465
72.725632901465
72.725632901465
72.725632901465
72.725632901465
72.725632901465
72.725632901465
72.725632901465
72.725632901465
72.725632901465
72.725632901465
72.725632901465
72.725632901465
72.725632901465
72.725632901465
72.725632901465
72.725632901465
72.725632901465
72.725632901465
72.725632901465
72.725632901465
72.725632901465
72.725632901465
72.725632901465
72.725632901465
72.725632901465
72.725632901465
72.725632901465
72.725632901465
72.725632901465
72.725632901465
72.725632901465
72.725632901465
72.77975781070886
72.77975781070886
72.77975781070886
72.77975781070886
72.77975781070886
72.77975781070886
72.77975781070886
72.77975781070886
72.77975781070886
72.77975781070886
72.77975781070886
72.77975781070886
72.77975781070886
72.77975781070886
72.88240688634612
72.88240688634612
72.88240688634612
72.88240688634612
72.88240688634612
72.88240688634612
72.88240688634612
72.88240688634612
72.88240688634612
72.88240688634612
72.88240688634612
72.88240688634612
72.88240688634612
72.88240688634612
72.88240688634612
72.88240688634612
72.88240688634612
72.88240688634612
72.88240688634612
72.88240688634612
72.88240688634612
72.88240688634612
72.88240688634612
72.88240688634612
72.88240688634612
72.88240688634612
72.88240688634612
72.88240688634612
72.88240688634612
72.88240688634612
72.88240688634612
72.88240688634612
