46.4491251917283
48.97328321076532
50.83973674600609
51.731341585679985
52.133049357377104
52.80837198468819
51.41985006546404
51.94332410189464
50.89679400406962
52.46401353961731
52.35898652678334
53.722356866503894
52.36622625588711
53.18400997926615
52.025626419039284
52.8132772241432
53.65720095308529
53.47450464778679
53.860131438502194
53.73922219861015
55.17582175246059
55.366491538518645
54.75158489664262
55.42472427898767
55.83711805656785
55.788457590642714
55.801306216730154
56.5378055257909
56.42007898265815
56.3125579943113
56.41256080657696
57.09842263923682
57.29351585474687
56.75618934954686
57.726920939820545
57.81056165409547
57.81253191016522
57.50243594153684
57.99577893656529
57.73037430093926
57.44673928546485
57.456176176880476
57.7342833101459
57.83301175125242
57.63020119401411
57.955886427822364
57.05029990904377
57.43036839220227
57.356688283607774
58.0755002777463
58.43801093995663
58.03576048164041
58.66606518162715
58.078229638058836
58.06257993651415
58.087664650118775
58.11199636915351
58.20756355412486
58.46187206323199
58.5895175890745
58.63526876546375
59.056418848286334
58.571951043989586
59.19408445282781
58.790298115951224
59.246751071191774
58.43758054834034
59.28230365921289
59.64169638579047
59.1961128769817
59.73806452424686
59.11996755309024
59.68965237964183
59.44358425388711
60.11456593460632
59.823238422563556
60.45186693438497
59.866636084481016
59.91662363844749
60.277938879221274
60.02750193647878
59.618057924588555
58.79180964976358
59.08497460554443
59.17196053079701
59.488568076928566
59.696776479923365
59.8140504434735
59.75479419048399
59.817196413187595
60.638066656432976
60.62347615534058
60.6591441472163
60.680617751085286
60.99543094046275
60.777245989190995
61.43391399584762
61.30504270810331
61.287342808812156
61.29394513467363
61.23382214124135
60.906692314469744
61.06098843718486
61.398856386814046
61.449053548921206
61.42252363039094
60.494798512838315
61.23932432289632
60.87048809555329
60.856705111359744
60.44284421662449
60.64285952415624
60.54011584063471
60.46268925377827
60.76282959823575
60.99913885388809
61.3285823314285
61.51863159955376
61.65879121422953
61.482412011435876
62.21425895441072
62.43872753783827
62.48622641685457
62.49629752906455
61.67045561941711
62.416989072981096
61.21681787797723
62.122188393454586
62.17562128722225
62.19502050074666
62.687738652543736
62.43650958525257
62.81008322198436
63.332854150852306
63.56374985447927
63.29838551789847
63.28007316046413
63.36104019231627
63.26406743536629
63.7188448188335
63.75514562629802
63.83608159243421
63.77622965698761
63.817484594753644
63.58453352162791
63.784478026061386
64.30104223092842
64.40338575641083
64.09407581814527
64.06649659718184
64.25218434505064
64.21181655868578
64.63727409508141
64.46857679064034
64.52868824986601
64.82966871902732
64.50352746024181
64.77773342357817
64.80562035811872
64.85561682252688
64.98969401110283
65.3307358435596
64.49988408489588
64.94425474998764
65.10466032897138
65.10466032897138
64.95680677344545
65.0057947226129
65.28534006886527
65.47828450418761
65.69232100292544
65.58437114305512
65.65438630462988
65.67685256468067
65.51249081116931
65.85729606073421
65.6535797375206
65.57680516082368
65.69300514905359
65.88522402225745
66.07288103350582
66.16068358361356
66.48018619974762
66.43157801515306
66.39007359666606
66.47393040033124
66.53164905937778
66.68088699810424
66.66912572895039
66.66912572895038
66.66912572895038
66.5833319802002
66.27521498599744
66.38442414496443
66.62004950379105
66.62004950379105
66.64003919165711
66.35357932637244
66.50021357249847
66.74472188312264
66.43630789378994
66.47154838780325
66.57392465046176
66.51996910876063
66.50731371952669
66.28472886964265
66.34279624256011
66.34345072026126
66.57055248195735
66.57055248195735
66.57055248195734
66.74067541899275
67.08904754281977
66.99317193928117
66.92460334002095
66.56738956444751
66.67496689010505
66.8038164490827
66.71287429651939
66.47059875296539
66.56545026704093
66.69602047980955
67.06605384421692
67.06605384421692
66.85177961602197
66.75954308214003
66.55909702190196
66.49521531353115
66.49521531353115
66.49521531353115
66.44802333229137
66.44802333229137
66.56847690915166
66.57353204581915
66.69646071387986
67.00203506084293
66.74114498319202
66.7693848981551
66.85628511174272
66.84002052324323
66.85146675208529
66.88272016429835
66.56428290487032
66.75505045485488
66.81857287050927
66.81857287050927
66.98869788458128
66.75932480703707
66.41422475239207
66.94141383856754
66.95117386073039
66.6815411381614
66.9857542767669
67.22854178274238
67.12127843002334
67.13112291511952
67.16655030069401
67.05231909077729
67.05231909077729
67.05231909077729
66.96967020922392
67.10758332874116
67.10758332874117
67.18655022148279
67.18679121516895
66.92168930645451
66.87122720989991
67.08481437084784
67.0627917893254
67.06878100639715
66.91754686370372
66.91754686370372
67.154263126733
66.9402433427997
67.08892411192878
67.02811192019011
67.55522912057948
67.5905970832467
67.5279731784001
67.44600995951969
67.43462741459633
67.43462741459633
67.47806125658069
67.47806125658069
67.47806125658069
67.65072970253269
67.65072970253267
67.59875103475262
67.60663544225449
67.58477166625842
67.58477166625843
67.58477166625842
67.58477166625842
67.58477166625842
67.88398453255117
67.79900845795711
67.89353603119042
67.92197814595822
67.91648537400582
67.92555685145213
68.01726763466709
67.9408208715309
68.07697514975104
68.07697514975104
68.24142885874582
68.24142885874582
68.37989382143384
68.37989382143384
68.37989382143384
68.53479577198806
68.5890724916686
68.33554797082749
68.63514315343494
68.63514315343494
68.63085400915988
68.50207371110221
68.525296214911
68.52664677473973
68.4691807673752
68.16228717576097
67.99668780130942
68.3376987429572
68.46249557861597
67.92698721408551
68.20572604474667
68.20572604474667
68.28436577941686
68.202864589844
68.13393423414688
67.96330712194728
68.02421723190845
68.20019099203643
68.17332612258744
68.2616769757274
68.21700620947728
68.21700620947728
68.42555072197821
68.53296618251696
68.55568618038187
68.55568618038187
68.37931323836489
68.37931323836487
68.37931323836487
68.37931323836489
68.37931323836487
68.37931323836487
68.37931323836487
68.29787780912586
68.29787780912586
68.33378091413947
68.33378091413947
68.42534854728882
68.19471216177432
68.41796043110077
68.18387059704436
68.60130198337468
68.40498776600914
68.4538857523774
68.51329737324728
68.51329737324728
68.3719786524484
68.37772789885341
68.33809122662907
68.43132843655317
68.6021140396096
68.60979869815827
68.35110151428874
68.35110151428874
68.35274719955382
68.02527498808365
68.02527498808365
68.3799685312597
68.3799685312597
68.68290875589419
68.0352201838769
68.52341930691179
68.24128649306239
68.32811330022903
68.42728702923084
68.79921416933384
68.95505424070656
69.07527551577203
68.16677660945122
68.55462466486907
68.58901824019183
68.26309141457801
68.48536459927293
68.74231831546113
68.74231831546113
68.3551439783833
68.08731376005237
67.9053975874088
67.94294494475797
67.97395282196705
68.41295325115338
67.95951103060818
68.39845903419706
68.32465940257568
68.21636534304304
67.91699178053311
68.17229725319258
67.72080337122911
67.84903165509265
67.84903165509265
67.84903165509265
67.84903165509265
67.84903165509265
67.84903165509265
68.1022236324647
68.10346993005687
68.10531876882968
68.10531876882968
68.43927579057726
68.35722694122504
68.35722694122504
68.35795791233984
68.36459066492915
68.23696589793268
68.13493590335084
68.54189971562103
68.59235917252032
68.59235917252032
68.29772653148505
68.38500404514274
68.87651544671333
68.87651544671333
68.85747320267764
68.88539655095428
68.88539655095428
68.89454311719666
68.89454311719665
68.8975387527525
68.45608327915907
68.68081333913523
68.79686299631739
68.79650802264523
68.84005436226445
68.58389350688861
67.76697836941302
67.72735841522311
67.72735841522311
67.45392218690534
67.88773753365389
67.94017426984148
67.88714378391131
68.42040484950137
68.45766514390151
68.45766514390152
68.63783656669654
68.63783656669655
68.64017530694012
68.87130946900083
68.21012420895235
68.99170170861352
68.72527578114017
68.7446043813773
68.88815335770639
68.83712228704718
68.60646691194522
68.74339328526541
68.69175208458199
68.70491811389034
68.64566940751031
68.73049387660411
68.72345108691358
68.83970391944743
68.87163779296878
69.00552892590524
68.8770731177518
68.92476412678892
68.92601685568115
68.94732778139698
68.78013720797544
68.85700675512861
68.85946442758251
68.76494991545147
68.4771956052836
68.49442862396366
68.83974276510261
68.83974276510261
68.795371724643
68.70394998651993
68.79040213372262
68.80921020204066
68.28429906217448
68.59984597288927
68.50757205684594
68.7814340513698
68.7814340513698
68.15257660217407
68.34472620100411
68.46898400417582
68.47429399291345
68.64413949894706
68.32891924267739
68.60696432463168
68.81283586320984
68.78204180511517
68.49933812605022
68.65689866967686
