39.88065638985579
39.88065638985579
39.88065638985579
39.88065638985579
40.40442085016807
40.40442085016807
38.61382279314317
40.376028750563975
41.33029149404695
41.33029149404695
41.623920045756954
40.130924206565936
40.59777233045198
40.59777233045198
40.204354938507045
40.204354938507045
40.204354938507045
42.199593645991825
42.199593645991825
42.199593645991825
42.308534934740265
42.308534934740265
45.339607665268176
45.339607665268176
45.339607665268176
48.6841696924557
46.13180015306398
46.12142807104691
46.12142807104691
46.12142807104691
45.55568531656822
45.55568531656822
45.55568531656822
45.55568531656822
46.12142807104691
46.12142807104691
46.12142807104691
46.12142807104691
46.12142807104691
46.12142807104691
46.120791221668156
46.120791221668156
46.120791221668156
46.120791221668156
46.120791221668156
46.225871369162476
44.91208703303736
44.91208703303736
44.91208703303736
44.91208703303736
44.91208703303736
44.91208703303736
44.91208703303736
44.91208703303736
44.91208703303736
44.91208703303736
46.22773297879515
46.22773297879515
46.22773297879515
46.22773297879515
46.22773297879515
46.22773297879515
46.22773297879515
46.22773297879515
47.46712271202322
49.55998465735976
49.50547781173484
47.56431642187775
49.5862191247458
48.0488911576201
48.0488911576201
48.0488911576201
48.0488911576201
48.0488911576201
48.0488911576201
50.60205497431283
50.60205497431283
50.872090872090865
50.872090872090865
50.872090872090865
50.872090872090865
50.1156689764202
50.872090872090865
50.872090872090865
50.777740777740775
49.982295522409835
49.982295522409835
48.96355288314604
48.96355288314604
50.939985939985945
50.939985939985945
49.74894208299122
49.74894208299122
49.74894208299122
49.47580357779204
49.31736659321538
49.548848353148486
49.441389127309584
49.441389127309584
45.99788752350773
49.54249205380936
49.753074769588885
49.753074769588885
49.753074769588885
49.753074769588885
49.753074769588885
49.753074769588885
49.753074769588885
49.808471300402985
52.095934045343824
52.20765884351836
52.20765884351836
52.20765884351836
51.83995739732429
52.20765884351836
52.459059396664784
53.1077279811457
53.87806764643836
53.87806764643836
54.36610683461628
54.36610683461628
54.36610683461628
54.36610683461628
54.394569132723745
54.462059137869616
54.462059137869616
54.462059137869616
53.7256537708413
53.70402555219545
54.47844604451974
53.23863636363636
53.23863636363636
53.23863636363636
53.23863636363636
53.66368546819414
54.50659066619167
54.838498990618696
54.838498990618696
54.838498990618696
54.838498990618696
54.916990448912834
54.916990448912834
54.916990448912834
45.62835357243717
52.48781335759565
50.05998463233589
50.05998463233589
54.82895298016613
54.82895298016613
54.82895298016613
54.82895298016613
50.4045046077747
54.82895298016613
54.82895298016613
54.828952980166136
53.53663074598076
54.828952980166136
54.93682981208197
54.99563725432655
53.70517484879187
54.64717018849732
52.9135946190661
54.28139224504013
54.28139224504013
54.64717018849732
54.64717018849732
54.64717018849732
51.074196530147894
51.074196530147894
51.074196530147894
45.937631689844075
41.504164839982465
41.504164839982465
41.504164839982465
41.504164839982465
44.02060747520041
44.02060747520041
47.953026729559745
50.31770565000859
50.31770565000859
50.38888696074687
50.38888696074687
50.38888696074687
50.38888696074687
50.38888696074687
50.98720608575381
50.98720608575381
51.016597510373444
48.96176540809714
49.09957910208445
49.09957910208445
49.09957910208445
51.02074688796681
49.927787996457525
43.69521677662583
49.927787996457525
51.02074688796681
51.02074688796681
51.05347593582887
51.67917448405253
51.67917448405253
49.198605679306255
46.420034767492396
49.30488283806782
51.214656771799625
51.214656771799625
51.67917448405253
51.67917448405253
51.92322626191317
51.675811693985246
51.675811693985246
53.01454117468391
53.07832491742282
53.07832491742282
49.533016658861314
51.705867566791156
51.705867566791156
53.07832491742282
53.19013629978358
48.32376654832609
48.32376654832609
48.32376654832609
50.035857815964526
51.303248089871964
53.19013629978358
53.84401855654422
47.66425262608469
47.66425262608469
47.66425262608469
47.66425262608469
47.66425262608469
46.1726824364653
47.96505669608912
47.96505669608912
47.96505669608912
50.15661815661815
50.15661815661815
53.84401855654422
51.72858804711357
51.72858804711357
51.72858804711357
51.427833148763376
51.72858804711357
52.31179662745384
52.31179662745384
52.0282700571794
52.0282700571794
52.0282700571794
48.13936944219886
51.104986969077956
52.0282700571794
52.0282700571794
52.538447488584474
52.538447488584474
52.538447488584474
52.78538812785388
52.78538812785388
52.78538812785388
54.424900812393716
54.461741923294916
51.379322450412495
47.54990838075032
47.54990838075032
47.54990838075032
46.96925000801616
46.96925000801616
46.96925000801616
47.54990838075032
47.54990838075032
47.54990838075032
51.18696428571429
51.36352466210286
51.36352466210286
49.58346459449054
48.96477184449624
48.96477184449624
51.36352466210286
51.36352466210286
51.36352466210286
51.36352466210286
51.36352466210286
51.36352466210286
51.36352466210286
51.36352466210286
51.36352466210286
51.568482791692794
51.568482791692794
52.025663684229905
52.025663684229905
52.025663684229905
52.025663684229905
52.025663684229905
53.30189373046515
50.12033673326813
53.30612244897959
53.30612244897959
53.49234217407546
53.49234217407546
53.497945461337316
53.497945461337316
53.497945461337316
51.13429965454611
54.13576390165019
54.13576390165019
54.13576390165019
54.13576390165019
54.23059659622218
54.34660248102203
54.35900759118681
54.35900759118681
54.58674319570449
54.590816515460084
54.590816515460084
54.590816515460084
54.590816515460084
54.590816515460084
54.590816515460084
54.42678137273238
51.068864229765005
51.068864229765005
54.608405850768364
54.608405850768364
54.945935937789294
54.945935937789294
54.945935937789294
54.945935937789294
54.945935937789294
50.04615178061961
54.945935937789294
54.945935937789294
54.945935937789294
55.01515725653657
55.01515725653657
55.01515725653657
55.01515725653657
51.859988123472164
50.19323834985955
50.19323834985955
47.005618156861495
50.19323834985955
51.898852223816355
54.59267359212686
54.65190450154912
54.70657918716969
55.08640359079859
55.489909276059976
55.489909276059976
55.489909276059976
57.47943156320121
57.66697925114896
57.70267301973505
57.70267301973505
57.70267301973505
48.79393388056755
57.70267301973505
57.70267301973505
57.70267301973505
57.70267301973505
57.70267301973505
57.70267301973505
57.70647472289808
57.70647472289808
57.88642200594755
57.981322731602255
57.981322731602255
58.08199851311164
58.08199851311164
58.1146391226728
56.539588841747126
57.19435704444033
58.048618876050845
58.1146391226728
57.51311000061695
57.51311000061695
48.89562918027688
49.517875207162994
56.02895510724495
58.1839241690045
58.1839241690045
56.05459355459356
58.1839241690045
58.28020062909122
58.33014537107881
58.383915667771845
58.383915667771845
58.27446229703307
58.27446229703307
58.383915667771845
58.42535917708067
58.42535917708067
58.42535917708067
58.542251126413326
58.09197383200007
58.5433975529662
58.781348295502845
58.241790543377846
58.811564319006806
58.811564319006806
59.07543205111713
59.07543205111713
