1121536.0
977873.0
994922.0
929622.0
929622.0
880298.0
613112.0
613112.0
535374.0
535374.0
542817.0
688066.0
688066.0
554151.0
590301.0
600555.0
600555.0
600555.0
591335.0
605230.0
605230.0
591335.0
591335.0
649163.0
553196.0
544336.0
559555.0
578631.0
651728.0
651728.0
651728.0
651728.0
651728.0
651728.0
511353.0
511353.0
511353.0
511353.0
589371.0
589371.0
589371.0
589371.0
589371.0
589371.0
589371.0
589371.0
589371.0
588041.0
585186.0
585186.0
585186.0
505812.0
505812.0
509148.0
509148.0
509148.0
509148.0
509148.0
535480.0
509148.0
509148.0
509148.0
509148.0
509148.0
509148.0
505812.0
566940.0
505812.0
505812.0
505812.0
505812.0
517882.0
517882.0
517882.0
517882.0
517882.0
517882.0
517882.0
576878.0
587939.0
587939.0
587939.0
587939.0
587939.0
600875.0
587939.0
587939.0
587939.0
587939.0
587939.0
587939.0
587939.0
587939.0
593104.0
657971.0
657971.0
657971.0
657971.0
657971.0
657971.0
657971.0
657971.0
657971.0
657971.0
657971.0
657971.0
491749.0
481695.0
481695.0
486499.0
486499.0
503191.0
582873.0
486499.0
552584.0
552584.0
569016.0
569016.0
569016.0
569016.0
482309.0
482309.0
488746.0
488746.0
488746.0
488746.0
488746.0
488746.0
488746.0
488746.0
511683.0
511683.0
511683.0
537042.0
537042.0
537042.0
517474.0
517474.0
547186.0
517474.0
517474.0
517474.0
505824.0
505824.0
505824.0
505824.0
518915.0
531802.0
531802.0
518915.0
598391.0
598391.0
598391.0
598391.0
598391.0
598391.0
598391.0
512806.0
498620.0
529730.0
529730.0
529730.0
529730.0
529730.0
529730.0
529730.0
529730.0
529730.0
529730.0
529730.0
529730.0
529730.0
521153.0
521153.0
521153.0
521153.0
521153.0
478399.0
478399.0
478399.0
495779.0
495779.0
478399.0
525700.0
478399.0
478399.0
478399.0
478399.0
478399.0
478399.0
490304.0
490304.0
515416.0
588770.0
478399.0
478399.0
478399.0
498451.0
478399.0
478399.0
478399.0
503526.0
503526.0
503526.0
503526.0
456247.0
456247.0
456247.0
456247.0
456247.0
456247.0
456247.0
456247.0
456247.0
456247.0
456247.0
456247.0
456247.0
456247.0
456247.0
456247.0
456247.0
456247.0
456247.0
456247.0
456247.0
456247.0
443459.0
443459.0
443459.0
443459.0
447923.0
443459.0
443939.0
443939.0
504307.0
443939.0
443939.0
443939.0
443939.0
443939.0
443939.0
443939.0
443939.0
443939.0
443939.0
443939.0
443939.0
443459.0
443459.0
443459.0
443459.0
443459.0
443459.0
452064.0
452064.0
452064.0
452064.0
452064.0
452064.0
452064.0
452064.0
452064.0
452064.0
480194.0
480194.0
480194.0
480194.0
480194.0
480194.0
480194.0
452064.0
452064.0
452064.0
452064.0
452064.0
452064.0
452064.0
452064.0
452064.0
452064.0
452064.0
452064.0
452064.0
452064.0
452064.0
452064.0
452064.0
452064.0
452064.0
452064.0
452064.0
452064.0
452064.0
452064.0
452064.0
452064.0
469354.0
469354.0
469354.0
469354.0
469354.0
469354.0
469354.0
479722.0
479722.0
469354.0
469354.0
469354.0
469354.0
469354.0
469354.0
469354.0
469354.0
469354.0
469354.0
469354.0
469354.0
469354.0
469354.0
469354.0
469354.0
469354.0
469354.0
469354.0
452064.0
452064.0
452064.0
452064.0
452064.0
452064.0
452064.0
452064.0
452064.0
452064.0
452064.0
452064.0
275952.0
275952.0
275952.0
275952.0
275952.0
275952.0
275952.0
301948.0
275952.0
275952.0
275952.0
275952.0
275952.0
275952.0
275952.0
275952.0
275952.0
275952.0
275952.0
275952.0
275952.0
275952.0
271598.0
271598.0
271598.0
271598.0
271598.0
279213.0
271598.0
271598.0
271598.0
271598.0
271745.0
271598.0
271598.0
281462.0
281462.0
281462.0
281462.0
281462.0
281462.0
281462.0
281462.0
281462.0
347854.0
281775.0
281775.0
281775.0
281775.0
281775.0
292815.0
292815.0
299255.0
299255.0
292815.0
292815.0
292815.0
292815.0
292095.0
292095.0
292095.0
292095.0
292815.0
