52.86202009563629
52.86202009563629
53.63681580256271
54.578972693371824
54.578972693371824
55.72623216966009
55.72623216966009
55.72623216966009
55.72623216966009
55.72623216966009
56.11426709832427
55.72623216966009
55.72623216966009
55.72623216966009
55.72623216966009
55.72623216966009
58.90854654327708
58.90854654327708
58.90854654327708
57.885008896797146
57.885008896797146
57.885008896797146
57.885008896797146
57.885008896797146
57.885008896797146
57.885008896797146
57.42153039980239
57.42153039980239
57.42153039980239
58.320688803415784
58.320688803415784
58.320688803415784
58.76692125605652
58.76692125605652
59.55761770410863
59.55761770410863
59.55761770410863
59.55761770410863
59.55761770410863
59.55761770410863
59.55761770410863
59.55761770410863
59.55761770410863
60.59086992424514
60.59086992424514
60.59086992424514
60.59086992424514
60.59086992424514
60.59086992424514
60.59086992424514
60.59086992424514
60.59086992424514
60.59086992424514
60.72730047032635
60.72730047032635
60.72730047032635
60.72730047032635
60.72730047032635
60.72730047032635
60.72730047032635
60.72730047032635
60.72730047032635
60.72730047032635
60.90277528452949
60.90277528452949
61.25507126700894
61.25507126700894
61.25507126700894
61.25507126700894
61.39217499012674
61.39217499012674
61.39217499012674
61.25507126700894
61.10315764908626
61.182816931748825
61.182816931748825
61.182816931748825
61.182816931748825
61.182816931748825
61.182816931748825
61.182816931748825
61.182816931748825
61.182816931748825
61.182816931748825
61.182816931748825
61.182816931748825
60.76477399202958
60.72730047032635
60.72730047032635
60.72730047032635
60.72730047032635
60.72730047032635
60.72730047032635
60.72730047032635
60.67613901554589
60.67613901554589
60.106875651954965
60.106875651954965
60.106875651954965
60.106875651954965
60.106875651954965
60.106875651954965
60.106875651954965
60.106875651954965
59.9618718751124
59.9618718751124
59.9618718751124
60.69287467003755
60.69287467003755
59.33984990686344
59.33984990686344
60.24950280238655
60.24950280238655
60.24950280238655
60.300829875518666
60.300829875518666
60.300829875518666
60.40230921883457
60.40230921883457
60.22935978515117
60.39461145282855
60.261413843888064
61.479685717440105
61.479685717440105
61.479685717440105
61.479685717440105
61.479685717440105
61.479685717440105
61.479685717440105
61.479685717440105
61.479685717440105
61.479685717440105
61.479685717440105
61.479685717440105
61.479685717440105
62.4322852675081
62.4322852675081
62.561409058766614
62.561409058766614
63.16364816068608
63.16364816068608
62.4322852675081
62.4322852675081
61.91194648440341
61.91194648440341
61.91194648440341
63.310252584073375
63.310252584073375
63.53294693550736
63.53294693550736
63.53294693550736
63.53294693550736
63.53294693550736
63.53294693550736
63.53294693550736
63.53294693550736
63.53294693550736
63.53294693550736
63.53294693550736
63.53294693550736
63.53294693550736
63.53294693550736
63.53294693550736
63.712070035784706
63.712070035784706
63.712070035784706
63.53294693550736
63.53294693550736
62.98999853458382
62.98999853458382
62.98999853458382
62.98999853458382
62.98999853458382
62.97087627920625
62.97087627920625
62.97087627920625
62.93354177270413
63.00052050414543
63.00052050414543
63.00052050414543
63.90430666419157
63.90430666419157
63.00052050414543
63.00052050414543
63.00052050414543
63.00052050414543
63.00052050414543
63.00052050414543
63.00052050414543
62.81811168531806
62.62408447038703
62.62408447038703
63.20707711262502
62.62408447038703
62.62535421190152
62.62535421190152
62.62535421190152
62.62535421190152
62.62535421190152
62.62535421190152
62.91257563131771
63.05817723995507
63.05817723995507
63.05817723995507
63.05817723995507
62.82215329523258
62.82215329523258
62.82215329523258
62.82215329523258
62.82215329523258
62.82215329523258
62.82215329523258
62.82215329523258
62.82215329523258
62.82215329523258
62.82215329523258
62.82215329523258
62.82215329523258
62.82215329523258
62.82215329523258
62.82215329523258
62.82215329523258
62.90871316591668
62.90871316591668
62.90871316591668
62.90871316591668
62.90871316591668
62.90871316591668
62.90871316591668
62.90871316591668
62.90871316591668
62.90871316591668
62.90871316591668
62.90871316591668
62.90871316591668
62.90871316591668
62.90871316591668
62.90871316591668
62.90871316591668
62.90871316591668
62.90871316591668
62.90871316591668
62.90871316591668
62.90871316591668
62.90871316591668
62.90871316591668
62.90871316591668
63.00644408618449
63.143462403832196
63.143462403832196
63.143462403832196
63.143462403832196
63.143462403832196
63.143462403832196
63.22851647554072
63.36800515314269
63.36800515314269
63.36800515314269
63.36800515314269
63.36800515314269
63.36800515314269
63.36800515314269
63.36800515314269
63.36800515314269
63.50654042837026
63.50654042837026
63.50654042837026
63.50654042837026
63.50654042837026
63.50654042837026
63.50654042837026
63.366644287995356
63.366644287995356
63.366644287995356
63.366644287995356
63.366644287995356
63.366644287995356
63.24870264189287
63.24870264189287
63.24870264189287
63.24870264189287
63.24870264189287
63.24870264189287
63.24870264189287
63.24870264189287
63.23191863840906
63.23191863840906
63.23191863840906
63.333983524459285
63.333983524459285
63.333983524459285
63.333983524459285
63.333983524459285
63.333983524459285
63.333983524459285
63.333983524459285
63.27954891856583
63.33511757874873
63.27954891856583
63.27954891856583
63.27954891856583
63.15026672956888
63.12168856147481
63.12168856147481
63.12168856147481
63.12168856147481
63.12168856147481
63.12168856147481
63.12168856147481
63.12168856147481
63.12168856147481
63.006241834809124
63.006241834809124
63.07456704917883
63.07456704917883
63.07456704917883
63.07456704917883
63.07456704917883
63.006241834809124
63.006241834809124
63.006241834809124
63.006241834809124
63.006241834809124
63.006241834809124
63.006241834809124
63.006241834809124
63.006241834809124
63.09337612940371
63.09337612940371
63.09337612940371
63.09337612940371
63.202859720465504
63.202859720465504
63.09337612940371
63.09337612940371
63.006241834809124
63.006241834809124
62.999900291872876
62.999900291872876
62.999900291872876
62.999900291872876
62.999900291872876
62.999900291872876
63.157847029604255
63.274324250829395
63.157847029604255
63.157847029604255
63.157847029604255
63.157847029604255
63.157847029604255
63.157847029604255
63.157847029604255
63.0457745680725
63.0457745680725
63.0457745680725
63.091109388387935
63.091109388387935
63.091109388387935
63.118990302881926
63.118990302881926
63.118990302881926
63.13281742307812
63.14664454327434
63.14664454327434
63.14664454327434
63.14664454327434
63.218046885271164
63.218046885271164
63.218046885271164
63.218046885271164
63.218046885271164
63.218046885271164
63.25136797820302
63.25136797820302
63.28151563371279
63.51816339575939
63.51816339575939
63.51816339575939
63.51816339575939
63.51816339575939
63.51816339575939
63.51816339575939
63.51816339575939
63.64600758904893
63.64600758904893
63.64600758904893
63.64600758904893
63.743930800930265
63.743930800930265
63.743930800930265
63.743930800930265
63.743930800930265
63.797879237105654
63.86316137835987
63.90736282816744
63.90736282816744
63.90736282816744
63.90736282816744
63.88016193597817
63.88016193597817
