93470.0
107510.0
96630.0
107350.0
91840.0
73270.0
97845.0
106430.0
96580.0
103760.0
85610.0
82470.0
64450.0
60400.0
63360.0
52770.0
87070.0
77500.0
93955.0
106240.0
79120.0
74870.0
115030.0
95870.0
57990.0
88260.0
66870.0
65780.0
88945.0
113905.0
87210.0
69610.0
80920.0
71050.0
65590.0
72280.0
58750.0
65010.0
52440.0
52560.0
66600.0
71260.0
82535.0
94910.0
64910.0
77570.0
68560.0
66545.0
101580.0
76635.0
81080.0
51710.0
63480.0
48440.0
95360.0
48440.0
48440.0
48440.0
52560.0
52560.0
52560.0
52560.0
52560.0
52560.0
52560.0
53200.0
54600.0
52960.0
45440.0
45440.0
45440.0
81530.0
45440.0
45440.0
44820.0
44820.0
44820.0
44820.0
44820.0
44820.0
44820.0
44820.0
55120.0
70590.0
44820.0
44820.0
44820.0
44820.0
44820.0
59980.0
59980.0
59980.0
59980.0
59980.0
59980.0
59980.0
59980.0
59980.0
59980.0
59980.0
59980.0
59980.0
59980.0
59980.0
59980.0
59980.0
59980.0
59980.0
59980.0
59980.0
59980.0
59980.0
59980.0
59980.0
59980.0
52740.0
52740.0
52740.0
52740.0
97970.0
52740.0
52740.0
52740.0
52740.0
61340.0
77360.0
52740.0
52740.0
52740.0
66240.0
52740.0
52740.0
64080.0
52740.0
52740.0
52740.0
52740.0
52740.0
52740.0
79185.0
52740.0
69980.0
111055.0
52740.0
52740.0
52740.0
52740.0
52740.0
52740.0
52740.0
52740.0
52740.0
52740.0
63720.0
85160.0
91100.0
81020.0
83985.0
95110.0
52740.0
82620.0
87470.0
76300.0
45420.0
71640.0
89430.0
45420.0
61590.0
80920.0
45420.0
45420.0
45420.0
45420.0
45420.0
45420.0
45420.0
45420.0
45420.0
45420.0
45420.0
45420.0
45420.0
45420.0
45420.0
45420.0
45420.0
45420.0
45420.0
45420.0
45420.0
45420.0
45420.0
45420.0
45420.0
45420.0
45420.0
45420.0
45420.0
45420.0
45420.0
45420.0
