12840.0
12840.0
11680.0
11680.0
11680.0
11640.0
11640.0
11640.0
11640.0
11640.0
11640.0
11640.0
11640.0
11640.0
11640.0
11640.0
11640.0
11640.0
11640.0
11640.0
11640.0
11640.0
11640.0
11640.0
11640.0
11640.0
11640.0
5320.0
5320.0
5320.0
5320.0
5320.0
5320.0
5320.0
5320.0
5320.0
5320.0
5320.0
5280.0
5280.0
5280.0
5280.0
5280.0
5280.0
5280.0
5280.0
5280.0
5280.0
5280.0
5280.0
5280.0
5280.0
5280.0
5280.0
4740.0
4740.0
4740.0
4740.0
4740.0
4740.0
4740.0
4740.0
4740.0
4320.0
4320.0
4320.0
4320.0
4320.0
4320.0
4320.0
4320.0
4320.0
4320.0
4320.0
4320.0
4320.0
4320.0
4320.0
4320.0
4320.0
4320.0
4320.0
4320.0
4320.0
4320.0
4320.0
4320.0
4320.0
4320.0
4320.0
4320.0
4320.0
4320.0
4320.0
4320.0
4320.0
4320.0
4320.0
4320.0
4320.0
4320.0
4320.0
4320.0
4320.0
4320.0
4320.0
4320.0
4320.0
4320.0
4320.0
4320.0
4320.0
4320.0
4320.0
4320.0
4320.0
4320.0
4320.0
4320.0
4320.0
4320.0
4320.0
4320.0
4320.0
4320.0
4320.0
4320.0
4320.0
4320.0
4320.0
4320.0
4320.0
4320.0
4320.0
4320.0
4320.0
4320.0
4320.0
4320.0
4320.0
4320.0
4320.0
4320.0
4320.0
4320.0
4320.0
4320.0
4320.0
4320.0
4320.0
4320.0
4320.0
4320.0
4320.0
4320.0
4320.0
4320.0
4320.0
4320.0
4320.0
4320.0
4320.0
4320.0
4320.0
4320.0
4320.0
4320.0
4320.0
4320.0
4320.0
4320.0
4320.0
4320.0
4320.0
4320.0
4320.0
4320.0
4320.0
4320.0
4320.0
4320.0
4320.0
4320.0
4320.0
4320.0
4320.0
4320.0
4320.0
4320.0
4320.0
4320.0
4320.0
4320.0
4320.0
4320.0
4320.0
4320.0
4320.0
4320.0
4320.0
