104990.0
115310.0
104990.0
85130.0
85130.0
84010.0
84010.0
84010.0
82380.0
82380.0
82380.0
82380.0
82380.0
82380.0
82380.0
82380.0
82380.0
80530.0
80530.0
80530.0
80530.0
76020.0
76020.0
76020.0
71460.0
71460.0
71460.0
71460.0
71460.0
71460.0
71460.0
64940.0
64940.0
64940.0
59420.0
59420.0
59420.0
59420.0
59420.0
59420.0
59420.0
59420.0
59420.0
59420.0
59420.0
59420.0
59420.0
59420.0
59420.0
59420.0
59420.0
59420.0
59420.0
59420.0
59420.0
55860.0
55860.0
55860.0
55860.0
55860.0
55860.0
55860.0
55860.0
55860.0
55860.0
55860.0
55860.0
55860.0
53320.0
53320.0
53320.0
53320.0
47800.0
47800.0
47800.0
47800.0
47800.0
47800.0
47800.0
47800.0
47800.0
47800.0
47800.0
47800.0
47800.0
47800.0
47800.0
47800.0
47800.0
47800.0
47800.0
47800.0
47800.0
47800.0
47800.0
54360.0
47800.0
47800.0
69240.0
47800.0
47800.0
47800.0
47800.0
47800.0
47800.0
47800.0
47800.0
47800.0
47800.0
47800.0
47800.0
47800.0
47800.0
47800.0
47800.0
47800.0
47800.0
47800.0
47800.0
47800.0
47800.0
47800.0
47800.0
47800.0
53230.0
53230.0
53230.0
53230.0
53230.0
54970.0
85780.0
53230.0
53230.0
53230.0
53230.0
53230.0
53230.0
53230.0
53230.0
59460.0
59460.0
53230.0
53230.0
53230.0
53230.0
53230.0
53230.0
53230.0
46200.0
46200.0
46200.0
46200.0
46200.0
46200.0
46200.0
46200.0
46200.0
46200.0
46200.0
46200.0
46200.0
46200.0
46200.0
46200.0
46200.0
46200.0
46200.0
46200.0
46200.0
46200.0
46200.0
46200.0
46200.0
46200.0
46200.0
46200.0
46200.0
46200.0
46200.0
46200.0
46200.0
46200.0
46200.0
46200.0
46200.0
46200.0
46200.0
46200.0
46200.0
46200.0
46200.0
46200.0
46200.0
46200.0
46200.0
46200.0
46200.0
46200.0
46200.0
46200.0
