39.26978266757014
42.22301558806938
44.698839291445026
46.27837772765792
47.55512794168303
47.9097467925246
49.98679596095777
51.35475526076889
52.153867758088246
52.3933154151425
52.6614739595041
53.708139759915944
53.90994913605499
53.77149802236272
54.35517217080862
54.5295548492262
54.79491905676987
55.18929699430473
55.642881690058815
56.30007157020676
55.974416909845125
56.428118924204625
56.4099426806864
56.92172677990478
56.204016497729356
56.176782621421395
56.214623052023285
55.84586943195734
55.76431335459697
55.51416032671631
55.33651100459436
55.148867452102294
54.9563653725646
55.68546922426547
55.630089950580896
55.935712659549964
56.028638064976235
56.097416237756555
56.08508828309565
56.25667610345023
55.95402368463251
55.850591429496696
55.64173972082888
55.28341110371855
55.437322890623854
55.78462412459379
56.87975977002357
57.19019677992875
57.63463382000583
58.05034199126694
58.512146643704945
58.87232144389505
58.88906534070956
58.978439314243
59.29433161096316
59.51223035668248
59.29794507337182
58.98606830975884
58.89954596065909
58.71182097790883
58.36867837754119
57.89650740090592
56.96341075557355
57.03139461720089
57.07241360564429
57.578764205277004
57.449575901585696
58.16558924234708
58.74084784443596
58.168963467290475
57.835387719120206
57.531565223443046
57.74186045469237
57.33679630221626
56.88147876660238
56.468634048313824
56.3141241976896
56.9682396900544
56.76513677200647
55.840123646608696
55.651496516364986
55.383929765033415
55.63695729146779
56.20095949913525
55.69669313403849
56.27529835198404
55.969763020259165
55.98721600450948
56.560924185137786
58.0009799314674
58.26437404998073
58.54564017035233
58.02596670281292
58.11226684968758
57.82110759263138
58.92758363239528
59.0704913844563
58.43327520146456
58.014892877668885
58.01544195380167
57.830246699671804
57.41809692261486
57.1337097004149
57.8706746730618
57.39767849416783
57.548427120058285
57.43461148380345
57.66770252211925
58.049134844845966
57.85702598062238
58.48375933971069
58.3992093659327
58.05204394865566
57.7123866953081
57.375385602454365
57.431901337269075
57.23802457932825
56.634863977865976
56.56297553728787
56.9077856653303
56.71134836176058
57.30288510455392
56.62792771733314
56.50919757865048
56.96687124470033
57.12275921117019
56.9857732830852
56.82144129052388
56.56128280842836
56.64630748100721
57.184430416103204
57.80781539588287
58.60081820095909
58.02377563215485
58.136752298217594
57.48501905905003
57.87710974769976
57.6806700502431
57.61803905560181
58.545550881441706
58.82500398050813
59.285033802690464
59.111397132655966
59.142973958109394
59.019523199028164
58.402108751317506
58.60034984072687
57.628852320968164
57.85574286402186
58.1373532097104
58.192147793657284
57.86667426828776
57.44572732730886
57.735638893623296
58.280907049819554
58.280107841881474
58.67469668148639
58.2172565096224
58.19297509858677
58.942124361770524
59.74764053690918
60.09916616204542
60.00909373389188
60.06446541169239
59.82282235063192
59.85050417536492
59.63714200894641
59.875117051100894
59.886140145666175
60.0296186006125
59.972377850792135
59.70129912408587
59.76394495205996
59.536386800706325
59.85021729114122
59.65120336185542
59.82338299771847
59.657835620071126
59.00670601211478
59.0136752563461
58.824249119519514
58.876118143970096
58.809615035590284
59.11043498390876
58.96848986458398
59.12262004844875
58.745109799047306
58.63612775164977
58.149219448534076
58.32006040073054
58.83339899172544
58.853123337052295
58.82181567834186
58.89884433032123
58.93081806572284
58.90108865139465
58.64603020323362
58.62115306287276
58.53281551686022
58.651165053517616
