21300.0
11080.0
11080.0
11080.0
11080.0
4820.0
4820.0
4820.0
4820.0
4820.0
4820.0
4820.0
4820.0
4820.0
4820.0
4820.0
4820.0
4820.0
4820.0
4820.0
4820.0
4820.0
4820.0
4820.0
11080.0
4920.0
4920.0
4820.0
4820.0
4720.0
4720.0
4720.0
4720.0
4720.0
4720.0
4720.0
4720.0
4720.0
4720.0
4720.0
4720.0
4720.0
4720.0
4720.0
4720.0
4720.0
4720.0
4720.0
4720.0
4720.0
4720.0
4720.0
4720.0
4720.0
4720.0
4720.0
4720.0
4720.0
4720.0
4720.0
4720.0
4720.0
4720.0
4720.0
4720.0
4720.0
4720.0
4720.0
4720.0
4720.0
4720.0
4720.0
4720.0
4720.0
4720.0
4720.0
4720.0
4720.0
4720.0
5280.0
5280.0
4720.0
4720.0
4720.0
4720.0
4720.0
4720.0
4720.0
4620.0
4620.0
4620.0
4620.0
4620.0
4620.0
4620.0
4620.0
4620.0
4620.0
4620.0
4620.0
4620.0
4620.0
4620.0
4620.0
4620.0
4620.0
4620.0
4620.0
4620.0
4620.0
4620.0
4620.0
4620.0
4620.0
4620.0
4620.0
4620.0
4620.0
4620.0
4620.0
4620.0
4620.0
4620.0
4620.0
4620.0
4620.0
4620.0
4620.0
4620.0
4620.0
4620.0
4620.0
4620.0
4620.0
4620.0
4620.0
4620.0
4620.0
4620.0
4620.0
4620.0
4620.0
4620.0
4620.0
4620.0
4620.0
4620.0
4620.0
4620.0
4620.0
4620.0
4620.0
4620.0
4620.0
4620.0
4620.0
4620.0
4620.0
4620.0
4620.0
4620.0
4620.0
4620.0
4620.0
4620.0
4620.0
4620.0
4620.0
4620.0
4620.0
4620.0
4620.0
4620.0
4620.0
4620.0
4620.0
4620.0
4620.0
4620.0
4620.0
4620.0
4620.0
4620.0
4620.0
4620.0
4620.0
5180.0
5180.0
4620.0
4620.0
4620.0
4620.0
4620.0
4620.0
4620.0
4620.0
4620.0
4620.0
4620.0
4620.0
11800.0
