30.015099223468507
36.14374340021119
38.065036900369
44.63470319634703
49.90864799025578
49.90864799025578
45.503530286138975
45.503530286138975
52.23304912708079
52.542372881355924
52.542372881355924
52.542372881355924
52.542372881355924
52.542372881355924
52.542372881355924
52.542372881355924
52.542372881355924
52.542372881355924
52.542372881355924
52.542372881355924
52.542372881355924
52.542372881355924
52.542372881355924
52.542372881355924
52.84503631961258
44.923547400611625
44.923547400611625
45.72795625427204
45.72795625427204
43.88738494856524
43.88738494856524
43.88738494856524
43.88738494856524
43.88738494856524
43.88738494856524
43.88738494856524
43.88738494856524
43.88738494856524
49.98220640569395
49.98220640569395
49.98220640569395
49.98220640569395
49.98220640569395
49.98220640569395
49.98220640569395
49.98220640569395
49.98220640569395
49.98220640569395
51.34638196915777
51.34638196915777
51.34638196915777
51.34638196915777
53.09015421115065
53.09015421115065
53.09015421115065
53.09015421115065
53.09015421115065
53.09015421115065
53.09015421115065
53.09015421115065
53.09015421115065
53.09015421115065
53.09015421115065
53.09015421115065
53.09015421115065
53.09015421115065
53.09015421115065
53.09015421115065
53.09015421115065
53.09015421115065
53.09015421115065
53.09015421115065
53.09015421115065
53.09015421115065
53.09015421115065
53.09015421115065
53.09015421115065
53.09015421115065
53.09015421115065
56.19217081850534
56.19217081850534
53.09015421115065
53.09015421115065
53.09015421115065
53.09015421115065
53.09015421115065
53.09015421115065
53.09015421115065
52.49110320284698
52.49110320284698
52.49110320284698
52.49110320284698
52.49110320284698
52.49110320284698
52.49110320284698
52.49110320284698
52.49110320284698
52.49110320284698
52.49110320284698
52.49110320284698
52.49110320284698
52.49110320284698
52.49110320284698
52.49110320284698
52.49110320284698
52.49110320284698
52.49110320284698
52.49110320284698
52.49110320284698
52.49110320284698
52.49110320284698
52.49110320284698
52.49110320284698
52.49110320284698
52.49110320284698
52.49110320284698
52.49110320284698
52.49110320284698
52.49110320284698
52.49110320284698
52.49110320284698
52.49110320284698
52.49110320284698
52.49110320284698
52.49110320284698
52.49110320284698
52.49110320284698
52.49110320284698
52.49110320284698
53.41637010676156
53.41637010676156
53.41637010676156
53.41637010676156
53.41637010676156
53.41637010676156
53.41637010676156
53.41637010676156
53.41637010676156
53.41637010676156
53.41637010676156
53.41637010676156
53.41637010676156
53.41637010676156
53.41637010676156
53.41637010676156
53.41637010676156
53.41637010676156
53.41637010676156
53.41637010676156
53.41637010676156
53.41637010676156
53.41637010676156
53.41637010676156
53.41637010676156
53.41637010676156
53.41637010676156
53.41637010676156
53.41637010676156
53.41637010676156
53.41637010676156
53.41637010676156
53.41637010676156
53.41637010676156
53.41637010676156
53.41637010676156
53.41637010676156
53.41637010676156
53.41637010676156
53.41637010676156
53.41637010676156
53.41637010676156
53.41637010676156
53.41637010676156
53.41637010676156
53.41637010676156
53.41637010676156
53.41637010676156
53.41637010676156
53.41637010676156
53.41637010676156
53.41637010676156
53.41637010676156
53.41637010676156
53.41637010676156
53.41637010676156
53.41637010676156
56.40569395017794
56.40569395017794
53.41637010676156
53.41637010676156
53.41637010676156
53.41637010676156
53.41637010676156
53.41637010676156
53.41637010676156
53.41637010676156
53.41637010676156
53.41637010676156
53.41637010676156
53.41637010676156
57.147093712930015
