95690.0
83220.0
87190.0
98100.0
87990.0
87990.0
87390.0
87390.0
87390.0
54080.0
54080.0
54740.0
54740.0
54740.0
54740.0
54740.0
54740.0
54740.0
47420.0
54740.0
47420.0
47420.0
47420.0
47420.0
47420.0
46700.0
46700.0
46700.0
46700.0
46700.0
46700.0
46700.0
46700.0
46700.0
46700.0
46700.0
46700.0
46700.0
46700.0
46700.0
46700.0
46700.0
46700.0
46700.0
46700.0
46700.0
46700.0
46700.0
46700.0
46700.0
46700.0
46700.0
46700.0
46700.0
46700.0
46700.0
46700.0
46700.0
46700.0
46700.0
46700.0
46700.0
46700.0
46700.0
46700.0
46700.0
46700.0
46700.0
46700.0
46700.0
46700.0
46700.0
46700.0
46700.0
46700.0
46700.0
46700.0
46700.0
46700.0
46700.0
46700.0
46700.0
45500.0
44900.0
44900.0
44900.0
44900.0
43620.0
45020.0
45500.0
46700.0
46700.0
46700.0
46700.0
46700.0
46700.0
46700.0
45500.0
46700.0
46700.0
46700.0
46700.0
46700.0
46700.0
46700.0
46700.0
46700.0
46700.0
46700.0
46700.0
46700.0
46700.0
46700.0
46700.0
46700.0
46700.0
46700.0
46700.0
46700.0
46700.0
46700.0
46700.0
46700.0
46700.0
46700.0
46700.0
46700.0
46700.0
46700.0
46700.0
46700.0
46700.0
46700.0
46700.0
46700.0
46700.0
46700.0
46700.0
46700.0
45500.0
45500.0
45500.0
45500.0
45500.0
46700.0
46700.0
46700.0
46700.0
46700.0
46700.0
46700.0
46700.0
46700.0
46700.0
46700.0
46700.0
46700.0
46700.0
46700.0
46700.0
46700.0
46700.0
46700.0
46700.0
46700.0
46700.0
46700.0
46700.0
46700.0
46700.0
46700.0
46700.0
46700.0
46700.0
46700.0
46700.0
46700.0
46700.0
46700.0
46700.0
46700.0
46700.0
46700.0
46700.0
46700.0
46700.0
46700.0
46700.0
46700.0
46700.0
46700.0
46700.0
46700.0
46700.0
46700.0
46700.0
44900.0
44900.0
45500.0
45500.0
45500.0
