39.15969175207631
44.9941292451538
49.72022203857984
53.580204981546125
54.68615181866642
55.716747598412134
56.18419843465197
55.87635641251762
53.113867804995515
55.81357024558812
56.171175252380934
53.62928358132611
54.561963676691164
54.10068488149724
54.87630763015937
57.258057605972425
58.32858491130918
58.549062609273655
55.736906800854996
53.62260772729302
53.284543038538516
54.15689927444445
56.122752817136295
54.86163983739225
55.47400252233885
55.948920795013734
55.561402245403436
54.945621212333876
56.45473583974797
55.659074484840325
56.63585997536973
55.765769677831905
56.20410451881538
54.52510925233183
55.25404019250673
55.11509201953011
55.47333418685831
57.15547929166084
56.05189254909307
58.04550748141275
56.98507223626231
58.02013017960088
57.695407052909744
58.576827907418476
56.88318889861087
59.02322480911914
58.2861099114929
57.448367067885115
56.96828796346125
58.41061830785792
58.17394097681033
56.37503784015287
57.74838382371286
57.14226895198051
59.68548469933442
59.042063490918565
58.7833001943308
58.773757492319625
58.22305105526598
59.47444214685529
57.738756078531004
57.48292515189119
58.522939453866094
59.88143300344595
59.47173512512514
59.99740220258856
59.14185723791854
60.01663775752947
58.56320076217789
57.9849035706598
58.21002352799415
58.082844531787266
57.82514560601904
57.52423631450862
58.701271170008035
57.45566228566921
56.789905702110616
56.82865307569943
57.99225592992195
58.04172056789846
59.36549590348485
59.39009813934402
59.631394754332064
59.22429234104595
57.56998592466384
58.60931609949686
58.92999762301102
58.685294301129034
57.61044429317173
57.60111650370212
57.53810644263516
56.396292617642544
57.001854135249445
57.47650352606073
58.05122735691956
58.75511786529345
58.517270803795874
58.96624451098243
57.44519742048496
56.951187763341814
55.9852515607376
55.79318705324134
57.38103556557684
57.91995918455608
58.16746300876828
58.848555244981966
58.71095078688347
59.34625229939146
58.727508761259
57.92461908282266
57.98007507816716
58.26861168599972
57.50463946359931
56.71432456341612
55.3327603891392
56.489063373160626
56.513941824845
58.03223485945522
55.55841315956794
55.319794432654845
56.6051149850305
56.74089506323823
56.99497221966557
57.26957023134172
57.19412079414419
57.84208656810046
57.71883258170291
56.50142062498904
57.93423276170131
57.07442703333689
59.506508693131195
58.44124049520879
58.53054936378425
58.10771610522996
56.339495726822065
58.155281482789206
57.744023636654475
57.40309557545301
57.66016692486897
59.43653938832722
56.89713885564246
57.44440289471704
55.96494299361185
57.68069643538763
57.639576989477305
55.49187736218572
56.53913391795533
56.941973919281594
56.86659083876389
57.23734482883733
55.97798078781938
56.055250668030524
57.26730700377909
56.9310659852952
55.804939673332655
54.721174042458756
55.9141168164303
56.48070577001274
56.12740295605109
56.12789182233198
55.82621869722918
55.41933892450999
55.73197059381517
56.29945292442915
56.57215004258047
55.070648762914615
55.26580210130779
55.57076187575997
55.08002295390569
55.69892237235633
55.206802194687455
55.224324597923406
55.56915335461911
56.04018268348904
56.72405999008636
56.76446544848807
56.00922862750326
56.14791067480334
56.53394935148451
56.59681916146372
55.575317221243765
55.65925222640592
55.598956689927455
55.256988514499916
55.53216303906887
55.84110034567749
55.72328594322898
56.89511953985748
56.47732861662795
56.51596549928394
55.568334150785745
55.80397690703499
55.19025521789313
56.434983247815175
55.46550631405752
56.02373438174613
56.81978414105511
55.794699089171935
55.65592199853345
54.96342936073979
55.07380430007337
