815.0
720.0
720.0
720.0
720.0
720.0
720.0
680.0
680.0
680.0
680.0
680.0
680.0
660.0
660.0
660.0
660.0
660.0
660.0
660.0
600.0
600.0
600.0
600.0
600.0
600.0
600.0
600.0
600.0
600.0
600.0
600.0
600.0
600.0
600.0
600.0
600.0
600.0
600.0
600.0
600.0
600.0
600.0
600.0
600.0
600.0
600.0
580.0
580.0
580.0
580.0
580.0
580.0
580.0
580.0
580.0
580.0
580.0
580.0
580.0
580.0
580.0
580.0
580.0
580.0
580.0
580.0
580.0
580.0
580.0
580.0
580.0
580.0
580.0
580.0
580.0
580.0
580.0
580.0
580.0
580.0
580.0
580.0
580.0
580.0
580.0
580.0
580.0
580.0
580.0
580.0
580.0
580.0
580.0
580.0
580.0
580.0
580.0
580.0
580.0
580.0
580.0
580.0
580.0
580.0
580.0
580.0
580.0
580.0
580.0
580.0
580.0
580.0
580.0
580.0
580.0
580.0
580.0
580.0
580.0
580.0
580.0
580.0
580.0
580.0
580.0
580.0
580.0
580.0
580.0
580.0
580.0
580.0
580.0
580.0
580.0
580.0
580.0
580.0
580.0
580.0
580.0
580.0
580.0
580.0
580.0
580.0
580.0
580.0
580.0
580.0
580.0
580.0
580.0
580.0
580.0
580.0
580.0
580.0
580.0
580.0
580.0
580.0
580.0
580.0
560.0
560.0
560.0
560.0
560.0
560.0
560.0
560.0
560.0
560.0
560.0
560.0
560.0
560.0
560.0
560.0
560.0
560.0
560.0
560.0
560.0
560.0
560.0
560.0
560.0
560.0
560.0
560.0
560.0
560.0
560.0
560.0
560.0
560.0
560.0
560.0
