2621.0
2241.0833333333335
2221.4166666666665
1988.3333333333333
1998.9166666666667
2031.3333333333333
2041.0
2071.0
1725.6666666666667
1832.0833333333333
2087.8333333333335
2262.1666666666665
2334.25
1901.75
2103.4166666666665
2308.0
2217.1666666666665
2087.4166666666665
2176.3333333333335
1926.8333333333333
2032.75
2228.5
2353.8333333333335
2377.5833333333335
2409.75
2515.5833333333335
2397.5
2300.0
2276.1666666666665
2399.9166666666665
2340.1666666666665
2323.4166666666665
2308.0833333333335
2319.5833333333335
2174.5
2234.0833333333335
2394.8333333333335
2134.5833333333335
2231.8333333333335
2198.3333333333335
2371.6666666666665
2410.8333333333335
2468.0833333333335
2219.1666666666665
2250.75
2392.75
2235.25
2230.5
2234.75
2388.75
2343.4166666666665
2017.5833333333333
2071.0
1956.1666666666667
1809.0
1740.0833333333333
1718.8333333333333
1748.0833333333333
1881.75
2021.5833333333333
2139.75
2197.0
2060.1666666666665
1967.1666666666667
2002.0833333333333
1948.5
1825.0
1716.4166666666667
1754.0
1804.8333333333333
1940.1666666666667
1772.0
1705.4166666666667
1839.75
1699.25
1775.4166666666667
1870.9166666666667
1787.0833333333333
1627.75
1704.5833333333333
1799.8333333333333
1764.5
1708.5
1856.75
2012.1666666666667
2060.25
1782.6666666666667
1865.1666666666667
1812.75
1662.1666666666667
1695.8333333333333
1788.0
1858.3333333333333
1900.9166666666667
1859.75
1843.9166666666667
1748.4166666666667
1932.25
1711.5833333333333
1850.25
1846.1666666666667
1699.5833333333333
1856.5
1855.75
1798.3333333333333
1887.0
1761.9166666666667
1779.0833333333333
1746.9166666666667
1764.9166666666667
1796.25
1915.6666666666667
1814.75
1915.75
1837.0
2011.8333333333333
1986.0833333333333
1889.5833333333333
1798.75
1921.3333333333333
1796.0833333333333
1796.6666666666667
1934.3333333333333
1844.9166666666667
1742.3333333333333
1805.1666666666667
1818.5
1975.8333333333333
1887.5
1873.75
1682.6666666666667
1917.1666666666667
1791.6666666666667
1684.4166666666667
1724.3333333333333
1866.1666666666667
1785.75
1737.1666666666667
1872.0833333333333
1742.6666666666667
1910.0833333333333
1873.3333333333333
1982.75
1904.75
1807.4166666666667
1894.4166666666667
1864.25
1862.8333333333333
1866.5
1788.1666666666667
1907.5833333333333
1890.6666666666667
2008.75
1918.8333333333333
1839.75
1833.75
1818.1666666666667
1905.0833333333333
1813.9166666666667
1884.75
1664.5
1984.25
1926.0833333333333
1884.9166666666667
1928.5833333333333
1486.5833333333333
1656.0833333333333
1753.3333333333333
1787.75
1864.5833333333333
1819.4166666666667
1718.25
1970.25
2023.9166666666667
1961.5
1843.1666666666667
2072.5833333333335
1879.5833333333333
1927.0
1879.0833333333333
1745.25
1951.6666666666667
1891.4166666666667
1910.5833333333333
1956.75
1847.8333333333333
1896.75
1917.1666666666667
1781.25
1805.75
1909.1666666666667
1925.0
1919.0
1767.75
1720.0
1679.25
1836.0833333333333
1894.75
1739.6666666666667
1940.75
1988.3333333333333
