41.692964814969855
44.60475540615923
46.21145735442224
49.85638209723543
49.37673790609425
53.29404277617257
53.43031757094945
51.529603253241845
48.841782884743296
51.928975945989094
52.60489272453747
52.89947493883388
53.97671055152944
55.43055732349015
56.651937006126246
55.07962937757095
55.843963688758976
56.504529711243954
55.1861621990984
51.717438118560004
56.512446049585456
57.61496890467579
58.68605960831455
58.92825281697627
57.018149241088196
56.83252390128934
58.685060232356044
59.76084010864224
57.97217144859538
56.02032778821487
57.64697954899062
56.43534896655282
58.313683202681396
57.97975886001594
57.73109893944465
59.32929415134007
57.28731307159988
58.37584185183991
57.79108427993262
56.87894003770859
58.63701249230735
57.97721082809521
60.34146105266964
59.722364184160206
60.35091675855674
61.83479121236721
59.595116305451945
58.436005203815846
58.146185695322195
59.858533175295875
60.59036038985122
59.7529563523491
55.80458410360827
56.072447602541
56.91717841412368
55.83257572226754
54.66926321890064
56.2463004864506
56.90060776204487
57.491488259375366
56.35377499908486
56.756870503395575
58.49208115081652
56.44814257329776
57.21166575328112
57.765175628362975
57.85373152086087
59.06237611604721
59.17906311042749
58.474166200673714
59.93389591519041
58.638292406626576
57.45387602926891
57.518120735968395
57.78282979299421
55.716436197143864
59.07099623965107
59.04653561347451
59.13647726976829
58.466117635901966
59.09374315270873
59.25234841503022
59.661529605797185
60.080100817650624
59.10199130010069
59.4580453112774
58.857163253338435
59.331511266125034
60.15400990183412
60.407189806121096
60.80216608202742
61.60010406552774
61.84690942544886
61.96365677012228
61.93140401286116
61.96249389780241
61.97753149178737
61.74626974366707
62.30508418068072
62.458477596794005
62.54154297728704
62.59233662808068
62.60725323842607
62.8631753967252
62.86317539672519
62.867194689329715
62.86719468932966
62.98865933446542
62.98865933446543
62.98865933446543
62.98865933446542
62.98865933446543
62.926421392343244
62.926421392343244
62.187087823950144
62.35389550318113
62.0478857832796
63.32799239771235
63.32799239771235
63.09515121396717
63.13355047860986
63.167930450648036
63.16793045064806
63.16793045064805
63.11782184225214
62.99635719711643
62.99635719711643
62.99635719711643
62.874892551980714
62.87489255198072
62.81144320319043
62.811443203190414
62.79950052803119
62.799500528031196
62.799500528031196
62.79950052803117
62.799500528031196
62.31693754733986
62.99541869847901
63.059053156904305
62.97092475348689
62.807598949276034
63.39874553293142
63.48057859348787
63.5517210799291
63.59135266450831
63.55574037253356
63.5557403725336
63.55574037253353
63.55574037253357
63.7483475041105
63.74834750411048
63.748347504110455
63.74834750411046
63.44630140206434
63.44630140206439
63.46310954783069
63.595675525573135
63.59567552557313
63.59567552557316
63.474210880437425
63.44228210945984
63.442282109459896
63.595675525573135
63.595675525573135
62.85422975832865
62.4193143191579
62.4193143191579
62.46693336677694
62.43226317328321
62.4322631732832
62.44631555466703
62.42142081332047
63.10265244040444
62.74464751864629
63.17563497091031
63.175634970910345
63.25799508198583
63.25799508198577
63.25799508198577
63.1350074348824
63.13500743488241
63.05194205438934
63.05194205438934
63.13377511494581
63.11187402682046
62.99811219528647
62.99811219528642
63.02811765082382
63.02811765082379
62.92862892901933
62.780330605469
62.66656877393495
62.666568773934955
62.580204676899626
62.46356747013476
62.463567470134755
62.46356747013473
62.46356747013476
62.463567470134734
62.463567470134755
