40.152575512985926
43.022615654862406
45.18127830189048
46.35455331445538
48.60859549551917
50.871341700598414
53.350654972785286
52.686939189275805
49.84148344815926
49.32768926465062
50.585855205722254
50.101985410908284
52.229166825935
51.850680006936
55.13005623691058
53.26594593033607
53.49806430475997
55.597920711530506
54.881629499465475
50.59788630597952
52.295064249395566
55.156221339987475
56.033454711263154
57.51119143866023
55.50116498957444
54.94094166615259
56.43622521548778
57.86547269213745
56.601008630742854
55.74486310209046
55.61053461548803
55.2288057752467
56.088295938561664
57.281902426991
56.28385040297576
56.95724328316064
56.35109150010979
55.432558822553816
56.126884441224774
55.246020809164115
56.13245158597568
56.33417564293924
57.077151741855495
57.946368675953735
57.69323864860029
59.16931076172705
58.44610399202248
57.92456204703785
55.89784797009319
57.94067229708008
57.87214783643579
57.352339386265186
56.333492707454795
53.587000608293046
55.21979622257945
55.34039459847741
53.51664714360418
54.45165186788528
55.24859541769943
55.75975310864885
56.074178745353564
55.1015111232258
55.45558984273107
56.33231999046563
55.50860259594515
56.130109657925715
55.79345780753845
56.58366064267101
56.87678654721892
56.84366673931125
56.27305070474702
56.1618100531288
56.715094121481314
54.94556630344841
55.27831438158584
53.760844210944235
55.23496401375355
57.27020799663172
56.55256743543686
56.98031677924664
56.334132562924545
57.50826835395662
57.32871287908001
57.77265136253558
56.768739882186836
57.51054891746512
57.29955606003109
56.3143578293754
58.016113047010286
57.68472501556467
58.041036221824484
58.629493691635595
58.43143359376027
58.904392424543715
58.08860174059368
58.179137370235495
59.53279919277665
59.514094297512685
58.71269521194674
60.022492009437904
58.91838035744738
59.363892432966274
59.22346776675733
60.08246948781113
57.26233725209773
60.16865392645972
59.0665580749944
59.225038080716075
59.02718731687363
59.38178159959917
58.060810198849055
58.41891926654414
59.27559648567055
60.62178401214492
59.15478626103936
59.64633763412504
58.9309316003036
58.74185706113267
58.708840172701024
60.60753915278453
59.9646703852879
59.2714436552146
59.158729147584005
58.75365929933168
58.89021322007725
60.006207941169265
58.55950830760325
60.26097891868132
59.78208319695735
59.116881834236764
58.77600614413473
59.73426691141676
57.873432451213425
59.78888807176187
58.82051696604744
58.02024228978247
58.415690803566854
57.30832308063744
59.15940524036561
58.87475635529849
60.325670161345926
58.56892352743604
58.984223807042305
58.83339313607654
58.22484107967376
59.45176401941634
59.92050990099991
59.997810090254276
60.36528749767001
58.62275752293488
60.65629587252166
58.87475540445313
59.401769968216634
59.2702626214075
59.24610935251917
59.105217126850356
60.241189812970156
59.546708202760854
59.01589543758893
59.665939161769266
59.60355573632886
59.08983579427029
59.04018528109232
59.70543089205308
58.86739698276094
58.267937179986106
58.64136544801591
59.10506141570368
58.37627395268404
59.4474133600996
57.62988910658017
59.135035696206074
58.51851382088609
60.63071565968671
58.3914028496797
58.6342414152117
60.632537530541576
61.52697386295607
58.92232018357296
58.504155424914465
59.470457530059086
57.776648475024004
60.61975942622753
59.95283363120064
58.51275329189862
58.208136691048296
60.02808233069871
58.89459303829977
58.782482625426525
58.5453188038598
58.67042371201687
58.59290726240199
59.84742668134356
57.42965270773859
59.689374084365475
57.368665055935594
57.84577689311936
58.55921476659967
58.18696794130254
58.398537493895795
58.36601841643701
