28.904161893852613
28.904161893852613
31.95728075580201
31.95728075580201
31.740196078431367
31.740196078431367
31.740196078431367
31.740196078431367
31.892230576441104
34.21052631578947
34.9479498619078
35.01168472487784
35.46365914786968
40.815671162491974
42.778793418647176
42.778793418647176
42.778793418647176
42.778793418647176
42.778793418647176
44.540783558124595
44.540783558124595
44.540783558124595
44.540783558124595
44.540783558124595
43.1985294117647
43.1985294117647
43.1985294117647
43.1985294117647
43.1985294117647
43.1985294117647
43.1985294117647
43.1985294117647
43.75
45.12867647058824
45.12867647058824
45.58823529411765
45.58823529411765
45.58823529411765
45.58823529411765
45.58823529411765
45.58823529411765
45.58823529411765
45.58823529411765
45.58823529411765
47.00693131695022
47.00693131695022
47.00693131695022
47.00693131695022
47.00693131695022
47.00693131695022
47.00693131695022
51.16572148708254
51.16572148708254
51.16572148708254
51.16572148708254
51.16572148708254
51.16572148708254
51.16572148708254
51.16572148708254
51.16572148708254
51.16572148708254
51.16572148708254
51.16572148708254
51.16572148708254
51.16572148708254
51.362484157160964
51.362484157160964
51.64765525982256
51.64765525982256
51.64765525982256
51.64765525982256
51.64765525982256
51.64765525982256
51.64765525982256
51.64765525982256
51.64765525982256
51.64765525982256
51.64765525982256
51.64765525982256
51.64765525982256
51.64765525982256
51.64765525982256
51.64765525982256
51.64765525982256
51.64765525982256
51.64765525982256
51.64765525982256
51.64765525982256
51.64765525982256
51.64765525982256
51.64765525982256
51.64765525982256
51.64765525982256
51.64765525982256
51.64765525982256
51.64765525982256
51.64765525982256
51.64765525982256
51.64765525982256
51.64765525982256
51.64765525982256
51.64765525982256
51.64765525982256
51.64765525982256
51.64765525982256
51.64765525982256
51.64765525982256
51.64765525982256
51.64765525982256
51.64765525982256
51.64765525982256
51.837769328263626
51.837769328263626
51.837769328263626
51.837769328263626
51.837769328263626
51.837769328263626
51.837769328263626
51.837769328263626
51.837769328263626
51.85897435897436
51.85897435897436
51.85897435897436
51.85897435897436
51.85897435897436
51.85897435897436
51.85897435897436
51.85897435897436
51.858974358974365
51.858974358974365
51.858974358974365
51.858974358974365
51.858974358974365
51.858974358974365
51.858974358974365
51.858974358974365
51.858974358974365
51.858974358974365
51.858974358974365
51.858974358974365
51.858974358974365
52.019230769230774
52.019230769230774
52.019230769230774
52.019230769230774
52.019230769230774
52.019230769230774
52.019230769230774
52.019230769230774
52.019230769230774
52.307692307692314
52.307692307692314
52.307692307692314
52.307692307692314
52.307692307692314
52.307692307692314
52.307692307692314
52.307692307692314
52.307692307692314
52.307692307692314
52.307692307692314
52.307692307692314
52.307692307692314
52.307692307692314
52.307692307692314
52.307692307692314
52.307692307692314
52.307692307692314
52.307692307692314
52.307692307692314
52.307692307692314
52.307692307692314
52.307692307692314
52.307692307692314
52.307692307692314
52.307692307692314
52.307692307692314
52.307692307692314
52.307692307692314
52.307692307692314
52.307692307692314
52.307692307692314
52.307692307692314
52.307692307692314
52.307692307692314
52.307692307692314
52.307692307692314
52.307692307692314
52.307692307692314
52.307692307692314
52.307692307692314
52.307692307692314
52.307692307692314
52.307692307692314
52.307692307692314
52.307692307692314
52.307692307692314
52.307692307692314
52.307692307692314
52.307692307692314
