601220.0
526435.0
526435.0
499985.0
495105.0
492890.0
455375.0
455375.0
425815.0
438695.0
428060.0
406485.0
404150.0
406485.0
393950.0
399240.0
392145.0
392145.0
376050.0
357845.0
343620.0
343620.0
343620.0
343620.0
343620.0
343620.0
343620.0
343620.0
343620.0
343620.0
343620.0
343620.0
343620.0
343620.0
343620.0
343620.0
343620.0
343620.0
343620.0
343620.0
339580.0
339580.0
336130.0
336130.0
336130.0
336130.0
336130.0
336130.0
336130.0
336130.0
336130.0
336130.0
336130.0
336130.0
334700.0
334700.0
334700.0
334700.0
334700.0
334700.0
334700.0
334700.0
334700.0
334700.0
334700.0
333210.0
333210.0
333210.0
333210.0
333210.0
333210.0
332825.0
332825.0
330695.0
320380.0
320380.0
320380.0
320380.0
320380.0
320380.0
319905.0
319905.0
319905.0
319905.0
319905.0
319905.0
319905.0
319905.0
319905.0
319905.0
319905.0
319905.0
319905.0
319905.0
314280.0
312565.0
312565.0
312565.0
312565.0
312565.0
312565.0
312565.0
312565.0
312565.0
304010.0
303450.0
303450.0
303450.0
303450.0
303450.0
304010.0
303365.0
303365.0
302755.0
302755.0
302755.0
299350.0
299350.0
299350.0
299350.0
299350.0
299350.0
299350.0
299350.0
299350.0
299350.0
299350.0
299350.0
299350.0
299350.0
299350.0
299350.0
299350.0
299350.0
299350.0
299350.0
299350.0
298915.0
297300.0
297300.0
297300.0
297300.0
297300.0
297300.0
297300.0
297300.0
297300.0
297300.0
297300.0
297300.0
297300.0
297300.0
297300.0
297300.0
297300.0
297300.0
297300.0
295335.0
295335.0
295335.0
295335.0
295335.0
295335.0
294220.0
293480.0
293480.0
293480.0
293480.0
293480.0
293480.0
293480.0
293480.0
293480.0
293480.0
293480.0
293480.0
293480.0
293455.0
293455.0
293455.0
293455.0
293480.0
293480.0
293480.0
293480.0
293480.0
293480.0
293480.0
293480.0
293480.0
293480.0
293480.0
293480.0
293480.0
293480.0
293480.0
293480.0
293480.0
293480.0
293480.0
293480.0
293480.0
293480.0
293480.0
293480.0
293480.0
293480.0
293480.0
293480.0
293480.0
293480.0
293480.0
293480.0
293480.0
293480.0
293480.0
293480.0
293480.0
293480.0
293780.0
293780.0
293780.0
293780.0
293780.0
293780.0
293780.0
293780.0
293780.0
293780.0
293780.0
293780.0
293780.0
293780.0
293780.0
293780.0
293780.0
293780.0
293780.0
293780.0
293780.0
293780.0
293780.0
293780.0
293780.0
293780.0
293780.0
293780.0
293780.0
293780.0
293780.0
293780.0
293780.0
293780.0
293780.0
293780.0
293780.0
293780.0
293780.0
293780.0
293320.0
293320.0
293320.0
293320.0
293320.0
293320.0
293320.0
293320.0
293320.0
293320.0
293320.0
293320.0
293320.0
293320.0
293320.0
293320.0
293320.0
293320.0
293320.0
293320.0
293320.0
292165.0
292165.0
292165.0
292165.0
292165.0
292165.0
292165.0
292165.0
292165.0
292165.0
292165.0
292165.0
292165.0
292165.0
292165.0
292165.0
292165.0
292165.0
292165.0
292165.0
292165.0
292165.0
292165.0
292165.0
292165.0
292165.0
292165.0
292165.0
292165.0
292165.0
292165.0
292165.0
292165.0
292165.0
292165.0
292165.0
292165.0
292165.0
292165.0
292165.0
292165.0
292165.0
292165.0
292165.0
292165.0
292165.0
292165.0
292165.0
290160.0
290160.0
290000.0
290000.0
289915.0
289915.0
289915.0
289915.0
289915.0
289915.0
289915.0
289915.0
289915.0
289915.0
289915.0
289915.0
289915.0
289915.0
289915.0
289915.0
289915.0
289915.0
289915.0
289915.0
289915.0
289915.0
289915.0
289915.0
289915.0
289915.0
289915.0
289915.0
289915.0
289915.0
289915.0
289915.0
289915.0
289915.0
289915.0
289915.0
289915.0
289915.0
289915.0
289915.0
285755.0
285755.0
285755.0
285755.0
285755.0
285755.0
285755.0
285755.0
285755.0
285755.0
285755.0
285735.0
285735.0
285735.0
284325.0
284325.0
284325.0
284325.0
284325.0
284325.0
284895.0
282485.0
282485.0
282485.0
282485.0
282485.0
282485.0
282485.0
282485.0
282485.0
282485.0
282485.0
282485.0
282485.0
282485.0
282485.0
282485.0
282485.0
282485.0
282485.0
282485.0
282485.0
282485.0
282485.0
282485.0
282485.0
282485.0
282485.0
282485.0
282485.0
282485.0
282485.0
282485.0
282485.0
282485.0
282485.0
282485.0
282485.0
282485.0
281805.0
281805.0
281115.0
281115.0
281115.0
280805.0
280805.0
280805.0
280805.0
280805.0
280805.0
280805.0
280805.0
280805.0
280805.0
280805.0
279410.0
279410.0
279410.0
279410.0
279410.0
279410.0
279410.0
279410.0
279410.0
279410.0
279410.0
279410.0
279410.0
279410.0
279410.0
279410.0
279410.0
279410.0
278145.0
278145.0
278145.0
278145.0
278145.0
278145.0
278145.0
278145.0
278145.0
279410.0
279410.0
279410.0
279410.0
279410.0
279410.0
279410.0
279410.0
279410.0
279410.0
279410.0
279410.0
279410.0
279410.0
279410.0
279410.0
279410.0
279410.0
279410.0
279410.0
279410.0
279410.0
279410.0
279410.0
279410.0
279215.0
