938235.0
863990.0
841560.0
711860.0
662170.0
600150.0
590535.0
590535.0
590535.0
590535.0
590535.0
590535.0
484125.0
469725.0
476190.0
498525.0
488175.0
460060.0
450430.0
450430.0
488340.0
476265.0
460060.0
456260.0
449555.0
442230.0
436490.0
449375.0
450225.0
442770.0
436235.0
436235.0
436235.0
436235.0
436235.0
436235.0
436235.0
436235.0
436235.0
382350.0
382000.0
392900.0
383015.0
397210.0
369185.0
368895.0
367545.0
383585.0
383585.0
383585.0
383585.0
383585.0
383585.0
383585.0
383585.0
383585.0
377325.0
377325.0
377325.0
377325.0
348915.0
346955.0
344045.0
343800.0
343800.0
343800.0
339780.0
339780.0
339780.0
341395.0
341395.0
341395.0
341395.0
341395.0
329885.0
334120.0
334120.0
334120.0
334120.0
321835.0
322285.0
323895.0
329250.0
326165.0
324375.0
324375.0
324375.0
328070.0
328070.0
328070.0
328070.0
328070.0
328070.0
328070.0
328070.0
328070.0
328070.0
328070.0
322715.0
322715.0
322715.0
321250.0
321250.0
321250.0
320810.0
312565.0
308740.0
304250.0
304250.0
308910.0
308910.0
306505.0
306505.0
305875.0
305875.0
330345.0
330345.0
304645.0
304645.0
304645.0
304645.0
304645.0
303975.0
303975.0
303975.0
303975.0
303975.0
303975.0
303975.0
303975.0
303975.0
303975.0
303975.0
303975.0
303975.0
303975.0
303975.0
303975.0
303050.0
303050.0
307235.0
307235.0
307235.0
307235.0
307235.0
307270.0
307270.0
307270.0
307270.0
307270.0
307270.0
307270.0
307270.0
307270.0
307270.0
307270.0
307235.0
307235.0
307235.0
307235.0
307235.0
304190.0
304190.0
309550.0
309550.0
309550.0
309550.0
309550.0
309550.0
309550.0
309550.0
309550.0
304030.0
304030.0
304030.0
304030.0
304030.0
304030.0
303860.0
303860.0
303860.0
303860.0
303860.0
303860.0
303860.0
303860.0
303860.0
303860.0
303860.0
303860.0
313330.0
313330.0
313330.0
313330.0
313330.0
313330.0
313330.0
313330.0
301540.0
301540.0
301540.0
301540.0
301540.0
301540.0
301540.0
301540.0
301540.0
299620.0
299620.0
299620.0
299620.0
299620.0
299620.0
298650.0
301510.0
301510.0
301510.0
300910.0
300910.0
300910.0
300910.0
300910.0
300910.0
300910.0
300910.0
300910.0
300910.0
300910.0
300910.0
301885.0
301885.0
301885.0
301885.0
305445.0
303775.0
303775.0
303775.0
303775.0
303775.0
303775.0
303775.0
303775.0
303775.0
303775.0
303775.0
303775.0
303775.0
303775.0
303775.0
303775.0
303775.0
303775.0
303775.0
303775.0
303775.0
303775.0
303775.0
303775.0
303775.0
303775.0
303775.0
303775.0
303775.0
303775.0
303775.0
303775.0
303775.0
303775.0
303775.0
303775.0
303775.0
303775.0
303775.0
303775.0
303775.0
302745.0
302745.0
302745.0
302745.0
302745.0
296350.0
296350.0
296350.0
296350.0
296350.0
296350.0
296350.0
296350.0
296350.0
296350.0
296350.0
296350.0
296350.0
296350.0
296350.0
296350.0
296350.0
296350.0
296350.0
296350.0
296350.0
297365.0
297365.0
297365.0
297365.0
297365.0
297365.0
297365.0
297365.0
297365.0
297365.0
297365.0
297365.0
297365.0
297365.0
297365.0
297365.0
297365.0
297365.0
297365.0
297365.0
297365.0
297365.0
297365.0
295370.0
295370.0
295370.0
295370.0
295400.0
295400.0
295400.0
295400.0
295400.0
295400.0
295400.0
295400.0
295400.0
295400.0
295400.0
295400.0
295400.0
295400.0
295400.0
295400.0
295400.0
295400.0
295400.0
295400.0
295400.0
295400.0
295400.0
295400.0
295400.0
295130.0
294905.0
294905.0
294905.0
294905.0
294905.0
294905.0
294905.0
294905.0
294905.0
294905.0
294905.0
294905.0
294905.0
294905.0
294905.0
294905.0
294905.0
294905.0
294905.0
294905.0
294905.0
294905.0
294905.0
294905.0
294905.0
294905.0
294905.0
294905.0
294905.0
294905.0
294905.0
294905.0
294905.0
294905.0
294905.0
294905.0
295150.0
295150.0
295150.0
295150.0
295150.0
295150.0
295150.0
295150.0
295150.0
286595.0
286595.0
286595.0
284895.0
284895.0
284895.0
284895.0
284895.0
284895.0
284895.0
284895.0
284895.0
284895.0
284865.0
284865.0
284865.0
284865.0
284865.0
284865.0
284865.0
284865.0
284865.0
284865.0
284865.0
284865.0
284865.0
284865.0
284865.0
284865.0
284865.0
284865.0
284865.0
284865.0
284865.0
284865.0
284865.0
284865.0
284865.0
284865.0
284865.0
284865.0
284865.0
284865.0
284865.0
284865.0
284865.0
284865.0
284865.0
284865.0
284865.0
284895.0
284895.0
284895.0
309695.0
309695.0
309695.0
309695.0
309695.0
309695.0
309695.0
309695.0
283705.0
283785.0
283785.0
283785.0
283785.0
283785.0
283785.0
283785.0
283785.0
283705.0
283705.0
283705.0
283705.0
283705.0
283705.0
283705.0
283705.0
283915.0
283915.0
283705.0
283705.0
283705.0
283705.0
283705.0
283705.0
283705.0
283705.0
283705.0
283705.0
283705.0
283705.0
283705.0
284295.0
284295.0
284295.0
284295.0
290350.0
290350.0
290350.0
290350.0
