51.980641258318215
53.937198067632856
54.70191226096738
55.95628415300546
55.95628415300546
57.29767638808024
57.29767638808024
57.29767638808024
57.29767638808024
57.29767638808024
57.341805665872386
57.48052645715822
58.41832963784182
58.756740999854244
60.31916357133029
63.049614433289676
63.049614433289676
63.049614433289676
63.049614433289676
63.049614433289676
63.049614433289676
63.049614433289676
63.049614433289676
63.049614433289676
63.049614433289676
63.049614433289676
63.049614433289676
63.049614433289676
63.049614433289676
63.049614433289676
63.049614433289676
63.049614433289676
63.049614433289676
63.049614433289676
63.049614433289676
63.049614433289676
63.049614433289676
63.049614433289676
63.049614433289676
63.324487334137515
63.577944619359
64.08931419457736
64.26794258373205
64.85645933014354
65.08750508750508
65.08750508750508
65.57753357753357
66.41038278298012
66.41038278298012
66.41038278298012
66.41038278298012
66.41038278298012
66.41038278298012
66.41038278298012
66.41038278298012
66.41038278298012
66.41038278298012
66.41038278298012
66.41038278298012
66.41038278298012
66.41926439056573
66.54461487712355
66.54461487712355
66.75243278904833
66.99488701962724
66.83409436834094
66.83409436834094
66.80851063829788
66.80851063829788
66.83654956292266
66.83654956292266
66.83654956292266
66.83654956292266
66.85642317380353
66.92925238334169
67.25873891955176
67.40090316106372
67.40090316106372
67.40090316106372
67.40090316106372
67.50459943134304
67.74042482020404
68.07827395885599
68.07827395885599
68.07827395885599
68.07827395885599
68.07827395885599
68.14444999167915
68.14444999167915
68.14444999167915
68.14444999167915
68.2659344316858
68.2659344316858
68.2659344316858
68.2659344316858
68.2659344316858
68.2659344316858
68.2659344316858
68.3424862705941
68.3424862705941
68.36911299717092
68.36911299717092
68.36911299717092
68.36911299717092
68.49949647532729
68.49949647532729
68.49949647532729
68.49949647532729
68.49949647532729
68.8368580060423
68.88888888888891
69.04931972789116
69.04931972789116
69.11224489795919
69.11224489795919
69.11224489795919
69.44101508916324
69.44101508916324
69.84053497942386
69.84053497942386
69.84053497942386
69.84053497942386
69.84053497942386
69.84053497942386
69.84053497942386
69.84053497942386
69.84053497942386
69.84053497942386
69.84053497942386
69.84053497942386
70.01714677640604
70.01714677640604
70.02400548696845
70.02400548696845
70.02400548696845
70.02400548696845
70.02400548696845
70.02400548696845
70.12688614540467
70.13717421124828
70.28806584362141
70.28806584362141
70.28806584362141
70.28806584362141
70.28806584362141
70.28806584362141
70.28806584362141
70.28806584362141
70.28806584362141
70.28806584362141
70.28806584362141
70.28806584362141
70.28806584362141
70.28806584362141
70.28806584362141
70.28806584362141
70.28806584362141
70.28806584362141
70.28806584362141
70.5744170096022
70.5744170096022
70.71673525377227
70.71673525377227
70.8196159122085
70.8196159122085
70.8196159122085
70.8196159122085
70.8196159122085
70.8196159122085
70.8196159122085
70.8196159122085
70.8196159122085
70.94650205761316
70.94650205761316
70.94650205761316
70.94650205761316
70.94650205761316
70.94650205761316
71.21913580246913
71.21913580246913
71.21913580246913
71.21913580246913
71.21913580246913
71.21913580246913
71.21913580246913
71.21913580246913
71.21913580246913
71.21913580246913
71.21913580246913
71.21913580246913
71.21913580246913
71.21913580246913
71.21913580246913
71.28772290809326
71.28772290809326
71.28943758573388
71.36831275720165
71.36831275720165
71.36831275720165
71.36831275720165
71.36831275720165
71.36831275720165
71.36831275720165
71.36831275720165
71.36831275720165
71.36831275720165
71.36831275720165
71.36831275720165
71.36831275720165
71.36831275720165
71.36831275720165
71.36831275720165
71.36831275720165
71.44501718213058
71.58934707903778
71.58934707903778
71.58934707903778
71.58762886597938
71.58762886597938
71.66408801787864
71.66408801787864
71.66408801787864
71.66408801787864
71.66408801787864
71.66408801787864
71.66408801787864
71.95317959468903
71.95317959468903
71.95317959468903
72.38045557294384
72.38045557294384
72.38045557294384
72.38045557294384
72.41001564945228
72.39168413696714
72.39168413696714
72.39168413696714
72.39168413696714
72.39168413696714
72.39168413696714
72.39168413696714
72.39168413696714
72.39168413696714
72.39168413696714
72.39168413696714
72.39168413696714
72.39168413696714
72.39168413696714
72.39168413696714
72.39168413696714
72.39168413696714
72.39168413696714
72.39168413696714
72.39168413696714
72.39168413696714
72.39168413696714
72.39168413696714
72.39168413696714
72.39168413696714
72.39168413696714
72.39168413696714
72.39168413696714
72.39168413696714
72.39168413696714
72.39168413696714
72.39168413696714
72.39168413696714
72.39168413696714
72.39168413696714
72.39168413696714
72.39168413696714
72.39168413696714
72.39168413696714
72.39168413696714
72.39168413696714
72.4830464267084
72.4830464267084
72.4830464267084
72.5717266562337
72.60824204486175
72.60824204486175
72.60824204486175
72.60824204486175
72.60824204486175
72.60824204486175
72.60824204486175
72.60824204486175
72.60824204486175
72.60824204486175
72.60824204486175
72.60824204486175
72.60824204486175
72.60824204486175
72.60824204486175
72.60824204486175
72.60824204486175
72.60824204486175
72.60824204486175
72.60824204486175
72.60824204486175
72.60824204486175
72.64997391757954
72.64997391757954
72.64997391757954
72.64997391757954
72.64997391757954
72.64997391757954
72.64997391757954
72.64997391757954
72.64997391757954
72.64997391757954
72.64997391757954
72.64997391757954
72.64997391757954
72.64997391757954
72.64997391757954
72.64997391757954
72.64997391757954
72.64997391757954
72.64997391757954
72.64997391757954
72.64997391757954
72.85190999476714
72.86586429443574
72.8867957439386
72.8867957439386
72.91470434327577
72.91470434327577
72.96528867957439
72.96528867957439
72.96528867957439
72.96528867957439
72.96528867957439
72.96528867957439
72.96528867957439
72.96528867957439
72.96528867957439
72.96528867957439
72.96528867957439
72.96528867957439
72.96528867957439
72.96528867957439
72.96528867957439
72.96528867957439
72.96528867957439
72.96528867957439
72.96528867957439
72.96528867957439
72.96528867957439
72.96528867957439
72.96528867957439
72.96528867957439
72.96528867957439
72.97575440432584
72.97575440432584
72.97575440432584
72.97575440432584
72.97575440432584
72.97575440432584
72.97575440432584
72.97575440432584
72.97575440432584
72.97575440432584
72.98796441653585
72.98796441653585
72.98796441653585
72.98796441653585
72.98796441653585
72.98796441653585
72.98796441653585
72.98796441653585
72.98796441653585
72.98796441653585
72.98796441653585
72.98796441653585
72.98796441653585
72.98796441653585
72.98796441653585
72.98796441653585
72.98796441653585
72.98796441653585
72.98796441653585
72.98796441653585
72.98796441653585
73.04378161521018
73.04378161521018
73.04378161521018
73.04378161521018
73.04378161521018
73.04378161521018
73.06645735217162
73.07866736438163
73.14843886272457
73.14843886272457
73.14843886272457
73.14843886272457
73.14843886272457
73.14843886272457
73.14843886272457
73.14843886272457
73.14843886272457
73.14843886272457
73.17634746206176
73.17634746206176
73.17634746206176
73.17634746206176
73.17634746206176
73.17634746206176
73.17634746206176
73.17634746206176
73.17634746206176
73.17634746206176
73.17634746206176
73.17634746206176
73.20076748648177
73.20076748648177
73.20076748648177
73.20076748648177
73.20076748648177
73.20076748648177
73.20076748648177
73.20076748648177
73.20076748648177
73.20076748648177
73.20076748648177
73.20076748648177
73.20076748648177
73.20076748648177
73.20076748648177
73.20076748648177
73.20076748648177
73.20076748648177
73.20076748648177
73.20076748648177
73.20076748648177
73.20076748648177
73.20076748648177
73.20076748648177
73.20076748648177
73.20076748648177
73.20076748648177
73.20076748648177
73.20076748648177
73.20076748648177
73.20076748648177
73.20076748648177
73.20076748648177
73.20076748648177
73.20076748648177
73.2757718472004
73.2757718472004
73.2757718472004
73.2757718472004
73.2757718472004
73.2757718472004
73.2757718472004
73.2757718472004
73.2757718472004
73.2757718472004
73.2757718472004
73.51125065410778
73.51125065410778
73.51125065410778
73.51125065410778
73.51125065410778
73.51125065410778
73.51125065410778
73.51125065410778
73.51125065410778
73.51125065410778
73.51125065410778
73.51125065410778
73.51125065410778
73.51125065410778
73.51125065410778
73.51125065410778
73.51125065410778
73.51125065410778
73.51125065410778
73.51125065410778
73.51125065410778
73.51125065410778
73.51125065410778
73.51125065410778
73.51125065410778
73.51125065410778
73.51125065410778
73.51125065410778
73.51125065410778
73.51125065410778
73.51125065410778
73.51125065410778
73.55834641548927
73.55834641548927
73.58102215245073
73.58102215245073
73.58102215245073
73.58102215245073
73.58102215245073
73.58102215245073
