40.27730013526836
40.27730013526836
40.27730013526836
40.35955017539034
40.35955017539034
43.94796137798682
43.63075480069869
40.8607995065726
43.44031191727411
43.6729706906371
43.6729706906371
43.6729706906371
41.45560207747043
41.45560207747043
43.719713285771974
43.5811393941371
43.717890474267506
43.717890474267506
43.719713285771974
44.77296829513355
44.170650048807495
44.170650048807495
44.99380858436511
44.99380858436511
44.99380858436511
47.16122686380806
46.846727505375185
45.81755905430014
45.81755905430014
45.81755905430014
47.16122686380806
47.16122686380806
47.16122686380806
45.887832739688484
45.887832739688484
45.887832739688484
45.887832739688484
45.887832739688484
45.92857048174937
45.92857048174937
45.92857048174937
45.92857048174937
45.58960943268133
45.40505039258438
45.58960943268133
45.930818017466265
47.17760210242637
47.17760210242637
46.63529769926083
46.63529769926083
46.63529769926083
46.63529769926083
46.63529769926083
47.416984907974914
47.416984907974914
47.416984907974914
47.416984907974914
47.416984907974914
47.416984907974914
47.10658836266701
45.0016160310278
45.0016160310278
47.41448710700326
43.14763138292549
43.14763138292549
47.49703908409001
47.49703908409001
48.26060627760247
48.180348471074325
48.301591869404746
45.90699428250728
48.17311564600267
48.301591869404746
47.59168185412107
48.00019818413783
48.216832646925155
48.216832646925155
48.216832646925155
48.216832646925155
48.216832646925155
48.216832646925155
49.51723337401394
49.51723337401394
49.51723337401394
49.614608909861516
49.614608909861516
49.614608909861516
49.614608909861516
49.614608909861516
49.614608909861516
49.614608909861516
49.614608909861516
49.614608909861516
49.614608909861516
49.614608909861516
49.614608909861516
49.614608909861516
49.976542813798304
49.998790866690626
49.998790866690626
49.998790866690626
49.998790866690626
49.998790866690626
49.998790866690626
49.998790866690626
49.998790866690626
49.998790866690626
49.998790866690626
50.05005811900772
50.05005811900772
50.05005811900772
50.05005811900772
50.05005811900772
50.81632620159638
50.81632620159638
50.81632620159638
50.81632620159638
50.81632620159638
50.81632620159638
50.95835906100319
50.95835906100319
50.95835906100319
50.95835906100319
50.95835906100319
50.95835906100319
50.95835906100319
48.41142850027394
50.652528942620975
50.652528942620975
50.652528942620975
50.95835906100319
51.039290383843394
51.039290383843394
51.039290383843394
50.56158230548351
51.039290383843394
51.24049016652184
51.24049016652184
51.2551609840088
51.2551609840088
51.2551609840088
51.2551609840088
51.2551609840088
51.2551609840088
51.2551609840088
50.72018768283022
50.72018768283022
50.72018768283022
50.72018768283022
50.72018768283022
50.72018768283022
47.38654119079705
50.72018768283022
50.8153844416226
50.62705653423702
50.8153844416226
50.8153844416226
50.8153844416226
50.8153844416226
50.86217606882563
50.86217606882563
51.092100443875054
51.092100443875054
51.092100443875054
51.108719539054064
51.108719539054064
51.108719539054064
51.108719539054064
51.108719539054064
51.108719539054064
51.108719539054064
51.108719539054064
51.108719539054064
51.35058384656219
51.35058384656219
50.807121815248
50.807121815248
50.807121815248
50.199757201191915
50.807121815248
50.82215833945035
50.82215833945035
50.82215833945035
51.64577182640414
51.64577182640414
51.64577182640414
51.64577182640414
51.64577182640414
51.64577182640414
51.64577182640414
51.64577182640414
51.64577182640414
51.64577182640414
51.65062231808231
51.66355696255744
51.66355696255744
51.66355696255744
51.66355696255744
51.66355696255744
51.73194889521969
51.73194889521969
51.73194889521969
51.73194889521969
51.73194889521969
51.73194889521969
51.72289464408709
51.72289464408709
51.464064609985066
51.464064609985066
51.464064609985066
51.25237296870617
51.25237296870617
51.25237296870617
51.25237296870617
51.077617567834125
51.077617567834125
51.25237296870617
51.25237296870617
51.25237296870617
51.43193575533795
48.74514736459051
51.43193575533795
51.43193575533795
51.27487947602241
51.27487947602241
51.27487947602241
51.27487947602241
51.27487947602241
51.27487947602241
50.94636308216327
50.94636308216327
50.94636308216327
50.94636308216327
50.94636308216327
50.94636308216327
50.94636308216327
51.07147361170844
48.984243725339375
51.07147361170844
51.07147361170844
51.07147361170844
51.07147361170844
51.07147361170844
51.07147361170844
51.07147361170844
51.07147361170844
51.07147361170844
51.07147361170844
51.07147361170844
51.11593645209171
51.11593645209171
51.11593645209171
51.11593645209171
51.11593645209171
51.207287378697295
51.21052103981608
51.460965887963255
51.460965887963255
51.460965887963255
51.460965887963255
51.460965887963255
51.460965887963255
51.460965887963255
51.460965887963255
53.360556737792606
54.432956319738
54.432956319738
54.713929638297465
54.713929638297465
54.713929638297465
54.713929638297465
54.686379412836295
49.38720364872424
49.38720364872424
49.38720364872424
49.30200937997505
49.30200937997505
49.30200937997505
49.38720364872424
49.38720364872424
49.87444602211608
49.87444602211608
49.87444602211608
50.44609732703548
52.166634222308744
52.166634222308744
48.52189417742117
48.52189417742117
48.52189417742117
48.52189417742117
48.52189417742117
48.52189417742117
48.52189417742117
48.52189417742117
50.53354927850522
50.53354927850522
50.53354927850522
50.53354927850522
52.61072855564057
52.61072855564057
52.61072855564057
52.70103053831694
52.70103053831694
52.70103053831694
52.70103053831694
52.70501951666713
50.92386220903818
50.92386220903818
50.03271747498075
50.03271747498075
50.51075628304225
50.51075628304225
50.51075628304225
50.92386220903818
53.526531236849145
53.526531236849145
53.526531236849145
53.526531236849145
53.526531236849145
53.526531236849145
54.304102976669355
54.304102976669355
54.304102976669355
54.304102976669355
54.304102976669355
54.304102976669355
54.304102976669355
54.304102976669355
54.45517160181316
54.45517160181316
54.45517160181316
54.45517160181316
54.45517160181316
50.07197138634555
56.7554694437717
56.7554694437717
56.7554694437717
56.7554694437717
56.7554694437717
56.7554694437717
56.8263098409623
56.8263098409623
56.8263098409623
56.8263098409623
56.8263098409623
56.8263098409623
56.8263098409623
56.96920158230403
56.96920158230403
56.96920158230403
56.96920158230403
56.96920158230403
56.96920158230403
56.96920158230403
56.96920158230403
56.96920158230403
56.96920158230403
56.96920158230403
55.691056910569095
55.691056910569095
47.81041730749512
47.81041730749512
47.81041730749512
55.691056910569095
55.691056910569095
55.701989782734
55.701989782734
55.701989782734
55.701989782734
55.72186773212475
56.686600221483936
56.686600221483936
56.686600221483936
56.686600221483936
56.686600221483936
56.686600221483936
56.839857505107425
56.839857505107425
56.839857505107425
56.839857505107425
53.33852439317472
53.33852439317472
56.839857505107425
56.839857505107425
57.10020840391348
57.10020840391348
53.75074229450414
53.75074229450414
57.10020840391348
56.83805421788851
56.83805421788851
57.10020840391348
57.10020840391348
57.10020840391348
57.10020840391348
57.10020840391348
57.12792715102611
57.40100814109869
57.40100814109869
57.676905230241594
