51.296529557399126
56.53307202351788
57.40859090556975
57.40859090556975
57.40859090556975
57.40859090556975
57.62992400894824
58.267894445154965
58.267894445154965
58.341488031243834
58.341488031243834
58.80029304029304
58.80029304029304
58.80029304029304
60.24184181354862
60.24184181354862
60.24184181354862
60.24184181354862
60.24184181354862
60.70398754260727
60.70398754260727
60.70398754260727
60.76668190645187
60.76668190645187
60.76668190645187
60.76668190645187
60.76668190645187
60.76668190645187
60.76668190645187
60.94027324885459
60.94027324885459
60.94027324885459
60.94027324885459
60.94027324885459
61.06105224105549
61.06105224105549
61.06105224105549
61.07442110042515
61.07442110042515
61.11913705094867
61.11913705094867
61.11913705094867
61.2342715903289
61.2342715903289
61.2342715903289
61.2342715903289
61.2342715903289
61.2342715903289
61.64438484190736
61.64438484190736
61.64438484190736
61.64438484190736
61.749226933587735
61.749226933587735
61.749226933587735
61.749226933587735
61.749226933587735
61.749226933587735
61.78355983833581
61.92425054156671
61.92425054156671
61.92425054156671
61.92848391049204
61.92848391049204
61.92848391049204
62.01485043620853
62.01485043620853
62.01485043620853
62.01485043620853
62.01485043620853
62.01485043620853
62.01485043620853
62.01485043620853
62.605757621664296
62.605757621664296
62.605757621664296
62.605757621664296
62.605757621664296
62.605757621664296
62.605757621664296
62.605757621664296
62.605757621664296
62.605757621664296
62.605757621664296
62.605757621664296
62.605757621664296
62.605757621664296
62.605757621664296
62.605757621664296
62.605757621664296
62.605757621664296
62.605757621664296
62.79167986485059
62.79167986485059
62.79167986485059
62.79167986485059
62.79167986485059
62.79167986485059
62.79167986485059
63.21333314970643
63.21333314970643
63.21333314970643
63.21333314970643
63.21333314970643
63.21333314970643
63.21333314970643
63.21333314970643
63.21333314970643
63.21333314970643
63.21333314970643
63.21333314970643
63.21333314970643
63.21333314970643
63.21333314970643
63.21333314970643
63.6991418149622
63.6991418149622
63.6991418149622
63.6991418149622
63.6991418149622
63.838445200842116
63.838445200842116
63.838445200842116
63.838445200842116
63.838445200842116
63.838445200842116
63.838445200842116
63.838445200842116
63.838445200842116
63.838445200842116
63.86742842303446
63.86742842303446
63.86742842303446
63.86742842303446
63.86742842303446
63.86742842303446
63.86742842303446
63.86742842303446
63.86742842303446
63.86742842303446
63.86742842303446
63.86742842303446
63.86742842303446
63.86742842303446
63.86742842303446
63.86742842303446
63.86742842303446
63.86742842303446
63.86742842303446
63.86742842303446
63.9467265189527
63.9467265189527
63.9467265189527
63.9467265189527
63.9467265189527
63.9467265189527
63.9467265189527
63.9467265189527
63.9467265189527
63.9467265189527
64.01118520510846
64.01118520510846
64.10694577123196
64.10694577123196
64.10694577123196
64.10694577123196
64.10694577123196
64.10694577123196
64.10694577123196
64.10694577123196
64.10694577123196
64.10694577123196
64.10694577123196
64.16449956657998
64.16449956657998
64.16449956657998
64.16449956657998
64.16449956657998
64.21021630288949
64.21021630288949
64.21021630288949
64.21021630288949
64.21021630288949
64.21021630288949
64.94915903055242
64.94915903055242
64.94915903055242
64.94915903055242
64.94915903055242
64.94915903055242
64.94915903055242
64.94915903055242
64.94915903055242
64.94915903055242
64.94915903055242
64.97619446371748
64.97619446371748
64.97619446371748
65.08128160294883
65.08128160294883
65.08128160294883
65.08128160294883
65.08128160294883
65.08128160294883
65.08246302159634
65.08246302159634
65.08246302159634
65.08246302159634
65.08246302159634
65.08246302159634
65.08246302159634
65.08246302159634
65.08246302159634
65.08246302159634
65.08246302159634
65.08246302159634
65.08246302159634
65.08246302159634
65.27503426114077
65.27503426114077
65.27503426114077
65.27503426114077
65.27503426114077
65.27503426114077
65.27503426114077
65.27503426114077
65.36364065970417
65.68186571846893
65.68186571846893
65.68186571846893
65.68186571846893
65.68186571846893
65.68186571846893
65.68186571846893
65.68186571846893
65.68186571846893
65.68186571846893
65.68186571846893
65.68186571846893
65.68186571846893
65.68186571846893
65.68186571846893
65.68186571846893
65.68186571846893
65.68186571846893
65.68186571846893
65.68186571846893
65.68186571846893
65.68186571846893
65.68186571846893
65.68186571846893
65.68186571846893
65.68186571846893
65.68186571846893
65.92383859546008
65.92383859546008
65.92383859546008
65.92383859546008
65.92383859546008
65.92383859546008
65.92383859546008
65.92383859546008
65.92383859546008
65.92383859546008
65.92383859546008
65.92383859546008
65.92383859546008
65.92383859546008
65.92383859546008
65.92383859546008
65.92383859546008
65.92383859546008
65.92383859546008
66.0541870286719
66.0541870286719
66.0541870286719
66.0541870286719
66.0541870286719
66.0541870286719
66.0541870286719
66.0541870286719
66.0541870286719
66.0541870286719
66.0541870286719
66.0541870286719
66.0541870286719
66.0541870286719
66.0541870286719
66.0541870286719
66.0541870286719
66.0541870286719
66.0541870286719
66.0541870286719
66.0541870286719
66.0541870286719
66.0541870286719
66.0541870286719
66.0541870286719
66.0541870286719
66.0541870286719
66.0541870286719
66.0541870286719
66.11159704131886
66.11159704131886
66.11159704131886
66.11159704131886
66.11159704131886
66.19359776387596
66.19359776387596
66.19359776387596
66.30435816014146
66.30435816014146
66.30435816014146
66.30435816014146
66.30435816014146
66.30435816014146
66.30435816014146
66.30435816014146
66.30435816014146
66.30435816014146
66.30435816014146
66.35664847597498
66.35664847597498
66.35664847597498
66.35664847597498
66.35664847597498
66.35664847597498
66.35664847597498
66.35664847597498
66.35664847597498
66.35664847597498
66.35664847597498
66.35664847597498
66.35664847597498
66.59929881488527
66.59929881488527
66.59929881488527
66.59929881488527
66.59929881488527
66.59929881488527
66.59929881488527
66.59929881488527
66.59929881488527
66.59929881488527
66.59929881488527
66.59929881488527
66.59929881488527
66.59929881488527
66.67062948147735
66.67062948147735
66.67062948147735
66.67062948147735
66.67062948147735
66.67062948147735
66.67062948147735
66.67062948147735
66.81371412789925
66.81371412789925
66.81371412789925
66.81371412789925
66.81371412789925
66.81371412789925
66.81371412789925
66.82900246092845
66.82900246092845
67.66215678471946
67.66215678471946
67.67235376044569
67.67235376044569
67.67235376044569
67.67235376044569
67.67235376044569
67.67235376044569
67.67235376044569
67.67235376044569
67.67235376044569
67.67235376044569
67.67235376044569
67.67235376044569
67.67235376044569
67.67235376044569
67.67235376044569
67.67235376044569
67.67235376044569
67.67235376044569
67.67235376044569
67.67235376044569
67.67235376044569
67.67235376044569
67.67235376044569
67.67235376044569
67.67235376044569
67.67235376044569
67.67235376044569
67.67235376044569
67.81212693991245
67.81212693991245
67.81212693991245
67.81212693991245
67.81212693991245
