47.953518646144424
50.577083967143295
59.77762049361858
59.98104791180346
60.400632577754344
62.35272923797514
62.71719695580414
63.50306616717173
62.979836328355695
63.80319015950797
62.72587443788234
64.298887465121
63.33007229950608
62.05738959205703
60.33395484721448
66.31847638873401
62.7937030075188
64.90391898663371
64.94346101474157
60.52424424001034
67.29489610051671
66.20571725958143
61.07175167130755
66.6131339238664
61.680076520564896
64.1805440959431
64.63523462482338
62.42521170839469
64.63523462482338
62.41378153890871
64.45480758961945
61.92002442002441
62.367000303306035
64.70671478100898
65.08362486222265
65.43107389494453
61.35630456148465
63.413983983302714
66.718140247552
61.89333390473333
63.12377299913254
63.360643780997755
64.89569497617002
64.74825343290773
61.912793043166424
63.74912321720832
57.148607814640165
61.916084899030125
63.79120423561183
63.631589389288926
57.5906644313068
61.72129508755836
67.42781490354307
63.38355120464271
64.3020207998647
63.180101357812205
61.869883175420846
66.52408743248631
65.18134590696948
66.02911306702775
63.02105411897696
68.83709146186978
59.01895791627011
65.88583208579773
65.28952349009366
63.322586318072574
