386460.0
386460.0
187686.0
178440.0
200424.0
171958.0
218476.0
167112.0
212514.0
183448.0
200400.0
159182.0
164594.0
203430.0
178972.0
156244.0
195712.0
198128.0
229432.0
177706.0
159962.0
204782.0
155478.0
163324.0
208338.0
198928.0
178036.0
193450.0
182612.0
210944.0
191430.0
184204.0
167934.0
168554.0
150934.0
147494.0
198784.0
152898.0
136362.0
181180.0
153170.0
201424.0
174242.0
146706.0
176200.0
200392.0
233696.0
215668.0
146838.0
201828.0
254772.0
207608.0
145780.0
178010.0
176486.0
164998.0
163620.0
151322.0
170536.0
155442.0
162278.0
125684.0
213820.0
174190.0
176044.0
178010.0
