52.99877398500111
57.112881644888915
63.60510978584227
63.78842844950243
64.36873441602663
64.77190404449573
65.18116788213322
65.15009979483828
66.04713135331525
66.07005026529643
67.27230255369402
66.1611895974554
66.92076818398176
65.6568571533252
66.26970056935168
68.49666955364442
66.42887234981386
67.55494047552536
68.92615488293814
66.77253088224133
69.58917612411095
68.94832354493187
67.406238239741
69.44529533996256
68.45714496770971
68.57388983566666
68.95514136739287
68.00039778497738
67.48604204386334
67.85835337745344
68.67228040570528
67.91952184100431
66.51697086177414
67.57729689205331
67.31144218451564
68.15790306693154
67.57767385540079
67.31293839629957
68.7992260911435
66.7641785345086
68.16199305688158
68.47278934606985
68.98438411602844
68.50970368184923
67.98896742132133
68.76039186498974
68.50109141670852
68.77442077640744
69.08335619875412
68.7588946766836
68.55567338910922
68.02573093537389
70.11377617401872
69.48975064394652
68.97151655034705
69.81403363420621
69.32234009117924
70.24997440810264
70.11379091692909
70.83381595004116
69.45535196983697
71.24855217541044
69.6519844148073
71.70446895322858
70.68960583130409
70.22122108523453
