2557.5
2399.6666666666665
2096.3333333333335
1797.1666666666667
1844.0
2034.6666666666667
2131.3333333333335
2073.8333333333335
1977.6666666666667
1841.0
1779.6666666666667
1939.1666666666667
1798.1666666666667
1750.5
1746.6666666666667
1636.3333333333333
1844.6666666666667
1961.8333333333333
1938.8333333333333
1748.0
1696.5
1894.3333333333333
1665.0
1731.0
1899.6666666666667
1785.5
1554.5
1587.0
1506.5
1514.6666666666667
1512.6666666666667
1466.3333333333333
1498.8333333333333
1680.3333333333333
1620.6666666666667
1566.8333333333333
1594.1666666666667
1614.5
1614.5
1604.1666666666667
1551.6666666666667
1523.0
1592.1666666666667
1607.5
1540.1666666666667
1519.6666666666667
1511.5
1511.5
1527.8333333333333
1514.6666666666667
1492.1666666666667
1492.1666666666667
1492.1666666666667
1456.8333333333333
1456.8333333333333
1411.3333333333333
1377.8333333333333
1377.8333333333333
1443.0
1443.0
1435.0
1435.0
1429.6666666666667
1431.3333333333333
1426.0
1426.0
1433.3333333333333
1433.3333333333333
1433.3333333333333
1428.0
1411.5
1438.3333333333333
1438.3333333333333
1734.3333333333333
1816.5
1575.8333333333333
1556.1666666666667
1620.8333333333333
1620.8333333333333
1614.8333333333333
1584.8333333333333
1584.8333333333333
1584.8333333333333
1584.8333333333333
1584.8333333333333
1584.8333333333333
1574.1666666666667
1574.1666666666667
1574.1666666666667
1574.1666666666667
1629.3333333333333
1587.5
1604.1666666666667
1570.5
1552.3333333333333
1582.8333333333333
1510.8333333333333
1744.1666666666667
1744.0
1550.8333333333333
1570.1666666666667
1570.1666666666667
1590.6666666666667
1590.6666666666667
1584.6666666666667
1554.6666666666667
1554.6666666666667
1554.6666666666667
1554.6666666666667
1511.0
1509.6666666666667
1455.6666666666667
1432.8333333333333
1524.3333333333333
1529.1666666666667
1529.1666666666667
1529.1666666666667
1529.1666666666667
1529.1666666666667
1506.6666666666667
1424.8333333333333
1430.5
1443.6666666666667
1401.6666666666667
1357.6666666666667
1368.3333333333333
1367.3333333333333
1348.0
1346.0
1369.1666666666667
1369.1666666666667
1355.3333333333333
1355.3333333333333
1355.3333333333333
1355.3333333333333
1423.8333333333333
1362.0
1362.0
1399.3333333333333
1364.0
1364.0
1364.0
1383.3333333333333
1442.8333333333333
1442.8333333333333
1433.0
1433.0
1427.0
1427.0
1427.0
1417.3333333333333
1428.8333333333333
1428.8333333333333
1428.8333333333333
1434.0
1455.8333333333333
1446.0
1436.3333333333333
1432.3333333333333
1429.1666666666667
1429.1666666666667
1413.8333333333333
1441.8333333333333
1470.6666666666667
1475.0
1475.0
1479.6666666666667
1479.6666666666667
1479.6666666666667
1479.6666666666667
1504.1666666666667
1504.1666666666667
1486.6666666666667
1485.3333333333333
1542.5
1542.5
1542.5
1515.3333333333333
1515.0
1515.0
1515.0
1542.8333333333333
1553.3333333333333
1519.0
1989.0
1850.8333333333333
1918.5
1710.6666666666667
1710.1666666666667
1663.5
1663.5
1676.3333333333333
1653.8333333333333
1660.6666666666667
1660.6666666666667
1660.6666666666667
1660.6666666666667
1660.6666666666667
1653.1666666666667
1624.6666666666667
1624.6666666666667
