2719.4444444444443
2506.1666666666665
2329.8333333333335
2103.9166666666665
1865.75
2138.9166666666665
2305.0833333333335
2280.5
2179.5
2145.4166666666665
2205.8333333333335
2071.3333333333335
2235.25
2032.8333333333333
2047.1666666666667
1933.1666666666667
1849.25
2326.4166666666665
2134.4166666666665
1984.9166666666667
1871.0
2098.1666666666665
2121.6666666666665
1852.5
2068.6666666666665
2120.25
1910.3333333333333
1909.9166666666667
1755.5833333333333
1784.5
1886.5
1848.5
1983.9166666666667
1713.0833333333333
2030.5
2079.25
2023.3333333333333
1964.5
2057.0833333333335
2002.3333333333333
2037.4166666666667
1930.25
1973.75
1889.8333333333333
2125.6666666666665
2006.0
1874.3333333333333
1870.8333333333333
1892.8333333333333
2022.25
1826.0833333333333
1949.5833333333333
1889.3333333333333
1992.5
1942.9166666666667
1841.5833333333333
1895.0
1947.3333333333333
1831.0833333333333
1838.0
1867.4166666666667
1931.5833333333333
1862.25
1731.6666666666667
1734.5833333333333
1935.4166666666667
1804.25
1747.3333333333333
1818.8333333333333
1726.4166666666667
1866.0
1974.1666666666667
1939.3333333333333
1818.4166666666667
2087.6666666666665
2075.0833333333335
1778.4166666666667
1984.6666666666667
1958.9166666666667
2098.3333333333335
1834.5833333333333
2182.5833333333335
1922.5
2050.4166666666665
2003.25
2103.4166666666665
1892.0833333333333
2168.25
1868.1666666666667
1970.4166666666667
2045.75
1967.1666666666667
2059.5833333333335
1964.0833333333333
1779.8333333333333
1734.6666666666667
1854.0833333333333
2051.9166666666665
2062.0833333333335
2063.6666666666665
1963.5833333333333
1908.5
2105.25
1939.0
2025.6666666666667
2098.0833333333335
1982.3333333333333
2074.0
1938.4166666666667
2003.5833333333333
1824.0
1931.75
1769.5833333333333
1834.3333333333333
1792.5833333333333
2010.1666666666667
1901.0833333333333
1953.75
1835.25
1798.0833333333333
1685.3333333333333
1825.3333333333333
1693.0
1917.25
1782.5833333333333
1704.4166666666667
2028.9166666666667
1594.3333333333333
1856.4166666666667
1833.1666666666667
1956.25
1663.3333333333333
1994.75
1707.5833333333333
1852.1666666666667
1734.4166666666667
1926.0
1781.9166666666667
1961.6666666666667
1761.1666666666667
1842.4166666666667
1771.0
1800.8333333333333
2041.0
1863.75
1967.25
1927.75
1888.5833333333333
1970.5833333333333
2044.9166666666667
1910.75
1878.9166666666667
1857.3333333333333
1870.0
1779.5833333333333
1838.25
1878.9166666666667
1801.4166666666667
1755.1666666666667
1866.0833333333333
1918.5
1975.3333333333333
1904.0833333333333
1955.5833333333333
1834.3333333333333
1937.25
1818.0833333333333
1919.6666666666667
2085.5833333333335
1885.25
1911.5833333333333
1899.9166666666667
1864.0833333333333
2062.9166666666665
2099.25
2047.3333333333333
1903.4166666666667
1877.75
2018.1666666666667
2019.5833333333333
1719.5
1852.8333333333333
2178.0833333333335
1661.4166666666667
1944.5833333333333
2197.8333333333335
2203.8333333333335
2194.1666666666665
2034.8333333333333
1896.5
1953.0
1936.4166666666667
2025.0
1877.5833333333333
2077.6666666666665
2062.0
1943.75
1956.4166666666667
1884.75
1960.3333333333333
1939.5
