39.12405043117521
43.429456746708546
45.16996621632446
49.83661061451848
52.38638351967746
53.01684846599151
58.4988263780558
57.20424695077877
58.12609624976834
58.126995209450094
57.34951655973153
57.133664945455806
58.50844824120168
58.31875749201215
56.72151326470944
56.65059336533854
57.83085596265141
58.51295692712099
57.979926460325835
57.35423698288933
57.94917252793824
59.889760730054675
60.75575289009464
58.8574534725672
60.0590768567674
59.27972383566528
59.999775089988475
59.38507635886993
60.045685180338175
61.35685657764284
61.92412476413467
61.87701192921091
62.4027768483657
61.571502754289334
63.06301860184916
62.78423003297751
63.13249406755178
63.23183191022387
63.231831910223875
63.145926560429636
62.95763905601438
62.643722184883465
62.27930615014369
62.344533967889475
62.85620665826334
62.68541165944286
62.62112015302128
62.62112015302127
62.166621460262554
62.708083565434094
62.59366275637477
62.59366275637477
62.59366275637478
62.322982770395114
62.3229827703951
61.96220036490874
61.777044527613434
61.77704452761342
61.82017551802877
61.82017551802879
61.81277984977732
61.81277984977734
61.81411105318519
61.81694027129219
61.81055888991082
61.810558889910816
61.847196552637385
61.847196552637385
61.847196552637385
61.84081517125601
61.67122148517114
61.944919050617074
61.94491905061706
61.81126454774582
62.530659851649986
62.28458730700011
62.75254135211681
62.899373892609894
62.89937389260989
62.89732361641364
62.63302501181535
62.63302501181535
62.63302501181535
62.63302501181535
62.63302501181535
62.63302501181535
62.52096144480241
62.52096144480243
62.520961444802424
62.52096144480243
62.571190227015855
62.38331544367925
62.137570937240326
61.87272260943851
61.84805181027436
61.96830669930114
61.85085910682156
61.561077256188995
62.469946641950536
62.623947895039194
62.745938471957196
62.745938471957224
62.84621087988259
62.84621087988261
62.77034739760197
62.58425770402572
62.5842577040257
62.5842577040257
62.5842577040257
62.30919046403462
62.27798473121407
61.835882747969826
61.601423779629805
62.00429179671423
62.34919555975536
62.354152189247294
62.354152189247294
62.354152189247294
62.354152189247294
62.15522815489651
61.70004856628939
61.709422145817385
61.801398650746094
61.57861899893401
61.303120559881926
61.415184126894864
61.414886250441526
61.29289567352349
61.2401768862835
61.36292710868377
61.36292710868376
61.1963304104963
61.19633041049631
61.19633041049629
61.196330410496316
60.76524565077306
61.359787203237246
61.35978720323726
61.62641333083652
61.36084190168955
61.360841901689554
61.360841901689554
61.48283247860757
61.80890440989266
61.80890440989264
61.72607936552379
61.726079365523795
61.71467140583996
61.71467140583998
61.71467140583997
61.70444651948151
61.82550095738716
61.825500957387156
61.825500957387156
61.861821143187036
61.97736831950831
61.89454327513944
61.884318388781
61.820248360880306
61.84646925970307
61.84646925970307
61.803614979863134
61.90706834880889
62.0682244582761
62.09626680206641
62.09626680206641
62.19134648831668
62.191346488316675
62.19134648831668
62.191346488316675
62.39211943973032
62.39211943973033
62.177876805957226
62.18922855107248
62.490900277545556
62.490900277545556
62.49090027754558
62.39669149391412
62.388175976842255
62.388175976842255
62.38817597684225
62.52796252560567
62.64897280147958
62.38369924878595
62.5818765044754
61.60472108292395
63.691219158685705
64.00520048761487
64.02579681804444
63.84513536744528
63.84513536744526
63.81298756735935
63.733369676885665
63.7538624581276
63.7538624581276
63.75386245812761
63.7538624581276
63.75386245812759
63.71221135331975
63.5905230110498
63.5905230110498
