46.3923031130721
55.001810610175625
54.02851458885942
53.056308340861186
55.33218952661509
56.34817830413686
59.246932257522275
59.246932257522275
60.05229312416085
60.05229312416085
60.05229312416085
60.05229312416085
57.0324992437011
57.0324992437011
57.0324992437011
57.0324992437011
60.08375603256182
60.674878791627634
59.44888415319955
58.24088474166235
59.44888415319955
59.51234629389824
59.51234629389824
59.51234629389824
59.51234629389824
59.51234629389824
59.00543109300747
59.13795405982906
59.13795405982906
59.13795405982906
59.13795405982906
59.13795405982906
59.13795405982906
58.84464897069938
58.84464897069938
58.84464897069938
58.84464897069938
58.84464897069938
58.411142234671644
58.411142234671644
58.84464897069938
58.84464897069938
58.84464897069938
58.84464897069938
61.84201424915266
60.581692803915026
60.581692803915026
60.2980758536314
60.581692803915026
60.581692803915026
59.912876216338546
61.84098639455782
61.84098639455782
61.390836343035204
61.390836343035204
61.390836343035204
61.390836343035204
61.390836343035204
61.390836343035204
61.390836343035204
61.390836343035204
61.390836343035204
61.390836343035204
61.35239924590048
61.35239924590048
61.35239924590048
61.35239924590048
61.35239924590048
61.35239924590048
61.35239924590048
61.35239924590048
61.35239924590048
61.35239924590048
61.35239924590048
62.581440394435646
62.581440394435646
62.581440394435646
62.581440394435646
62.581440394435646
62.581440394435646
62.581440394435646
62.581440394435646
62.581440394435646
62.581440394435646
62.581440394435646
62.581440394435646
62.581440394435646
68.9204625672224
68.9204625672224
68.9204625672224
68.9204625672224
68.91095564081346
68.91095564081346
61.378429830261176
68.9204625672224
68.9204625672224
68.9204625672224
68.9204625672224
55.46087398373984
68.9204625672224
68.9204625672224
68.9204625672224
68.9204625672224
68.9204625672224
68.9204625672224
68.94613222440414
68.94613222440414
68.94613222440414
66.09660796194574
66.09660796194574
66.09660796194574
70.16863784396713
70.16863784396713
63.28579916815212
63.28579916815212
63.28579916815212
68.59394132992598
68.59394132992598
68.59394132992598
69.74012103951583
69.74012103951583
69.74012103951583
69.74012103951583
70.16863784396713
70.16863784396713
70.16863784396713
70.16863784396713
70.16863784396713
70.16863784396713
70.16863784396713
70.16863784396713
70.16863784396713
70.16863784396713
70.2846670094801
66.08200995496563
66.08200995496563
66.08200995496563
62.60272080657413
66.08200995496563
66.08200995496563
66.08200995496563
66.08200995496563
66.08200995496563
66.08200995496563
70.2846670094801
60.37724345117341
70.2846670094801
70.2846670094801
70.2846670094801
70.2846670094801
70.2846670094801
70.2846670094801
70.2846670094801
70.2846670094801
70.2846670094801
70.2846670094801
70.2846670094801
70.2846670094801
64.8881452562434
70.2846670094801
70.2846670094801
70.2846670094801
70.2846670094801
70.36377780414803
70.36377780414803
70.36377780414803
70.36377780414803
70.36377780414803
70.36377780414803
70.36377780414803
70.36377780414803
70.36377780414803
70.36377780414803
70.36377780414803
70.36377780414803
70.36377780414803
70.61345042996419
70.61345042996419
70.61345042996419
70.61345042996419
70.61345042996419
70.61345042996419
70.61345042996419
71.30479102956167
66.20597110913228
66.20597110913228
66.20597110913228
66.20597110913228
66.20597110913228
70.97029343499177
70.97029343499177
70.97029343499177
70.97029343499177
70.97029343499177
70.97029343499177
70.97029343499177
70.97029343499177
70.97029343499177
70.97029343499177
70.97029343499177
69.5587966230168
69.5587966230168
65.07013463029533
69.5587966230168
69.5587966230168
69.5587966230168
69.5587966230168
69.5587966230168
69.5587966230168
69.5587966230168
69.5587966230168
69.5587966230168
69.5587966230168
69.5587966230168
69.5587966230168
69.87506207689695
69.87506207689695
69.87506207689695
69.87506207689695
69.87506207689695
69.87506207689695
69.87506207689695
69.87506207689695
69.75844292748144
69.75844292748144
69.87506207689695
71.2629708042552
66.97186187879927
66.97186187879927
71.2629708042552
71.2629708042552
71.2629708042552
70.69839776261794
64.20043759512937
70.69839776261794
70.69839776261794
70.69839776261794
70.69839776261794
70.69839776261794
70.69839776261794
70.69839776261794
70.69839776261794
70.69839776261794
70.69839776261794
70.69839776261794
70.69839776261794
70.69839776261794
70.69839776261794
71.2668914503777
71.2668914503777
71.2668914503777
71.2668914503777
71.2668914503777
71.2668914503777
71.2668914503777
70.91403329935439
70.91403329935439
70.91403329935439
70.91403329935439
70.91403329935439
70.91403329935439
70.91403329935439
70.91403329935439
70.91403329935439
70.91403329935439
70.91403329935439
70.91403329935439
70.91403329935439
70.91403329935439
70.91403329935439
70.91403329935439
70.91403329935439
70.91403329935439
70.91403329935439
71.28649468099009
71.28649468099009
71.28649468099009
71.28649468099009
71.28649468099009
71.28649468099009
71.28649468099009
71.56093990956376
71.56093990956376
71.56093990956376
71.56093990956376
71.56093990956376
71.56093990956376
71.56093990956376
71.56093990956376
71.56093990956376
71.56093990956376
71.56093990956376
64.32253002595206
64.32253002595206
64.32253002595206
64.32253002595206
64.32253002595206
64.32253002595206
64.32253002595206
64.32253002595206
64.32253002595206
64.32253002595206
64.32253002595206
64.32253002595206
64.32253002595206
64.32253002595206
64.32253002595206
64.32253002595206
64.32253002595206
64.32253002595206
64.32253002595206
64.32253002595206
64.32253002595206
64.32253002595206
64.32253002595206
64.32253002595206
64.32253002595206
64.32253002595206
70.56314103810895
70.56314103810895
70.56314103810895
70.56314103810895
70.56314103810895
70.56314103810895
70.56314103810895
70.56314103810895
70.56314103810895
70.64094085916936
70.64094085916936
70.64094085916936
70.64094085916936
70.64094085916936
70.64094085916936
70.59384719935179
70.59384719935179
70.28695167334449
70.28695167334449
70.28695167334449
70.53965992586437
70.53965992586437
70.53965992586437
70.53965992586437
70.53965992586437
70.53965992586437
70.53965992586437
70.53965992586437
70.53965992586437
70.53965992586437
70.53965992586437
70.53965992586437
70.53965992586437
70.53965992586437
70.53965992586437
70.53965992586437
70.53965992586437
70.53965992586437
70.53965992586437
70.53965992586437
70.53965992586437
70.37740578046883
70.53965992586437
70.53965992586437
66.97896120973044
70.52646853192977
66.63572683844458
66.63572683844458
70.52646853192977
70.52646853192977
70.52646853192977
70.52646853192977
70.52646853192977
70.52646853192977
65.59399207616346
65.59399207616346
70.4396351185342
70.4396351185342
70.52646853192977
70.52646853192977
70.52646853192977
70.52646853192977
70.10453648915188
70.26264065323782
70.52646853192977
70.8918701439181
70.8918701439181
68.12360274335948
69.42745690197559
69.42745690197559
69.42745690197559
70.8918701439181
70.8918701439181
70.8918701439181
70.8918701439181
70.8918701439181
70.8918701439181
70.8918701439181
70.8918701439181
70.8918701439181
70.8918701439181
70.8918701439181
