253156.77142857143
229530.67142857143
223145.57142857142
212749.3142857143
205083.77142857143
202705.95714285714
208375.62857142856
208248.07142857142
204568.74285714285
202085.4714285714
192868.74285714285
182766.88571428572
180866.14285714287
174423.2
172677.08571428573
167416.82857142857
166525.27142857143
168046.75714285715
152469.5285714286
148428.4714285714
150792.04285714286
141558.98571428572
136200.3
138196.5
142843.84285714285
144537.3142857143
134013.57142857142
135593.88571428572
133600.22857142857
128464.4857142857
123549.97142857143
126028.28571428571
127865.91428571429
128542.74285714286
127290.0
125935.88571428572
123146.14285714286
121025.74285714286
119461.11428571428
118190.31428571428
119029.57142857143
118997.64285714286
116376.5
117079.5
116362.64285714286
112122.32857142857
110272.64285714286
112222.57142857143
108332.82857142857
107244.8
107677.68571428572
105669.57142857143
101676.82857142857
98638.74285714286
106776.0
103762.82857142857
105104.14285714286
107265.77142857143
110932.25714285714
108268.74285714286
110732.91428571429
112646.08571428571
112441.74285714286
111504.91428571429
105037.65714285715
108122.68571428572
99739.82857142857
98663.97142857143
96002.25714285714
94017.28571428571
98841.28571428571
97980.8
97391.22857142857
95483.0
97538.91428571429
101960.5142857143
103206.37142857142
103547.11428571428
101688.8
101059.14285714286
102070.42857142857
103992.14285714286
109210.8
109907.68571428572
112312.77142857143
110889.62857142858
107738.34285714285
108601.05714285714
108741.31428571428
103283.4
104278.17142857143
105534.22857142857
105901.4857142857
105113.17142857143
106484.34285714285
106233.88571428572
108241.6
111686.5142857143
110201.14285714286
109450.88571428572
107958.05714285714
108232.65714285715
107387.28571428571
109919.62857142858
112608.25714285714
115781.5142857143
117192.45714285714
117192.45714285714
118496.45714285714
113729.02857142857
114512.4
116129.08571428571
109941.5142857143
106766.34285714285
107680.08571428571
107102.11428571428
108923.4857142857
109056.68571428572
109144.45714285714
104967.77142857143
102484.17142857143
105137.88571428572
107547.97142857143
107707.6
109004.31428571428
107165.02857142857
106522.28571428571
106197.88571428572
104063.25714285714
106576.91428571429
107300.97142857143
107594.62857142858
110060.22857142857
110431.08571428571
108306.14285714286
108103.71428571429
107801.71428571429
104776.05714285714
107210.4
103177.05714285714
101989.2
102361.5142857143
103204.62857142858
104310.22857142857
103141.82857142857
101854.2
102387.0
104857.42857142857
104375.54285714286
105073.74285714286
102319.54285714286
102398.8
101802.68571428572
104102.8
105887.11428571428
107047.28571428571
105710.25714285714
105730.25714285714
105917.6
107889.88571428572
111223.17142857143
110383.14285714286
110535.62857142858
112411.68571428572
117443.97142857143
121677.02857142857
117617.31428571428
111883.88571428572
107916.97142857143
106035.62857142858
105686.97142857143
105431.97142857143
104309.02857142857
105296.74285714286
105029.25714285714
102903.11428571428
101580.08571428571
97917.6
96819.85714285714
97394.97142857143
95941.28571428571
96515.11428571428
96222.5142857143
96875.77142857143
95183.45714285714
94763.62857142858
94182.57142857143
94467.31428571428
95025.28571428571
97149.05714285714
96958.4
97429.37142857142
95113.8
94052.05714285714
94145.34285714285
94151.14285714286
95407.37142857142
96660.57142857143
94554.82857142857
93109.5142857143
91148.94285714286
94058.37142857142
95005.54285714286
96113.91428571429
95511.4
95630.74285714286
95606.45714285714
95579.54285714286
95795.4857142857
96133.02857142857
96440.4857142857
96487.11428571428
95214.22857142857
94268.37142857142
91531.25714285714
92116.08571428571
91719.77142857143
89966.2
86791.65714285715
86263.91428571429
85652.8
85929.4
86343.74285714286
88450.97142857143
90323.25714285714
89488.71428571429
89062.05714285714
93443.05714285714
93517.6
92694.22857142857
92231.5142857143
93220.17142857143
92987.31428571428
94869.82857142857
94244.4857142857
94259.0
92386.34285714285
91556.54285714286
93744.08571428571
94523.02857142857
96856.45714285714
98051.54285714286
97596.08571428571
98676.37142857142
99266.5142857143
99371.4
95554.25714285714
97033.97142857143
94095.37142857142
91489.8
90287.34285714285
87799.34285714285
87106.05714285714
87530.4857142857
84777.65714285715
86300.25714285714
83855.88571428572
83306.68571428572
80713.85714285714
80751.31428571428
81106.88571428572
80698.97142857143
82000.8
82659.28571428571
81008.97142857143
82153.14285714286
81298.94285714286
81174.8
81590.74285714286
83474.97142857143
83567.94285714286
84572.45714285714
83672.94285714286
87129.34285714285
90579.17142857143
90841.05714285714
89825.85714285714
87949.88571428572
87965.2
87763.02857142857
86470.22857142857
85115.97142857143
83671.57142857143
84114.4
86756.34285714285
89244.94285714286
90390.8
89547.02857142857
88831.17142857143
88422.45714285714
86620.14285714286
85611.94285714286
84468.77142857143
84413.08571428571
83929.77142857143
81798.28571428571
82678.28571428571
81153.82857142857
84127.57142857143
84241.11428571428
86107.45714285714
83719.91428571429
80904.88571428572
78117.45714285714
72485.6
71987.25714285714
71274.42857142857
69781.31428571428
68634.02857142857
68566.17142857143
66131.02857142857
65606.54285714286
65605.22857142857
68454.71428571429
73201.45714285714
69663.85714285714
66703.37142857142
67222.68571428572
67185.6
69260.05714285714
71221.71428571429
77526.25714285714
82121.05714285714
81454.42857142857
80556.6
80014.08571428571
79629.62857142858
81119.34285714285
84923.05714285714
85748.17142857143
81333.05714285714
81387.31428571428
78146.57142857143
80628.14285714286
79929.4
80141.74285714286
78869.5142857143
78542.65714285715
82334.02857142857
82823.05714285714
81922.97142857143
80347.22857142857
78657.82857142857
78146.0
78334.54285714286
77348.0
80099.68571428572
77783.17142857143
78037.77142857143
81714.28571428571
81300.71428571429
79066.8
80069.11428571428
82215.97142857143
81868.97142857143
81507.42857142857
81462.37142857142
81453.57142857143
83356.25714285714
88332.68571428572
89675.31428571428
90913.02857142857
89283.02857142857
84736.62857142858
81748.34285714285
80489.71428571429
81298.42857142857
80077.6
80098.94285714286
79886.82857142857
80915.37142857142
80915.37142857142
82711.62857142858
83363.85714285714
85202.02857142857
84972.65714285715
84141.65714285715
84581.71428571429
83119.08571428571
82481.42857142857
82213.91428571429
81037.31428571428
86134.4
88919.45714285714
87916.82857142857
83631.97142857143
83189.42857142857
81705.94285714286
81490.4857142857
83084.82857142857
85727.6
84809.97142857143
85561.54285714286
88770.22857142857
88939.71428571429
87383.94285714286
89689.45714285714
92986.54285714286
92986.54285714286
88471.37142857142
