478188.0
410254.0
410254.0
343940.0
343940.0
329620.0
338988.0
338988.0
338988.0
329828.0
329828.0
324428.0
324428.0
324428.0
324428.0
297514.0
299072.0
311564.0
311564.0
291948.0
291948.0
291948.0
273014.0
273014.0
273014.0
273014.0
196480.0
196480.0
196480.0
196480.0
196480.0
196480.0
196480.0
196480.0
196480.0
196480.0
196000.0
194518.0
194518.0
197816.0
197816.0
197816.0
197816.0
197816.0
197816.0
197816.0
197816.0
197816.0
197816.0
197816.0
197816.0
197816.0
197816.0
197816.0
197816.0
197816.0
197816.0
197816.0
197816.0
197816.0
197816.0
197816.0
197816.0
197816.0
197816.0
197816.0
197816.0
197816.0
197816.0
197816.0
177612.0
176974.0
176974.0
176974.0
176974.0
176974.0
176974.0
176974.0
176048.0
176048.0
176048.0
176048.0
185038.0
185038.0
185038.0
185038.0
185038.0
176048.0
176048.0
176048.0
176048.0
176048.0
176048.0
176048.0
176048.0
176048.0
176048.0
176048.0
176048.0
176048.0
176048.0
176048.0
176048.0
176048.0
176048.0
176048.0
176048.0
176048.0
176048.0
176048.0
176048.0
176014.0
176014.0
176014.0
176014.0
176014.0
180974.0
180974.0
180974.0
180974.0
180974.0
180974.0
180974.0
180974.0
180974.0
180974.0
180974.0
180974.0
180974.0
180974.0
180974.0
180974.0
174414.0
174414.0
174414.0
174414.0
174414.0
174414.0
174414.0
174414.0
174906.0
174906.0
174906.0
174906.0
174906.0
185044.0
174906.0
174906.0
174906.0
174906.0
174906.0
174906.0
174906.0
174906.0
174414.0
174414.0
174414.0
174414.0
174414.0
174414.0
174414.0
174414.0
174414.0
174414.0
174414.0
174414.0
174414.0
174414.0
174414.0
174414.0
174414.0
137572.0
137572.0
137572.0
137572.0
137572.0
137572.0
137572.0
137572.0
137572.0
137572.0
137572.0
137572.0
137572.0
137572.0
137572.0
137572.0
137572.0
137572.0
137572.0
137572.0
137572.0
137572.0
137572.0
137572.0
137572.0
137572.0
137572.0
137572.0
137572.0
137572.0
137572.0
137572.0
137572.0
137572.0
137572.0
137572.0
137572.0
137572.0
137572.0
137572.0
137572.0
137572.0
137572.0
137572.0
137572.0
137572.0
137572.0
137572.0
137572.0
137572.0
137572.0
137572.0
146022.0
140148.0
137572.0
137572.0
180270.0
180270.0
137572.0
137572.0
137572.0
137572.0
137572.0
137572.0
137572.0
137572.0
137572.0
137572.0
137572.0
137572.0
137572.0
137572.0
137572.0
137572.0
137572.0
137572.0
137572.0
137572.0
137572.0
137572.0
137572.0
137572.0
137572.0
137572.0
137572.0
137572.0
137572.0
137572.0
137572.0
137572.0
137572.0
137572.0
137572.0
137572.0
137572.0
137572.0
137572.0
137572.0
137572.0
137572.0
137572.0
137572.0
137572.0
137572.0
137572.0
137572.0
137572.0
137572.0
137572.0
137572.0
137572.0
137572.0
137572.0
137572.0
137572.0
137572.0
137572.0
137572.0
137572.0
137572.0
137572.0
137572.0
137572.0
137572.0
137572.0
137572.0
137572.0
137572.0
137572.0
137572.0
137572.0
137572.0
137572.0
137572.0
137572.0
137572.0
137572.0
137572.0
137572.0
137572.0
137572.0
137572.0
137572.0
138362.0
138362.0
138362.0
138362.0
137572.0
137572.0
137572.0
137572.0
137572.0
137572.0
137572.0
137572.0
137572.0
137572.0
137572.0
137572.0
137572.0
137572.0
137572.0
137572.0
137572.0
137572.0
137572.0
137572.0
137572.0
137572.0
137572.0
137572.0
137572.0
137572.0
137572.0
137572.0
140362.0
137572.0
137572.0
138464.0
138464.0
138464.0
138464.0
138464.0
138464.0
138464.0
138464.0
138464.0
138464.0
138464.0
138464.0
138464.0
138464.0
138464.0
138464.0
138464.0
138464.0
138464.0
138464.0
138464.0
138464.0
138464.0
143222.0
138464.0
138464.0
138464.0
138464.0
138464.0
138464.0
138464.0
138464.0
138464.0
138464.0
138464.0
138464.0
138464.0
138464.0
138464.0
138464.0
138464.0
138464.0
138464.0
138464.0
148304.0
148304.0
148304.0
148304.0
138464.0
138464.0
138464.0
