71.91595488035469
71.91595488035469
74.12057015823198
74.24699816837392
74.24699816837392
74.75142045454545
74.75142045454545
74.75142045454545
74.75142045454545
75.10065087566261
75.10065087566261
75.12049385976495
75.12049385976495
75.12049385976495
75.12049385976495
79.89378782265037
79.89378782265037
79.89378782265037
79.89378782265037
79.89378782265037
79.89378782265037
79.89378782265037
79.89378782265037
79.89378782265037
79.89378782265037
79.89378782265037
79.89378782265037
79.89378782265037
79.89378782265037
79.89378782265037
79.89378782265037
79.89378782265037
79.89378782265037
79.89378782265037
79.89378782265037
79.89378782265037
80.43437558509643
80.43437558509643
80.43437558509643
80.7932347250827
80.7932347250827
80.7932347250827
80.7932347250827
80.7932347250827
80.7932347250827
80.7932347250827
80.7932347250827
80.7932347250827
80.7932347250827
80.7932347250827
80.7932347250827
80.7932347250827
80.7932347250827
80.7932347250827
80.7932347250827
80.7932347250827
80.7932347250827
80.7932347250827
80.7932347250827
80.7932347250827
80.7932347250827
80.7932347250827
80.7932347250827
81.4718196457327
81.4718196457327
81.4718196457327
81.4718196457327
81.4718196457327
81.4718196457327
81.4718196457327
81.4718196457327
81.4718196457327
81.4718196457327
81.4718196457327
81.4718196457327
81.4718196457327
81.4718196457327
81.4718196457327
81.4718196457327
81.4718196457327
81.4718196457327
81.4718196457327
81.4718196457327
81.4718196457327
81.4718196457327
81.4718196457327
81.4718196457327
81.4718196457327
81.4718196457327
81.4718196457327
81.4718196457327
81.4718196457327
81.4718196457327
81.4718196457327
81.4718196457327
81.4718196457327
81.4718196457327
81.4718196457327
81.4718196457327
81.4718196457327
81.4718196457327
81.4718196457327
81.4718196457327
81.4718196457327
81.4718196457327
81.4718196457327
81.4718196457327
81.4718196457327
81.4718196457327
81.4718196457327
81.4718196457327
81.4718196457327
81.4718196457327
81.4718196457327
81.4718196457327
81.4718196457327
81.4975845410628
81.4975845410628
81.88244766505636
81.88244766505636
81.88244766505636
81.88244766505636
81.88244766505636
81.88244766505636
81.88244766505636
81.88244766505636
81.88244766505636
81.88244766505636
81.88244766505636
81.88244766505636
81.88244766505636
81.88244766505636
81.88244766505636
81.88244766505636
81.88244766505636
81.88244766505636
81.88244766505636
81.88244766505636
81.88244766505636
81.88244766505636
81.88244766505636
81.88244766505636
81.88244766505636
81.88244766505636
81.88244766505636
81.88244766505636
81.88244766505636
81.88244766505636
81.88244766505636
81.88244766505636
81.88244766505636
81.88244766505636
81.88244766505636
81.88244766505636
81.88244766505636
81.88244766505636
81.88244766505636
81.88244766505636
81.88244766505636
81.88244766505636
81.88244766505636
81.88244766505636
81.88244766505636
81.88244766505636
81.89855072463767
81.89855072463767
81.89855072463767
81.89855072463767
81.98550724637681
81.98550724637681
82.25132698891296
82.25132698891296
82.25132698891296
82.25132698891296
82.25132698891296
82.25132698891296
82.25132698891296
82.25132698891296
82.25132698891296
82.25132698891296
82.25132698891296
82.25132698891296
82.25132698891296
82.25132698891296
82.25132698891296
82.25132698891296
82.25132698891296
82.25132698891296
82.25132698891296
82.25132698891296
82.25132698891296
82.25132698891296
82.25132698891296
82.25132698891296
82.25132698891296
82.25132698891296
82.25132698891296
82.25132698891296
82.25132698891296
82.25132698891296
82.25132698891296
82.25132698891296
82.25132698891296
82.25132698891296
82.25132698891296
82.25132698891296
82.25132698891296
82.25132698891296
82.25132698891296
82.25132698891296
82.25132698891296
82.25132698891296
82.25132698891296
82.25132698891296
82.25132698891296
82.25132698891296
82.25132698891296
82.2748830051195
82.2748830051195
82.2748830051195
82.2748830051195
82.2748830051195
82.2748830051195
82.2748830051195
82.2748830051195
82.2748830051195
82.2748830051195
82.2748830051195
82.2748830051195
82.2748830051195
82.2748830051195
82.2748830051195
82.2748830051195
82.2748830051195
82.2748830051195
82.2748830051195
82.2748830051195
82.2748830051195
82.2748830051195
82.2748830051195
82.2748830051195
82.2748830051195
82.2748830051195
82.2748830051195
82.2748830051195
82.2748830051195
82.2748830051195
82.2748830051195
82.2748830051195
82.2748830051195
82.3141430321304
82.3141430321304
82.3141430321304
82.3141430321304
82.3141430321304
82.3141430321304
82.3141430321304
82.3141430321304
82.3141430321304
82.3141430321304
82.3141430321304
82.3141430321304
82.3141430321304
82.3141430321304
82.3141430321304
82.3141430321304
82.3141430321304
82.3141430321304
82.3141430321304
82.3141430321304
82.3141430321304
82.3141430321304
82.3141430321304
82.3141430321304
82.3141430321304
82.3141430321304
82.3141430321304
82.32984704293476
82.32984704293476
82.32984704293476
82.32984704293476
82.32984704293476
82.32984704293476
82.32984704293476
82.32984704293476
82.32984704293476
82.32984704293476
82.32984704293476
82.32984704293476
82.32984704293476
82.32984704293476
82.32984704293476
82.32984704293476
82.32984704293476
82.32984704293476
82.32984704293476
82.32984704293476
82.32984704293476
82.32984704293476
82.32984704293476
82.32984704293476
82.32984704293476
82.32984704293476
82.32984704293476
82.32984704293476
82.32984704293476
82.32984704293476
82.32984704293476
82.32984704293476
82.32984704293476
82.32984704293476
82.32984704293476
82.32984704293476
82.32984704293476
82.32984704293476
82.32984704293476
82.32984704293476
82.32984704293476
82.32984704293476
82.32984704293476
82.32984704293476
82.32984704293476
82.32984704293476
82.32984704293476
82.32984704293476
82.32984704293476
82.32984704293476
82.32984704293476
82.32984704293476
82.32984704293476
82.32984704293476
82.32984704293476
82.32984704293476
82.32984704293476
82.32984704293476
82.32984704293476
82.32984704293476
82.32984704293476
82.32984704293476
82.32984704293476
82.32984704293476
82.32984704293476
82.32984704293476
82.32984704293476
82.32984704293476
82.32984704293476
82.32984704293476
82.32984704293476
82.32984704293476
82.50259116178272
82.50259116178272
82.50259116178272
82.50259116178272
82.50259116178272
82.50259116178272
82.50259116178272
82.50259116178272
82.50259116178272
82.50259116178272
82.50259116178272
82.50259116178272
82.50259116178272
82.50259116178272
82.50259116178272
82.50259116178272
82.50259116178272
82.50259116178272
82.50259116178272
82.50259116178272
82.50259116178272
82.50259116178272
82.50259116178272
82.50259116178272
82.50259116178272
82.50259116178272
82.50259116178272
82.50259116178272
82.50259116178272
82.50259116178272
82.50259116178272
82.50259116178272
82.50259116178272
82.50259116178272
82.50259116178272
82.50259116178272
82.50259116178272
82.50259116178272
82.50259116178272
82.50259116178272
82.50259116178272
82.50259116178272
82.50259116178272
82.50259116178272
82.50259116178272
82.50259116178272
82.50259116178272
82.50259116178272
82.50259116178272
82.50259116178272
82.50259116178272
