60.765813977807454
64.13673492844838
65.59556170200212
66.55245808816282
67.2398357219329
67.85690194767689
68.95665809106647
69.40334329822089
69.79088438608635
69.83578077653671
69.71389861254976
69.69312982721051
69.86157377545658
69.44023716300411
69.53724970662552
69.26291222319607
69.37819670753247
69.57748301728427
68.9488917971938
68.6873287064679
69.30054758266284
69.20741118499795
69.25831196622846
69.84554542228851
70.6070274020366
71.38837507546397
71.09896751935824
71.65193407076158
71.70156764139969
71.26752880486343
70.87994760641544
71.5714020245254
71.99911797824481
72.23189382167719
72.12844313549643
71.95414786060434
72.02102552415639
72.03588272106013
71.90377829002504
71.92390498850614
72.37198178857177
72.43931910127078
72.50598581900826
72.82167341255972
72.98358759950308
72.57121499927239
72.22834867654167
72.75300994061028
72.3531900905637
72.41833024632183
72.50794929137471
72.42553861553706
71.76072725038037
71.31160507601533
72.16150207562515
71.98627860157892
72.31028739189277
72.58128027795762
72.97356571243893
72.79238544807298
73.09723791274666
73.42464764900545
73.31025538691344
73.6892028623332
72.92024296199884
73.47275761967477
72.71926167112377
72.5656402549173
72.2729452365998
72.11008929898723
73.18024673572879
73.18220177966757
73.3295381302359
72.96103082417514
73.43231820802662
74.11985581339202
74.29849785751992
74.39000876008276
74.18384586700252
74.06434441597055
74.29461017874532
74.73643431737787
75.3698585608968
75.56583274074575
75.94516115710142
75.61253052680672
75.36322203853642
75.67543013964611
75.73680590788571
75.06821656424485
75.31833738267149
75.46816838521792
75.60757278474323
75.42295684289813
75.71791567576433
75.70179473900663
75.96772749338014
76.49949804542882
76.17918353220666
76.35943384118171
76.22163634893109
76.27514239163534
76.15416857935865
76.51551776454899
76.80073571146517
77.12970951571906
77.29302186390505
77.29302186390505
77.4734060965023
77.01460050784597
77.06352116229368
77.35482332889612
76.84737051680487
76.31262836164261
76.31659241888067
76.41896577079056
76.7498191696065
76.83508544884073
76.8060046900054
76.74218346012388
76.48811105438207
76.87947946917697
77.16728620614253
77.29746705854923
77.49728982203267
77.3905851665535
77.35922711490592
77.34413702803994
77.21417449624587
77.42457186800779
77.50511366197141
77.58629378505351
77.95176671146456
77.9408540857256
77.58740073243541
77.65104888544336
77.63909285166208
77.01182239570342
77.67527444318547
77.09310831383796
76.99379390834724
77.11965145075835
77.19067066117994
77.38894039682184
77.30374701126803
76.87600961562875
77.1741393011519
77.38164472711505
77.34223201146884
77.42889396995082
77.13316719165027
77.14231354896215
77.10603848502102
77.25675039920706
77.42953942595837
77.47378735786505
77.35081087583882
77.35642518681763
77.29697548457463
77.63344930420378
77.82619316247187
77.7160582482855
77.73892878029936
77.91918456138016
78.43185992401746
78.86135066179118
78.71587215541574
78.43478927934494
78.2451592783336
78.02424397488637
78.0805258417504
78.21081328024319
78.11236367658698
78.25543519499612
78.24220443577703
77.95418409374156
77.90073521642616
77.51981933608839
77.39812845829482
77.4999693974358
77.35334641611105
77.49520450883176
77.48460978677248
77.57161145256828
77.119993611883
77.20520203495134
77.1481830337354
77.13559338317229
77.22071868766244
77.61133089293241
77.59778453398782
77.59866435568921
77.47490330295254
77.47490190660116
77.53077078685433
77.53126173300265
77.68272736970334
77.88950085575699
77.73250321571862
77.61147335971161
77.36902708754971
77.63929090033889
77.62120857602413
77.89326937813941
77.85070570931471
77.83124580340315
77.8333175829939
77.83069677440699
77.83961985249171
77.87352515473698
77.92811572880358
77.94167931511015
77.79762077224962
77.66860704869555
77.5544100417593
77.76942624630088
77.7184833874024
77.53560919537989
77.22463157345297
77.1798028008033
77.1605823012262
77.22846317642514
77.29043642563686
77.36182562316839
77.520516583362
77.6008736196061
77.66327363461426
77.99341298664119
78.07233290153839
78.1332735605242
78.21320297430574
78.3101864030592
78.26174814970497
78.33317741192378
78.4420125366901
78.48204525635013
78.25925188137506
78.12730972388536
78.43526285139423
78.57732515628706
78.7930374954886
78.90104523913394
78.86893744313504
79.02192550707244
79.17066748970892
79.2522161688496
78.74787010396167
78.88502798051232
78.50887510353844
78.14544214569732
78.00328199199473
77.70402304969346
77.60933599068723
77.80958778530247
77.49701539419908
77.67271051591605
77.4173508487061
77.38285474201051
77.0791008036696
77.1138168788897
77.19213413192865
77.13745627432021
77.25850287057901
77.32723427038236
77.15652247606275
77.29540852408931
77.24698797449037
77.25628660477395
77.34224026720675
77.47642288490859
77.49886814329216
77.62619884858512
77.46849881658741
77.95892896428805
78.44719335824122
78.47059071919539
78.3618859913273
78.14395723064665
78.08894445759593
78.0628096656668
77.95769521937471
77.79720281233396
77.60924089348441
77.67195435710697
78.05076348843683
78.38492254986426
78.5798603301464
78.50280651755452
78.45711983188558
78.37139684899888
78.07971726347697
77.98174716138722
77.73374642192965
77.85596766956279
77.69155796548881
77.52552472090242
77.13543357557481
77.11157348960735
77.5294998825172
77.51047211323841
77.74638652341498
77.45739027010502
77.06056215447907
76.73185503529872
76.17458782034169
76.1552138964308
76.07489366714132
75.85052477541332
75.70869499643457
75.79323285128021
75.4223321004898
75.42327345963167
75.4216678616958
75.83514217712663
76.44061689377205
75.99064517054363
75.66349539937028
75.75610633324672
75.7336750704283
75.99043312773692
76.31652791627384
77.11363105691301
77.72789966241432
77.7612488990222
77.63659277260746
77.53019995519662
77.45411584295834
77.71978662405219
78.10772680195448
78.21312968020827
77.5344334339999
77.44834792065065
77.06038414914526
77.4520391509534
77.30729333495907
77.25739398576688
77.20799300930317
77.13466654864203
77.72362581159115
77.88168440335258
77.8265698438189
77.62186836508201
77.4140962487711
77.27434872790134
77.21569439657048
77.13909262654491
77.34936853133405
77.19419559989812
77.20078578192931
77.62601586906767
77.59346616734706
77.26850034718817
77.51749029113077
77.7446458167966
77.78700452292026
77.7818502165543
77.77155823947172
77.67969176906088
77.95668130264784
78.56955802205077
78.8428660364357
79.01774371543121
78.74724627917415
78.37238488568784
78.02957184789743
77.8027985402468
78.07137151677296
77.95327829862929
78.04404739019883
78.03040929139546
78.23014612090222
78.23014612090222
78.14386142519601
77.84304208081988
78.3734441006253
78.367098627416
78.33515614967926
78.21305779319576
78.01016476654584
77.91090243446631
77.7673119062061
77.69067679529311
78.44598337683716
78.70667388860534
78.65299598572766
77.88999796652594
77.97267293060459
77.8514436433041
77.60413709552438
77.91316436182046
78.28315060707209
78.22562390804151
78.07987726700887
78.28333268725969
78.27926322377905
78.17382855243096
78.39003648167504
78.7492900289741
78.7492900289741
78.30162070449624
