48.68240870786517
49.97220573409839
53.40827909191935
57.81511310624065
58.13092622285568
57.917237371850746
55.89381638999959
57.06546795758413
57.06546795758413
60.81822016026993
59.68767681339822
60.81822016026993
59.806133395264474
60.81822016026993
60.81822016026993
60.71611979764207
61.40085929359979
62.98121163411026
62.98121163411026
62.98121163411026
62.98121163411026
62.98121163411026
63.44962227315169
62.58164779565558
62.63802716398776
62.18678008151692
62.18678008151692
63.06417200065649
63.06417200065649
63.06417200065649
63.06417200065649
62.50123189119937
63.44962227315169
61.919117561140915
61.919117561140915
62.63511345658114
62.63511345658114
62.63511345658114
62.63511345658114
63.22056864636443
63.22056864636443
63.44962227315169
62.25970468053492
62.664712831697564
63.44962227315169
63.44962227315169
63.44962227315169
63.44962227315169
63.44962227315169
73.39316032015522
73.39316032015522
73.39316032015522
73.39316032015522
73.64387271496275
71.87072988372394
71.87072988372394
71.87072988372394
71.64146721811649
71.64146721811649
65.80853066840467
65.80853066840467
65.80853066840467
65.80853066840467
71.87072988372394
71.87072988372394
71.87072988372394
71.87072988372394
71.87072988372394
71.87072988372394
71.87072988372394
72.52196242735505
72.52196242735505
72.52196242735505
72.52196242735505
72.52196242735505
72.52196242735505
72.52196242735505
72.52196242735505
72.52196242735505
69.63173169945179
69.63173169945179
69.63173169945179
69.63173169945179
69.63173169945179
69.63173169945179
69.63173169945179
69.63173169945179
69.63173169945179
72.94943333910426
72.94943333910426
72.94943333910426
72.94943333910426
72.94943333910426
72.94943333910426
72.94943333910426
72.94943333910426
72.94943333910426
72.94943333910426
72.94943333910426
72.94943333910426
72.94943333910426
72.94943333910426
72.94943333910426
72.94943333910426
72.94943333910426
72.45948560297879
72.45948560297879
72.45948560297879
72.45948560297879
72.45948560297879
72.45948560297879
72.45948560297879
72.45948560297879
72.45948560297879
72.45948560297879
72.45948560297879
72.45948560297879
72.45948560297879
72.45948560297879
72.45948560297879
73.53124756183195
73.53124756183195
73.53124756183195
73.53124756183195
73.53124756183195
73.53124756183195
73.53124756183195
73.53124756183195
73.53124756183195
73.53124756183195
71.72390046219655
71.72390046219655
71.72390046219655
71.72390046219655
71.72390046219655
71.72390046219655
71.72390046219655
71.72390046219655
71.12077433889115
71.12077433889115
71.12077433889115
71.12077433889115
73.3486431764754
73.3486431764754
66.99942111018203
66.99942111018203
66.99942111018203
66.99942111018203
66.99942111018203
66.99942111018203
66.99942111018203
66.99942111018203
66.99942111018203
66.99942111018203
66.99942111018203
66.99942111018203
66.99942111018203
66.99942111018203
59.535668380462724
59.535668380462724
59.535668380462724
59.535668380462724
59.535668380462724
59.535668380462724
59.535668380462724
59.535668380462724
59.535668380462724
59.535668380462724
59.535668380462724
59.535668380462724
59.535668380462724
59.535668380462724
59.535668380462724
59.535668380462724
59.535668380462724
59.535668380462724
59.6800958790449
59.6800958790449
59.6800958790449
59.6800958790449
59.6800958790449
59.6800958790449
59.6800958790449
59.6800958790449
59.6800958790449
59.6800958790449
59.6800958790449
59.6800958790449
59.6800958790449
59.6800958790449
59.6800958790449
59.6800958790449
59.6800958790449
59.6800958790449
59.6800958790449
59.6800958790449
59.6800958790449
59.6800958790449
59.6800958790449
59.6800958790449
57.78453671868112
57.78453671868112
57.78453671868112
57.78453671868112
57.78453671868112
57.78453671868112
57.78453671868112
57.78453671868112
57.78453671868112
57.78453671868112
57.78453671868112
57.78453671868112
57.78453671868112
57.78453671868112
57.78453671868112
57.78453671868112
57.78453671868112
57.78453671868112
57.78453671868112
57.78453671868112
57.27803942089656
57.27803942089656
57.27803942089656
57.27803942089656
57.27803942089656
57.27803942089656
57.27803942089656
57.78453671868112
57.78453671868112
57.78453671868112
57.78453671868112
57.78453671868112
57.78453671868112
57.78453671868112
57.78453671868112
57.78453671868112
57.78453671868112
57.78453671868112
57.52509084616715
57.52509084616715
57.52509084616715
57.52509084616715
57.52509084616715
57.52509084616715
57.52509084616715
57.52509084616715
57.52509084616715
57.52509084616715
57.52509084616715
57.52509084616715
57.52509084616715
57.52509084616715
57.52509084616715
57.52509084616715
57.52509084616715
57.52509084616715
57.52509084616715
57.52509084616715
57.52509084616715
57.52509084616715
57.52509084616715
57.52509084616715
57.52509084616715
57.52509084616715
57.52509084616715
57.52509084616715
57.52509084616715
57.52509084616715
57.52509084616715
57.52509084616715
57.52509084616715
57.52509084616715
57.52509084616715
57.52509084616715
57.52509084616715
57.52509084616715
57.52509084616715
57.52509084616715
57.52509084616715
57.52509084616715
57.52509084616715
57.52509084616715
57.52509084616715
57.52509084616715
57.52509084616715
57.52509084616715
57.52509084616715
57.52509084616715
57.52509084616715
57.52509084616715
57.52509084616715
57.52509084616715
57.52509084616715
57.52509084616715
57.52509084616715
57.52509084616715
57.52509084616715
57.52509084616715
57.52509084616715
57.52509084616715
57.52509084616715
57.52509084616715
57.52509084616715
60.71112456908601
60.71112456908601
60.71112456908601
60.71112456908601
58.8560639715682
60.71112456908601
60.71112456908601
60.71112456908601
60.71112456908601
60.71112456908601
60.71112456908601
60.71112456908601
60.71112456908601
60.71112456908601
60.71112456908601
60.71112456908601
57.948902247778356
57.948902247778356
57.948902247778356
57.948902247778356
60.71112456908601
60.71112456908601
60.71112456908601
60.71112456908601
60.71112456908601
60.71112456908601
60.71112456908601
60.71112456908601
60.71112456908601
60.71112456908601
60.71112456908601
60.71112456908601
60.24574135233791
60.24574135233791
60.24574135233791
60.24574135233791
60.71112456908601
60.71112456908601
60.71112456908601
60.71112456908601
60.71112456908601
60.71112456908601
60.71112456908601
60.71112456908601
60.71112456908601
60.71112456908601
60.71112456908601
60.71112456908601
60.71112456908601
60.71112456908601
60.71112456908601
60.71112456908601
60.71112456908601
60.71112456908601
60.71112456908601
60.71112456908601
60.71112456908601
60.71112456908601
60.71112456908601
60.71112456908601
61.59980343102215
61.59980343102215
61.59980343102215
61.59980343102215
61.59980343102215
61.59980343102215
61.59980343102215
61.59980343102215
61.59980343102215
61.59980343102215
61.59980343102215
61.59980343102215
61.59980343102215
61.59980343102215
61.59980343102215
61.59980343102215
61.59980343102215
61.59980343102215
61.59980343102215
61.59980343102215
61.59980343102215
61.59980343102215
61.59980343102215
61.59980343102215
61.59980343102215
61.59980343102215
59.38840243030736
59.38840243030736
61.59980343102215
61.59980343102215
61.59980343102215
61.59980343102215
61.59980343102215
61.59980343102215
61.59980343102215
61.59980343102215
61.59980343102215
