200853.8
172017.17142857143
155355.17142857143
143435.91428571427
145604.3142857143
146196.7142857143
141536.08571428573
149421.62857142856
143612.65714285715
135813.65714285715
134343.2142857143
140987.4
133450.48571428572
128655.28571428571
132359.8
128442.57142857143
135857.94285714286
133304.11428571428
132589.22857142857
127923.4857142857
128023.77142857143
128958.65714285715
128896.97142857143
127467.94285714286
128943.85714285714
128737.97142857143
124410.0
120213.85714285714
120547.77142857143
120620.54285714286
122732.71428571429
122342.25714285714
122404.82857142857
121708.4857142857
121109.02857142857
120340.82857142857
119135.37142857142
117538.5142857143
104861.4
104718.4857142857
104834.37142857142
103970.37142857142
100634.28571428571
92692.77142857143
94425.71428571429
94826.74285714286
94890.57142857143
94849.2
94814.5142857143
94556.62857142858
94738.22857142857
95923.68571428572
93561.88571428572
94605.17142857143
94500.4
94500.4
94500.4
94510.42857142857
94510.42857142857
94466.74285714286
94466.74285714286
94449.14285714286
94446.74285714286
93282.14285714286
93282.14285714286
93282.14285714286
92916.4
91872.22857142857
91872.22857142857
91872.22857142857
91391.71428571429
91391.71428571429
91391.71428571429
91391.71428571429
91359.0
91359.0
91359.0
91618.6
91618.6
91617.54285714286
91625.85714285714
91625.85714285714
91625.85714285714
91625.85714285714
91529.28571428571
91529.28571428571
91371.71428571429
91621.85714285714
91688.0
92537.77142857143
93290.05714285714
94739.82857142857
94739.82857142857
94739.82857142857
94739.82857142857
94739.82857142857
94833.77142857143
94246.88571428572
92499.42857142857
92499.42857142857
92514.94285714286
92514.94285714286
92514.94285714286
92514.94285714286
92755.57142857143
92565.71428571429
92565.71428571429
92565.71428571429
92749.71428571429
92749.71428571429
92749.71428571429
92749.71428571429
92786.28571428571
92786.28571428571
92786.28571428571
92786.28571428571
92786.28571428571
92786.28571428571
92090.14285714286
92090.14285714286
92052.85714285714
92052.85714285714
91959.57142857143
91959.57142857143
91939.14285714286
91802.91428571429
91915.42857142857
91915.42857142857
91818.8
91301.08571428571
91193.94285714286
91193.94285714286
91193.94285714286
91193.94285714286
91193.94285714286
91193.94285714286
90573.68571428572
90573.68571428572
88138.42857142857
85130.5142857143
82088.25714285714
81866.65714285715
81861.0
81858.42857142857
81795.5142857143
82056.31428571428
82022.88571428572
82022.88571428572
82022.88571428572
82686.25714285714
82537.28571428571
83600.82857142857
83483.65714285715
83114.65714285715
83114.65714285715
83114.65714285715
81804.77142857143
81546.5142857143
81128.02857142857
80849.05714285714
81103.14285714286
81094.8
80748.08571428571
80664.4
82208.0
80626.17142857143
79417.6
79708.82857142857
79110.8
79075.4857142857
79075.4857142857
79075.4857142857
77567.5142857143
77488.0
77528.05714285714
77528.05714285714
77215.77142857143
77215.77142857143
77565.37142857142
77577.8
77577.8
77094.65714285715
77094.65714285715
77056.25714285714
77056.25714285714
78759.74285714286
78771.11428571428
78540.25714285714
78743.34285714285
78743.34285714285
78011.65714285715
78050.68571428572
78050.68571428572
77813.88571428572
77813.88571428572
77813.88571428572
79291.11428571428
79291.11428571428
79291.11428571428
78337.4
77272.25714285714
77272.25714285714
77272.25714285714
77215.54285714286
77215.54285714286
77168.17142857143
77307.5142857143
77307.5142857143
77090.37142857142
77354.42857142857
76414.97142857143
76670.88571428572
76906.17142857143
76906.17142857143
76906.17142857143
76906.17142857143
76906.17142857143
76879.74285714286
76879.74285714286
76879.74285714286
76784.28571428571
76784.28571428571
76726.57142857143
76726.57142857143
76726.57142857143
76726.57142857143
76726.57142857143
76499.14285714286
76499.14285714286
76476.08571428571
76570.97142857143
76519.54285714286
76515.65714285715
76515.65714285715
76512.97142857143
76416.74285714286
76416.74285714286
76407.94285714286
76173.91428571429
76173.91428571429
75418.97142857143
74397.05714285714
74397.05714285714
74169.74285714286
74102.08571428571
74345.4857142857
74345.4857142857
74243.25714285714
74447.34285714285
74447.34285714285
74447.34285714285
74447.34285714285
74507.74285714286
74545.4
74275.11428571428
74275.11428571428
74275.11428571428
74275.11428571428
74275.11428571428
74275.11428571428
74275.11428571428
74396.05714285714
74396.05714285714
74318.45714285714
74318.45714285714
74304.85714285714
74376.62857142858
74376.62857142858
74376.62857142858
74654.0
74472.45714285714
74472.45714285714
74936.97142857143
74543.25714285714
74362.54285714286
74211.2
74235.71428571429
74313.74285714286
74313.74285714286
74313.74285714286
74313.74285714286
74573.85714285714
75534.02857142857
75518.74285714286
75518.74285714286
75375.34285714285
75375.34285714285
74392.4
74392.4
74094.71428571429
73917.94285714286
73483.82857142857
73479.25714285714
73479.25714285714
73722.77142857143
73682.45714285714
73654.57142857143
73639.77142857143
73587.02857142857
73468.37142857142
73468.37142857142
73309.08571428571
73309.08571428571
72701.88571428572
72372.2
72734.45714285714
72766.45714285714
72027.37142857142
72098.54285714286
72144.57142857143
72536.2
72679.85714285714
72678.71428571429
72452.17142857143
72452.17142857143
72438.02857142857
72418.62857142858
72418.62857142858
72416.82857142857
71720.42857142857
71720.42857142857
71664.0
71457.62857142858
71533.11428571428
71533.11428571428
71533.11428571428
71377.57142857143
71377.57142857143
70729.88571428572
70771.4857142857
70771.4857142857
70734.85714285714
71027.68571428572
71027.68571428572
71027.68571428572
70966.14285714286
70966.14285714286
70800.14285714286
70783.0
70926.91428571429
70877.94285714286
70877.94285714286
70795.08571428571
70815.8
70815.8
70497.17142857143
70497.17142857143
70497.17142857143
70279.45714285714
70407.85714285714
70407.85714285714
70407.85714285714
70305.6
70374.94285714286
70374.94285714286
70400.77142857143
71443.65714285715
71511.42857142857
71186.37142857142
71186.37142857142
69727.45714285714
69765.25714285714
69623.31428571428
69173.42857142857
69173.42857142857
69164.5142857143
69162.22857142857
69098.31428571428
69670.5142857143
69615.25714285714
68765.82857142857
68765.57142857143
68595.97142857143
68595.97142857143
68549.0
68549.0
68538.05714285714
68478.71428571429
68478.71428571429
68478.71428571429
68478.71428571429
68478.71428571429
68478.71428571429
68200.14285714286
67956.94285714286
67956.94285714286
68283.11428571428
68170.57142857143
68299.02857142857
67824.28571428571
68769.22857142857
69022.2
68904.25714285714
68904.25714285714
68904.25714285714
68898.31428571428
69094.54285714286
69197.77142857143
69197.77142857143
69288.05714285714
