713227.2625
688981.5375
652689.0125
641008.0125
596080.8
572307.65
509755.3
516708.875
511517.075
514005.075
489816.3625
495220.2375
474222.2625
465212.625
459619.55
448290.1375
442092.3375
441563.7875
435482.2875
432549.25
429855.675
423668.925
416890.1
418537.6625
395021.7125
387567.9
390262.3625
383932.9
376801.525
384109.975
388604.25
382244.275
386299.7
373868.825
363664.3125
347226.1625
341805.3625
339856.225
335310.6375
329687.55
328851.5125
327339.1625
320106.175
264756.7
251477.6125
250416.475
268270.225
259811.5125
264284.025
274521.475
275719.275
288186.525
284462.0125
287733.9125
284291.6625
278830.3875
265026.4
273652.575
267964.075
267964.075
283165.0375
295586.975
295543.85
298583.9125
296421.875
294746.4875
284617.6
285642.8
294340.45
302756.025
309984.4625
305643.9125
316131.1875
324399.9
323626.05
329355.3
339843.3125
337976.3125
344911.8
347587.1875
347163.8
341363.8
340453.7625
345414.6
346348.5875
346348.5875
348030.7375
335136.7375
333964.6125
329774.2125
328277.6625
327283.1375
327809.975
329174.6375
330707.675
330097.9625
329088.375
327915.0625
338854.1
339115.8375
335036.2875
339880.55
339467.4625
307920.9375
307920.9375
309046.3875
303327.425
309388.8875
320622.075
331324.725
333772.4
347053.225
354429.0875
346114.575
349347.9
349347.9
337894.775
332501.1125
330126.9
329968.8625
324601.15
338649.8
352060.3375
349658.7375
349658.7375
350014.95
328614.875
321238.9625
312796.8125
288649.0
278389.5625
286576.2375
290399.875
289809.5875
287161.675
283877.0875
279822.8125
283715.1125
283715.1125
288154.225
293327.5375
283193.75
283193.75
283495.25
278085.7875
277547.4
277487.7625
277487.7625
273932.9375
281011.925
281011.925
280718.0625
280718.0625
291924.5125
300969.625
306885.9375
310385.6625
304022.675
299873.1625
290468.625
285564.95
290287.75
305364.4875
305791.0875
303147.9125
303147.9125
318293.3875
319477.5375
320399.8875
316120.275
308181.1
311007.0875
310829.175
307956.15
310085.475
310085.475
303140.1875
303610.575
302367.4875
307136.2375
307215.325
308760.7375
313519.675
312635.15
313155.025
314206.2625
311767.2125
312378.1625
304235.075
306236.5125
295985.0625
290221.3875
286991.725
288068.2375
289814.6375
289448.125
291993.75
291993.75
291509.125
274834.5625
274973.4
270371.8625
269632.8875
269632.8875
267340.5875
270647.4375
262895.625
262895.625
264445.725
264286.075
255959.2625
255472.3125
246333.2
245926.225
240491.85
240491.85
235527.825
233856.8
223813.9375
223813.9375
227626.0125
222829.05
219836.925
221106.2875
217572.5375
228222.95
229679.9
229679.9
228449.425
227854.825
226271.9375
215626.45
215284.5875
214557.2375
227285.3625
222848.45
220340.775
222645.475
214056.9
213257.475
213257.475
214388.1
214361.05
214361.05
213428.4625
202222.225
203638.0625
203638.0625
203574.85
207630.7875
203205.8375
203205.725
204155.1375
210199.7
210199.7
216822.6
214262.3375
214262.3375
216778.55
208907.175
204611.9125
203844.3875
203844.3875
201614.2
205336.375
204674.5
207416.425
207487.525
202347.9125
202347.9125
191836.45
196694.0375
196694.0375
190646.1
190646.1
187287.8125
192961.2375
198318.425
194596.4375
199261.1
202381.1125
202381.1125
208001.875
206240.2625
200939.675
196014.7625
201091.05
201091.05
201332.9125
205626.1875
205626.1875
211737.75
212834.6
216583.725
216583.725
212796.7375
212796.7375
212796.7375
223213.6625
223213.6625
227129.775
227129.775
230053.6625
224438.125
224438.125
225111.15
225111.15
225111.15
224017.925
233693.2625
233175.3625
233012.0125
233059.1
234187.6875
234187.6875
234187.6875
234187.6875
234187.6875
233851.8125
235723.025
235735.45
235735.45
237315.0125
237315.0125
237315.0125
239193.2625
247120.25
247120.25
244797.7625
244797.7625
244797.7625
244797.7625
244797.7625
238577.8625
237067.4
237067.4
237432.5625
235072.2125
240459.35
240689.4625
255422.55
255422.55
249494.8375
249494.8375
244035.975
244035.975
244035.975
244035.975
244035.975
244035.975
242336.8375
244036.9
244036.9
244036.9
244001.4625
255535.2625
255535.2625
253906.0
253467.9875
252943.5
252943.5
256635.3125
257525.15
255188.8
248883.575
254837.175
259085.1625
259085.1625
259085.1625
255102.95
255102.95
254615.2125
257489.6375
257372.225
255422.3125
255422.3125
260370.325
260370.325
255985.6625
250826.3125
252102.2125
252102.2125
252102.2125
252065.825
246801.35
246801.35
246801.35
248574.1875
248574.1875
245014.1
245014.1
245001.625
250172.8375
242896.0625
244689.75
238077.2
238077.2
238077.2
238077.2
236483.8625
236438.7875
236438.7875
236425.4125
236425.4125
240754.075
240754.075
240754.075
235549.2875
235549.2875
235508.8
226604.95
222116.9125
226856.725
229193.2125
225597.9
228093.1125
221355.975
226538.0
226538.0
226538.0
226538.0
226075.025
231993.75
231993.75
227150.2125
228879.65
230611.9625
226178.6125
234297.7
239013.85
242760.4
242760.4
237788.875
238928.475
238928.475
238928.475
238928.475
238928.475
243535.675
243535.675
243535.675
243535.675
243534.3625
243534.3625
242151.35
240721.725
240689.7875
243762.0
243762.0
239458.625
239458.625
239458.625
239458.625
236555.35
236545.85
241076.6125
241076.6125
241076.6125
241076.6125
241473.7375
241356.6875
241338.55
240447.3125
245009.7875
237132.775
236796.525
236796.525
239963.2
239963.2
239963.2
239963.2
239718.675
239718.675
226959.475
226959.475
226959.475
226959.475
225416.95
231035.975
215956.9625
216034.2125
204777.9375
206738.2
206669.7625
208147.4
211932.95
213893.2
213896.75
213867.2125
213173.0375
216125.0375
216513.2125
211158.025
211158.025
214062.2625
213795.875
213535.55
213535.55
213535.55
208300.0375
