52.25820862184498
54.54132606721162
55.037327776316594
55.037327776316594
57.803134079625856
57.803134079625856
57.803134079625856
57.803134079625856
57.803134079625856
58.15268510948776
58.15268510948776
59.75182203591673
59.989936306280356
59.989936306280356
60.00383138225194
60.23966077069296
60.23966077069296
60.78270026694096
60.78270026694096
60.78270026694096
60.78270026694096
60.78270026694096
60.78270026694096
60.78270026694096
60.78270026694096
61.17682621425844
61.17682621425844
61.17682621425844
61.17682621425844
61.17682621425844
61.17682621425844
61.17682621425844
61.17682621425844
61.241070607352
61.241070607352
61.77583179605715
62.91166277735228
62.91166277735228
62.91166277735228
62.91166277735228
62.91166277735228
62.91166277735228
62.91166277735228
62.91166277735228
62.91166277735228
63.48813718581161
63.48813718581161
63.48813718581161
63.48813718581161
63.48813718581161
63.48813718581161
63.48813718581161
63.48813718581161
63.48813718581161
63.48813718581161
63.48813718581161
63.48813718581161
63.48813718581161
63.48813718581161
63.48813718581161
63.48813718581161
63.48813718581161
63.48813718581161
63.48813718581161
63.48813718581161
63.48813718581161
63.48813718581161
63.48813718581161
63.48813718581161
63.48813718581161
63.48813718581161
63.48813718581161
63.48813718581161
63.48813718581161
63.48813718581161
63.48813718581161
63.48813718581161
63.48813718581161
63.48813718581161
63.48813718581161
63.48813718581161
63.48813718581161
63.48813718581161
63.92687474517026
63.92687474517026
63.92687474517026
63.92687474517026
63.93250062408617
63.93250062408617
63.93250062408617
63.93250062408617
63.93250062408617
63.93250062408617
63.93250062408617
63.93250062408617
63.93250062408617
63.93250062408617
63.93250062408617
63.93250062408617
63.93250062408617
63.93250062408617
63.93250062408617
63.93250062408617
63.93250062408617
63.93250062408617
63.93250062408617
63.93250062408617
63.93250062408617
63.93250062408617
63.93250062408617
63.93250062408617
63.93250062408617
63.93250062408617
63.93250062408617
63.93250062408617
63.93250062408617
63.93250062408617
63.93250062408617
63.93250062408617
63.93250062408617
63.93250062408617
63.93250062408617
63.93250062408617
63.93250062408617
63.93250062408617
64.05529412041382
64.64373303990227
64.64373303990227
64.64373303990227
64.64373303990227
64.64373303990227
64.64373303990227
64.64373303990227
64.64373303990227
64.64373303990227
64.64373303990227
64.64373303990227
65.48110257218357
65.48110257218357
65.48110257218357
65.48110257218357
65.48110257218357
65.48110257218357
65.48110257218357
65.48110257218357
65.48110257218357
65.48110257218357
65.48110257218357
65.48110257218357
65.48110257218357
65.48110257218357
65.48110257218357
65.48110257218357
65.48110257218357
65.48110257218357
65.48110257218357
65.48110257218357
65.48110257218357
65.48110257218357
65.48110257218357
65.48110257218357
65.48110257218357
65.48110257218357
65.48110257218357
65.48110257218357
65.48110257218357
65.48110257218357
65.48110257218357
65.48110257218357
65.48110257218357
65.48110257218357
65.48110257218357
65.48110257218357
65.48110257218357
65.48110257218357
65.48110257218357
65.48110257218357
65.48110257218357
65.48110257218357
65.48110257218357
65.48110257218357
65.48110257218357
65.48110257218357
65.48110257218357
65.48110257218357
65.48110257218357
65.48110257218357
65.48110257218357
65.48110257218357
65.48110257218357
65.48110257218357
65.48110257218357
65.48110257218357
65.48110257218357
65.48110257218357
65.48110257218357
65.48110257218357
65.48110257218357
65.48110257218357
65.77844109675648
65.77844109675648
65.77844109675648
65.77844109675648
65.77844109675648
65.77844109675648
65.77844109675648
65.77844109675648
65.77844109675648
65.77844109675648
65.77844109675648
66.22790768058694
66.22790768058694
66.22790768058694
66.22790768058694
66.22790768058694
66.22790768058694
66.22790768058694
66.22790768058694
66.22790768058694
66.22790768058694
66.22790768058694
66.22790768058694
66.22790768058694
66.22790768058694
66.22790768058694
66.63622749022902
66.63622749022902
66.63622749022902
66.63622749022902
66.63622749022902
66.63622749022902
66.63622749022902
66.63622749022902
66.63622749022902
66.63622749022902
66.63622749022902
66.63622749022902
66.63622749022902
66.63622749022902
66.63622749022902
66.63622749022902
66.63622749022902
66.63622749022902
66.63622749022902
66.63622749022902
66.63622749022902
66.63622749022902
66.63622749022902
66.63622749022902
66.63622749022902
66.63622749022902
66.63622749022902
66.63622749022902
66.63622749022902
66.63622749022902
66.63622749022902
66.63622749022902
66.63622749022902
66.63622749022902
66.63622749022902
66.63622749022902
66.63622749022902
66.63622749022902
66.63622749022902
66.63622749022902
66.63622749022902
66.63622749022902
66.63622749022902
66.63622749022902
66.63622749022902
66.63622749022902
66.63622749022902
66.63622749022902
66.63622749022902
66.63622749022902
66.63622749022902
66.63622749022902
66.63622749022902
66.63622749022902
66.63622749022902
66.63622749022902
66.63622749022902
66.63622749022902
66.63622749022902
66.63622749022902
66.63622749022902
66.63622749022902
66.63622749022902
66.63622749022902
66.63622749022902
66.63622749022902
66.63622749022902
66.63622749022902
66.63622749022902
66.63622749022902
66.63622749022902
66.63622749022902
66.63622749022902
67.12268455516242
67.12268455516242
67.12268455516242
67.12268455516242
67.12268455516242
67.12268455516242
67.12268455516242
67.12268455516242
67.12268455516242
67.12268455516242
67.12268455516242
67.12268455516242
67.12268455516242
67.12268455516242
67.12268455516242
67.12268455516242
67.12268455516242
67.12268455516242
67.12268455516242
67.12268455516242
67.12268455516242
67.12268455516242
67.12268455516242
67.12268455516242
67.12268455516242
67.12268455516242
67.12268455516242
67.12268455516242
67.12268455516242
67.12268455516242
67.12268455516242
67.12268455516242
67.12268455516242
67.12268455516242
67.12268455516242
67.12268455516242
67.12268455516242
67.12268455516242
67.12268455516242
67.12268455516242
67.12268455516242
67.12268455516242
67.12268455516242
67.12268455516242
67.12268455516242
67.12268455516242
67.12268455516242
67.12268455516242
67.12268455516242
67.12268455516242
67.12268455516242
67.12268455516242
67.12268455516242
67.12268455516242
67.12268455516242
67.12268455516242
67.12268455516242
67.12268455516242
67.12268455516242
67.12268455516242
67.12268455516242
67.12268455516242
67.12268455516242
67.12268455516242
67.12268455516242
67.12268455516242
67.12268455516242
67.12268455516242
67.12268455516242
67.12268455516242
67.12268455516242
67.12268455516242
67.12268455516242
67.12268455516242
67.12268455516242
67.67486524078465
67.67486524078465
67.67486524078465
67.67486524078465
67.67486524078465
67.67486524078465
67.67486524078465
67.67486524078465
67.67486524078465
67.67486524078465
67.67486524078465
67.67486524078465
67.67486524078465
67.67486524078465
67.67486524078465
67.67486524078465
67.67486524078465
67.67486524078465
67.67486524078465
67.67486524078465
67.67486524078465
67.67486524078465
67.67486524078465
67.67486524078465
67.67486524078465
67.67486524078465
67.67486524078465
67.67486524078465
67.67486524078465
67.67486524078465
67.67486524078465
67.67486524078465
67.67486524078465
67.67486524078465
67.67486524078465
67.67486524078465
67.67486524078465
67.67486524078465
67.67486524078465
67.67486524078465
67.67486524078465
67.67486524078465
67.67486524078465
67.67486524078465
67.67486524078465
67.67486524078465
67.67486524078465
67.67486524078465
67.67486524078465
67.67486524078465
67.67486524078465
67.67486524078465
67.67486524078465
67.67486524078465
67.67486524078465
67.67486524078465
67.67486524078465
67.67486524078465
67.67486524078465
67.67486524078465
67.67486524078465
67.67486524078465
67.67486524078465
67.67486524078465
67.67486524078465
67.84018967761735
67.84018967761735
67.84018967761735
67.84018967761735
67.84018967761735
67.84018967761735
67.84018967761735
67.84018967761735
67.84018967761735
67.84018967761735
67.84018967761735
67.84018967761735
67.84018967761735
67.84018967761735
67.84018967761735
67.84018967761735
67.84018967761735
67.84018967761735
67.84018967761735
67.84018967761735
67.84018967761735
67.84018967761735
67.84018967761735
67.84018967761735
67.84018967761735
67.84018967761735
67.84018967761735
67.84018967761735
67.84018967761735
67.84018967761735
67.84018967761735
67.84018967761735
67.84018967761735
67.84018967761735
67.84018967761735
67.84018967761735
67.84018967761735
67.84018967761735
67.84018967761735
67.84018967761735
67.84018967761735
67.84018967761735
67.84018967761735
67.84018967761735
67.84018967761735
67.84018967761735
67.84018967761735
67.84018967761735
67.84018967761735
67.84018967761735
67.84018967761735
67.84018967761735
67.84018967761735
67.84018967761735
67.84018967761735
67.84018967761735
67.84018967761735
67.84018967761735
67.84018967761735
67.84018967761735
67.84018967761735
67.84018967761735
