46.379915412437754
47.73784636200356
48.65750055478413
49.62518849999635
50.271288777961715
50.439574699140906
49.5189202320829
50.47608743738052
50.72086580609842
51.24247285353698
51.20636700117537
51.65881158701855
51.704261129275686
52.22973587070917
52.35384420444461
52.373375971724045
52.53119050695382
53.081844611075724
53.18128503691069
53.195299452816094
53.590395230772415
53.47244263750794
53.688097150081965
53.841635563859654
53.47481633548574
53.50913920253938
53.85213609785766
53.98535863256194
53.98306162221222
54.32467958167173
54.52963852057201
54.49985826110386
54.922614161995696
54.77998956762157
54.88231204866063
54.413177904108395
54.34400929578702
54.33359209700986
54.26973884658311
54.37398360881249
54.422560690394526
54.434985381630725
54.39063008508678
52.85370193713
52.79202373448682
52.83575223020664
53.473449416630004
53.28557266917379
53.94112142833838
54.36382958664062
54.448614238883934
54.93744551581111
54.914835183911954
54.99665544169709
55.12665096409679
55.14273534458384
55.003345153564204
55.31459196694624
55.25119440007186
55.25119440007186
55.71260079382046
56.017691238709666
56.1081225720147
56.16595505455954
56.20862297432306
56.18434529169268
56.02120848645658
56.0641186366535
56.32023175146885
56.53567453611963
56.778500977271946
56.83424531004131
56.98708653921318
57.221642601598276
57.26941724054675
57.456781091107814
57.75370804607361
57.72671320522248
57.96684420849201
58.05575997541621
58.071702669612
57.99873017947842
58.0148669455542
58.185002369431004
58.2275806423673
58.23104559471881
58.27491703850766
58.24818025660545
58.27852156922842
58.25852324776614
58.28578354757734
58.31053642812799
58.3686355711331
58.40643417754071
58.43209889966964
58.44299199460894
58.51738794579429
58.51068919685683
58.709682681054645
58.77078013652916
58.73412107285437
58.87191197429995
58.879936088124985
58.39943592500689
58.39943592500689
58.427530520820504
58.45391636748053
58.59988799636701
58.79880801494452
58.94325782684668
59.15147297886151
59.47746906716257
59.65473926583959
59.53857027082959
59.61267789442636
59.61267789442636
59.54168841451376
59.49086596988103
59.43736730749858
59.50492037915892
59.59123754255221
59.83319394140494
60.050515980064475
59.97104483955243
59.97104483955243
60.13014181253918
59.77299842463399
59.717044336901765
59.613218820863764
59.03749561267615
58.916550017210284
59.09835647924649
59.23556037649111
59.31895353520499
59.3410416740881
59.29248226169485
59.26488394675268
59.501464834548116
59.50751626123059
59.525544840419414
59.58760769328129
59.501464033905336
59.501464033905336
59.53424112177474
59.47072133468745
59.47543884230363
59.46741384958519
59.46741384958521
59.424363539248574
59.62213037927786
59.62213037927786
59.659349838704244
59.659349838704244
59.851984837270685
60.03213918225531
60.188635580234994
60.28194783154271
60.22141926975955
60.177009785033064
60.10823384306116
60.14075735610248
60.158076375919265
60.410031874514196
60.4601047930553
60.47752823363137
60.47752823363137
60.626062322688334
60.72855685806525
60.76977984718543
60.7579968580214
60.596778225969786
60.61526893698293
60.74297603682284
60.70510851323779
60.776340040246794
60.776340040246794
60.696040590307064
60.82869980149663
60.82579192635592
60.91209093825419
60.93035421793551
60.965102720952004
61.05797164994029
61.06517984774166
61.06748097494559
61.0784868336918
61.10447286547263
61.20322128178833
61.210570321254714
61.22315691982662
61.16451993381128
61.129826239200156
61.08645549117803
61.09848902127891
61.13096965892686
61.103161906084196
61.13147226794722
61.13147226794722
61.15474999697002
60.96230643153761
61.10069269810098
61.01521817462069
61.09486312650397
61.09486312650398
61.12531482061877
61.21938968337283
61.19485408826504
61.19485408826504
61.25375548453839
61.29265644740444
61.241805158813534
61.286437452892336
61.20057042566932
61.20551977540218
61.116609398032224
61.125731782071625
61.077919122046055
61.104478840246074
60.98478062307375
60.98478062307375
61.07164197742569
61.05951414713182
61.018253180752666
61.11130023408869
61.118423150110985
61.344966679276396
61.38208345019681
61.38208345019681
61.377903917294155
61.38638721087733
61.39709760822168
61.234881198532264
61.25557635876959
61.25739565009129
61.40724411016318
61.40116585020267
61.42228101686734
61.47139200103167
61.37588070415643
61.38214122298622
61.38214122298622
61.38400093277777
61.40410544953598
61.40410544953596
61.40750290401286
61.33772892801879
61.35517323566954
61.35517323566954
61.30591249925423
61.35734858548651
61.32393362475816
61.387695926293205
61.42913539612842
61.550412548542795
61.550412548542795
61.59719387280471
61.56778431385004
61.56778431385004
61.67149349154513
61.604265402257944
61.511510370780265
61.57509392496896
61.57509392496896
61.53752284585446
61.61486330659221
61.52546268146871
61.660430814044595
61.68113664800158
61.67774238220636
61.67774238220636
61.55918870718639
61.63309701405022
61.633097014050236
61.43834259522468
61.43834259522468
61.54318727146231
61.63177267914371
61.67959092806467
61.66508916375351
61.74959974592279
61.78846406419662
61.78846406419662
61.87855413785913
61.904039903135285
61.87746622649839
61.8145862955768
61.88243729216028
61.88243729216028
61.88367890277126
62.000069554074386
62.000069554074386
62.1154048478857
62.12709737278118
62.221607268233015
62.221607268233015
62.22015965389876
62.22015965389876
62.22015965389876
62.46945928047628
62.46945928047628
62.53383904971611
62.53383904971612
62.549095232712986
62.37298856016565
62.37298856016565
62.494682149048835
62.494682149048835
62.494682149048835
62.5393143365424
62.66391965696332
62.69574854561169
62.70811401533619
62.71892569137016
62.72042674923847
62.72042674923847
62.72042674923847
62.72042674923847
62.72042674923847
62.725960871721114
62.774776313838196
62.78729290970483
62.78729290970483
62.82506620411431
62.82506620411431
62.82723601355384
62.82985013474852
62.95642008217171
62.95642008217171
62.957853092765745
62.957853092765745
62.957853092765745
62.957853092765745
62.957853092765745
62.9184995319816
62.92457703146962
62.92457703146962
62.94992034803946
62.91798552494836
63.036781681405316
63.05834852408525
63.29729540814195
63.29729540814195
63.30384504043303
63.30384504043303
63.23827448247543
63.23827448247543
63.23827448247543
63.23827448247543
63.23827448247543
63.23827448247543
63.21790827746874
63.2563178216315
63.2563178216315
63.2563178216315
63.27358146667674
63.40849184430455
63.40849184430455
63.37516417461703
63.35066247352324
63.30207060764435
63.30207060764435
63.40830080548113
63.43891415844912
63.43223450002794
63.36046849999425
63.46932703722066
63.51738540263875
63.517385402638766
63.517385402638766
63.49136586956594
63.491365869565925
63.48653451512456
63.511094332835114
63.547022829221
63.561395739036904
63.561395739036904
63.6810610024807
63.6810610024807
63.637919188053935
63.54735987019308
63.60095880685428
63.60095880685428
63.60095880685428
63.60313076792569
63.5181324333552
63.52614890632127
63.52614890632127
63.614148231526585
63.614148231526585
63.49845109572097
63.49845109572097
63.47574218220914
63.636776634395176
63.55149649012791
63.476550113906754
63.478753997173136
63.478753997173136
63.478753997173136
63.478753997173136
63.46835446318996
63.47597582644514
63.47597582644514
63.48866164537172
63.48866164537172
63.55234384130383
63.55234384130383
63.555635672188814
63.5053490160967
63.5053490160967
63.50983678883945
63.26714385412625
63.195731466494536
63.33978726041549
63.442803275027565
63.4040224956763
63.425094286911246
63.36136687108259
63.45102447335866
63.45102447335866
63.45102447335866
63.45102447335866
63.451237140761194
63.54461119342265
63.54461119342265
63.34536403842575
63.53802737387291
63.55914967818901
63.506712311519834
63.63441695363997
63.67719871498186
63.78925763100246
63.78925763100246
63.710267261256604
63.745634042333826
63.745634042333826
63.756669629872725
63.756669629872725
63.756669629872725
63.82479464852472
63.82479464852473
63.82479464852473
63.82479464852473
63.82881698296607
63.82881698296605
63.72862341318769
63.723336554046526
63.77309903865374
63.88209421676426
63.88209421676422
63.824421402736405
63.82442140273639
63.82442140273639
63.82442140273639
63.753734524166745
63.62944022008969
63.903386420218986
63.90338642021901
63.903386420218986
63.903386420218986
63.908812871470445
63.91644890688137
63.919582198366776
63.861119908050725
63.95984966930852
63.89401863765879
63.894417030527485
63.894417030527485
63.96835669623143
63.96835669623143
63.96835669623143
63.96835669623143
63.98860622195044
63.98860622195044
63.86836838587328
63.86836838587328
63.86836838587328
63.86836838587328
63.81345261034703
63.929330759323435
63.756927366091716
63.758503664568345
63.677534859741584
63.75790345614481
63.69916157438299
63.71365842922048
63.696323261692044
63.88445940276252
63.86651321362841
63.91300837622248
63.90758596561337
63.92019931780301
63.92376492461816
63.86173963182017
63.86173963182017
63.92921185540263
63.9367290429798
63.964102447241565
63.964102447241565
63.964102447241565
63.97925306942464
