43543.833333333336
39243.583333333336
31470.416666666668
32105.833333333332
29747.666666666668
34570.666666666664
30501.333333333332
27257.25
27928.833333333332
29695.166666666668
32027.833333333332
27416.666666666668
28275.5
27837.5
27465.916666666668
32876.583333333336
31448.0
36986.5
37092.25
37587.5
33695.833333333336
40556.333333333336
39119.166666666664
36975.25
38458.083333333336
33125.666666666664
37098.166666666664
36410.0
34096.166666666664
35982.0
29343.833333333332
23703.25
26361.75
30455.916666666668
29559.916666666668
33614.916666666664
32798.583333333336
38510.583333333336
39434.75
37774.583333333336
37695.916666666664
36391.75
36686.833333333336
36195.166666666664
34809.25
34942.25
34159.666666666664
36131.333333333336
35621.333333333336
36928.0
34279.25
32547.583333333332
35588.666666666664
33410.333333333336
33159.0
30754.0
36660.666666666664
36169.333333333336
34848.0
34690.333333333336
34199.333333333336
31496.666666666668
29862.75
29516.416666666668
27468.083333333332
24915.75
25605.083333333332
31159.416666666668
29944.083333333332
28989.083333333332
26948.75
27276.416666666668
24765.416666666668
23892.5
28136.833333333332
32594.833333333332
32315.5
30336.25
34353.416666666664
32698.083333333332
30037.666666666668
24134.0
20663.0
20028.333333333332
21241.583333333332
19656.916666666668
21496.0
24592.666666666668
27721.5
32068.333333333332
31226.916666666668
31033.416666666668
30439.583333333332
26006.583333333332
28002.666666666668
29028.0
25982.0
24426.333333333332
22657.333333333332
26007.333333333332
28765.0
34114.666666666664
30934.333333333332
29156.333333333332
25620.333333333332
28857.666666666668
34872.0
34105.0
33183.333333333336
31457.333333333332
29058.666666666668
27782.0
27589.333333333332
25705.333333333332
28041.0
30602.0
31574.0
35259.333333333336
33986.333333333336
33291.666666666664
31367.0
30155.0
30222.0
35986.666666666664
33667.333333333336
33010.333333333336
30142.333333333332
28499.0
34281.666666666664
38563.333333333336
37499.333333333336
37667.333333333336
36593.666666666664
35617.333333333336
34754.0
34095.0
32977.666666666664
30987.333333333332
27319.333333333332
35924.666666666664
34751.666666666664
33118.333333333336
35487.0
35562.333333333336
34630.333333333336
34092.333333333336
33571.0
32536.0
33769.0
33008.0
32076.0
35811.333333333336
35845.666666666664
32674.333333333332
36790.666666666664
37674.666666666664
37338.0
36774.333333333336
34328.0
33463.666666666664
32818.333333333336
32257.666666666668
35707.0
33728.333333333336
33249.333333333336
31674.666666666668
30988.0
27651.666666666668
25839.0
22747.666666666668
27451.0
30022.666666666668
31681.0
28787.666666666668
28129.666666666668
31460.0
35640.333333333336
36441.333333333336
36431.666666666664
35738.666666666664
34203.666666666664
33492.666666666664
32441.333333333332
31978.0
29936.0
32351.333333333332
34245.333333333336
35634.666666666664
35349.0
33729.0
33007.0
35420.0
34838.333333333336
35053.666666666664
35483.0
34562.0
31720.333333333332
31867.333333333332
30105.0
28150.0
30610.666666666668
