62.10682492581603
64.34169278996865
64.70125786163521
65.85974178403755
65.85974178403755
66.2190082644628
66.2190082644628
66.2190082644628
66.2190082644628
66.2190082644628
66.2190082644628
66.2190082644628
66.2190082644628
66.2190082644628
66.2190082644628
66.2190082644628
66.2190082644628
66.2190082644628
66.2190082644628
66.2190082644628
66.2190082644628
66.05247641509433
66.05247641509433
66.2190082644628
66.2190082644628
66.2190082644628
66.2190082644628
66.2190082644628
66.2190082644628
66.2190082644628
66.2190082644628
66.37473460721868
66.37473460721868
66.37473460721868
66.37473460721868
66.37473460721868
67.15581643543223
67.15581643543223
67.15581643543223
67.15581643543223
67.15581643543223
67.15581643543223
67.15581643543223
67.15581643543223
67.15581643543223
67.15581643543223
67.15581643543223
67.15581643543223
67.15581643543223
67.15581643543223
67.15581643543223
67.15581643543223
67.15581643543223
67.15581643543223
67.15581643543223
67.15581643543223
67.15581643543223
67.15581643543223
67.15581643543223
67.15581643543223
67.15581643543223
67.15581643543223
67.15581643543223
67.15581643543223
67.15581643543223
67.15581643543223
67.15581643543223
67.15581643543223
67.15581643543223
67.15581643543223
67.15581643543223
67.15581643543223
67.15581643543223
67.15581643543223
67.15581643543223
67.15581643543223
67.15581643543223
67.15581643543223
67.15581643543223
67.15581643543223
66.37473460721868
66.37473460721868
65.36430834213306
65.36430834213306
65.87048832271762
65.87048832271762
65.87048832271762
66.37473460721868
66.37473460721868
66.37473460721868
66.37473460721868
66.37473460721868
66.37473460721868
66.37473460721868
67.15581643543223
67.15581643543223
67.15581643543223
67.15581643543223
67.15581643543223
67.15581643543223
67.15581643543223
67.15581643543223
67.15581643543223
67.15581643543223
67.15581643543223
67.15581643543223
67.15581643543223
67.15581643543223
67.15581643543223
66.37473460721868
66.37473460721868
66.37473460721868
66.37473460721868
66.37473460721868
66.37473460721868
66.37473460721868
66.37473460721868
67.15581643543223
67.15581643543223
67.15581643543223
67.15581643543223
67.15581643543223
67.15581643543223
67.15581643543223
67.15581643543223
67.15581643543223
67.15581643543223
67.15581643543223
67.15581643543223
67.15581643543223
67.15581643543223
67.15581643543223
67.15581643543223
67.15581643543223
67.15581643543223
67.15581643543223
67.15581643543223
67.15581643543223
67.15581643543223
67.15581643543223
67.15581643543223
67.15581643543223
67.15581643543223
67.15581643543223
67.15581643543223
67.15581643543223
67.15581643543223
67.15581643543223
67.15581643543223
67.15581643543223
67.15581643543223
67.15581643543223
67.15581643543223
67.15581643543223
67.15581643543223
67.15581643543223
67.15581643543223
67.15581643543223
67.15581643543223
67.15581643543223
67.15581643543223
67.15581643543223
67.15581643543223
67.15581643543223
67.15581643543223
67.15581643543223
67.15581643543223
67.15581643543223
67.15581643543223
67.15581643543223
67.15581643543223
67.15581643543223
67.15581643543223
67.15581643543223
67.15581643543223
67.15581643543223
67.15581643543223
67.15581643543223
67.15581643543223
67.15581643543223
67.15581643543223
67.15581643543223
67.15581643543223
67.15581643543223
67.15581643543223
67.15581643543223
67.15581643543223
67.15581643543223
67.15581643543223
67.15581643543223
67.15581643543223
67.15581643543223
67.15581643543223
67.15581643543223
67.15581643543223
67.15581643543223
67.15581643543223
67.15581643543223
67.15581643543223
67.15581643543223
67.15581643543223
