42.01793838800545
48.740482667242695
49.66523993576058
51.78731968978106
51.38672736637231
54.948696669754106
54.019192735878036
53.023426195644014
54.473365683914025
55.84051265719565
57.42018919119686
55.38861678619898
55.406976791044215
55.75508796122371
55.77514850511165
57.86819119501437
57.23806070866052
59.1337884717801
59.40543709466835
59.86732067074738
58.355590920350615
61.174075883067374
60.69641471285071
60.17196696942154
60.821248263976706
58.91747337647179
60.42627454398139
60.264824029584176
59.49747351672119
59.674034235864035
57.7441502417126
56.0190567567785
57.849185936925586
58.77368435278004
58.75926048130644
59.91304141816252
59.92601174153174
61.84767066427971
61.676746745721054
61.46346230348801
61.28548156696963
60.71148225380845
61.400985957706816
61.33513450241272
61.15084384432673
60.90872545168942
60.848741864734464
61.79872990708702
61.63134415868511
62.03048534985265
60.73646919483565
60.16259256890904
61.11441691968548
60.61604859950982
60.342958738278185
59.62797500522321
61.81684846783719
61.49262208701422
60.734913878786394
60.978168857134264
60.30178258890388
59.649152361995036
58.85847917390101
58.992307480483774
57.96120403312546
56.909626773591384
57.17732981698359
59.28941823356961
58.881378650667266
58.18799810755186
58.33127536350949
58.147383203200704
57.16555178433516
57.14931346587013
59.331961592391295
60.16459354076939
59.66870418588734
59.27606923002542
60.48626309658717
59.4249942428572
58.59745621792052
56.10884973181883
55.138895369317474
54.82008668990415
55.379791416545636
54.888617039525045
55.54825459796077
57.358955024412204
58.5114849068834
59.44785671051146
59.1955068411384
59.31277530464013
59.456739729909835
57.820349762533965
59.21234680786855
59.376624627409726
58.620544375436275
58.41061598325041
58.52347113957345
59.789386476835794
60.298182351930045
61.63078965214033
60.35431276599437
59.67581245919819
59.39603890808179
60.071423375032694
62.27640245784417
61.605311130321795
60.75825872237053
60.25834503861665
60.05669636871654
59.96661148891517
59.958108511537006
59.23687628294731
59.706397981184416
59.93472238914785
59.823060388130365
61.046356680545315
60.37572675651067
60.59893360840622
59.769802635769175
59.22466983353677
59.266246419371996
61.72204640827071
61.72650024705142
61.355031105086475
60.114038426896634
59.86842946038434
61.164822990874946
62.32162139552626
61.96449082124579
62.379476860351765
61.53303985462232
61.329115753527965
60.70720230331774
60.50716541040666
59.68766677018639
59.29763922464961
57.463246725120364
60.98734221851631
61.00459729663078
60.75631747653615
61.3769369164507
61.93066088806115
61.34613252460121
61.32143906851005
60.64752245942481
60.94498395429748
61.2462786716055
61.37861216797496
61.338970638826744
62.055869981929625
62.103625679128825
60.95671211452548
61.751405302834186
62.416177389924286
62.058986546543444
61.750221980578615
61.17909928621894
61.25480693758216
60.592894647376525
60.85871654744074
61.548046773182044
61.35657322149203
60.707822624092
60.90967874711921
61.088413407324396
60.15562510448785
59.658409871867235
58.53509662649607
59.50805999528922
60.22917494916541
60.58632091842376
59.64229090336648
60.015263443460626
60.7805624146499
61.795657693601015
61.836613910864486
62.187652814928676
61.809657515796324
60.859150429186045
60.46522090096703
60.55370352959884
60.69308932191733
59.91826270231185
60.413310903868954
61.04294148868858
61.30657100030699
61.2923156144288
61.10000945259865
60.66918991113018
60.96059366115331
60.920165156507096
61.382163857181546
62.23032318109886
61.59932337991639
61.6955026919009
61.87711841889814
61.078620533587696
60.39104267884323
60.852134997530364
