39.23170245413901
38.98735844653078
44.1017273206751
43.13812246047762
42.95680673151474
42.8077632355258
42.8077632355258
44.1704167280457
44.58495440060841
42.10125339048783
43.6884705882353
44.55695570726898
44.64986443223341
44.64986443223341
44.64986443223341
43.95971416735708
43.95971416735708
44.64986443223341
40.459384306563344
38.92908983968186
38.73071280817291
38.73071280817291
38.73071280817291
40.126046387922365
40.126046387922365
41.4420287401086
41.4420287401086
40.908726405963975
40.908726405963975
42.76493324377512
42.76493324377512
42.345865591968035
43.0503637776365
43.33748718492594
43.45523314154747
43.45523314154747
43.62869869551384
44.46428733720497
44.46428733720497
44.80008739348918
44.80008739348918
45.166461653240596
45.166461653240596
45.166461653240596
45.166461653240596
45.166461653240596
45.166461653240596
45.66157678446461
43.0206358601325
47.80925401322001
47.80925401322001
47.80925401322001
46.86278702903065
47.54123386842932
47.547686496695
47.818696883852695
43.87781186094069
47.818696883852695
48.020931696569086
48.020931696569086
48.1405413912496
47.83254642744728
47.83254642744728
48.1405413912496
48.18870003147624
48.18870003147624
48.18870003147624
45.315398202948295
48.18870003147624
48.20522505508342
48.3523764557759
48.3523764557759
48.3523764557759
48.38542650299024
48.38542650299024
48.38542650299024
48.41218130311614
48.41218130311614
48.41218130311614
48.8696184842742
48.925292087010334
48.925292087010334
47.41869510784904
47.41869510784904
48.925292087010334
48.925292087010334
48.925292087010334
48.925292087010334
48.925292087010334
49.03552262996356
48.784114039957366
49.11384852951498
46.58425704892145
48.626983671203504
49.34994289068831
49.34994289068831
49.34994289068831
50.801612533654115
50.801612533654115
50.993085974405226
51.35998572843246
51.363626434438174
52.41314961564716
52.41314961564716
52.42056955450687
52.79750244857982
52.79750244857982
52.79750244857982
52.71564544913741
52.977208506841166
53.01345925044616
53.03576740035693
53.03576740035693
52.98575996430695
52.98575996430695
53.193969363474125
49.754719837076166
54.09513697810743
53.02523920236073
53.02523920236073
53.02523920236073
54.09513697810743
54.18285217654171
54.18285217654171
54.18285217654171
54.18285217654171
54.38666009403914
54.38666009403914
54.46022296374943
53.251028346597515
54.595404216593366
54.595404216593366
54.89363719096009
54.437850750796294
54.89363719096009
54.89363719096009
54.89363719096009
54.89363719096009
54.916957379038365
54.916957379038365
54.920749279538896
55.43455179736083
55.43455179736083
55.43455179736083
55.441756408311846
55.4764522978917
55.050053086606994
55.050053086606994
55.050053086606994
55.50280600637039
55.50280600637039
54.79846048839678
52.63800211870472
54.79846048839678
54.79846048839678
55.50280600637039
55.503753981495514
55.503753981495514
55.33677535129875
56.037924534085334
56.037924534085334
56.16942522048016
56.35440933055419
56.39004260666994
56.46246458923513
56.46246458923513
56.250192449809084
56.46246458923513
47.380534505917836
56.46246458923513
56.665306688015775
56.665306688015775
56.665306688015775
56.7249661288336
56.7249661288336
46.55788085402876
56.7249661288336
56.7249661288336
56.44031434547244
56.79076379283849
56.79076379283849
56.79076379283849
56.79076379283849
56.79076379283849
56.79076379283849
56.862783061243455
57.03100708911138
57.03100708911138
57.03100708911138
57.03100708911138
57.03100708911138
57.04849667309247
57.04849667309247
57.144689384988496
57.144689384988496
53.045112510471135
57.144689384988496
57.144689384988496
57.21503637833467
57.21503637833467
57.39960587158241
57.55431741887356
57.62658522939201
57.62658522939201
57.62658522939201
57.62658522939201
57.74877999502673
57.97107090586367
57.97107090586367
57.97107090586367
57.97107090586367
57.97107090586367
57.97107090586367
57.97146015632297
57.97146015632297
57.97146015632297
56.94358768737277
57.97146015632297
57.97593653660512
57.97593653660512
57.97593653660512
58.03101547659827
57.791431818889535
58.03101547659827
57.362447035536455
57.362447035536455
58.08862454457697
58.08862454457697
58.08862454457697
58.08862454457697
58.08862454457697
58.08862454457697
58.10769781708342
52.6052552466573
57.74209455711027
57.74209455711027
57.74209455711027
57.74209455711027
57.74209455711027
57.25097354431945
57.97068165540436
58.25288823840813
58.25288823840813
58.25288823840813
58.25288823840813
58.25288823840813
58.25288823840813
58.25288823840813
58.25288823840813
58.25288823840813
58.25288823840813
58.25288823840813
58.25288823840813
58.25288823840813
58.25288823840813
58.25288823840813
58.25288823840813
58.25288823840813
58.68281537072214
58.68281537072214
58.71531778407498
58.8659577118301
58.8659577118301
58.91694952200043
58.91694952200043
57.4796589133033
54.7421309617229
58.5493024631769
51.418834452341486
58.64817207984304
58.64817207984304
58.64817207984304
58.91694952200043
58.91694952200043
58.91694952200043
58.91694952200043
58.91694952200043
58.91694952200043
58.91694952200043
58.91694952200043
58.91694952200043
58.91694952200043
58.91694952200043
58.91694952200043
55.75103652081862
55.75103652081862
58.91694952200043
58.91694952200043
58.91694952200043
58.91694952200043
58.91694952200043
59.386459914011134
59.386459914011134
53.50582998996992
59.42992855336369
59.42992855336369
59.42992855336369
59.42992855336369
59.49453875821953
59.597875569044014
59.597875569044014
59.597875569044014
59.597875569044014
59.597875569044014
59.597875569044014
50.90705597095795
57.348288699595535
57.348288699595535
57.348288699595535
57.348288699595535
57.348288699595535
57.348288699595535
57.348288699595535
57.348288699595535
58.56922776911076
59.597875569044014
59.597875569044014
59.597875569044014
59.597875569044014
59.597875569044014
59.597875569044014
59.597875569044014
59.597875569044014
59.597875569044014
59.6229688290339
59.6229688290339
59.6229688290339
57.63433314008483
57.63433314008483
57.63433314008483
57.63433314008483
57.63433314008483
59.657941325240266
56.228195073950374
59.657941325240266
59.657941325240266
59.657941325240266
59.657941325240266
59.657941325240266
59.9108497723824
59.9108497723824
59.9108497723824
59.2469650986343
59.2469650986343
59.2469650986343
59.2469650986343
59.2469650986343
59.2469650986343
50.349994694538026
59.2469650986343
59.9108497723824
50.76554400592414
56.929620507206714
56.929620507206714
59.96123387708649
59.96123387708649
59.96123387708649
59.98158510369247
59.87603731154187
53.63382112186576
53.63382112186576
59.98158510369247
59.91741099708602
59.98158510369247
60.00825904147698
60.00825904147698
57.1587576748022
53.77970408536756
59.81502118108245
59.85552604957005
59.97649249021835
60.042836368234695
60.042836368234695
60.042836368234695
60.154547177559465
60.206076065325206
60.206076065325206
60.206076065325206
60.2437849448779
52.362681189317044
58.08642786469606
60.2437849448779
60.2437849448779
48.82813517809219
60.2437849448779
60.2437849448779
60.23174179486371
60.247338661275556
60.247338661275556
60.247338661275556
60.247338661275556
60.26115866948859
60.26115866948859
60.51110338945572
60.51110338945572
57.29474738139249
60.597972012509075
60.597972012509075
60.308239903172385
54.464260533589034
60.597972012509075
