1083234.0
947023.0
816428.0
803063.0
803063.0
801627.0
876797.0
876797.0
876797.0
833201.0
833201.0
827869.0
827869.0
548923.0
548923.0
548923.0
548923.0
538082.0
525287.0
525287.0
525287.0
525287.0
525287.0
525287.0
515035.0
515035.0
515035.0
515035.0
514647.0
514647.0
514647.0
514647.0
514647.0
514647.0
514086.0
513412.0
513412.0
513412.0
513412.0
506696.0
506696.0
506696.0
506696.0
506696.0
506696.0
506696.0
506696.0
504090.0
504090.0
504090.0
504090.0
504090.0
494115.0
494115.0
494115.0
494115.0
494115.0
494115.0
494115.0
494115.0
494115.0
494115.0
494115.0
494115.0
494115.0
494115.0
494115.0
494115.0
494115.0
494115.0
472600.0
472600.0
472600.0
460447.0
460447.0
460447.0
460447.0
460447.0
460447.0
460447.0
456893.0
456893.0
456893.0
456893.0
456893.0
456893.0
456893.0
456893.0
456893.0
456893.0
456893.0
456893.0
456893.0
456893.0
456893.0
456893.0
456893.0
456893.0
456893.0
456893.0
456893.0
456893.0
456213.0
432803.0
432803.0
432803.0
427113.0
421970.0
421970.0
421970.0
420701.0
420701.0
420701.0
418245.0
427645.0
427645.0
427645.0
427645.0
427645.0
427645.0
437130.0
437130.0
437130.0
437130.0
437130.0
437130.0
437130.0
437130.0
430405.0
430405.0
430405.0
430405.0
430405.0
430405.0
430405.0
430405.0
430405.0
421620.0
421620.0
421620.0
421620.0
424330.0
424330.0
424330.0
424330.0
424330.0
424330.0
424330.0
424330.0
424330.0
424330.0
424330.0
433392.0
433392.0
433392.0
433392.0
424017.0
424017.0
424017.0
423657.0
423657.0
423657.0
423657.0
423657.0
423657.0
423657.0
425589.0
425589.0
425589.0
425589.0
425589.0
425589.0
425589.0
425589.0
425589.0
425589.0
425589.0
425589.0
425589.0
425589.0
425589.0
425589.0
425589.0
425589.0
425589.0
429637.0
429637.0
430515.0
430515.0
430515.0
430515.0
431169.0
431169.0
431169.0
431169.0
431169.0
431169.0
431169.0
431169.0
431169.0
431169.0
431169.0
431169.0
431169.0
431169.0
431169.0
431169.0
431169.0
430515.0
430515.0
430515.0
430515.0
430515.0
430515.0
430515.0
430515.0
430515.0
430515.0
430515.0
430515.0
430515.0
430515.0
430515.0
430515.0
430515.0
430515.0
430515.0
430515.0
430515.0
430515.0
430515.0
430515.0
430515.0
430515.0
430515.0
429812.0
429812.0
429812.0
429812.0
429812.0
429812.0
429812.0
429812.0
429812.0
429812.0
429812.0
429812.0
429812.0
429812.0
429812.0
429812.0
429812.0
429812.0
429812.0
429812.0
429812.0
429812.0
429812.0
429812.0
429812.0
429812.0
435194.0
443292.0
443292.0
443292.0
443292.0
435589.0
435589.0
435589.0
435589.0
435589.0
435589.0
435589.0
435589.0
435589.0
435589.0
435589.0
435589.0
435589.0
435589.0
435589.0
435589.0
435589.0
435589.0
435589.0
435589.0
435589.0
435589.0
435589.0
435589.0
435589.0
435589.0
435589.0
435589.0
435589.0
435589.0
435589.0
435589.0
435589.0
412745.0
412745.0
412745.0
412745.0
412745.0
412745.0
412745.0
412745.0
412745.0
412745.0
412745.0
412745.0
413627.0
413627.0
413627.0
413627.0
413627.0
414767.0
414767.0
414767.0
414767.0
414767.0
414767.0
414767.0
414767.0
414767.0
413627.0
413627.0
413627.0
413627.0
413627.0
413627.0
413627.0
413627.0
426485.0
426485.0
426485.0
426485.0
426485.0
426485.0
426485.0
426485.0
426485.0
426485.0
426485.0
426485.0
429985.0
429985.0
429985.0
429985.0
429985.0
429985.0
429985.0
429985.0
429985.0
429985.0
429985.0
429985.0
429985.0
429985.0
429985.0
429985.0
429985.0
429985.0
429985.0
429985.0
429985.0
429985.0
393900.0
393900.0
393900.0
393900.0
393900.0
393900.0
393900.0
393900.0
393900.0
393900.0
393900.0
393900.0
393900.0
393900.0
393900.0
393900.0
393900.0
393900.0
393900.0
393900.0
393900.0
393900.0
393900.0
393900.0
393900.0
393900.0
393900.0
393900.0
393900.0
393900.0
384135.0
384135.0
384135.0
373644.0
