52.52754744794546
54.652167436317576
56.109392786531664
56.93499094476305
58.82162413219908
58.82162413219908
58.99958711808422
59.33039672778238
59.33039672778238
59.522322569133266
59.938477050467554
60.63221510512793
61.494088833235125
61.494088833235125
61.494088833235125
61.494088833235125
61.494088833235125
61.494088833235125
61.494088833235125
61.494088833235125
61.494088833235125
61.494088833235125
61.494088833235125
62.04883618149676
62.04883618149676
62.04883618149676
62.04883618149676
62.04883618149676
62.04883618149676
62.04883618149676
62.04883618149676
62.04883618149676
62.04883618149676
62.04883618149676
62.2065133323512
62.37662050677665
62.37662050677665
62.37662050677665
62.53613914260459
62.53613914260459
62.53613914260459
62.53613914260459
62.53613914260459
62.53613914260459
62.55984826163818
62.55984826163818
62.55984826163818
62.64616786977018
62.64616786977018
62.64616786977018
62.64616786977018
62.64616786977018
62.90140584535701
62.90140584535701
62.90140584535701
62.90140584535701
62.90140584535701
62.90140584535701
62.90140584535701
62.90140584535701
62.90140584535701
62.90140584535701
62.90140584535701
62.90140584535701
62.90140584535701
62.90140584535701
62.90140584535701
62.90140584535701
62.90140584535701
62.90140584535701
63.219100188616444
63.34553792669846
63.34553792669846
63.34553792669846
63.34553792669846
63.56374126262066
63.56374126262066
63.83418395650728
63.83418395650728
63.83418395650728
63.83418395650728
63.83418395650728
63.83418395650728
63.83418395650728
63.83418395650728
63.83418395650728
63.83418395650728
63.83418395650728
63.83418395650728
63.83418395650728
63.83418395650728
63.83418395650728
63.83418395650728
63.83418395650728
63.83418395650728
63.83418395650728
63.83418395650728
63.83418395650728
63.875519063797654
63.875519063797654
64.01448659871649
64.15722914307285
64.41345790864477
64.56516610041524
64.56516610041524
64.56516610041524
64.56516610041524
64.7532087580219
64.7532087580219
64.7532087580219
64.7532087580219
64.7532087580219
64.7532087580219
64.85938089845224
65.04577198942998
65.04577198942998
65.04577198942998
65.04577198942998
65.04577198942998
65.04577198942998
65.15595507738769
65.15595507738769
65.15595507738769
65.15595507738769
65.15595507738769
65.17081917704795
65.17081917704795
65.19559267648168
65.19559267648168
65.19559267648168
65.19559267648168
65.19559267648168
65.19559267648168
65.20786145715364
65.20786145715364
65.20786145715364
65.20786145715364
65.28996791241978
65.28996791241978
65.28996791241978
65.28996791241978
65.28996791241978
65.32111174027935
65.32111174027935
65.32111174027935
65.32111174027935
65.32111174027935
65.32111174027935
65.32111174027935
65.32111174027935
65.32111174027935
65.32111174027935
65.32111174027935
65.32111174027935
65.32111174027935
65.4194979237448
65.43483389958473
65.43483389958473
65.50443563608908
65.57639675349188
65.65189694224236
65.67360324650811
65.67360324650811
65.67360324650811
65.67360324650811
65.67360324650811
65.81870517176293
65.81870517176293
65.81870517176293
65.81870517176293
65.81870517176293
65.81870517176293
65.81870517176293
65.81870517176293
65.81870517176293
65.81870517176293
65.81870517176293
65.86683654209135
65.86683654209135
65.86683654209135
65.8748584371461
65.8748584371461
65.8748584371461
65.8748584371461
65.8748584371461
66.03576821442054
66.03576821442054
66.3396564741412
66.3396564741412
66.3396564741412
66.3396564741412
66.3396564741412
66.3396564741412
66.3396564741412
66.3396564741412
66.3396564741412
66.3396564741412
66.3396564741412
66.3396564741412
66.3396564741412
66.3396564741412
66.3396564741412
66.3396564741412
66.3396564741412
66.3396564741412
66.3396564741412
66.3396564741412
66.3396564741412
66.35735183087958
66.35735183087958
66.35735183087958
66.35735183087958
66.35735183087958
66.35735183087958
66.35735183087958
66.35735183087958
66.35735183087958
66.35735183087958
66.35735183087958
66.35735183087958
66.35735183087958
66.57040392600982
66.59234616836542
66.59234616836542
66.59234616836542
66.59234616836542
66.59234616836542
66.59470554926388
66.59470554926388
66.59470554926388
66.59470554926388
66.61593997734994
66.61593997734994
66.61593997734994
66.61593997734994
66.62773688184221
66.64189316723292
66.64189316723292
66.64189316723292
66.64189316723292
66.64189316723292
66.64189316723292
66.64189316723292
66.74806530766327
66.74806530766327
66.74806530766327
66.74806530766327
66.74806530766327
66.74806530766327
66.74806530766327
66.74806530766327
66.74806530766327
66.74806530766327
66.74806530766327
66.74806530766327
66.74806530766327
66.74806530766327
66.74806530766327
66.74806530766327
66.74806530766327
66.74806530766327
66.8009154397886
66.80091543978861
66.80091543978861
66.80091543978861
66.80091543978861
66.8285201963005
66.93893922234807
66.93893922234807
66.93893922234807
66.93893922234807
66.93893922234807
66.93893922234807
66.93893922234807
66.93893922234807
66.93893922234807
66.93893922234807
66.93893922234807
66.93893922234807
66.93893922234807
66.94365798414496
66.94365798414496
66.94365798414496
66.94365798414496
66.94365798414496
66.94365798414496
66.94365798414496
66.94365798414496
66.94365798414496
66.94365798414496
66.94365798414496
66.94365798414496
66.94365798414496
66.94365798414496
66.94365798414496
66.94365798414496
66.94365798414496
66.94365798414496
66.94365798414496
66.94365798414496
66.94365798414496
66.94365798414496
66.94365798414496
66.94365798414496
66.99556436391092
66.99556436391092
66.99556436391092
66.99556436391092
66.99556436391092
66.99556436391092
66.99556436391092
67.02269724424312
67.02269724424312
67.02269724424312
67.02269724424312
67.02269724424312
67.02269724424312
67.02269724424312
67.02269724424312
67.02269724424312
67.02269724424312
67.02269724424312
67.02269724424312
67.02269724424312
67.02269724424312
67.16426009815025
67.16426009815025
67.16426009815025
67.1885617214043
67.1885617214043
67.1885617214043
67.1885617214043
67.1885617214043
67.21357115892789
67.21357115892789
67.21357115892789
67.21357115892789
67.21357115892789
67.21357115892789
67.21357115892789
67.21357115892789
67.21357115892789
67.21357115892789
67.21357115892789
67.21357115892789
67.27019630049074
67.27019630049074
67.27019630049074
67.27019630049074
67.27019630049074
67.27255568138919
67.27255568138919
67.27255568138919
67.27255568138919
67.27255568138919
67.27255568138919
67.27255568138919
67.3560777651944
67.3560777651944
67.3560777651944
67.3560777651944
67.3560777651944
67.3560777651944
67.3560777651944
67.3560777651944
67.3560777651944
67.3560777651944
67.3560777651944
67.3560777651944
67.3560777651944
67.3560777651944
67.3560777651944
67.3560777651944
67.38492525540866
67.38492525540866
67.38492525540866
67.38492525540866
67.38492525540866
67.38492525540866
67.38492525540866
67.38492525540866
67.38492525540866
67.38492525540866
67.38492525540866
67.38492525540866
67.38492525540866
67.38492525540866
67.38492525540866
67.38492525540866
67.38492525540866
67.38492525540866
67.38492525540866
67.38492525540866
67.38492525540866
67.38492525540866
67.38492525540866
67.38492525540866
67.38492525540866
67.38492525540866
67.38492525540866
67.38492525540866
