47.49429045849066
49.366552641613254
51.224243630587566
51.96536958808125
52.08584818830899
51.93074907737069
51.957328564301605
52.491004553827516
54.5980021541295
54.42567132516156
54.08650670319575
53.293692283275554
55.09903236567446
53.9522880854497
53.44880759580409
53.64379376548958
53.96160611418383
53.4182544062536
53.59964629639899
53.302858543011396
51.96394347201374
51.64364089324397
51.71530542404261
51.505394344360404
49.57613612438657
50.60661342357514
50.2673748047356
50.79438961485584
49.393928839338045
52.62176682444978
52.660739176620545
52.14544427804167
52.415963929463935
53.30804904393367
53.30330613325224
53.406258296215924
53.93365190810005
53.994052293576864
54.54168025067612
54.65352076148322
54.67385414067899
54.933974431942985
55.20454826826791
55.427031548138864
55.68686963988155
55.64367383808255
55.449170372802
56.41507112264752
55.97000324950474
57.101643723741674
56.36531856938931
56.512934082503406
56.160411951627
55.773118347856794
55.91639469127727
56.335413828747875
55.94450207946845
56.42074608860252
56.909137191848714
56.87111214680994
57.10837862232311
56.984492474706215
56.029083736870945
56.21964335191436
56.89271628667031
56.810006648038694
56.86843141422374
55.76945926087739
56.226504874840444
56.21664447796522
55.75959661080034
56.22072195166329
56.4994294489699
56.50164924537849
56.36933669324722
56.07483137681495
56.34783487624531
56.299701749231545
56.2907961374526
57.1695484744923
57.70927503721466
57.74060347948464
57.26657217828342
57.076026816457016
57.101338350403566
57.22394253242603
56.66682903296449
56.61003147112568
57.20215863417229
58.03407713925939
57.7425487506154
58.068134641171376
58.00398746606494
57.55759766069858
58.91684824587216
58.827436342640354
58.43433429912785
58.89786540939735
58.533829467539455
58.16164743423477
58.65895776722553
58.84837695464437
58.775296264922716
58.44258775703246
58.631251732767154
58.78698000391015
58.93632379646009
58.659145056789406
58.715719396746586
58.892842262117824
59.18993097513944
59.32360850397438
59.32700564627937
58.9733786995697
59.27704049004735
59.42429707711109
59.84136232832664
60.372844915313735
60.054408799762186
60.36777845122396
60.507367992475245
60.55976930666728
60.841941853816785
60.994337428709294
60.91706548154364
60.95447751288744
61.11410021539917
60.906429257229
60.962698643587785
60.93043949592762
61.00699306185445
61.148976653930845
61.32475518604133
61.21213048044694
61.40259626870968
61.51474845788932
61.601442335616476
61.51690543860127
61.902881616807456
61.79521176115905
62.04384249368003
62.12949998323275
62.04313389201714
61.97777712887261
61.89311057835837
61.979196031644314
61.76108248172293
61.591158954824905
61.70520824939794
61.79280372223904
61.62162244090537
61.59562167857386
61.24674294672719
61.519384905305024
61.438595995878224
61.68053450212573
61.662126886391725
61.6108780160394
61.824559360168294
61.890493230356284
62.022662339638536
61.99646487980026
62.00572389493949
62.20493139913235
62.23267130856129
62.42698643040844
62.09066944589113
62.11273167267297
62.15874177654139
62.467870412015046
62.7082784583147
62.82437613682925
62.72112364431472
62.674633723188194
62.30123644710146
61.91994458292784
62.45520575362361
62.50102940414366
62.61251440950384
62.516073780060616
62.55721753631439
62.532224624041426
62.665453303729855
62.78274525352056
62.855033917379565
62.85213313963277
62.92820316255841
62.82266118809903
62.94778410784655
62.864774654790956
62.90027139242891
63.03297511838296
63.040959728516604
62.99403284822294
63.07594296275467
62.642399567835234
62.95800441801284
63.066530780621264
63.1917428080783
63.21860568243578
63.50301902998965
63.633451666596905
63.68068191294769
63.68576637878387
63.5572230826248
63.49090225370154
63.70295793752597
63.86008797031969
63.86883734115146
63.89466185603234
63.77500890620408
63.734334352713226
63.72405089934643
63.846965770267715
63.971382448080135
63.801166511202915
63.8629022416602
63.88140593348689
63.875721474215545
63.67641054231436
63.603169855366396
63.80328851340721
63.386170810563804
63.52559645178565
63.27980012912151
63.281827754846255
63.462259144264976
63.66644151712786
63.57460062347129
63.55616866041794
63.76946261343637
63.77294597690458
63.969160137083456
63.51129937584041
63.56268683995527
63.33012754042818
63.568885935063136
63.516490354462185
63.23480412728409
63.080724143426764
63.19444396413747
63.333049932027095
63.47589710011028
63.42155577564116
62.99489721654043
62.984375887932195
62.99970290308701
62.98743079901303
62.932989003458566
63.039657322258975
63.05041134500132
63.07058574845851
63.12589569318026
63.183240500356554
63.24744516867939
63.114148643708155
63.205866124077026
63.161470528717814
63.827041522657275
63.83331863741501
64.033642299079
63.97916858233239
64.06632121599651
64.39382648245825
64.38212549697005
64.23258077917538
63.98623523116518
64.01138243956814
63.86204074477367
63.87220733470152
63.78494685507574
63.93665901317487
63.90058477013968
63.662402353465176
63.75415304922752
63.86523913593795
63.899077267112624
63.949190580583696
63.9577880736692
63.758783959689936
63.763049374162556
63.56627432416219
63.55126568302618
63.48881582131926
63.49240038784456
63.49230890185685
63.75832594982339
63.84487598548459
63.80584229419218
63.798595697722966
63.81686564045555
64.08633069592214
64.08521777563276
63.89442400883902
64.04232147715474
64.10901792360254
64.02911177970732
63.8846359810832
63.83699369590215
63.833618781864395
63.885675328049636
64.17741388041685
64.22115764411336
64.21311226542633
64.36694353948289
64.27200362858129
64.36673681544148
64.19911433903407
64.46848621243568
64.50895274703609
64.43880194690567
64.40450241936101
64.50568391955127
64.35521206322926
64.28118566365119
64.40322813382019
64.3868819565268
64.44092411881266
64.46009964129814
64.46390857570844
64.37476447626152
64.35931199287148
64.2926194415914
64.20910114346434
64.4383300198033
64.44287316772026
64.35951665960974
64.21908819491422
64.1994260359108
64.03158476019301
64.19577589549485
64.19853319832556
64.5821314150635
64.56042981159804
64.65409551373052
64.50839230358241
64.55665680125863
64.63428763771164
64.64046024355893
64.80485273879368
64.80949747170615
64.88017316521025
64.83203363906786
64.80369045536492
64.59739915394245
64.71853944867925
64.64924151039963
64.47339045053305
64.17696593891452
64.40717611499382
64.5586500857059
64.37432192310334
64.48462946808426
64.42515574507772
64.58310804653735
64.5734581904059
64.68992961316329
64.68216640679606
64.52507506348687
64.36660474379599
64.40316894403679
64.62163800044686
64.67830604288366
64.65874451204803
64.60817522159832
64.86419899598204
64.83068659841045
64.27998287780848
64.52707507964548
64.39328888315035
64.50191987752994
64.90158613444702
64.94233479789669
64.77593956879426
64.60770296122385
64.77726386400846
64.71711160863534
64.59626044851
64.84589260505908
64.75424228295444
64.83896952661563
64.95266702010551
64.95407972972922
64.27845424912078
64.84425996525681
64.94135059330937
64.83771031472696
64.7505393377187
64.75333442412132
64.71056139736976
64.6215620731593
64.83248276810322
64.90971889467114
65.32518985577362
65.14206682576034
65.00429021319786
65.22083849389519
65.07881364000848
64.91434398118847
64.72711036460888
64.86467109497602
