45.31256738840067
47.91205690767658
49.58399153313711
50.54716038317592
51.38066903886295
50.29200617907415
51.55600439339662
51.06659219018354
51.90367129295208
54.120431208331375
52.59048418490459
53.085214844796006
52.24755987264397
53.31876307587017
53.264681286490095
52.10097224426428
52.007282872236736
52.27948290932988
52.110765472500375
51.966199471782154
52.41292612961041
51.42078277088389
51.19013035035637
51.29834368237747
49.942042573349184
48.91427555231616
50.06974113967219
49.59473555611379
50.79295489435274
49.288993156721055
51.926964423954985
52.11903081642503
50.50369176581853
52.040998579537415
52.32919559622945
52.98965884133885
51.806388418973
52.951989789293734
52.64188661837742
52.714961488509154
52.36093814617383
53.20364401264041
53.68016014739192
54.50412871867635
53.160145231749354
53.95185806020663
53.66693624286937
54.062463012475234
54.45333103789241
54.017620781904284
55.206077236732476
54.70864659982502
54.875238732312944
54.08001341016209
53.40935107903832
54.04650546752528
55.228167123536274
54.027083521155824
54.318573421117655
55.019685996325336
53.61898991716525
55.05639723601782
54.9591616023209
54.17819980364918
53.55028854047266
54.18401965052889
55.68656620260786
55.217376902541524
52.735555092761
53.23303257541896
54.3540661479294
54.001106278304476
53.030836219793485
54.68996807841364
53.97752741370708
54.711284128197036
53.71307604440731
54.97129501815921
54.76330817191402
54.0552653613292
55.42956165006949
54.92336314490674
55.873270709565496
54.52612210186667
54.608350033866294
55.27487167021601
55.16549581791216
55.028016389986
54.05028326632045
55.07873100961548
55.465044496614794
55.415745737766755
55.485751973184904
55.688341132499396
55.92351373589144
56.61129303546541
57.16547310168547
57.05584550842064
56.73719166939262
55.9995749061102
55.92390331031471
55.58714570020186
55.42727636807762
56.06342904930251
55.268974664906445
55.53742953737521
55.91664683000928
56.62937387416994
56.06584344969303
56.5043902104345
56.292793307130545
55.69797041419132
56.43430870324748
56.95114268913905
56.395588873182206
56.596363552688
57.641058653794516
56.624100631926595
57.134691094445905
56.784341218523195
57.70198202135343
57.777023690975135
57.45395564053576
58.278701264399636
57.54866929297029
58.16757005506678
57.68120541989484
58.02688056689771
58.41172232707306
58.015513641058924
58.01132009999622
57.51569833252487
57.61751654189298
57.71121850418988
57.790165486636184
57.910007938842206
57.73446713757437
57.992449666001505
58.319233397087864
57.84695601050742
58.36057945028088
58.621969917207366
58.09323474960292
57.80766894451468
58.01447778816861
58.708628829613914
58.41730972757038
58.46413314610887
57.8536809948365
57.894415161694404
58.18663025080368
57.24095587100323
57.97182228802899
58.45654023618426
57.71158224888007
57.62637005579203
58.3618153086447
58.58888709832669
59.53520262954149
58.84226256270731
57.88093162576211
57.833197337380966
57.49450297789413
58.619636269295825
58.487695171832854
58.58888364804357
59.91630697151647
58.25425868185762
58.54260546528822
58.07415223522057
58.600350472081445
58.241196223744346
58.78016199944121
58.483225290736335
58.92507425455546
58.72643465999327
57.986644000359895
58.8424583584355
58.38071400063091
58.1509112080301
59.27517098405711
59.035859320637
58.38320354025128
60.29920760558257
58.80518082430678
58.82962437686452
58.8317668897315
58.7006307909294
58.233844589916615
59.31396974366067
58.78420069703647
59.17497238884035
58.86301537713563
58.68095410321191
58.72439757298927
59.110874181945256
58.74390635414046
58.445326945958996
59.175109416177136
59.151935250932375
59.61157519748103
58.6595980174999
59.96504674843604
59.12376983352059
59.34059658245222
59.869842162473574
59.20321904651362
60.222512125538806
59.80741385542013
59.29662677086379
59.13114939064186
59.91606833673578
60.5048414944556
59.04087118929339
59.19384788073504
59.707694794367434
59.476223315255524
60.40068425136578
58.863695854514425
59.072126005887405
59.92126274834587
59.70914268096992
59.1713649522516
58.51901698149933
59.26251144507801
59.316749136762816
59.04745334156661
59.53620271463897
59.83085607020474
59.593781485964115
59.58316117909539
59.21753258488407
59.330482979677136
59.77332192209365
59.84694290356013
59.447371434883486
59.52643879436412
59.46462199891421
59.637572456951666
60.1366312227854
58.0963812463227
59.60947749754276
59.15709640136626
60.489216058144315
58.7117766154613
58.48819470031185
59.3760367984473
59.14600765263957
58.85171699731079
59.11546905290639
58.67281996124059
58.8572202771089
59.19567304206433
58.302529657817736
60.25242131190025
59.6100883444534
59.56464028557761
59.28267957520172
60.50437717785913
58.62327688035379
59.02409054584433
59.963867047323255
59.67878984878125
59.841372815927464
60.14329792230904
59.32079198760282
60.98760198671082
59.71620789374062
59.330631207612925
60.24159090860764
59.43703282561915
60.164145010877434
59.839700880265276
58.92049654209014
58.5686639287963
59.62199145214412
60.22129608181771
59.557098139277734
59.82703354380067
60.376410152104405
59.78708459104884
59.43544340552939
59.58420282492523
59.44802691099381
59.18528852207333
59.12458145549742
58.27301073645191
59.9433938735793
60.5172331059963
59.3548636798322
59.608709847766995
59.72491605733495
60.53777167148311
59.39885003518251
60.007114489569894
59.34511016045078
58.862761368787496
59.847072344819516
58.83641209786704
59.96936966711411
59.086339980628615
60.72747648553957
60.32558996748368
59.47259572626357
59.97392260832987
60.877016710841716
59.62446914138858
60.34308443335909
60.60094531526356
60.06493248392014
60.33290813240741
59.7845693665436
59.07579771848284
59.550086801166074
60.17781606039168
59.08216355145605
59.926591996024285
59.591964929521325
59.497364133943876
59.41966862596312
59.96308893014845
60.31546866403132
60.29197668275867
59.981289863754775
60.28533496667946
60.184597939740875
60.511678670942274
59.57558863107545
59.646574816067755
59.280353126231745
59.85673412883911
59.24562773094163
60.33555169468317
61.15079594275355
60.000291086185825
60.25320750246938
60.70463383652267
60.182757414545186
60.21122430488514
59.864200915425435
59.69591516463774
60.80562369908738
59.74683437236525
60.37670791038172
61.50998616184042
59.563977380265925
60.44857550178883
59.50842216170708
60.70304486820294
59.62559596863574
60.61479377954503
59.654058763782785
60.77693768841225
59.90714331549694
60.12293194760553
59.51442554463378
59.71255062752368
60.33657192544945
60.224035437811224
59.41645707318937
59.674533084059526
58.916784304551506
59.91112324795065
59.622387791884336
60.246280404085496
60.31935979798127
60.43386212292533
60.73443910708384
60.32208132339607
60.10720529357016
60.4685274705037
61.337269625437365
59.85482917164531
60.89190770518874
61.423567326845514
60.28574719062809
60.74688443931579
60.578784071142344
60.69755426372922
60.43339922897741
59.71934207443715
59.69577582741481
60.554614757635825
59.89254275017684
59.70087127192294
60.35239114526352
60.4562916619821
59.15492736418742
60.353818815029406
59.73761471891154
60.23801533068151
60.44997493051577
59.5708854852873
61.11450717265408
60.42464713222099
60.905395591829596
60.329603643129175
60.17532107349225
60.515970323514495
59.76214851322178
59.966634451685564
