27.317415730337082
27.375999999999994
33.771209633278595
32.23399543456782
33.50763612217795
34.48821389020725
36.081446675210024
36.081446675210024
36.142709410548086
37.954768928220254
38.19226750261233
32.257277109904194
39.099395936298734
33.56450609051303
33.56450609051303
34.383571799243825
36.84636118598383
37.3765747361253
36.952463018813724
36.952463018813724
36.91390412592416
36.58280922431866
35.9092459911293
37.04044117647059
36.116125150421176
42.6749396759738
41.28611369990681
42.69547325102881
38.34265299782541
38.34265299782541
41.65890027958993
38.69932122546322
40.30673919613176
36.81229773462783
38.58493752110773
37.026901669758814
35.35832937826293
35.35832937826293
39.981011155945886
39.36456400742115
42.04909284951974
42.35132662397072
38.70712401055409
44.34066871374958
44.81244281793229
40.60491493383743
37.632303900246484
39.22709923664122
39.712488769092545
33.88097426470588
37.104506232023006
41.55534351145038
41.6744330537434
40.313215570821065
42.803308823529406
43.61185983827493
40.178713898196904
42.06149193548388
33.02228521930861
39.008916323731135
37.0825456836799
39.688238072744454
38.88134799906389
43.125618199802176
38.97695772695773
38.14935064935065
42.70220588235294
39.455475330926596
38.15513626834382
39.49185043144775
34.20012901144977
44.69939523301317
33.23670377241806
43.259464450600184
44.11934441366574
34.6201840586492
39.01228733459357
43.80692167577413
43.819849874895745
46.49656526005888
33.797155225726655
39.10226015489173
41.48635936030103
35.70354542576765
41.18773946360153
40.43149946062567
34.83389504092441
37.22077922077922
37.22077922077922
40.35845588235294
39.40583554376658
42.951541850220266
43.224669603524234
41.70134760206104
39.8714330511132
37.98394148978456
40.337662337662344
40.27059634608756
36.284859681534265
34.311442322620714
39.10316713703355
39.679313459801264
38.016273105156095
37.45487364620938
38.18237267459591
36.7740159647674
42.04130073581771
45.47337278106509
34.23330269607843
41.470315398886825
34.56354803322363
35.62584870996086
36.82795698924731
43.597328244274806
39.162154031287606
36.57856093979442
36.81917211328976
43.92450879007239
43.234602726845324
37.83783783783783
43.827424177701836
38.01406926406926
36.59266257282318
43.300142247510664
35.41961895764447
43.38028169014085
37.47416944841837
38.534007352941174
36.58870777226553
39.260703198325025
39.74628171478565
46.1587982832618
35.709890786032915
37.466957820940124
38.657844990548206
44.720951509606586
40.28103044496487
40.27365491651206
38.61447654551103
42.172230285437834
40.47966141547143
38.534007352941174
37.34957882069795
43.96279069767442
40.5422794117647
40.08509955041746
39.9860853432282
40.09136212624585
39.688238072744454
35.60710987996307
44.57923964117898
39.75183823529412
40.47569803516029
39.388455827765405
40.32447683987773
40.064635272391506
38.68147448015123
41.119842829076624
37.43872549019608
41.36271529888551
37.34269119070668
45.10618651892891
41.24045801526718
37.55149812734082
38.36641461877756
40.5422794117647
39.07169117647059
41.557247899159655
35.718260593051916
37.7815045519885
32.66792660839436
43.53887399463807
37.16360529688168
39.27727119216481
41.0110294117647
40.72529465095195
42.56951102588687
40.41709755256809
39.21832884097035
40.90836906463395
33.682657972364545
41.70205237084218
37.13821892393321
39.67463479415671
38.316326530612244
40.63969896519285
40.97792546878709
41.41221374045802
35.176170607324984
40.97545821683753
37.23193197921587
38.320964749536174
37.73254040866117
36.245728487107804
42.97797356828194
35.991083676268865
38.83453684292258
38.316326530612244
42.088353413654616
37.34814814814814
37.16180371352785
