16920.0
15960.0
15960.0
11600.0
11600.0
11600.0
11600.0
11600.0
11600.0
11600.0
11600.0
11600.0
11600.0
11600.0
11600.0
11600.0
11600.0
5320.0
5320.0
5320.0
5320.0
5320.0
5320.0
5320.0
5320.0
5320.0
5320.0
5320.0
5320.0
5320.0
5320.0
5320.0
5320.0
5320.0
5320.0
5320.0
5320.0
5320.0
5320.0
5320.0
5280.0
5280.0
5280.0
5280.0
5280.0
5280.0
5280.0
5280.0
5280.0
5280.0
5280.0
5280.0
5280.0
5280.0
5280.0
5280.0
5280.0
5280.0
5280.0
5280.0
5280.0
5280.0
5280.0
5280.0
5280.0
5280.0
5280.0
5280.0
5280.0
5280.0
5280.0
5280.0
5280.0
5280.0
5280.0
5280.0
5280.0
5280.0
5280.0
5280.0
5280.0
5280.0
5280.0
5280.0
5280.0
5280.0
5280.0
5280.0
5280.0
5280.0
5280.0
5280.0
5280.0
5280.0
5280.0
5280.0
5280.0
5280.0
5280.0
4320.0
4320.0
4320.0
4320.0
4320.0
4320.0
4320.0
4320.0
4320.0
4320.0
4320.0
4320.0
4320.0
4320.0
4320.0
4320.0
4320.0
4320.0
4320.0
4320.0
4320.0
4320.0
4320.0
4320.0
4320.0
4320.0
4320.0
4320.0
4320.0
4320.0
4320.0
4320.0
4320.0
4320.0
5320.0
5320.0
5320.0
5320.0
5320.0
5320.0
5320.0
5280.0
5320.0
5320.0
5320.0
5320.0
5320.0
5320.0
5320.0
5320.0
5320.0
5320.0
5320.0
5320.0
5320.0
5320.0
5320.0
5320.0
5320.0
5280.0
5280.0
5280.0
5280.0
5280.0
5280.0
5280.0
5280.0
5280.0
5280.0
5280.0
5280.0
5280.0
5280.0
5280.0
5280.0
5280.0
5280.0
5280.0
5280.0
5280.0
5280.0
5280.0
5280.0
5280.0
5280.0
5280.0
5280.0
5280.0
5280.0
5280.0
5280.0
5280.0
5280.0
5280.0
5280.0
5280.0
5280.0
5280.0
5280.0
5280.0
5280.0
5280.0
