100320.0
102280.0
102840.0
83980.0
83980.0
90470.0
91135.0
102340.0
95950.0
92090.0
87015.0
95370.0
83310.0
88180.0
89040.0
81130.0
87900.0
88570.0
80860.0
101810.0
108020.0
89920.0
69150.0
94720.0
108760.0
65860.0
91030.0
85010.0
66910.0
76310.0
71380.0
77230.0
65170.0
82770.0
71960.0
71290.0
73990.0
77760.0
66320.0
70230.0
72405.0
108910.0
100410.0
52280.0
52280.0
52280.0
52280.0
92880.0
70650.0
52280.0
52280.0
52280.0
87820.0
52320.0
52280.0
52280.0
52280.0
52280.0
52280.0
52280.0
52280.0
52280.0
52280.0
52280.0
52280.0
52280.0
58820.0
56680.0
66730.0
52280.0
52280.0
52280.0
52280.0
52280.0
52280.0
52280.0
52280.0
52280.0
52280.0
52280.0
52280.0
52280.0
52280.0
52280.0
52280.0
85210.0
67320.0
74920.0
78200.0
51660.0
51660.0
50510.0
50080.0
38440.0
38440.0
38440.0
38440.0
38440.0
38440.0
38440.0
38440.0
44200.0
44200.0
119245.0
71320.0
45630.0
45620.0
45620.0
45620.0
45620.0
45620.0
45620.0
45620.0
45620.0
45620.0
45620.0
45620.0
45620.0
45620.0
45620.0
45620.0
45620.0
45620.0
45620.0
45620.0
45620.0
45620.0
45620.0
45620.0
45620.0
45620.0
45620.0
45620.0
45620.0
45620.0
45620.0
45620.0
45620.0
45620.0
45620.0
45000.0
45000.0
45000.0
45000.0
45000.0
45000.0
45000.0
45000.0
45000.0
45000.0
45000.0
45000.0
45000.0
45000.0
45000.0
45000.0
45000.0
45000.0
45000.0
45000.0
45000.0
45000.0
45000.0
45000.0
45000.0
45000.0
45000.0
45000.0
45000.0
45000.0
45000.0
45000.0
45000.0
45000.0
45000.0
45000.0
45000.0
45000.0
45000.0
45000.0
45000.0
45000.0
46860.0
45000.0
45000.0
45000.0
45000.0
45000.0
45000.0
45000.0
45000.0
45000.0
45000.0
45000.0
45000.0
45000.0
45000.0
45000.0
45000.0
45000.0
45000.0
