29.461638799952564
28.967364225211757
27.177111716621255
27.177111716621255
27.177111716621255
28.674881106787723
28.674881106787723
28.674881106787723
28.674881106787723
30.28440588093517
32.634369727645215
32.634369727645215
33.04562268803946
45.61262707330123
45.61262707330123
45.61262707330123
45.61262707330123
45.18879415347138
45.18879415347138
45.18879415347138
49.107040641099026
46.08417200365965
49.19140225179119
49.19140225179119
49.744114636642784
51.344537815126046
51.344537815126046
51.344537815126046
51.344537815126046
51.344537815126046
51.344537815126046
51.344537815126046
53.02521008403361
53.02521008403361
53.02521008403361
53.02521008403361
53.02521008403361
53.02521008403361
53.02521008403361
53.02521008403361
53.02521008403361
53.02521008403361
53.199577613516375
53.199577613516375
53.199577613516375
53.199577613516375
53.199577613516375
53.199577613516375
53.199577613516375
53.199577613516375
53.199577613516375
47.34243697478992
49.42226890756302
49.42226890756302
49.42226890756302
49.42226890756302
49.42226890756302
49.42226890756302
51.78571428571429
51.78571428571429
51.78571428571429
51.78571428571429
51.90612478534631
51.90612478534631
51.90612478534631
51.90612478534631
51.90612478534631
51.90612478534631
51.90612478534631
51.90612478534631
51.90612478534631
51.90612478534631
51.90612478534631
51.90612478534631
51.90612478534631
51.90612478534631
54.8693009118541
54.8693009118541
54.8693009118541
54.8693009118541
54.8693009118541
54.8693009118541
54.8693009118541
54.8693009118541
54.8693009118541
54.8693009118541
54.8693009118541
54.8693009118541
54.8693009118541
54.8693009118541
54.8693009118541
54.8693009118541
54.8693009118541
54.8693009118541
54.8693009118541
54.8693009118541
54.8693009118541
54.8693009118541
54.8693009118541
54.8693009118541
54.8693009118541
54.8693009118541
54.8693009118541
54.8693009118541
54.8693009118541
54.8693009118541
54.8693009118541
54.8693009118541
54.8693009118541
54.8693009118541
54.8693009118541
54.8693009118541
54.8693009118541
54.8693009118541
54.8693009118541
54.8693009118541
54.8693009118541
54.8693009118541
54.8693009118541
54.8693009118541
54.8693009118541
54.8693009118541
54.8693009118541
54.8693009118541
54.8693009118541
54.8693009118541
54.8693009118541
54.8693009118541
54.8693009118541
54.8693009118541
54.8693009118541
54.8693009118541
54.8693009118541
54.8693009118541
54.8693009118541
54.8693009118541
54.8693009118541
54.8693009118541
54.8693009118541
54.8693009118541
54.8693009118541
54.8693009118541
54.8693009118541
54.8693009118541
54.8693009118541
54.8693009118541
54.8693009118541
54.8693009118541
54.8693009118541
54.8693009118541
54.8693009118541
54.8693009118541
54.8693009118541
54.8693009118541
54.8693009118541
54.8693009118541
54.8693009118541
54.8693009118541
54.8693009118541
54.8693009118541
54.8693009118541
54.8693009118541
54.8693009118541
54.8693009118541
54.8693009118541
54.8693009118541
54.8693009118541
54.8693009118541
54.8693009118541
54.8693009118541
54.8693009118541
54.8693009118541
54.8693009118541
54.8693009118541
54.8693009118541
54.8693009118541
54.8693009118541
54.8693009118541
54.8693009118541
54.8693009118541
54.8693009118541
54.8693009118541
54.8693009118541
54.8693009118541
54.8693009118541
54.8693009118541
54.8693009118541
54.8693009118541
54.8693009118541
54.8693009118541
54.8693009118541
54.8693009118541
54.8693009118541
54.8693009118541
54.8693009118541
54.8693009118541
54.8693009118541
54.8693009118541
54.8693009118541
54.8693009118541
