43711.125
42037.75
44457.6875
38515.375
35365.3125
39191.6875
39469.375
35699.8125
28416.1875
27082.25
27263.0
25079.5
25423.5
25987.0
26448.8125
23412.1875
24920.5
24693.0
29268.25
32012.0
30220.75
32227.25
33653.5
29481.25
31058.25
33368.0
35052.5
34597.0
31641.75
29587.75
28748.75
27926.0
30711.25
30793.25
31879.25
31335.0
30940.5
30573.25
31314.0
31996.0
29517.5
31940.25
33613.25
32915.5
32020.0
32895.75
32207.0
30904.0
31391.75
31851.0
32543.5
32348.25
31348.5
30007.0
28448.5
27560.25
27413.75
25637.0
29532.25
28028.75
28443.0
29098.5
31564.75
32023.0
32485.0
32356.75
31719.75
31792.75
30996.5
31913.75
31869.25
29558.5
27347.0
26785.75
27859.75
29366.75
31417.0
31317.75
28727.0
28010.0
29371.25
30703.25
32179.0
31602.5
30261.25
30643.0
31059.375
29733.0
30271.625
27197.375
27004.5
27953.375
27026.75
29351.5
30523.875
27927.25
26337.625
26894.375
27475.5
27357.75
27805.625
28568.25
27901.875
27004.125
27191.25
29669.875
29386.5
28591.5
27552.625
27492.625
27833.375
29178.875
27402.375
25422.75
26393.0
27668.75
26506.375
28035.875
27808.75
27538.375
29634.125
29230.125
29053.375
28442.5
28726.25
28374.5
27564.875
27647.375
29820.875
29973.375
28214.0
27793.875
29249.5
30738.375
30380.375
30119.5
30120.625
28512.75
28811.75
28354.625
28640.875
30126.625
29857.875
30590.625
27878.625
29257.125
30739.875
30999.75
30512.375
31047.625
31214.75
30214.75
29533.625
30246.375
29811.125
29553.625
28723.625
28796.5
29155.625
29691.625
28885.25
28489.875
29152.625
29396.375
29422.875
28647.125
29222.125
26514.75
27002.0
28718.125
29717.25
29773.375
29037.0
29249.625
30365.0
29272.0
28799.125
28150.125
28231.375
31187.375
30457.75
30152.625
30101.25
30037.875
30357.375
30297.0
28966.875
28484.875
29197.25
28586.625
29721.375
30214.375
29513.625
29402.5
29012.5
29915.625
29568.375
28485.75
28847.25
29313.5
