59.03338718362951
59.03338718362951
63.08386411889596
63.08386411889596
64.21393171806167
64.21393171806167
64.21393171806167
67.15581643543223
67.15581643543223
67.15581643543223
67.15581643543223
67.15581643543223
67.15581643543223
67.15581643543223
67.15581643543223
67.15581643543223
67.15581643543223
67.15581643543223
67.15581643543223
67.15581643543223
67.15581643543223
67.15581643543223
67.15581643543223
67.15581643543223
67.15581643543223
67.15581643543223
67.15581643543223
67.15581643543223
67.15581643543223
67.15581643543223
67.15581643543223
67.15581643543223
67.15581643543223
67.15581643543223
67.15581643543223
67.15581643543223
67.15581643543223
67.15581643543223
67.15581643543223
67.15581643543223
67.15581643543223
67.15581643543223
67.15581643543223
67.15581643543223
67.15581643543223
67.15581643543223
67.15581643543223
67.15581643543223
67.15581643543223
67.15581643543223
67.15581643543223
67.15581643543223
67.15581643543223
67.15581643543223
67.15581643543223
67.15581643543223
67.15581643543223
67.15581643543223
67.15581643543223
67.15581643543223
67.15581643543223
67.15581643543223
67.15581643543223
67.15581643543223
67.15581643543223
67.15581643543223
67.15581643543223
67.15581643543223
67.15581643543223
67.15581643543223
67.15581643543223
67.15581643543223
67.15581643543223
67.15581643543223
67.15581643543223
67.15581643543223
67.15581643543223
67.15581643543223
67.15581643543223
67.15581643543223
67.15581643543223
67.15581643543223
67.15581643543223
67.15581643543223
67.15581643543223
67.15581643543223
67.15581643543223
67.15581643543223
67.15581643543223
67.59656652360515
67.59656652360515
67.59656652360515
67.59656652360515
67.59656652360515
67.59656652360515
67.59656652360515
67.59656652360515
67.59656652360515
67.59656652360515
67.59656652360515
67.59656652360515
67.59656652360515
67.59656652360515
67.59656652360515
67.59656652360515
67.59656652360515
67.59656652360515
67.59656652360515
67.59656652360515
67.59656652360515
67.59656652360515
67.59656652360515
67.59656652360515
67.59656652360515
67.59656652360515
67.59656652360515
67.59656652360515
67.59656652360515
67.59656652360515
67.59656652360515
67.59656652360515
67.59656652360515
67.59656652360515
67.59656652360515
67.59656652360515
67.59656652360515
67.59656652360515
67.59656652360515
67.59656652360515
67.59656652360515
67.59656652360515
67.59656652360515
67.59656652360515
67.59656652360515
67.59656652360515
67.59656652360515
67.59656652360515
67.59656652360515
67.59656652360515
67.59656652360515
67.59656652360515
67.59656652360515
67.59656652360515
67.59656652360515
67.59656652360515
67.59656652360515
67.59656652360515
67.59656652360515
67.59656652360515
67.59656652360515
67.59656652360515
67.59656652360515
67.59656652360515
67.59656652360515
67.59656652360515
67.59656652360515
67.59656652360515
67.59656652360515
67.59656652360515
67.59656652360515
67.59656652360515
67.59656652360515
67.59656652360515
67.59656652360515
67.59656652360515
67.59656652360515
67.59656652360515
67.59656652360515
67.59656652360515
67.59656652360515
67.59656652360515
67.59656652360515
67.59656652360515
67.59656652360515
67.59656652360515
67.59656652360515
67.59656652360515
67.59656652360515
67.59656652360515
67.59656652360515
67.59656652360515
67.59656652360515
67.59656652360515
67.59656652360515
67.59656652360515
67.59656652360515
67.59656652360515
67.59656652360515
67.59656652360515
67.59656652360515
67.59656652360515
67.59656652360515
67.59656652360515
67.59656652360515
67.59656652360515
67.59656652360515
67.59656652360515
67.59656652360515
67.59656652360515
67.59656652360515
