37.91796666920325
38.77728743916997
40.921536695181715
41.20105313282098
42.350074168255986
42.350074168255986
43.88725069075205
41.97834966432746
43.52596793161156
39.8747945725001
43.74068575428455
43.15128137776661
42.080231488258306
43.73379512645294
45.054012529477625
42.45059520006815
43.74831540172054
42.53293081451306
42.7765059340847
42.7765059340847
42.7765059340847
44.68393735409442
42.612526341206426
46.50281300657958
46.45666107583563
43.51277048598794
43.60999216739398
41.99541556230741
41.66917598387055
42.78929048665891
44.826123833757414
44.04268916155419
44.05056399374581
41.7490674641456
42.9701919014476
43.90767363497307
43.64946489818956
42.95247072831911
45.99149397927752
45.44975061459909
42.650341825145865
42.58415580785274
43.07021770554995
46.81099852368809
45.044976368348834
46.5367029164607
43.121794172214344
46.983581286091805
44.81612626844092
42.07489475778583
49.65783773139032
44.977580988678405
39.6047567578488
46.56552481867939
45.13140924107345
41.97885621391802
44.482291525270355
43.916671024079065
47.94407894736841
45.42625565013881
44.874189537775095
43.98750251177744
46.80038471084636
47.36302963068996
44.756745476695386
43.37045787230378
44.92301931675514
46.52663763770909
42.95645045710191
47.73305996557001
43.89926292678557
42.66029858031111
45.56579457585365
48.4495128378705
48.4573758048474
46.025493960108626
42.22521916821955
41.36406652063884
44.359065703428776
44.51814862782752
41.19456422834989
45.643008743396315
43.27329712556082
45.99838554949811
43.53605476111295
46.87828274451263
45.1452121559633
42.753142196432776
43.78477950071483
40.06677690798391
40.71364575107818
43.99934634630122
39.59880180711058
45.118450984573826
43.4851729549467
45.134465472440034
44.929425591638335
45.887692688445775
47.59819725180517
45.507852714419705
48.534436635132174
47.575292520602574
45.23105026028902
46.71099586049388
47.42912694430507
44.530979527777134
45.02275148203039
42.84913663340788
48.4113748458693
45.24477935382191
45.390850100481835
46.79419665371012
43.80684465050245
46.91443102277782
48.04843179303389
44.98218082206717
47.718078534919215
42.99393601025958
41.36628520198292
47.78873513460931
48.531220606323714
47.650559572545056
48.962283102729586
45.47291681299898
42.65549369451498
44.81250139362722
45.65482551926026
42.43604277964137
44.59576848686578
39.7139666082942
43.64535556841964
50.09603535861583
39.59826762246117
45.1380407987878
48.42414987636791
46.73856548856549
44.43587834963846
49.441063420884056
47.35937424411011
46.05021519187004
46.917838624902345
45.203005937076334
43.665588388588006
45.68000093519124
42.670495774287176
42.619836949511104
44.84544360867128
42.250834898768524
51.73874096947099
42.74913735107099
44.54511583796234
41.28706603754399
41.75363551816702
46.3268443807366
41.56143397312071
41.92286918007995
43.013110866339986
41.79006126478191
46.04933827058904
44.26058469921724
45.00699382212378
45.16980035002072
44.389525727270666
42.0855869337495
43.242244795201294
40.58598870626198
42.63217514662601
44.676228661894264
43.651998398612136
42.12420593482139
42.768585093406955
45.17379679144385
47.8792492217995
42.930270572546995
44.65260660231749
41.328317567994596
43.30203903197255
47.14996693902612
44.838528368393696
44.185689880529246
45.55011520737327
46.60997767580305
40.43288624445341
41.62521422898466
44.7523973458768
42.75203234360736
43.23665969134187
44.24892216927615
45.86780201497367
44.879199340581
45.03226787403703
41.942502270758965
42.911233619225904
48.72365608768049
48.85218724048654
45.41941793677355
45.35894559730791
41.48131953809845
47.19458118939244
45.40024013839255
44.080800823678494
46.89983288926284
44.55068494678834
44.513540650314255
50.80022643062989
45.587314444597645
45.24342909169322
43.17623989189873
44.83306234581746
42.69858573641437
44.518372159028885
50.10656077527013
44.78780986138077
47.92704338297554
43.12746656434992
49.42484104256663
40.91102302523763
40.29482145048472
43.863517981701236
46.029344468596264
47.848388282877806
42.65605010660981
44.45996793221291
46.13981692300544
43.72768649104133
48.633734655335225
45.80425163085626
44.64759507449486
48.73954218700164
49.570222368721325
44.60076838144168
43.51393513108283
43.682103593620994
43.99600075436533
42.19936810711067
48.22543583595583
43.13232421875001
41.60612344095807
45.23702780753644
47.12233951567578
45.34688246671976
41.08078556487565
44.31005313834136
48.393750466661686
42.894135954311146
46.292452497827476
43.99610006869197
42.47638974201474
38.68065068493151
44.96697154471545
45.7114369433269
46.30961382205571
42.98138463520972
45.04997144488864
45.54290074609993
41.74581868039856
42.642336751214245
46.59809191871455
45.00120156546816
44.605049319459184
44.572730083833434
44.46833311024852
43.82092259062173
49.636185925282355
43.504088098245
44.2708689507397
44.59248224865451
48.49238630373317
48.181922591018726
47.99785900459227
44.938097180144496
48.13477139009943
50.394131073970904
50.425285377070836
45.968269451457424
45.788090264227186
45.007957605074616
51.25566076574722
44.84467320111758
47.011658694909464
47.99285208948306
44.121430567025975
45.15927581070242
44.07275102857778
51.95014093040409
45.68838804507594
44.58374533686907
47.07937300093006
48.216367066400714
48.379370960680134
50.49046435561966
44.23632201999601
50.09364693967644
51.02354349561055
46.36648350338513
47.91620397788966
45.88157401331209
46.687998859749136
46.12331742958558
46.050842769368394
48.43341903881137
47.93980101356387
47.3328034887019
48.143623252068224
48.60425172978657
48.59840136837603
47.74489870458751
45.120745040577106
43.099813191085
51.80798901673639
48.53695273798366
47.161510597679765
49.99061568084973
44.36478961110983
47.60975580955979
48.04259188738461
47.6185053473413
49.07407407407408
51.25839311790849
48.70057624413273
47.92417783191231
43.66933787882141
45.43897792806355
45.43897792806355
47.81227555661958
47.07820582469235
45.10301000275305
45.87250224384714
46.491190262740496
49.05837863686701
44.15450293056807
44.68365211195476
50.473323931065316
44.75582733321181
48.06414956932271
48.53290623789635
44.05830035106549
43.8287517500389
46.04489671647384
43.2043023281621
48.57278914887159
44.988097407626775
49.00309740777702
44.5650887240423
45.742347119540824
47.08818586375042
42.71805630752572
46.522920122112446
47.80405405405406
43.455800288865554
43.59370555932352
47.787817949310345
50.96510933247624
42.555761567412006
47.93202105745022
45.28508771929825
45.703754525283195
45.03082545343626
45.25230366734581
46.72760965015816
47.360010909780854
48.143708269774194
48.537293712918185
42.551449826238056
45.19500802384228
45.53499885531135
49.122002420757994
42.10069444444446
45.54993854444891
45.09614499953998
50.79729747432404
50.10626564152842
46.50725109007251
43.9937235786386
48.93336529242569
42.15562602645001
43.18077728343366
51.2816199023865
49.46824210605641
49.22929064548375
46.86181811682276
44.93381112984822
45.78948893266891
42.42463335143944
43.35234532342942
45.012423900009225
44.46536317335046
47.05149751819191
52.03796361882659
47.61308430415236
46.08829392583205
48.00360123959177
49.62252566516774
44.893821515503085
50.35790126697049
45.4939364354945
44.556801013153226
46.78032093396984
47.77648193830447
44.40476735928158
45.486135394083504
44.2165469012105
48.76670092497431
46.84618735328994
43.935910695415615
47.914119430723346
47.335457402234645
45.77975348438117
47.90424491865012
46.19431206581786
46.332094946909365
46.040112718347125
43.55812354069862
45.13255623767701
50.442129374862425
44.390496335173296
41.66513533379454
45.95251380241984
43.694403783357735
44.342953380631585
48.892243143675806
48.193958240230394
50.87498514308087
48.66384536744253
45.64884860868767
48.76501836957601
44.35132061379685
48.636591711886545
46.569229373336555
45.9985679023845
41.405179501233214
41.5086288391244
47.50052578186856
44.48970133296938
46.12542596842617
45.641783507604565
46.59570008030611
46.59570008030611
49.20444975602507
44.68255774263284
43.63458786971005
46.77569926743412
45.55547550432277
47.65010753972995
42.87125857243576
41.14546254030739
45.87213508845633
50.21751924804422
50.517128540074566
49.45566764676062
42.816504216405654
43.97483787573393
46.1415830994986
47.27135089472682
52.26596157448289
46.87161039440585
44.56766642693397
45.47445549569462
47.2646283637414
45.7918384029105
51.71023113528213
45.402152822692415
48.484356442992876
46.06351501803132
49.10331159543262
44.110299116247454
44.233347850004584
49.88210938970304
40.17832676376974
43.558989196682
44.28150422898758
44.14419484085895
51.32940210226003
45.518620999102595
42.48183274137668
45.53444030194237
47.6689253390978
48.29007062785904
50.71272163687809
42.31165970007757
49.15191132855079
41.46791968923038
44.088230932445065
43.07363144459233
45.2061680455373
42.86028564723953
41.3334377768654
41.595422318452954
47.03526018365905
43.70250531064537
42.360768057733196
48.56857710473049
44.44123189059891
45.95469911320012
46.26737340129311
43.2934416216094
46.294032199491596
42.08520046534675
50.14753758358892
45.24017022432488
48.356143552311444
