826413.2833333333
717308.0666666667
624854.05
623504.8
564246.55
474107.4166666667
480000.36666666664
435202.4
365867.2166666667
389258.11666666664
392328.4
364178.13333333336
347691.36666666664
315475.11666666664
290101.7833333333
282439.4166666667
312327.68333333335
312219.0
330900.73333333334
295167.06666666665
322519.88333333336
280957.63333333336
267035.56666666665
293239.76666666666
263864.0333333333
281368.88333333336
285080.68333333335
293887.95
254495.98333333334
283583.26666666666
301509.1
295870.15
329133.81666666665
307629.88333333336
290605.15
293838.98333333334
299862.31666666665
288261.3333333333
288320.4
310194.05
317615.4666666667
324116.4
320785.18333333335
277979.18333333335
300046.65
304632.3333333333
301979.61666666664
291722.3333333333
302255.98333333334
326264.31666666665
349112.95
351256.2833333333
351203.0333333333
366145.88333333336
336861.0833333333
355500.98333333334
324647.0
332345.86666666664
307214.61666666664
307055.1
318289.18333333335
326199.5833333333
300474.63333333336
323273.4
325636.06666666665
303610.95
302230.2166666667
335477.43333333335
321129.0
331246.0833333333
322876.1
344032.81666666665
325971.7166666667
338673.93333333335
320702.31666666665
313877.5833333333
313611.5
326741.0
316513.0833333333
304488.2
308918.3
281383.4666666667
310660.1666666667
284926.31666666665
292676.7833333333
276845.9
276840.8
276389.9166666667
276087.55
300122.2166666667
307714.61666666664
307014.35
307014.35
298068.5
304984.95
305639.95
296151.93333333335
311748.68333333335
295972.85
294794.6666666667
271346.26666666666
279929.9166666667
287486.0333333333
273542.38333333336
280422.01666666666
281361.5833333333
272787.86666666664
269362.6
269362.6
276030.76666666666
283840.25
280772.7
289154.85
294622.7166666667
294622.7166666667
309833.06666666665
304870.48333333334
304860.15
304860.15
301718.3333333333
302004.61666666664
309649.2166666667
302559.63333333336
309985.0833333333
309580.23333333334
300682.51666666666
300189.05
306986.51666666666
313510.8333333333
306723.5
306723.5
308422.93333333335
316305.61666666664
322189.93333333335
309666.18333333335
308789.48333333334
308769.2166666667
301867.3333333333
317179.18333333335
306237.8333333333
290525.9
291714.9
290495.65
296936.63333333336
304624.0
311931.06666666665
297208.45
310714.98333333334
293755.9166666667
300221.5
285551.6
292452.2833333333
286642.38333333336
300325.7
299608.7
299514.65
301703.15
317155.75
316770.5833333333
323604.13333333336
316365.7
297276.98333333334
297276.98333333334
296826.45
296888.2833333333
304301.0
303297.0
301632.1666666667
297341.6
296922.8333333333
288831.13333333336
295769.65
288806.73333333334
287097.68333333335
287097.68333333335
287097.68333333335
286909.01666666666
266339.6666666667
273383.65
279700.5333333333
279514.65
272447.26666666666
291022.38333333336
259720.4
277674.73333333334
268997.1
282886.13333333336
290280.61666666664
293439.31666666665
311698.35
310226.75
305278.8333333333
296666.65
298382.56666666665
298876.45
271256.36666666664
294185.85
279296.85
285713.45
285713.45
284563.5333333333
284503.11666666664
304390.45
302533.0333333333
288883.95
281972.1666666667
290791.0333333333
297232.8
294281.9166666667
303092.6666666667
303092.6666666667
303075.2166666667
305027.38333333336
315333.81666666665
323883.56666666665
321132.98333333334
321132.98333333334
311384.36666666664
290622.9
307001.01666666666
306110.98333333334
315137.8333333333
315137.8333333333
301669.15
318383.5333333333
309603.1666666667
309603.1666666667
317422.5833333333
307400.35
313854.7833333333
320030.73333333334
298319.7166666667
300192.86666666664
300192.86666666664
304588.1666666667
304588.1666666667
302397.86666666664
291564.55
297950.23333333334
297951.81666666665
286676.98333333334
291088.4666666667
303769.75
287900.56666666665
287907.98333333334
299499.63333333336
299938.38333333336
299809.9666666667
308301.01666666666
316705.0833333333
314569.6
314488.51666666666
320721.5333333333
322433.61666666664
322433.61666666664
316155.6
316188.85
315788.63333333336
314707.43333333335
314707.43333333335
321280.06666666665
322656.31666666665
324289.3
325875.4
306359.81666666665
306892.7
321330.7833333333
312892.48333333334
305295.8
311585.01666666666
317585.7
325653.95
325576.63333333336
325576.63333333336
317286.55
317149.76666666666
339368.5333333333
323623.7
336164.95
324808.45
324808.45
324801.2833333333
324762.76666666666
331533.38333333336
340883.31666666665
355599.45
338396.4166666667
331541.8
339052.9166666667
346663.2
359151.88333333336
366486.2833333333
366486.2833333333
372652.51666666666
378420.76666666666
370022.1
377614.8333333333
371850.2
378028.6666666667
384470.6666666667
384910.6
384910.6
384894.6
383530.36666666664
364079.8
364079.8
382822.7833333333
377266.05
370812.35
370826.85
371993.13333333336
379286.4666666667
379231.35
379231.35
379731.85
385829.06666666665
385829.06666666665
378942.85
378651.85
346739.06666666665
318833.85
347723.7833333333
332648.4
344824.4166666667
332337.05
344126.85
341029.68333333335
356741.76666666666
356741.76666666666
356603.61666666664
344335.7166666667
348564.3
350035.2
350035.2
348532.6666666667
362255.5333333333
334048.5
352025.76666666666
356775.65
348186.5
354308.6666666667
354150.0833333333
329617.2833333333
349449.65
349449.65
355545.55
353200.81666666665
361031.86666666664
354888.4
355191.7833333333
355003.65
346241.6666666667
352438.25
360413.38333333336
346416.0
362008.61666666664
354262.7
354262.7
360169.6
360079.76666666666
345859.3333333333
361649.9666666667
346047.36666666664
346047.36666666664
345829.7166666667
360654.3
348803.5
348778.0833333333
356362.7
362270.36666666664
339320.9166666667
339274.06666666665
351003.2
350892.88333333336
332637.9166666667
332637.9166666667
346019.3
339901.05
345532.3333333333
352879.05
348449.13333333336
354481.61666666664
348424.7166666667
354357.86666666664
347715.73333333334
359073.1
359073.1
351553.93333333335
336297.73333333334
343819.8333333333
337685.9666666667
335035.4
340810.06666666665
343239.1666666667
335487.2
341313.76666666666
347291.26666666666
325945.48333333334
331814.55
337542.9166666667
333633.61666666664
339664.35
339650.26666666666
345302.18333333335
341077.38333333336
340699.35
329009.9666666667
342364.23333333334
335786.3333333333
302284.75
321559.2166666667
312460.3
323970.51666666666
330321.68333333335
298413.0333333333
316152.2166666667
316177.0333333333
310300.95
315966.95
314146.11666666664
290086.93333333335
303670.88333333336
314865.6
316397.61666666664
316209.61666666664
316209.61666666664
314261.35
319985.3
314499.65
314499.65
320106.18333333335
319981.0333333333
314220.35
314220.35
311973.75
317717.2
294587.85
300237.6666666667
311660.73333333334
311682.45
298893.4
310290.55
298774.9666666667
310121.8
302087.23333333334
301745.5833333333
295977.8
301528.81666666665
295426.0
284006.26666666666
300794.9666666667
297182.5
302763.31666666665
302674.61666666664
296886.6666666667
296886.6666666667
302508.18333333335
298025.88333333336
303484.68333333335
303338.36666666664
286411.8
303193.2
306713.55
306476.45
289567.6666666667
306536.88333333336
312341.9
268333.35
273642.5
276871.9
288016.18333333335
292076.8333333333
290530.31666666665
299768.5833333333
256598.0
273752.38333333336
290496.73333333334
284780.6666666667
284842.75
284657.38333333336
277873.05
283541.25
283541.25
283476.7
271964.43333333335
277481.7166666667
283115.3333333333
271821.3333333333
277405.7
277206.75
282819.95
277035.1
283391.01666666666
288981.8
266578.4166666667
278106.7
278074.45
272371.4166666667
283912.9666666667
255977.86666666667
273427.0
