46.58853338994897
48.74571100496485
50.87318550168523
52.988823522735636
52.89984447113629
52.98577241127209
54.68651173842077
54.56824596558595
54.29931169144288
55.34730252069378
55.95266658459562
55.82756307438082
55.75179277225048
55.25700567230295
55.140432690335665
55.26149699365519
55.823769058591594
55.81813793412252
55.87881828999217
55.81984908927529
57.35097278886114
56.9293259114824
56.90650015586662
57.674322997444044
57.49292881692099
58.220092781920584
58.503844229015016
58.79965999487862
58.50809314513094
59.025503376221614
59.40556151368453
59.48156404690951
60.0154734892791
59.76128189146423
59.59468693876942
59.81055878562719
59.950679427350515
60.06091162798897
60.11117115728469
60.394100013364174
60.48658119186844
60.60108214934282
60.56621913916792
59.9564062535659
60.50378657628593
60.52312907553497
60.4707833072626
60.34793165377493
60.63153388390236
60.87849767976293
61.26483458808976
61.30029588926948
61.34641835479999
61.53005953334865
60.72258446977245
61.521345785151624
61.127455402768156
61.385532669580456
61.060195782407504
61.157476560012945
61.34057399230373
61.4507798466375
61.02836870782027
61.445906221023584
61.50038858082946
61.23349128502221
61.36796858164491
61.8025067480237
61.59508425339894
61.722699832590365
61.7190805030315
62.008316857010065
61.838614846957874
61.96220176924525
61.85980633247913
61.69249772148916
61.7506244688963
62.13950074806957
62.046799560676014
61.89429868541891
62.21072476978542
61.89494091796218
62.38598420187472
62.016273527619575
62.19201394818709
62.108664156695305
62.156688582294706
62.18734698886764
62.18869780822312
62.61986844259098
62.68566904269517
62.67970579429354
62.752990272763846
62.651151554941535
62.83476077032113
62.897064650779484
62.760819784086756
63.01540829176906
62.852543671777426
62.87964172310843
62.59840850874523
62.77805057172248
62.85166267586855
62.64965470578964
62.90977309824528
62.951060744702815
62.887106837251146
62.93482994969447
62.93482994969445
62.983324425406884
63.063781162371605
63.070375925799084
63.20711694533616
63.25538019516058
63.25538019516058
63.48145904030688
63.26531960090842
63.390682396245474
63.42937962357123
63.43238687904285
63.467840658044665
63.57426575628132
63.45996016247161
63.642168886619466
63.65065842912156
63.53504118791669
63.547334096737906
63.65442227109035
63.72586434708126
63.68154613671881
63.6815461367188
63.75068978140652
63.91391770745372
64.00983902601176
63.7294622162765
63.824537108449896
63.890711752163305
63.830127346801234
64.08356820028352
63.908377244630174
63.77945956492419
63.924047335202175
63.92660485831568
63.976633154558805
64.1135494445667
64.20888206138585
63.946994434854524
64.21674082945658
63.92660808712768
64.15565388761712
63.9872662567874
64.08773410989119
63.988711672215906
64.20324283070926
64.18847158240425
64.20812355815627
64.27592914859044
64.40720670762643
64.40166427439179
64.49184436293972
64.44164755712308
64.23434502109093
64.27014819178345
64.29421383791284
64.32101395333747
64.31247923521826
64.39397874006184
64.39172396583261
64.32216278498497
64.367255818751
64.26194744146125
64.39669440196273
64.35780851716946
64.35216387569761
64.3521638756976
64.35216387569761
64.3714683894838
63.69290265576501
64.1815611261595
64.33674294999507
64.37713364237928
64.41259297833041
64.62546337845393
63.95046832905838
64.42221183264259
64.30974370684032
64.5838720619693
64.6966272278253
64.80910485142729
65.00889226408509
65.00396878252273
64.95804175792343
64.87421821401266
64.89969528092499
64.87246578780363
64.42583434543012
64.8927563532976
64.63383997742639
64.85648405338716
64.87146237578496
64.87795311244692
64.8762103186385
65.12477880384412
65.11607251716951
65.0187521609012
64.80391235491128
64.99481662911786
65.12186194941707
65.10992474030574
65.22111956933813
65.22111956933813
65.25843645404913
65.31769757736868
65.49588012837876
65.60697261058294
65.56332861492776
65.56332861492774
65.46509704074596
65.0156212684955
65.38261225935815
65.46690081896776
65.65966057051672
65.65966057051673
65.3810682912294
65.75211265641481
65.6249199278644
65.6249199278644
65.76103541708319
65.62235605703385
65.69861012957378
65.81369959797117
65.45382886407529
65.51154275285856
65.51634347844463
65.7216519985661
65.7216519985661
65.71014770336768
65.47617674800469
65.70031772139909
65.70820914925945
65.53753459981634
65.58670308217812
65.72724645169245
65.3709956100907
65.41466426503607
65.68993641959676
65.7254278428763
65.5085558776235
65.79975525901499
65.94506229517765
65.92252236694216
65.8459360242056
65.99214447196512
66.05164036311291
66.05164036311292
66.04851881897154
66.08878509298965
66.09417384923938
66.09784090873137
66.09784090873137
66.1966706091705
66.22934317952482
66.2582209947211
66.3058096134452
65.84201692337516
65.90516176860558
66.32920807376708
66.28013275616217
66.05737828380043
66.31348927558724
66.37266875501803
66.49915369343606
66.53252874585154
66.53252874585154
66.37224727801714
66.37177483778433
66.76847901399732
66.36756797707851
66.74214981850382
66.46319765053785
66.50022311836993
66.51276972651524
66.5345672001447
66.69889876429191
66.9318667052557
67.13896969341414
66.83288093755401
66.71201184509255
66.9619595633774
67.11345005151341
67.28145188838204
67.34571749937906
67.34571749937905
67.37904793068404
67.37908957972752
67.20107183544675
67.33288649159459
67.20920569662555
67.37293753079844
67.46281594719265
67.47697239275007
67.47697239275007
67.48880891448374
67.38769520630431
66.87295143527277
66.87295143527277
67.32586556876966
67.21254192724162
67.05656183451394
67.15352385830477
67.21021565806934
67.35000384805825
67.37157073207469
67.37157073207469
67.40727260559702
67.42626260095948
67.42626260095948
67.31779702139548
67.30832941142187
66.42536881765788
65.85591240662444
66.84902266467459
66.3516145053573
66.93723679970107
66.62904282797832
67.09524408878185
67.07527198440698
67.42333569214601
67.43855851466513
67.48394768403726
67.31341688913649
67.4772642007983
67.51056159851468
67.51056159851468
67.51084793042453
67.76047509933568
67.03380136883939
67.55253135858743
67.68518371267916
67.5207754677055
67.7009918406132
67.70411356942728
66.93787019785825
67.66494055015748
67.68824554069083
67.78279328117823
67.73614149650656
67.88271168828312
67.80408821203451
67.86870603935593
67.86410548155054
67.73486762129322
67.86379095827913
67.96609412998056
67.67605914534148
67.99689156835542
67.76823796203588
67.80610025244806
67.95516310581608
67.96002296354243
67.6538847577687
67.99695413224646
67.6107432034748
67.65410151223416
67.71189826424711
67.98922672483644
67.74645391388633
67.76396377427407
67.93380709652816
68.07691325086934
67.56740833645215
67.73606069993251
67.946400712148
67.95646096871505
67.52056946721017
67.5426600209694
67.93397858804539
67.8005024107561
67.93590302086383
68.04373401083477
67.90992997002279
68.09022981332677
67.95542549601684
68.07216802762511
67.87986139113461
68.11588876796114
68.11861142457752
68.02163730682074
67.70193261379112
67.92560685145564
67.86858186514658
67.83601206679836
68.01261936123088
68.0816466159005
67.94831546057866
68.05965579444636
68.14578342432547
67.59368687686803
67.92505714431749
68.04694207857851
68.00314759991718
68.09270564841182
68.10253117725202
68.18239268909464
68.12477148626883
68.13726279477787
67.61349166965437
68.20281758104531
68.06812178470689
67.29917940698641
67.90454647605564
67.80176409764294
68.03440953325374
68.1581214698169
67.27280122893656
67.96322183635196
68.07146793494962
68.06447356075033
68.13230090979468
68.14910185716732
67.3437669570842
67.880884711171
68.14176626485536
68.20060906284563
68.26009162967858
68.26009162967858
68.2480536472005
68.3425759225667
68.15403737788328
68.25395620458504
68.32661933682935
68.30174653422142
68.15076357661026
68.2067250262084
68.20115554317879
68.30354832490454
67.38360841702281
67.82253256598068
68.17071604524733
68.21886481015919
67.88391008473282
68.2055947106727
68.03296186634256
68.25950103379066
68.15522469305444
68.12915420908135
68.10488481327948
68.16896397191478
68.09180325108005
67.84449797192741
68.18933027176973
68.12896272521071
68.23465035281383
68.23788778005871
68.15066847801678
68.15066847801678
68.21131001921411
68.19509913829897
68.2299749293846
68.20290826806813
67.80347935987992
68.23908264660372
68.28116308768409
68.27210903842635
67.72895887269767
68.29562019142652
68.40785929980787
66.63429800650894
67.05379402809422
67.2694416731571
67.78468728300294
68.04938770755736
68.12672546966033
68.37050531714176
66.75346367249011
67.74346446635553
68.37473604481595
68.27865596149307
68.32031610162527
68.3298749263993
68.15509855204274
68.33672886853661
68.33672886853664
68.3719007300137
67.98177404429529
68.21681474000934
68.37013464064047
68.15140474375472
68.3091177252059
68.34341260753426
68.46508414355345
68.28268258404208
68.43595632188483
68.52217046076254
67.71728890546864
68.37553358793919
68.38034958972995
68.18340725559547
68.52559312969082
67.53706430236221
68.23629735883404
