38.99968715782888
38.99968715782888
47.62341928806085
47.62341928806085
50.49609833864743
52.93878656554713
52.93878656554713
53.3007551325415
54.058801069110345
53.43084667436871
46.73762484508274
46.73762484508274
54.56206834693694
49.53277517657328
49.53277517657328
49.40901066850871
48.05901261023654
48.05901261023654
51.81241718720425
51.81241718720425
49.937916141803136
50.54878291701526
51.19863535288921
52.121883603365085
48.671160372657965
52.1353939469475
48.97601760176018
48.97601760176018
50.5712245626562
53.701224177505736
53.701224177505736
53.97996030070108
53.482334686082595
51.92749967072936
52.50022067261011
52.50022067261011
56.46035981750882
54.92806710198015
54.92806710198015
48.68330333718359
48.68330333718359
54.88881113443745
52.71381902625261
51.26255981444123
51.26255981444123
52.83033766643965
50.820776159609395
50.820776159609395
50.53250204415372
50.84013576818424
49.30360536691913
49.30360536691913
49.488503050211165
49.488503050211165
47.54267202232147
47.54267202232147
53.25261375275065
54.49033589408304
50.16923007123089
50.16923007123089
54.84328176885074
54.84328176885074
54.426493844770384
51.88915307383219
51.94864497493842
51.94864497493842
53.60724261972227
52.127280352275115
52.41473663637252
52.41473663637252
51.52518505832429
49.50486263931285
49.50486263931285
54.83089770354906
54.45641828620552
53.951943739011526
50.40178571428571
47.15064599275717
51.67331466236668
53.34389889569555
53.85726606295817
53.416633326152294
52.69481838083069
52.26362706415315
52.5783772366555
54.25579671562947
53.87038657002416
52.67399617590822
52.67399617590822
51.64809656453111
51.64809656453111
50.190080657096345
50.190080657096345
51.85143181173802
51.85143181173802
48.91576467123187
48.91576467123187
49.91274978891079
51.33594417678603
51.33594417678603
54.31881463802705
53.273241006049034
51.97813773979753
51.207617278216446
48.281496407920095
48.281496407920095
50.79591684395178
47.39564093091984
47.39564093091984
51.86767135431357
51.86767135431357
52.761247664223085
52.706736174997445
51.015582311156344
49.47739238154227
49.3194468190194
49.3194468190194
49.85974363737693
49.85974363737693
48.29133182492003
48.29133182492003
45.20674964497535
47.32451403887689
49.37490500075999
47.50115473441109
47.50115473441109
49.232145900801086
48.433714383211054
48.564254326966186
52.48066349827602
51.88139628358532
51.30533137686476
53.933314225661604
53.933314225661604
53.14074338529891
52.33724195188388
49.943959650948685
46.54415437600231
49.03481710004408
50.823393612928044
51.22865275142315
53.573370933628766
52.69290523045054
52.47795083505348
47.15336274903061
47.15336274903061
48.277087033747776
48.277087033747776
54.36339821125233
54.36339821125233
49.51608229498696
51.73513625103221
51.73513625103221
55.86927293411934
54.452561092268894
52.24562057398434
51.586886389397506
48.59996216113949
52.78762074806574
52.48812568505663
52.48812568505663
51.90342286434598
52.35967606813739
52.35967606813739
48.58338900022266
48.58338900022266
53.04473558232461
56.77519317450097
48.82275628989861
48.82275628989861
46.369389624448324
46.369389624448324
52.63481852116591
49.51022876146327
49.51022876146327
51.22373523311389
49.88072699734949
49.88072699734949
50.779917600843156
50.779917600843156
52.07197382769901
53.224973431463106
49.351180516824684
49.351180516824684
46.65932949542838
51.605819665306804
50.64331730333
46.22062663185379
51.755651755651755
47.638748738647834
51.981179803703334
51.981179803703334
52.03630683658113
50.61974124672035
52.52111099806696
49.16659076418618
50.81209461364918
51.18981941226232
49.72636089200506
50.58463505983374
54.67303719008264
50.82629558541267
48.74922982131855
48.74922982131855
51.05317403138009
51.05317403138009
51.199342876392464
53.67529880478088
51.4348192360775
52.64923447445382
53.048631361113735
50.99765580645752
48.515607642746055
52.743433982490615
47.77466570292735
47.77466570292735
48.71227190175559
53.68221252540257
51.272657889715695
52.96620398310199
52.96620398310199
51.08219089198482
51.08219089198482
52.411291535107495
51.34036287641303
52.88655711740249
49.79168438057989
51.896838602329446
51.896838602329446
52.22072158981284
52.22072158981284
49.42355620102917
50.538692917692096
50.07241164340863
49.58274531940916
53.53650103724192
48.07106598984772
52.24157516092389
49.44674835061263
49.44674835061263
52.185902998746506
51.05980704766577
51.05980704766577
49.12237795127458
48.88898184556179
48.70744772766545
48.70744772766545
52.34358212580697
55.045564051534505
52.528321369354344
52.634593356242846
51.35553103812461
49.69738676265594
53.520697167756
51.509382151029754
51.509382151029754
49.18691258962071
53.41264445955132
52.90201270170188
52.66104868913858
50.840929138488676
50.78263053559735
50.78263053559735
51.69620445729064
48.46371004462253
48.46371004462253
52.990153066198694
49.077883189208855
49.077883189208855
49.227944637981366
49.6131844184146
49.6131844184146
50.744082266201005
50.744082266201005
47.20417314908026
48.5377358490566
48.41728794020655
48.41728794020655
45.93279258400927
52.307252945674314
49.0802192326856
49.30586488492948
49.605623839419934
52.78281911675741
50.99655734734553
51.34010585793587
51.34010585793587
53.8786124827977
49.63078118927322
43.335980306519495
46.17869591090708
52.545271629778675
51.029142228739005
49.21635277905375
49.21635277905375
53.68826675055049
47.09941319265249
47.09941319265249
54.19769324160258
48.241113640343194
53.33351376709609
52.798739134587834
50.90264581201579
50.504224584355406
47.13128570090833
47.13128570090833
52.76256541316783
50.80093768314123
49.313875168387966
52.40465162116882
52.39440868865647
50.47073522683279
50.291288321496
50.291288321496
51.803665648431
49.967139329244006
54.58725597066693
47.60377694637448
48.563793606063555
53.07764617409286
46.30129223794917
54.0817754673598
54.0817754673598
52.00763969085902
54.02931510715942
47.682161375420726
47.57632398753894
48.482310542612055
50.98831985624438
51.22999005155104
50.376690569120456
50.376690569120456
49.06719291490181
50.13082734475769
50.13082734475769
51.359358986303924
54.86508502189186
53.16471515640922
52.47538677918425
51.04307956824911
49.536097964089855
47.708773230605566
47.708773230605566
51.98073895731086
52.16617072717129
48.62075264888564
48.62075264888564
51.7994834018942
49.166470772606175
51.5009225092251
52.78307873090482
53.07294054714962
52.805016827679715
48.332706059465565
46.27179993418888
48.807189542483655
46.374189143052234
53.2615023335208
49.024026928731715
51.00366876310272
53.61310951239009
49.450471906148
52.31995277449822
51.46419437340154
51.16763094078784
51.172945205479444
49.46114173928508
49.46114173928508
46.09484322363306
50.36101414661032
51.988338300697286
51.757206208425714
52.44282744282745
54.032590759075916
53.63491920736277
49.36030290952571
49.36030290952571
54.37052784913535
46.42182422731051
49.18583752695903
49.83540161047287
48.4898694281855
48.4898694281855
50.76396528541743
49.93362219968655
48.43548692686623
52.22026259063297
45.765712599586905
45.765712599586905
49.01719682794261
50.53070442108921
48.009843982169386
47.99302068261129
47.99302068261129
51.48977806635464
52.93020850345691
50.827882960413085
50.827882960413085
47.39721744567767
51.335358087586954
51.6171398780879
