474050.0
467484.0
404272.0
434780.0
420398.0
420398.0
464860.0
464860.0
412330.0
418368.0
418368.0
375092.0
375092.0
377154.0
377154.0
275466.0
301438.0
301438.0
357080.0
277338.0
216430.0
419492.0
419492.0
364084.0
364084.0
290052.0
290052.0
315036.0
359946.0
359946.0
263960.0
280228.0
294910.0
411204.0
342132.0
340942.0
347000.0
347000.0
228298.0
452722.0
452722.0
338044.0
280782.0
277256.0
321616.0
321616.0
275270.0
286054.0
286054.0
242086.0
244238.0
263062.0
263062.0
332482.0
332482.0
240100.0
240100.0
240378.0
240378.0
277426.0
307522.0
307522.0
393006.0
393006.0
314352.0
272000.0
272000.0
249038.0
314996.0
314996.0
261820.0
275530.0
319140.0
217008.0
245652.0
245652.0
249792.0
300522.0
293434.0
384316.0
311554.0
288994.0
372104.0
298016.0
244698.0
317008.0
317008.0
250064.0
337870.0
358806.0
347066.0
315484.0
315484.0
271535.0
244400.0
264674.0
249818.0
245514.0
349876.0
349876.0
317262.0
317262.0
314584.0
314584.0
296536.0
296536.0
249888.0
283314.0
418968.0
418968.0
262136.0
248012.0
247546.0
252742.0
391352.0
342010.0
224490.0
276406.0
277010.0
277010.0
264562.0
264076.0
282626.0
327936.0
327936.0
301254.0
261866.0
262616.0
262616.0
275910.0
266554.0
302428.0
271762.0
286418.0
277066.0
281709.0
347226.0
312310.0
235106.0
253812.0
236010.0
302650.0
316162.0
258564.0
402664.0
402664.0
242234.0
391082.0
275324.0
417082.0
417082.0
285440.0
296280.0
328562.0
271704.0
312342.0
312342.0
298762.0
308018.0
308018.0
286034.0
292594.0
292594.0
267156.0
309844.0
309844.0
280058.0
244346.0
286696.0
286696.0
345297.0
345297.0
257138.0
269504.0
289028.0
306294.0
306294.0
259040.0
259040.0
235334.0
278996.0
239810.0
231346.0
215848.0
234750.0
242146.0
219682.0
285928.0
300034.0
288794.0
328304.0
253116.0
265726.0
313522.0
313522.0
374032.0
374032.0
290828.0
299338.0
274460.0
261306.0
267400.0
335150.0
223842.0
238878.0
238948.0
309076.0
309076.0
287344.0
269696.0
269338.0
317332.0
457866.0
299022.0
220500.0
233372.0
278278.0
502366.0
437080.0
266634.0
244248.0
245228.0
282828.0
282047.0
235346.0
345828.0
303794.0
225646.0
245970.0
317010.0
269856.0
270310.0
264416.0
251322.0
251322.0
241553.0
241553.0
280728.0
280728.0
241104.0
247716.0
286250.0
285364.0
424110.0
426602.0
306698.0
286644.0
266692.0
266692.0
273184.0
421842.0
454200.0
332802.0
332802.0
374512.0
374512.0
316448.0
316448.0
303664.0
303930.0
236960.0
271720.0
327052.0
327052.0
383364.0
383364.0
312236.0
312236.0
311416.0
311416.0
230904.0
263956.0
317572.0
289290.0
314334.0
314334.0
294762.0
294762.0
303830.0
243700.0
257438.0
278878.0
328702.0
328702.0
456622.0
456622.0
278454.0
270546.0
276224.0
263732.0
262042.0
262042.0
219802.0
294617.0
294617.0
307338.0
437536.0
437536.0
429052.0
333596.0
263950.0
240356.0
240356.0
239960.0
419212.0
419212.0
310230.0
346066.0
332674.0
311888.0
340974.0
455636.0
277424.0
290411.0
302320.0
341970.0
333270.0
227770.0
252998.0
277710.0
330137.0
279250.0
299890.0
290930.0
284114.0
191304.0
304904.0
218326.0
263534.0
263534.0
311524.0
311524.0
372464.0
253580.0
262166.0
274406.0
290768.0
349350.0
261954.0
246818.0
238314.0
358868.0
358868.0
292914.0
292914.0
213976.0
254714.0
223018.0
276312.0
276312.0
231880.0
237796.0
237796.0
227706.0
227706.0
234088.0
247330.0
247330.0
287958.0
290606.0
267720.0
227750.0
237972.0
304712.0
278252.0
246804.0
232372.0
255442.0
247394.0
274060.0
254712.0
235308.0
254956.0
230570.0
246636.0
284762.0
285172.0
285170.0
285170.0
248868.0
301764.0
266802.0
341634.0
263726.0
359812.0
264396.0
260848.0
247012.0
257054.0
236484.0
326718.0
242936.0
367264.0
367264.0
233102.0
319712.0
319712.0
387286.0
387286.0
298936.0
298936.0
