467484.0
380998.0
404272.0
418400.0
420398.0
344004.0
464860.0
412330.0
389912.0
418368.0
368892.0
375092.0
344338.0
377154.0
274800.0
271232.0
301438.0
297910.0
257664.0
204714.0
216430.0
419492.0
236224.0
364084.0
286598.0
290052.0
267084.0
315036.0
359946.0
242582.0
263960.0
280228.0
294910.0
335284.0
340942.0
302028.0
347000.0
221240.0
228298.0
452722.0
338044.0
233042.0
277256.0
240544.0
321616.0
268552.0
275270.0
286054.0
215743.0
208250.0
244238.0
263062.0
185958.0
332482.0
205480.0
240100.0
224584.0
240378.0
221610.0
277426.0
307522.0
276432.0
393006.0
314352.0
244952.0
272000.0
224044.0
249038.0
314996.0
261820.0
242744.0
275530.0
195972.0
165406.0
245652.0
197352.0
249792.0
248140.0
293434.0
311554.0
288994.0
281802.0
288790.0
219208.0
209462.0
317008.0
245526.0
250064.0
337870.0
347066.0
277210.0
315484.0
259252.0
244400.0
216120.0
249818.0
184136.0
214770.0
349876.0
257105.0
317262.0
254388.0
314584.0
256168.0
296536.0
224438.0
199574.0
283314.0
418968.0
262136.0
239721.0
185836.0
247546.0
252742.0
330634.0
224490.0
206956.0
276406.0
277010.0
264562.0
264076.0
241684.0
282626.0
327936.0
301254.0
238926.0
245940.0
262616.0
233188.0
231002.0
266554.0
264640.0
271762.0
225140.0
277066.0
281709.0
312310.0
209750.0
231334.0
230164.0
236010.0
243008.0
258564.0
230700.0
402664.0
242234.0
216928.0
250948.0
275324.0
417082.0
285440.0
220672.0
296280.0
271704.0
219990.0
312342.0
244450.0
298762.0
308018.0
242482.0
283264.0
292594.0
267156.0
248304.0
309844.0
280058.0
210250.0
222324.0
286696.0
247710.0
345297.0
194886.0
257138.0
260434.0
289028.0
306294.0
192714.0
259040.0
192548.0
198152.0
197803.0
199196.0
199686.0
215848.0
234750.0
219682.0
182610.0
231592.0
239260.0
161286.0
253116.0
194780.0
230608.0
313522.0
247320.0
374032.0
175974.0
266698.0
274460.0
222878.0
162168.0
267400.0
223842.0
212945.0
217156.0
213904.0
309076.0
255002.0
247284.0
144748.0
269338.0
317332.0
291600.0
220500.0
165622.0
215278.0
224285.0
437080.0
266634.0
220298.0
244248.0
216976.0
282047.0
197488.0
235346.0
303794.0
192876.0
215164.0
208610.0
162098.0
229600.0
224348.0
158503.0
251322.0
196388.0
241553.0
198698.0
280728.0
185522.0
241104.0
247716.0
263604.0
285364.0
284538.0
306698.0
286644.0
159966.0
266692.0
216430.0
225754.0
314970.0
209558.0
332802.0
233048.0
374512.0
295714.0
316448.0
303664.0
192356.0
236960.0
199646.0
239931.0
327052.0
237604.0
383364.0
211594.0
312236.0
296540.0
311416.0
163812.0
230904.0
263956.0
269163.0
236104.0
314334.0
199146.0
294762.0
211058.0
243700.0
226148.0
257438.0
278878.0
328702.0
273150.0
456622.0
235174.0
270546.0
246092.0
263732.0
224658.0
262042.0
205800.0
214734.0
294617.0
184624.0
307338.0
437536.0
429052.0
333596.0
263950.0
205128.0
240356.0
236178.0
191102.0
419212.0
287748.0
214930.0
332674.0
311888.0
191392.0
265146.0
226140.0
265888.0
276112.0
302320.0
333270.0
227770.0
220178.0
216104.0
199400.0
219672.0
231494.0
275178.0
284114.0
190212.0
172546.0
156032.0
213424.0
263534.0
135088.0
311524.0
244874.0
227582.0
197798.0
166440.0
190814.0
290768.0
203166.0
246818.0
232048.0
219846.0
358868.0
213610.0
292914.0
197520.0
173018.0
164948.0
209168.0
276312.0
227008.0
231880.0
237796.0
159326.0
227706.0
215983.0
200890.0
247330.0
224554.0
227046.0
267720.0
227750.0
191962.0
237972.0
278252.0
190015.0
175572.0
220882.0
197488.0
247394.0
254712.0
235308.0
197876.0
192812.0
230570.0
165744.0
284762.0
240732.0
285170.0
197880.0
248868.0
224552.0
194082.0
223422.0
263726.0
264396.0
260848.0
226010.0
176164.0
234129.0
236484.0
242936.0
195942.0
367264.0
154396.0
179970.0
319712.0
252272.0
387286.0
187506.0
298936.0
210394.0
