67.88717589348283
70.05427558706248
70.05427558706248
71.62721893491124
71.62721893491124
74.1080995902931
74.1080995902931
74.1080995902931
74.56766175697001
74.56766175697001
75.7558336151505
75.7558336151505
75.7558336151505
75.76491660793987
75.76491660793987
75.76491660793987
75.76491660793987
75.76491660793987
75.76491660793987
75.76491660793987
75.76491660793987
75.76491660793987
75.76491660793987
75.76491660793987
75.76491660793987
75.76491660793987
75.76491660793987
76.01275487290039
76.01275487290039
76.01275487290039
76.01275487290039
76.01275487290039
76.01275487290039
76.01275487290039
76.01275487290039
76.01275487290039
76.01275487290039
76.01275487290039
76.01275487290039
76.01275487290039
76.01275487290039
76.01275487290039
76.01275487290039
76.01275487290039
76.33476369793036
76.33476369793036
76.33476369793036
76.33476369793036
76.33476369793036
76.33476369793036
76.33476369793036
76.33476369793036
76.33476369793036
76.33476369793036
76.33476369793036
76.33476369793036
76.33476369793036
76.55077794319409
76.55077794319409
76.55077794319409
76.55077794319409
76.55077794319409
76.55077794319409
76.55077794319409
76.55077794319409
76.55077794319409
76.55077794319409
76.55077794319409
76.55077794319409
76.55077794319409
76.55077794319409
76.55077794319409
76.55077794319409
76.55077794319409
76.55077794319409
78.93975269665877
78.93975269665877
78.93975269665877
78.93975269665877
78.93975269665877
78.93975269665877
78.93975269665877
78.93975269665877
78.93975269665877
78.93975269665877
78.93975269665877
78.93975269665877
78.93975269665877
78.93975269665877
78.93975269665877
78.93975269665877
78.93975269665877
78.93975269665877
78.93975269665877
78.93975269665877
78.93975269665877
78.93975269665877
78.93975269665877
78.93975269665877
78.93975269665877
79.65706961768107
79.65706961768107
79.65706961768107
79.65706961768107
79.65706961768107
79.65706961768107
79.65706961768107
79.65706961768107
79.65706961768107
79.65706961768107
79.65706961768107
79.65706961768107
79.65706961768107
79.65706961768107
79.65706961768107
79.65706961768107
79.65706961768107
79.65706961768107
79.65706961768107
79.65706961768107
79.65706961768107
79.65706961768107
79.65706961768107
79.65706961768107
79.65706961768107
79.65706961768107
79.65706961768107
79.65706961768107
79.65706961768107
79.65706961768107
79.65706961768107
79.65706961768107
79.65706961768107
79.65706961768107
79.65706961768107
79.65706961768107
79.65706961768107
79.65706961768107
79.65706961768107
79.65706961768107
79.65706961768107
79.65706961768107
79.65706961768107
79.65706961768107
79.65706961768107
79.65706961768107
79.65706961768107
79.65706961768107
79.65706961768107
79.65706961768107
79.65706961768107
79.65706961768107
79.65706961768107
79.65706961768107
79.65706961768107
79.65706961768107
79.65706961768107
79.65706961768107
79.65706961768107
79.65706961768107
79.65706961768107
79.65706961768107
79.65706961768107
79.65706961768107
79.65706961768107
79.65706961768107
79.65706961768107
79.65706961768107
79.65706961768107
79.65706961768107
79.65706961768107
79.65706961768107
79.65706961768107
79.65706961768107
79.65706961768107
79.65706961768107
79.65706961768107
79.65706961768107
79.65706961768107
79.8336309803553
79.8336309803553
79.8336309803553
79.8336309803553
79.8336309803553
79.8336309803553
80.10552155062484
80.10552155062484
80.10552155062484
80.10552155062484
80.10552155062484
80.10552155062484
80.10552155062484
80.10552155062484
80.10552155062484
80.10552155062484
80.10552155062484
80.10552155062484
80.10552155062484
80.10552155062484
80.10552155062484
80.10552155062484
80.10552155062484
80.10552155062484
80.10552155062484
80.10552155062484
80.10552155062484
80.10552155062484
80.10552155062484
80.10552155062484
80.10552155062484
80.10552155062484
80.10552155062484
80.10552155062484
80.10552155062484
80.10552155062484
80.10552155062484
80.10552155062484
80.10552155062484
80.10552155062484
80.10552155062484
80.10552155062484
80.10552155062484
80.10552155062484
80.10552155062484
80.10552155062484
80.10552155062484
80.10552155062484
80.10552155062484
80.10552155062484
80.10552155062484
80.10552155062484
80.10552155062484
80.10552155062484
80.10552155062484
80.10552155062484
80.10552155062484
80.10552155062484
80.10552155062484
80.10552155062484
80.10552155062484
80.10552155062484
80.10552155062484
80.10552155062484
80.10552155062484
80.10552155062484
80.10552155062484
80.10552155062484
80.10552155062484
80.10552155062484
80.10552155062484
80.10552155062484
80.10552155062484
80.10552155062484
80.10552155062484
80.10552155062484
80.10552155062484
80.10552155062484
80.10552155062484
80.10552155062484
80.10552155062484
80.10552155062484
80.10552155062484
80.10552155062484
80.10552155062484
80.10552155062484
80.10552155062484
80.10552155062484
80.10552155062484
80.10552155062484
80.10552155062484
80.10552155062484
80.10552155062484
80.10552155062484
80.10552155062484
80.10552155062484
80.10552155062484
80.10552155062484
80.10552155062484
80.10552155062484
80.10552155062484
80.10552155062484
80.10552155062484
80.10552155062484
80.10552155062484
80.10552155062484
80.10552155062484
80.10552155062484
80.10552155062484
80.10552155062484
80.10552155062484
80.10552155062484
80.10552155062484
80.10552155062484
80.10552155062484
80.10552155062484
80.10552155062484
80.10552155062484
80.10552155062484
80.10552155062484
80.10552155062484
80.10552155062484
80.10552155062484
80.10552155062484
80.10552155062484
80.10552155062484
80.10552155062484
80.10552155062484
80.10552155062484
80.10552155062484
80.10552155062484
80.10552155062484
80.10552155062484
80.10552155062484
80.10552155062484
80.10552155062484
80.10552155062484
80.10552155062484
80.10552155062484
80.10552155062484
80.5175637115025
80.5175637115025
80.5175637115025
80.5175637115025
80.5175637115025
80.5175637115025
80.5175637115025
80.5175637115025
80.5175637115025
80.5175637115025
80.5175637115025
80.5175637115025
80.5175637115025
80.5175637115025
80.5175637115025
80.5175637115025
80.5175637115025
80.5175637115025
80.5175637115025
80.5175637115025
80.5175637115025
80.5175637115025
80.5175637115025
80.5175637115025
80.5175637115025
80.5175637115025
80.5175637115025
80.5175637115025
80.5175637115025
80.5175637115025
80.5175637115025
80.5175637115025
80.5175637115025
80.5175637115025
80.5175637115025
80.5175637115025
80.5175637115025
80.5175637115025
80.5175637115025
80.5175637115025
80.5175637115025
80.5175637115025
80.5175637115025
80.5175637115025
80.5175637115025
80.5175637115025
80.5175637115025
80.5175637115025
80.5175637115025
80.5175637115025
80.5175637115025
80.5175637115025
80.5175637115025
80.5175637115025
80.5175637115025
80.5175637115025
80.5175637115025
80.5175637115025
80.5175637115025
80.5175637115025
80.5175637115025
80.5175637115025
80.5175637115025
80.5175637115025
80.5175637115025
80.5175637115025
80.5175637115025
80.5175637115025
80.5175637115025
80.5175637115025
80.5175637115025
80.5175637115025
80.5175637115025
80.5175637115025
80.5175637115025
80.5175637115025
80.5175637115025
80.5175637115025
80.5175637115025
80.5175637115025
80.5175637115025
80.5175637115025
