2216410.0
2216410.0
2189765.0
2092425.0
1885440.0
1866065.0
1866065.0
1866065.0
1866065.0
1866065.0
1866065.0
1866065.0
1866065.0
1866065.0
1595375.0
1584535.0
1580585.0
1580585.0
1580585.0
1580585.0
1580585.0
1580585.0
1580585.0
1580585.0
1575870.0
1575870.0
1465405.0
1465405.0
1465405.0
1413350.0
1053300.0
1053300.0
1053300.0
1053300.0
1053300.0
1028470.0
1028470.0
1028470.0
846000.0
846000.0
846000.0
846000.0
846000.0
846000.0
846000.0
790770.0
790770.0
790770.0
706330.0
706330.0
706330.0
706330.0
706330.0
706330.0
706330.0
706330.0
660450.0
660450.0
660450.0
660450.0
660450.0
660450.0
660450.0
660450.0
590125.0
554960.0
554960.0
554960.0
554960.0
554960.0
554960.0
554960.0
554960.0
554960.0
554960.0
554960.0
554960.0
554960.0
554960.0
554960.0
554960.0
554960.0
542695.0
542695.0
542695.0
542695.0
542695.0
542695.0
542695.0
542695.0
527445.0
527445.0
527445.0
527445.0
527445.0
527445.0
527445.0
493400.0
464900.0
57110.0
57110.0
55470.0
48690.0
48690.0
48690.0
31625.0
31625.0
31625.0
31625.0
31625.0
31625.0
31625.0
31625.0
31625.0
31625.0
31625.0
31625.0
31625.0
31625.0
31625.0
31625.0
30305.0
30305.0
30305.0
30305.0
30305.0
30305.0
30305.0
30305.0
30305.0
30305.0
30305.0
30305.0
30305.0
30305.0
30305.0
30305.0
30305.0
30305.0
30305.0
30305.0
30305.0
30305.0
30305.0
30305.0
30305.0
30305.0
30305.0
30305.0
30305.0
30305.0
30305.0
30305.0
30305.0
30305.0
30305.0
30305.0
30305.0
30305.0
30305.0
30305.0
30305.0
30305.0
30305.0
30305.0
30305.0
25960.0
25960.0
25960.0
25960.0
25960.0
25960.0
25960.0
25960.0
25960.0
25960.0
25960.0
25960.0
25960.0
25960.0
25960.0
25960.0
25960.0
25960.0
25960.0
25960.0
25960.0
25960.0
25960.0
25960.0
25960.0
25960.0
25960.0
25960.0
25960.0
25960.0
25960.0
25960.0
25330.0
25330.0
25330.0
25330.0
25330.0
25330.0
25330.0
25330.0
25050.0
25050.0
25050.0
25050.0
25050.0
25050.0
25050.0
25050.0
25050.0
25050.0
25050.0
25050.0
25050.0
25050.0
25050.0
25050.0
25050.0
25050.0
25050.0
25050.0
25050.0
25050.0
25035.0
24420.0
24420.0
24420.0
24420.0
24420.0
24420.0
24420.0
24420.0
23655.0
23655.0
23655.0
23655.0
23655.0
23655.0
23655.0
23655.0
22590.0
21105.0
21105.0
21105.0
21105.0
21105.0
21105.0
21105.0
21105.0
21105.0
21105.0
21105.0
21105.0
21105.0
21105.0
21105.0
21105.0
21105.0
21105.0
21105.0
21105.0
21105.0
21105.0
21105.0
21105.0
21105.0
21105.0
21105.0
21105.0
21105.0
21105.0
21105.0
21105.0
21105.0
21105.0
21105.0
21105.0
21105.0
21105.0
21105.0
21105.0
21105.0
21105.0
21105.0
21105.0
21105.0
21105.0
21105.0
21105.0
21105.0
21105.0
21105.0
21105.0
21105.0
21105.0
21105.0
21105.0
21105.0
21105.0
21105.0
21105.0
21105.0
21105.0
21105.0
21105.0
21105.0
21105.0
21105.0
21105.0
21105.0
21105.0
21105.0
21105.0
21105.0
21105.0
21105.0
21105.0
21105.0
21105.0
21105.0
21105.0
21105.0
21105.0
21105.0
21105.0
21105.0
21105.0
20905.0
20905.0
20905.0
20905.0
20605.0
20605.0
20605.0
20605.0
20605.0
20605.0
20605.0
20605.0
20605.0
20605.0
20605.0
20605.0
20605.0
20605.0
20605.0
20605.0
20605.0
20605.0
20605.0
20605.0
20605.0
20605.0
20605.0
20605.0
20605.0
20605.0
20605.0
20605.0
20605.0
20605.0
20605.0
20605.0
20605.0
20605.0
20605.0
20605.0
20605.0
20605.0
20605.0
20605.0
20605.0
20605.0
20605.0
20605.0
20605.0
20605.0
20605.0
20605.0
20605.0
20605.0
20605.0
20605.0
20605.0
20605.0
20605.0
20605.0
20605.0
20605.0
20605.0
20605.0
20605.0
20605.0
20605.0
20605.0
20605.0
20605.0
20605.0
20605.0
20605.0
20605.0
20605.0
20605.0
20605.0
20605.0
20605.0
20605.0
20605.0
20605.0
20605.0
20605.0
20605.0
20605.0
20605.0
20605.0
20605.0
20605.0
20605.0
20605.0
20605.0
20605.0
20605.0
20605.0
20605.0
20605.0
20605.0
20605.0
20605.0
20605.0
20605.0
20605.0
20605.0
20605.0
20605.0
20605.0
20605.0
20605.0
20605.0
20605.0
20605.0
20605.0
20605.0
20605.0
20605.0
20605.0
20605.0
20605.0
20605.0
20605.0
20605.0
20605.0
20605.0
20605.0
20605.0
20605.0
20605.0
20605.0
20605.0
20605.0
20605.0
20605.0
20605.0
20605.0
20605.0
20605.0
20605.0
20605.0
20605.0
20605.0
20605.0
20605.0
20605.0
20605.0
20605.0
20605.0
20605.0
20605.0
20605.0
20605.0
20605.0
20605.0
20605.0
20605.0
20605.0
20605.0
20605.0
20605.0
20605.0
20605.0
20605.0
20605.0
20605.0
20605.0
20605.0
20605.0
20605.0
