3134914.75
2970331.5833333335
2746573.5
2708214.0
2694102.0833333335
2661918.5833333335
2589205.8333333335
2582715.5
2650457.0833333335
2609563.5
2542543.9166666665
2520701.9166666665
2537389.1666666665
2530269.9166666665
2548619.0833333335
2558691.0833333335
2464460.4166666665
2429640.1666666665
2409257.1666666665
2412460.25
2407613.75
2324373.5833333335
2345675.9166666665
2417589.5833333335
2402843.4166666665
2372959.0
2454355.0
2487951.9166666665
2432810.0833333335
2436248.0833333335
2378229.8333333335
2257547.6666666665
2195487.4166666665
2145261.8333333335
2154484.4166666665
2288043.8333333335
2221621.6666666665
2213414.5833333335
2200311.3333333335
2071329.6666666667
2075213.1666666667
2075290.75
2094852.25
2150627.5
2236285.5
2142321.3333333335
2127751.8333333335
1830785.5833333333
2077880.0
2004468.0833333333
1957087.5833333333
2049338.75
1959854.4166666667
1943364.5
1959855.6666666667
1933981.0833333333
1858490.9166666667
2029422.0
2108474.4166666665
2092608.1666666667
2122007.4166666665
1967018.0833333333
1976696.75
1869861.5833333333
1885439.0833333333
2040851.0833333333
1881455.0
1998452.5833333333
1995770.1666666667
2049693.1666666667
2117550.1666666665
2201795.6666666665
2105779.5
2118966.75
2023623.0
1980562.25
2041513.1666666667
2024196.4166666667
2064654.75
2052926.3333333333
2108177.1666666665
2142498.0
1994403.0833333333
1907335.3333333333
1926984.5833333333
1881320.1666666667
1766338.0
1999158.25
1820051.0833333333
1760308.75
1876627.6666666667
1987918.9166666667
1854244.6666666667
1911496.3333333333
1826151.0833333333
2027488.9166666667
1893263.5
1756230.0
1840960.25
1855090.6666666667
1628492.6666666667
1665512.0
1510322.0833333333
1525174.3333333333
1521547.3333333333
1398397.6666666667
1476565.5
1524915.0833333333
1640549.3333333333
1587701.4166666667
1460162.5
1547045.5
1551349.6666666667
1299358.0
1456308.3333333333
1530088.25
1487826.0
1390099.9166666667
1450349.4166666667
1595478.8333333333
1624169.75
1584832.1666666667
1408886.8333333333
1524005.8333333333
1558981.3333333333
1364592.5
1419313.4166666667
1332631.4166666667
1440359.1666666667
1247065.5833333333
1203708.0833333333
1344690.3333333333
1107158.9166666667
1298422.9166666667
1488650.5
1457120.9166666667
1188540.9166666667
1289180.9166666667
1502368.9166666667
1380394.1666666667
1134144.4166666667
1407994.0
1346379.9166666667
1348795.5
1559389.3333333333
1515241.9166666667
1638504.8333333333
1490846.4166666667
1755274.6666666667
1584797.5833333333
1505779.1666666667
1623378.75
1316410.5833333333
1470061.6666666667
1618119.75
1499341.25
1455805.0833333333
1603990.3333333333
1706263.25
1538228.8333333333
1404550.0833333333
1382294.6666666667
1120228.0
1402560.25
1551319.75
1431255.1666666667
1403071.3333333333
1626775.75
1579712.0833333333
1285085.5
1396258.9166666667
1617204.0
1476944.5833333333
1485274.1666666667
1315726.5833333333
1431486.0833333333
1228379.9166666667
1386490.0
1397470.5833333333
1339228.4166666667
1340673.6666666667
1433746.8333333333
1137955.75
1391241.5
1396179.9166666667
1376855.0
1349614.0833333333
1216506.4166666667
1470747.4166666667
1336600.4166666667
1367101.5
1362180.4166666667
1290499.75
1375117.0
1551956.0
1592586.25
1536373.4166666667
1453471.25
1274130.1666666667
1387181.9166666667
1422129.25
1324360.9166666667
1478137.25
1751621.0833333333
1586576.9166666667
1591453.75
1688496.4166666667
1586756.6666666667
1513811.1666666667
1492703.0833333333
1728096.25
1669399.25
1612188.75
1769120.25
1724920.0833333333
1849683.8333333333
1848529.5833333333
1926024.1666666667
1835553.1666666667
1928214.5833333333
1945263.3333333333
1858638.3333333333
1827194.0833333333
1906270.25
1899816.9166666667
1898089.5833333333
1843832.75
1755969.0833333333
1877929.6666666667
1714982.4166666667
1812358.25
1921913.75
1847575.25
1863341.5
1874812.5
1759215.3333333333
1748533.5
1749385.1666666667
1686381.9166666667
1744060.75
1789477.5
1723317.1666666667
1759807.5833333333
1585086.3333333333
1552343.6666666667
1418345.6666666667
1384342.75
1404629.0
1575639.8333333333
1464679.5
1656877.0
1569763.6666666667
1682099.9166666667
1607794.4166666667
1647014.3333333333
1737854.25
1481774.4166666667
1536850.75
1579657.6666666667
1658371.1666666667
1702924.4166666667
1778273.0
1742048.5
1861420.8333333333
1775840.6666666667
1761958.25
1864921.5
1908854.1666666667
1832054.9166666667
1947725.9166666667
1869964.0
1996932.75
1843476.25
1881617.4166666667
2047113.25
1919803.6666666667
1973493.3333333333
2060609.9166666667
1893975.0833333333
1915817.9166666667
1915162.75
1971619.9166666667
1843511.8333333333
1750543.0
1810504.3333333333
1736347.5833333333
1977382.3333333333
1882065.0833333333
1837802.5
1909702.0833333333
1601159.25
1831852.3333333333
1886671.0833333333
1842445.3333333333
1771428.5833333333
1713183.9166666667
1874179.9166666667
1941725.75
1860043.6666666667
1896343.9166666667
1953361.5
1889398.0
1945242.5
1957957.0
1986664.25
1796386.0
1804223.4166666667
1986115.0833333333
2028638.5
1929770.0833333333
1756692.25
1816918.0833333333
2014598.25
1940052.25
1707747.25
1971375.0833333333
2017784.5
2006873.0833333333
1989675.0833333333
1943261.8333333333
1799149.6666666667
1689664.75
1841662.5
1919171.5833333333
1816679.0
1900875.25
1936321.0
1722065.5
1614402.0833333333
1660755.5
1813225.5833333333
2018491.5833333333
1496878.75
1718994.9166666667
1678351.3333333333
1611572.5833333333
1584548.1666666667
1664578.0
1764125.9166666667
1541228.6666666667
1621009.4166666667
1627989.6666666667
1564474.3333333333
1573364.5833333333
1689824.9166666667
1724256.8333333333
1670534.0
1728896.5
1792497.75
1669699.75
1835334.1666666667
1714784.25
1872474.6666666667
1830173.6666666667
1807481.75
1787087.0
1735311.1666666667
1570874.4166666667
1383282.5833333333
1615690.8333333333
1721419.3333333333
1792910.8333333333
1684941.0
1750546.8333333333
1858284.8333333333
1709189.3333333333
1842732.0
1775719.9166666667
1796574.0833333333
1841215.5
1749839.3333333333
1780095.75
1824475.1666666667
1683465.4166666667
1712217.5833333333
1651787.6666666667
1693051.6666666667
1906887.0833333333
1817127.1666666667
2014883.4166666667
1863582.3333333333
1874663.75
1749118.3333333333
1885752.4166666667
1953227.6666666667
1984845.3333333333
1812965.1666666667
1834548.0
1763129.1666666667
1758311.5833333333
1651204.0833333333
1815440.5833333333
1821196.4166666667
1721619.1666666667
1768947.3333333333
1557733.0833333333
1774055.0
1900935.3333333333
1923680.75
1876044.3333333333
1590882.0833333333
1769111.5833333333
1685788.0833333333
1858090.4166666667
1835203.0833333333
1669409.5833333333
1791054.5
1773755.8333333333
1702377.5833333333
1643857.9166666667
1920528.8333333333
1793031.6666666667
1847157.5
1792782.25
1846701.4166666667
1859447.6666666667
1693880.25
1644927.25
1755627.4166666667
1658095.0
1569429.75
1701530.0
1793069.5833333333
1723406.1666666667
1916357.5833333333
1798284.5
1828204.0833333333
1623544.9166666667
1593112.5833333333
1667999.4166666667
1658249.75
1735357.8333333333
1665848.9166666667
1693016.9166666667
1625860.6666666667
1718221.1666666667
1780802.1666666667
1660961.1666666667
1758357.9166666667
1800424.8333333333
1757257.3333333333
1702098.9166666667
1729478.3333333333
1784250.0833333333
1798013.5
1787655.75
1606845.5
1810758.5
1765813.75
1617994.1666666667
1384019.6666666667
1578409.4166666667
1874460.4166666667
1800805.8333333333
1795392.4166666667
1583504.25
1776348.5
1869276.8333333333
1720299.0833333333
1676303.4166666667
1619692.3333333333
1699005.3333333333
1586414.3333333333
1535741.0
1563212.0
1697777.9166666667
1694786.5
1710569.5833333333
1667812.8333333333
1720562.3333333333
1829367.1666666667
1678434.25
1703045.8333333333
1789993.1666666667
1766567.25
1777666.6666666667
1695760.5833333333
1698870.1666666667
1685397.6666666667
1764015.0
1393740.1666666667
1669923.0833333333
1746716.1666666667
1790427.5
1852775.8333333333
1751225.5
1745954.5833333333
1789296.1666666667
1688048.0833333333
1864676.6666666667
1665632.25
1762388.0833333333
1765738.9166666667
1819554.4166666667
1699176.5
1490600.1666666667
1786419.6666666667
1708530.8333333333
1784525.3333333333
1701462.0
1693214.1666666667
