3209872.1428571427
3064463.4166666665
2876258.6666666665
2754126.0833333335
2725421.1666666665
2704184.7083333335
2660150.9166666665
2627206.4583333335
2669911.9166666665
2683724.875
2637841.4583333335
2580389.25
2576881.125
2575817.7916666665
2562862.625
2587291.875
2565308.3333333335
2493016.2916666665
2466548.7083333335
2445644.25
2457549.25
2414980.3333333335
2393984.0416666665
2431826.5833333335
2463749.8333333335
2437291.5
2453794.375
2534416.5833333335
2541243.75
2481656.7083333335
2489070.9166666665
2406325.3333333335
2302561.5
2286100.2916666665
2255059.75
2256067.5416666665
2282339.1666666665
2265134.5416666665
2245126.5833333335
2210229.5833333335
2135883.7083333335
2164120.4583333335
2158838.25
2205465.125
2254701.5
2281340.25
2237183.875
2075416.5
2098112.625
2201179.0
2134745.5
2161379.9166666665
2130899.2083333335
2107241.8333333335
2095979.2083333333
2116163.8333333335
2026799.8333333333
2052922.8333333333
2156129.5416666665
2219057.9166666665
2192785.1666666665
2192581.875
2119851.625
2019356.5416666667
1972075.375
2087423.25
2059426.9583333333
2082652.125
2166032.5
2071046.5833333333
2181830.125
2231557.125
2195695.0
2223494.9166666665
2160571.2083333335
2140987.875
2128271.4583333335
2106973.9166666665
2121720.6666666665
2140909.4583333335
2181078.2916666665
2230365.25
2151533.375
2067765.5
2037282.9583333333
2046992.7083333333
1945663.9166666667
1984576.9166666667
2047115.6666666667
1892185.875
1881290.75
2007712.1666666667
2037822.4583333333
1967304.625
2007077.375
2051002.2916666667
2084290.5
1923026.375
1906336.9166666667
2008685.0416666667
1867297.2916666667
1744948.25
1746635.6666666667
1729622.0833333333
1718887.0
1620354.8333333333
1640487.4583333333
1678200.7916666667
1736881.0416666667
1800183.1666666667
1734105.0
1629307.6666666667
1789987.5833333333
1637415.125
1490277.875
1675299.8333333333
1668131.0416666667
1531917.1666666667
1588697.625
1677443.6666666667
1829033.5416666667
1840974.4583333333
1732836.2916666667
1720901.375
1768266.75
1645746.9166666667
1560585.25
1590466.9166666667
1577272.5833333333
1573747.875
1453174.5416666667
1533241.9166666667
1466357.2916666667
1453660.125
1702640.9166666667
1776771.4583333333
1604522.7083333333
1539732.625
1720012.25
1734804.375
1506050.4583333333
1459000.5416666667
1701811.5
1627397.875
1630536.125
1688454.125
1761493.5
1726128.8333333333
1798625.5416666667
1848399.5
1722480.0833333333
1706907.0833333333
1670716.8333333333
1607351.2083333333
1744020.0
1798142.625
1630051.2083333333
1759998.8333333333
1880385.125
1831526.875
1617538.25
1563590.6666666667
1460583.25
1441567.4166666667
1695236.1666666667
1682496.7083333333
1575888.625
1774318.4583333333
1839935.0416666667
1660267.375
1635480.8333333333
1819556.625
1807629.375
1720103.3333333333
1613103.0416666667
1630268.375
1585430.2916666667
1518755.5
1694744.4583333333
1622005.6666666667
1604086.0
1653964.4166666667
1497890.0833333333
1554195.75
1610155.7083333333
1622124.5833333333
1640925.0
1534167.0833333333
1635614.5416666667
1687746.7083333333
1699046.875
1614654.2916666667
1643206.375
1551867.75
1680858.3333333333
1872876.9166666667
1795012.6666666667
1747494.6666666667
1575432.875
1549162.3333333333
1679581.6666666667
1650558.4583333333
1527644.9166666667
1766892.125
1799259.0
1714471.7916666667
1832184.7083333333
1793544.5833333333
1707025.9166666667
1648473.7083333333
1753564.4583333333
1896162.625
1819145.2916666667
1661217.2083333333
1850823.4583333333
1885769.7083333333
1983903.5416666667
2034528.7916666667
2026753.7916666667
1976616.9583333333
2072933.5833333333
2043072.2083333333
1888523.125
1973477.25
2009342.5
1988828.2083333333
1982485.5
1893068.25
1968601.7916666667
1948235.1666666667
1938149.2916666667
2014879.2916666667
2041138.875
2024273.7916666667
2045448.7916666667
1943094.25
1917670.3333333333
1906179.4166666667
1864356.5416666667
1834388.7916666667
1949027.4583333333
1937569.8333333333
1860454.3333333333
1808140.1666666667
1745915.0
1617670.6666666667
1541387.5416666667
1552856.4583333333
1679985.5416666667
1684381.9583333333
1689194.8333333333
1783439.3333333333
1830633.7916666667
1813584.3333333333
1801743.0416666667
1814218.3333333333
1785201.9166666667
1690037.4166666667
1749196.5
1805433.7083333333
1923366.1666666667
1880902.875
1901062.6666666667
1987905.4166666667
1977779.0
1889216.8333333333
1919487.0833333333
2019027.9166666667
2001226.0
2000078.875
2042844.0416666667
2054770.3333333333
2059009.3333333333
2006913.5
2109511.8333333335
2115471.25
2074025.125
2162853.7083333335
2115869.25
2029733.7083333333
2081099.1666666667
2022394.9166666667
1997291.1666666667
1912988.75
1872799.4583333333
1895520.8333333333
1975563.0
2024164.3333333333
1973309.5833333333
2011162.5416666667
1860495.5
1800017.2083333333
2002973.2083333333
1967752.4583333333
1888458.0416666667
1863300.875
1976731.0833333333
2051355.4583333333
2062559.0833333333
1992207.375
2023469.7916666667
2034048.7083333333
2025727.0416666667
2074289.0833333333
2101122.1666666665
2006834.5833333333
1907141.6666666667
2023439.1666666667
2141776.8333333335
2057672.125
1981738.0833333333
1872570.2916666667
1997428.375
2086138.7916666667
1932483.0833333333
1936575.7916666667
2096149.875
2155851.875
2107471.3333333335
2111108.375
1963515.5416666667
1852605.9583333333
1811139.3333333333
1914021.5416666667
2020340.2083333333
1997493.375
2071539.875
1928579.5416666667
1798920.1666666667
1748462.4166666667
1822173.0833333333
2070695.5416666667
1879827.9166666667
1779530.9166666667
1797243.875
1742885.875
1720423.2083333333
1771274.1666666667
1912634.5833333333
1816947.75
1688992.1666666667
1818363.0416666667
1769285.75
1705466.0416666667
1737180.5
1851089.2083333333
1837478.7916666667
1763375.25
1945416.625
1846987.4583333333
1894819.75
1958112.5416666667
1959584.5
2039424.9166666667
1970465.125
1979376.9583333333
1919054.9583333333
1766382.6666666667
1606059.0
1604501.4166666667
1811861.2916666667
1888617.4583333333
1854425.8333333333
1892613.9583333333
1949286.7083333333
1926156.625
1893012.4166666667
2022855.7083333333
1933440.375
1932919.9583333333
1945264.5
1918522.9166666667
1897484.0416666667
1912596.0416666667
1824540.25
1849781.5416666667
1827935.1666666667
1905071.4166666667
2006991.3333333333
2030941.0416666667
2094530.625
1982347.2916666667
1928480.625
1940882.9166666667
2085150.9166666667
2098288.6666666665
2060653.0833333333
1952624.7083333333
1941869.4166666667
1892144.4166666667
1797166.375
1885217.6666666667
1924408.4166666667
1870618.5833333333
1850603.3333333333
1788999.125
1804704.4583333333
1985889.4583333333
2064556.25
2054209.5833333333
1875003.5
1844356.875
1844925.7083333333
1939574.8333333333
1998028.0
1891311.75
1859817.0
1903423.7916666667
1865499.9166666667
1794436.9583333333
1907620.9166666667
1999436.8333333333
1986819.0
1911855.6666666667
1985958.625
1975520.25
1936458.2916666667
1844277.4583333333
1818372.2916666667
1811873.25
1735511.4583333333
1751005.1666666667
1924403.0
1874494.9166666667
1965496.25
2034415.9583333333
1978257.625
1822108.375
1709347.125
1776175.875
1819003.0833333333
1837982.875
1889033.0833333333
1879291.3333333333
1802618.875
1855994.1666666667
1895554.75
1889114.4583333333
1869993.0
1897600.875
1957547.0833333333
1885703.875
1831430.75
1912379.2083333333
1938469.0416666667
1983607.7083333333
1853567.5833333333
1882371.0
1958657.5833333333
1823700.8333333333
1636908.9583333333
1597414.0
1868944.1666666667
1967582.125
1924119.875
1763395.6666666667
1816020.1666666667
2037040.5
1972797.25
1854543.8333333333
1808152.875
1832643.6666666667
1778021.4583333333
1692598.4583333333
1666645.6666666667
1856828.4166666667
1814721.6666666667
1865999.8333333333
1845862.2083333333
1895669.2916666667
1977536.125
1936249.4166666667
1868549.2916666667
1918886.25
1989305.0
1950918.7083333333
1918254.2083333333
1866419.7916666667
1838401.5833333333
1916217.6666666667
1748318.6666666667
1705656.0416666667
1891961.7083333333
1951499.5
2017263.5416666667
2003235.0
1921678.4166666667
1975202.125
1937735.375
1972550.5416666667
1947944.5
1911524.4583333333
1995234.75
2006732.5416666667
1997219.625
1791445.9166666667
1780467.1666666667
1946273.7083333333
1950419.75
1921604.5833333333
1886670.125
