4146040.0
4146040.0
4108210.0
3677380.0
3236955.0
3393815.0
3393815.0
3412005.0
3599945.0
3599945.0
3433325.0
3398625.0
3398625.0
3170875.0
3246130.0
3246130.0
3292840.0
3292840.0
3323540.0
3327455.0
3327455.0
3440045.0
3440045.0
3258510.0
3380405.0
3539320.0
3539320.0
3299305.0
3299305.0
3034005.0
3312570.0
3246635.0
2959145.0
3316275.0
3316275.0
3011355.0
3047600.0
3486270.0
3486270.0
3085115.0
2859165.0
3408730.0
3408730.0
3267695.0
3267695.0
3257545.0
3818180.0
3818180.0
3364265.0
3364265.0
3231065.0
3482285.0
3482285.0
3076380.0
3215820.0
3215820.0
3548840.0
3541320.0
3069730.0
3105040.0
3285535.0
3179995.0
3495615.0
3063700.0
3231205.0
3063010.0
3100060.0
3447255.0
3516975.0
3368225.0
3525550.0
3172255.0
3172255.0
3297400.0
3749445.0
3749445.0
3112220.0
3222920.0
3348180.0
3348180.0
3418950.0
3503335.0
3660285.0
3660285.0
3445455.0
3445455.0
3288395.0
3039375.0
3404195.0
3404195.0
2960945.0
3216790.0
3289770.0
3289770.0
3135760.0
3151395.0
3222315.0
3222315.0
3194955.0
3194955.0
3480670.0
3112035.0
2958675.0
3079020.0
3357600.0
3357600.0
3225735.0
3053350.0
3390485.0
3390485.0
2880190.0
2828405.0
3020000.0
3142780.0
3783870.0
3783870.0
3321300.0
3321300.0
3135805.0
3083525.0
3049370.0
3311005.0
3022210.0
3159480.0
3497765.0
3015785.0
2983770.0
3231870.0
3231870.0
3341645.0
3012725.0
3012725.0
2894935.0
2999195.0
2999195.0
3133625.0
3133625.0
3527200.0
3527200.0
3361070.0
3130110.0
3088850.0
3219000.0
3144065.0
3552980.0
3552980.0
3472795.0
3103790.0
3130590.0
3130590.0
2968080.0
3283665.0
3783910.0
3783910.0
3438780.0
2967665.0
3410730.0
3410730.0
3098700.0
3299590.0
2975715.0
3176855.0
3028885.0
2898370.0
3138975.0
3256710.0
3256710.0
3080160.0
3131835.0
3131835.0
3249680.0
3181475.0
3181475.0
3181915.0
3181915.0
3297450.0
3297450.0
3247185.0
3060900.0
2869465.0
2999605.0
3230260.0
3230260.0
3097875.0
3054050.0
3046700.0
3020570.0
3028935.0
3343920.0
3343920.0
3378620.0
3346710.0
3258105.0
3258105.0
2874315.0
3164465.0
3164465.0
2992775.0
2992775.0
2951685.0
2973745.0
2973745.0
2711725.0
2885815.0
3112270.0
3112270.0
3168480.0
3070950.0
3070950.0
2751565.0
2807955.0
3003715.0
3064460.0
3064460.0
3009915.0
3167880.0
3344545.0
2975450.0
2982375.0
3095960.0
3095960.0
3317205.0
3161525.0
3445735.0
3004710.0
3004710.0
2963325.0
2914660.0
3003870.0
3659695.0
3194745.0
3563835.0
3563835.0
3192740.0
3515675.0
3364040.0
3508405.0
3508405.0
3462470.0
3513405.0
3513405.0
3215885.0
3251825.0
3251825.0
3014390.0
3139575.0
3190725.0
3190725.0
3156240.0
3156240.0
3115315.0
3009805.0
3330595.0
3330595.0
3080015.0
3080015.0
2904720.0
3326235.0
3184730.0
3281700.0
3281700.0
3210090.0
3293930.0
3036535.0
3127680.0
3127680.0
3040725.0
3200700.0
3200700.0
3281300.0
3281300.0
3252815.0
3425545.0
3425545.0
3019935.0
2958910.0
3240940.0
3240940.0
3401245.0
3188835.0
3112535.0
3265900.0
3265900.0
2996725.0
3011665.0
3282430.0
3460435.0
3460435.0
3122910.0
3207385.0
3207385.0
3318655.0
3318655.0
3294665.0
3294665.0
3505730.0
3505730.0
3138095.0
3479255.0
3479255.0
3436790.0
3280775.0
3340125.0
3340125.0
2965210.0
3185375.0
3185375.0
3204040.0
3075290.0
3075290.0
3156875.0
3301880.0
3381105.0
3381105.0
3327540.0
3195565.0
3150985.0
3119800.0
3777005.0
3777005.0
3066885.0
2918845.0
3171345.0
3171345.0
3265155.0
2884775.0
3062670.0
3072500.0
3057000.0
3240895.0
3240895.0
3353920.0
3353920.0
3105550.0
2830815.0
2963240.0
3142510.0
3316060.0
3316060.0
3320095.0
3320095.0
3616685.0
3616685.0
3150045.0
3071210.0
3071210.0
2993405.0
3041440.0
3004095.0
3522685.0
3522685.0
3322750.0
3407615.0
3407615.0
3228860.0
3216165.0
3216165.0
3121625.0
3032760.0
2928185.0
3161105.0
3161105.0
2961860.0
2959855.0
2919910.0
3550980.0
3147475.0
3628200.0
3258690.0
3258690.0
3047205.0
3047205.0
3064900.0
3178860.0
3178860.0
3170515.0
3170515.0
3161755.0
3043625.0
3293230.0
3293230.0
3344040.0
3344040.0
3143490.0
3204195.0
3331880.0
3331880.0
3239105.0
3325920.0
3325920.0
3184805.0
3196350.0
3196350.0
3151705.0
2967950.0
3048810.0
2985360.0
3076640.0
3523640.0
3523640.0
3214395.0
3341975.0
3341975.0
3178060.0
3272810.0
3272810.0
3119655.0
3360390.0
3360390.0
3218275.0
3007120.0
3093850.0
3316415.0
3215265.0
3066585.0
3258760.0
3258760.0
3082625.0
2954990.0
3256040.0
3256040.0
3205300.0
3243635.0
3181670.0
3181670.0
3179910.0
3155605.0
3155605.0
3169105.0
3169105.0
3377135.0
3377135.0
3267865.0
3426330.0
3082990.0
3120615.0
3120615.0
3192265.0
3192265.0
3120345.0
3120345.0
2918155.0
3102360.0
3200110.0
3200110.0
3470205.0
3470205.0
3264350.0
3093195.0
3087550.0
3646345.0
3646345.0
3180290.0
3131800.0
3131800.0
3365250.0
3365250.0
3223945.0
3223945.0
3447280.0
3447280.0
3085535.0
3376315.0
3376315.0
2984185.0
3213195.0
3120215.0
3120215.0
3065400.0
3263430.0
3013895.0
3302825.0
3302825.0
3182340.0
3182340.0
2993010.0
3031900.0
3031900.0
3102975.0
3472835.0
3472835.0
3212035.0
3212035.0
3037295.0
3164500.0
3160490.0
3160490.0
3259645.0
3081785.0
3109075.0
3165320.0
3165320.0
3304865.0
3304865.0
3298395.0
3078560.0
3150100.0
3167280.0
3269985.0
3269985.0
3449940.0
