4146040.0
4108210.0
3677380.0
3236955.0
3139160.0
3393815.0
3289585.0
3412005.0
3599945.0
3433325.0
3364390.0
3398625.0
3166165.0
3170875.0
3246130.0
3032815.0
3292840.0
3103865.0
3323540.0
3327455.0
3187555.0
3440045.0
2940055.0
3258510.0
3380405.0
3539320.0
3295700.0
3299305.0
3034005.0
3005230.0
3246635.0
2959145.0
2841320.0
3316275.0
2976780.0
3011355.0
3047600.0
3486270.0
3085115.0
2859165.0
2827030.0
3408730.0
3055185.0
3267695.0
3257545.0
3210400.0
3818180.0
2963610.0
3364265.0
3138585.0
2962385.0
3482285.0
3007905.0
3076380.0
3215820.0
2988920.0
2696735.0
2911110.0
3069730.0
3105040.0
2959525.0
2964790.0
3063700.0
2899255.0
2865850.0
3063010.0
3100060.0
3447255.0
2931505.0
3368225.0
2939805.0
3172255.0
3148220.0
3297400.0
3749445.0
3112220.0
2706950.0
3222920.0
3348180.0
2871295.0
3418950.0
3503335.0
3660285.0
2790195.0
3445455.0
3288395.0
2598040.0
2985065.0
3404195.0
2954415.0
2960945.0
3216790.0
3289770.0
3135760.0
3023030.0
3024655.0
3222315.0
3033145.0
3194955.0
2829265.0
3044020.0
2958675.0
2532680.0
3079020.0
3357600.0
3225735.0
3052025.0
3053350.0
3390485.0
2880190.0
2828405.0
2752750.0
3020000.0
2789810.0
3783870.0
3116895.0
3321300.0
2810205.0
3083525.0
3049370.0
2937755.0
3001150.0
2765380.0
3054885.0
3015785.0
2964365.0
2983770.0
3231870.0
3106665.0
2763250.0
3012725.0
2564430.0
2859005.0
2999195.0
2783480.0
3133625.0
2774425.0
3527200.0
2924235.0
3010330.0
3088850.0
2853195.0
3144065.0
2871260.0
3552980.0
3472795.0
2968795.0
2772430.0
3130590.0
2826785.0
2968080.0
3283665.0
3783910.0
3438780.0
2921225.0
2771770.0
3410730.0
2997365.0
3098700.0
2887605.0
2900440.0
3028885.0
2799860.0
2898370.0
3138975.0
3256710.0
3080160.0
2969210.0
3131835.0
2967400.0
2714955.0
3181475.0
2961600.0
3181915.0
2729095.0
3297450.0
2951285.0
2678325.0
2869465.0
2862950.0
2941480.0
3230260.0
2854080.0
3054050.0
2949230.0
2962620.0
3020570.0
2774985.0
3343920.0
3006765.0
3346710.0
3138580.0
3258105.0
2753150.0
2874315.0
3164465.0
2899600.0
2992775.0
2933650.0
2951685.0
2973745.0
2593600.0
2711725.0
2885815.0
3112270.0
2990685.0
2974325.0
3070950.0
2556750.0
2662275.0
2795940.0
3003715.0
3064460.0
3009170.0
3009915.0
3167880.0
2838265.0
2975450.0
2982375.0
3095960.0
2944665.0
3161525.0
3061845.0
2953090.0
3004710.0
2963325.0
2914660.0
2751345.0
3003870.0
3194745.0
3074540.0
3563835.0
3192740.0
2896630.0
3364040.0
2803090.0
3508405.0
3091955.0
3462470.0
3513405.0
2921170.0
3215885.0
3251825.0
3014390.0
2917245.0
3139575.0
3190725.0
3068920.0
3156240.0
3115315.0
2999440.0
3009805.0
3330595.0
2904675.0
3080015.0
2904720.0
2552650.0
3102350.0
3184730.0
3281700.0
3210090.0
2848960.0
3002995.0
2827900.0
3127680.0
3040725.0
2804640.0
3200700.0
3058840.0
3281300.0
3252815.0
3168995.0
3425545.0
2898590.0
2838875.0
2897540.0
3240940.0
3105205.0
3188835.0
2664040.0
2960125.0
3265900.0
2826770.0
2996725.0
3011665.0
3282430.0
3460435.0
2897620.0
3122910.0
3207385.0
3046335.0
3318655.0
2884575.0
3294665.0
2966005.0
3505730.0
3047470.0
3024500.0
3479255.0
3436790.0
3280775.0
2879315.0
3340125.0
2913965.0
2965210.0
3185375.0
3061450.0
2821605.0
3075290.0
3015935.0
3156875.0
3301880.0
3381105.0
3327540.0
3195565.0
3150985.0
3119800.0
3108035.0
3777005.0
3066885.0
2918845.0
2903140.0
3171345.0
3055660.0
2884775.0
2869400.0
3062670.0
3004330.0
3057000.0
3240895.0
2777370.0
3353920.0
3105550.0
2805155.0
2830815.0
2963240.0
3142510.0
3316060.0
3047265.0
3320095.0
3226530.0
3616685.0
3150045.0
2867760.0
3071210.0
2993405.0
2787125.0
2796255.0
2867505.0
3522685.0
3132370.0
2830440.0
3407615.0
3228860.0
3140395.0
3216165.0
3121625.0
3032760.0
2723210.0
2928185.0
3161105.0
2910920.0
2959855.0
2919910.0
2894345.0
2700865.0
2859675.0
2838655.0
3258690.0
2796380.0
3047205.0
3040590.0
3064900.0
3178860.0
3160445.0
3170515.0
3161755.0
3043625.0
2864900.0
3293230.0
3137340.0
3344040.0
3143490.0
2937160.0
3204195.0
3331880.0
3055550.0
3122155.0
3325920.0
3184805.0
2839020.0
3196350.0
3141290.0
2967950.0
2746310.0
2985360.0
2690630.0
3076640.0
3523640.0
3214395.0
2778005.0
3341975.0
2995330.0
3178060.0
3272810.0
3119655.0
2578655.0
3360390.0
3218275.0
2887225.0
3007120.0
3093850.0
3215265.0
2981945.0
3066585.0
3258760.0
2840685.0
2763540.0
2872980.0
3256040.0
3131370.0
3205300.0
3177540.0
3181670.0
3179910.0
3001630.0
3155605.0
2969405.0
3169105.0
2792565.0
3377135.0
3061805.0
3267865.0
3082990.0
2754985.0
3120615.0
3075010.0
3192265.0
3090665.0
3120345.0
2918155.0
2671975.0
3102360.0
3200110.0
2695225.0
3470205.0
2914360.0
2615940.0
3087550.0
2741990.0
3646345.0
3064400.0
3056370.0
3131800.0
3035645.0
3365250.0
2705105.0
3223945.0
2919065.0
3447280.0
2999690.0
3085535.0
3376315.0
2749145.0
2984185.0
2845535.0
3120215.0
2894510.0
2807500.0
2823695.0
3013895.0
3302825.0
2975505.0
3182340.0
2838975.0
2993010.0
3031900.0
2854680.0
3102975.0
3472835.0
2941380.0
3212035.0
2848125.0
3037295.0
2740865.0
3160490.0
2952595.0
3022140.0
3081785.0
3024700.0
3165320.0
3105790.0
3304865.0
3298395.0
2835995.0
3078560.0
3150100.0
3167280.0
3269985.0
3108035.0
3177070.0
