47.89537775005824
49.72376871039235
51.78318870219547
52.840232956745396
53.4707556163692
53.88192034872539
54.44457697960968
55.617276172281194
56.04713407252577
56.39414701929149
56.57203337928711
56.430332749511784
55.57640566898792
55.77371921087461
55.75096799810439
55.27180848482825
55.5235565065327
55.92485915494152
55.902234972544385
56.863165113559475
57.59868364593692
57.61257758357406
57.69432159128175
57.604562130540536
56.92606863194801
57.04442793718153
56.947799765392084
56.698339584664424
56.80531935536374
56.73984525361429
56.91438731761746
57.36771471307903
57.49923300074533
57.29786930339163
57.13486173362134
57.2021339195967
57.56582170949556
57.945718466638574
57.798953486272936
57.81420578100622
58.60143588160888
59.02274496473761
58.94907732839526
59.169766247749514
59.171876817697616
58.95849652188812
58.55013509736549
59.087593982258845
59.24369478630977
59.59064088347536
59.936872902239315
60.04387394922328
60.288053731215925
60.192785887152475
59.179310384124314
59.73607145744412
59.51772474561519
60.032067244207035
60.393600834982365
60.168164280634464
60.760035898107695
60.36462521182539
60.01621467619211
59.65594348797058
59.70485911763906
60.36891033595694
60.1331339782017
59.82062339142814
60.98111957970581
61.47376302189992
60.75389900081136
60.504335426968545
60.35909218695467
60.75126372417844
60.61878465541829
60.152110294141984
61.073432712623465
61.26643431410436
61.1744086395071
60.86967298108031
59.539805682634
59.0835027337451
59.280958094546435
59.72374493113833
59.88741971674321
59.41789322167171
59.69132047234043
59.874080101632835
60.09276258412929
60.568024396143834
60.3328680387216
60.00721355211193
60.154078120517276
59.56590429732912
59.29443558354439
58.942407017297526
59.50105373340144
60.42512550372601
60.20544580473966
59.44280381425235
59.94541202194891
59.93582452650689
60.70656808871377
60.494963139204415
60.42536661180472
60.491866082401394
60.42447532961139
60.486404472731365
60.02808208997746
60.50519678287616
60.671737074178985
60.45790032045083
60.4058008218369
60.5058600488486
60.3684874711013
60.015374323289386
60.19036505444004
60.70198839834621
60.91144495335159
61.135937782968085
60.62396598249062
59.79822838793301
60.07398091688952
59.65532128508741
60.251331777663175
60.1234584764203
59.716290741853065
60.537967113870565
60.3860276175559
60.2835587857721
60.535111717810544
60.77811798495647
60.92582218235259
60.644868675441856
61.09650192674572
61.600295037232556
60.67028037829318
60.084230866108065
60.59969069401057
60.445470864599955
59.975836838388226
60.25166903131307
60.37006858396417
60.265551847389006
60.221861054341055
59.85251238024345
60.090334532956604
60.44595231593944
60.05361528708295
61.12598988234293
60.662631577847456
60.574169200381185
60.5353518317227
60.39922961904402
61.21816287406107
61.793402635983576
61.38157470522256
60.83571565822659
61.408212541405554
61.26376339088453
61.174645739292
60.72325272472919
61.48486000359068
61.60161324184215
61.40527094355521
61.67749844207471
61.62619681660501
61.24378930960932
60.85519279248863
60.83155536156643
61.34278753686289
61.90037164734244
61.63968205476254
60.9181915045665
60.96176703501398
61.24368338376991
61.6594490754707
62.3535246622218
62.054564020471595
61.8327327329375
62.42170823364135
62.41670578952485
61.911557776323896
61.81655392286346
61.63210736350085
61.73127606653022
61.3052015787846
61.2913499121198
61.7371944294249
60.80231354018076
61.193051129593634
62.09364608412977
62.10148674798979
61.76655328636862
62.5423659100596
62.165378704781475
61.402475776565794
61.389500357144456
60.93068238757883
61.5082905435218
60.52707497287794
61.14989637837354
62.00264774611686
61.48130012383894
61.316349460760094
61.24372194934381
61.59335491873346
61.17900156712506
61.47707477016235
61.71520998419536
61.65550416680355
61.31784887745311
60.9819094039343
61.7988206509317
61.69729985721878
61.33372466965049
61.18805491298845
61.16402044834879
61.44101829462898
61.74743510568121
61.45981512379743
62.114555437479645
62.01405527379173
61.09587295934187
60.4528149139366
61.04446333274152
60.91042554093577
61.03306155940069
61.13929214669021
61.15982838925413
61.41909372180559
61.0213393769119
60.96960623449412
61.37154155144878
61.37367702734846
60.95220320379444
61.10465612530736
61.07674681665053
61.06703885779917
61.44526243758248
61.51567068400974
61.62587661321587
62.32840372980827
61.841469135515055
61.50488349727782
61.182535475232925
60.87573185590568
61.56536922220296
61.561721228269306
61.45437834095464
61.290419924557426
61.38424020002896
61.73610042862139
61.94306789704415
61.42970694215834
61.44512814080216
62.20007312008694
61.835569749642225
61.12263937588373
61.13018877411896
61.430875574487004
62.114304285506755
62.155113393512615
61.87752285280037
61.74926092326724
61.68467791063707
61.54354190526877
61.34214401222157
61.47251009809458
61.35934254286259
61.3829147291409
61.53234262051363
61.389093935979616
60.82268793321999
61.21347770042563
61.30272181901538
61.20194123441557
60.42437771215587
59.981164941825334
61.063821070347245
61.18045073631364
61.327043897097255
61.54588452950915
62.01646502576595
61.83495155735074
61.24134966063551
61.09302701941632
60.891213509492296
60.246026315112665
60.555741369133266
60.84456468746938
61.26953398473173
60.955796411319426
61.21932697567367
61.45294050176702
60.87310380415682
60.70980668060346
61.80648764194907
61.86062824250818
61.30485306094766
61.09428824362232
60.45803929955069
61.00315301856535
61.23249684821469
61.853443273273776
61.92504562252439
61.12379699641175
60.72920821598045
61.32180796504344
61.43288776329147
61.97283463707564
61.496479577425916
60.847269191640116
60.73835099804104
60.94526958833717
60.95846378977256
61.22306815443754
60.83279409026464
60.821922908375754
60.9276726131658
61.67671987772189
61.61069350240702
61.00345562977041
60.999448510771224
61.51248732283877
61.73831343098255
61.2632506387368
60.951626832327726
61.389103579046214
60.89222946855917
61.185913145289334
61.28077804114361
61.60273157995034
61.734762116150094
61.56465117458654
61.39863406741535
61.54210982156859
61.3117015349489
61.48434289981188
61.490972170705575
61.201834438005335
61.12259439391398
60.75241803777244
61.01660175045289
61.18310066597498
61.62815598591817
60.74111931367929
60.16075938133065
61.07694835093498
61.05683976877426
60.65593215381505
60.31509444083556
60.50827566526487
60.190441555432336
60.739429513382206
61.14292106922049
61.48094072332659
61.351154897097
60.62848940098984
61.28060598700025
61.37995319228427
61.71671841910725
61.49069358649433
61.06182248430576
61.7442976078807
61.71363555627848
61.40960428111586
61.19513998725076
60.984683652380916
60.58292204597288
60.9603611428721
61.212612919307
61.68520597218314
62.07045269281212
61.993505218077935
62.10282514038563
61.2833306785749
61.06977139092708
60.72159493571413
61.27514453687559
60.55201302943797
60.585334045513534
60.85576783274228
60.607029112586496
60.31957856219859
60.28342970201461
59.885478754409675
60.39297245898795
60.53133462847174
60.75709696704188
60.613096722684126
60.248059486518045
60.377187543350765
60.78359659814482
60.663619320033376
60.553361981325295
60.50304744991766
60.784520325209506
60.74817015939824
60.91487066005617
61.25257447225383
61.096912484872036
61.56300147822593
61.628121489499286
61.1425248577197
61.24125744113073
61.24170779209876
60.572525504449196
60.01077368861481
60.05289547100668
59.9790738840137
59.806539151730725
59.2361567273242
60.082177055582115
60.76897981628229
61.06169602119657
60.82380322534202
59.967436754375505
60.516552655569924
61.23185216078155
61.838792363090604
61.34803416837156
61.67499368896082
62.03617353523696
60.62642521845217
59.625671798016114
60.40912108229064
61.12401930477836
61.06236211436555
61.47262589263805
62.00115341263994
61.755982867444985
62.17775221555028
62.18839746736076
62.245768112291564
62.292333078719984
62.50586810170552
62.197744684130576
61.88148553289011
61.09681646820418
60.67623166996643
60.77417988302783
61.57852152165411
61.76807546661973
61.646660671843975
61.7806548357559
61.944573114710394
62.251275866246175
61.99686665967494
61.799264023941774
61.67988437680152
61.271512653321615
61.200918453085464
61.225362459718
61.44747730248748
61.328541546681336
61.411873662742984
61.506476470431686
61.81906558440375
62.175991555155484
62.66109378572112
62.350704941390305
61.38975073833662
61.83815783329488
61.9977515532584
61.85923620759551
62.300824198772006
61.75937272438318
61.437563458463934
61.17462803073797
61.89130660495553
61.74945979664981
61.88964258574905
62.014510984749634
60.93892759572715
61.828319049894496
61.607122707148264
61.64400411384616
62.233556583207324
62.023389139130614
61.8422734895274
61.783482795674125
61.58264022047417
60.63166411091092
61.04114472011575
61.39331524780882
61.44869491478711
61.82305216232822
61.880032585156876
61.799962209512
61.9330277538189
61.85739886581352
61.9333687613164
61.367113833313994
61.81199667868977
61.752236920025744
61.710885674084565
62.00088265468348
61.90307319856192
62.27102946814833
62.39004450802615
