42.443045697364695
42.79496649900703
48.91041893033925
50.9557530315653
49.60705786239477
49.60705786239477
51.97873769677852
52.08820321022285
49.19492785958649
49.19492785958649
49.75953154542284
49.75953154542284
55.34629275547057
49.898611337425095
49.898611337425095
52.27111883162838
52.27111883162838
53.093098250233744
50.74743418116912
50.74743418116912
50.15359389970465
50.15359389970465
54.287609552142804
51.118374492494496
51.118374492494496
52.96772896350659
50.91378400783781
50.91378400783781
51.163951819259815
49.59663943557372
49.59663943557372
52.40108944954129
50.57398992064172
51.442155309033275
51.442155309033275
50.80756541088007
52.26374350340385
45.914527929392634
45.914527929392634
53.82490704524603
51.37664598977038
51.37664598977038
51.7850308895085
51.7850308895085
52.95713256821094
52.82862434318202
50.898874095989484
50.27095411710796
49.44105868013234
49.44105868013234
50.308799417015855
50.308799417015855
52.37066344903704
51.11091466289486
51.11091466289486
52.721663185874306
52.721663185874306
51.236275249350435
51.236275249350435
52.134264648816455
50.08182326175461
49.71505305908555
49.053523944922716
50.65513410278306
50.65513410278306
52.40122443187577
52.40122443187577
53.39682226389026
53.260298068006925
50.10088393543428
49.605300007001325
51.67201322056965
52.85287938583574
52.77299125662135
51.86646839014718
48.49471761061244
52.46534271380651
54.987425791556724
54.28551034975017
50.16023313239887
49.70809223594438
49.70809223594438
50.62918549868938
51.107219627900086
51.107219627900086
51.82516015020985
51.798503581002684
52.53893355081751
48.708084363318875
48.708084363318875
52.50190912562047
51.54506607580913
49.516793826186095
46.0119333379055
49.06021352844557
50.85239441446072
54.276143941489195
55.14833496040785
53.77877049783072
53.30698687743831
51.09514031485284
51.09514031485284
52.70498356578129
50.88680008656299
49.826402622858595
49.826402622858595
46.811086218110866
46.811086218110866
50.60021580793094
53.29510703363914
52.03139936760057
49.04820985466147
53.24061448959186
50.36026694318152
48.41392120107165
48.41392120107165
50.70483066872958
47.32329273364116
47.32329273364116
52.06517824990998
52.78189707255451
47.316630355846044
48.96353336873783
52.96617673100761
47.978065473736294
54.95830765675551
52.93490511438058
50.90341335141187
50.37619215824797
47.55340197120141
53.775208417060824
50.96153846153847
55.624677602393476
53.74644851572451
53.842815474207974
51.36369109737497
51.36369109737497
48.216430626553816
48.216430626553816
54.4256628504066
51.49165134803921
49.63762743280815
51.00634615197722
43.31533999355462
53.36193734175992
48.520017793594306
51.68997838456095
51.68997838456095
51.85216935752727
52.40031492610199
49.81545457229751
51.831201486826274
53.54397699935458
49.81678156636234
49.81678156636234
51.175554401839356
51.175554401839356
51.12753147235905
51.02580764946156
49.44050104384134
52.327354440030504
51.42701525054466
54.379569028208365
47.908448389217625
47.908448389217625
50.260955469813034
49.10520404342943
49.10520404342943
46.6573827910706
46.6573827910706
54.438101196527725
54.33309126119583
52.70235764745936
52.89701830033048
52.622879673490495
51.41993141080871
53.09090596704637
52.64278296988577
53.6998820754717
52.314656482748134
52.394247800894654
54.33518179794637
52.376150507656874
51.83110433286407
51.83110433286407
55.28355540338763
54.65337697113955
54.88054816310299
55.49303107978212
50.54186339954412
53.39938701158509
52.94266179784011
50.67466541915481
52.165984700231284
52.8986819235226
53.10961298377028
48.92661880556866
53.29766707595158
49.90191117857491
52.1016512007503
52.1016512007503
53.312409873611
50.90967079901267
52.00696655509293
51.4491575925023
51.22459048746792
51.22459048746792
55.08473011888059
54.454367659951636
51.348303086229876
51.348303086229876
50.34100596760444
53.390657927807744
55.420862463387
54.365177775940786
50.56768251959648
50.16731433506044
50.16731433506044
53.788038277511966
55.46336041698605
53.437901870781815
53.90827711468604
53.473768339327506
49.85601717322443
53.14430266579974
48.942148760330575
48.942148760330575
55.27648860982194
54.10324024132007
54.10324024132007
50.72417846843372
50.72417846843372
48.38816656217916
50.59676271789399
56.258294625082954
53.321256038647334
54.058705377522145
53.21221254744362
54.5385861839293
54.95126705653021
54.533769332017116
50.15905559216682
50.46202219379009
53.08830171635049
53.08830171635049
55.2692343216034
52.98443579766537
53.842610740885924
47.81834457014437
47.81834457014437
52.0032498360399
50.82492161810813
53.44342355765251
52.97635850388144
52.97635850388144
49.50451315536777
49.50451315536777
49.48244075722829
54.082318230946754
51.34995781381832
48.47292303318883
52.43184336566023
52.7419090812799
53.07457300444937
53.56802667090014
50.70238776093794
47.831985722610725
48.190404231205136
51.792100311243104
50.297252972529726
52.913442604764676
50.557688615857174
55.3561612830213
53.22414316044889
53.318086865266764
51.37289721410705
49.901528281077674
55.15843697410007
51.315320135544866
52.45410767204478
52.45410767204478
51.91789303233795
51.91789303233795
51.93607815299327
50.487576183778714
52.703153758857134
55.75478633298175
50.81154277175943
53.803558460421215
53.534365178200794
53.211281638596695
52.751257268584006
51.663382132132135
53.095589950999454
54.30022916148983
55.137834598481824
51.825575979074856
49.333333333333336
49.333333333333336
53.38228274888543
53.52521385698758
53.52521385698758
51.84133743395632
51.84133743395632
50.580758701603436
51.13384342426259
53.45818774749592
51.07190690331107
51.04071661237784
50.43961474271115
50.232550052595435
52.060871518418686
52.060871518418686
51.82373472949389
52.179931456501606
50.97949507133053
50.92582576085389
52.09738401798487
48.0922561298289
49.828704151746834
52.86668179926606
53.86175923516542
55.19758168764792
53.60690814611034
51.112098853231394
51.112098853231394
51.31593569417692
50.807123704616274
55.83492178754047
49.63408166872901
49.63408166872901
52.80244605437407
52.80244605437407
49.74593081709736
47.80773443424046
47.80773443424046
52.77247414478918
53.80060856251332
53.454106280193244
47.68087129397528
47.68087129397528
53.50533020953887
50.89766429136976
50.89766429136976
51.07819074333801
54.586059927673496
53.66309385863268
53.66309385863268
51.62110738222949
50.75602700096432
50.54347826086956
50.54347826086956
52.18608307211534
50.80021859629948
51.21769477457083
54.43953053240347
52.13109629012089
53.391509081396215
51.679076693968724
49.70184488939407
49.637095416119365
52.286715552021676
49.70121611882019
49.48488134728247
54.40995626566069
53.043736822187384
55.259957718284035
48.52048888193466
54.06539604826018
54.10602960529476
54.163096258211944
50.74694979975785
52.47343117408907
51.56853787143319
55.43301766507198
54.462440845164295
53.007362853883635
50.50386204418898
50.50386204418898
53.237692366587545
51.6301683281582
52.26810463081217
52.31641818686916
54.00573452521504
50.05430203164498
56.1241876684102
52.50380388841927
52.50380388841927
55.72200842954003
51.29320588995092
50.906671102977874
50.906671102977874
50.56819229988747
55.05404004147723
50.6470999301188
53.05062400253764
47.91700437672232
47.91700437672232
54.48706617170467
52.93992557150452
52.93992557150452
