281140.9
246744.3
224999.7875
220838.175
214336.3875
214833.45
202246.8
195597.05
175577.175
172340.5375
172498.4375
162268.8375
149415.8125
151912.525
152646.7375
135872.8875
146773.55
154923.3875
153369.7
151699.975
139802.0125
149984.025
154549.9875
155804.75
158012.55
154340.025
141103.225
138917.0
144388.3375
144560.8875
146635.975
141603.375
138877.15
129119.7
139439.2375
127201.7625
126663.3375
131601.025
130475.8375
118411.2625
135539.875
153990.2
154999.775
140884.425
137168.0
135840.425
138188.3875
125590.275
137583.5125
128252.525
124204.5875
130372.775
132352.75
135245.875
142471.4875
146793.725
145027.2125
145884.875
153042.1625
138810.875
137094.925
138516.1375
138862.25
146657.65
135077.8375
131642.75
127549.125
130239.8375
122111.0375
134941.8125
142007.35
129870.3375
132114.55
130228.2
125725.825
130268.35
127180.825
117892.4375
128338.8625
121218.75
117193.1
124759.6
122217.35
131199.8875
126565.0625
126965.625
127010.9625
122893.5125
122956.0125
119843.15
138417.175
132404.4875
129507.6625
133795.45
131461.8625
134195.1375
125981.275
116328.025
116578.5
120001.45
121435.975
118484.6
106328.9
116685.625
121125.7375
121616.4625
117249.4
113595.825
108276.025
114331.8625
108047.4
110724.65
111014.125
112979.5
115033.875
115708.25
118866.8
121312.2875
106361.7125
110326.075
115319.725
112044.375
101624.1
96979.925
115111.3625
113685.4125
96419.7
107739.175
96967.125
107383.65
107949.875
98909.2
120326.0125
114480.0625
102362.3125
107940.375
116805.5375
103939.025
106628.5
99498.75
105729.45
105956.0875
101637.175
113440.375
108838.675
111348.575
106387.1375
100602.0
112186.275
114714.275
109049.55
112239.45
117835.7625
118498.025
108348.825
116910.9625
115399.3375
112453.8
121035.15
106148.675
111579.5375
123275.575
113655.5
114664.225
109904.975
109201.2
110299.3
117553.275
125452.725
115272.975
120221.875
118044.4625
110988.05
116971.425
113841.9
102621.525
96822.175
99824.925
108439.05
117275.325
111653.7
110298.1875
107334.275
119775.7125
107785.6375
116094.6625
107658.275
114093.075
112585.7
102357.575
100987.075
108219.9875
109397.125
118592.575
113714.05
104870.475
106917.45
121948.775
121323.5
110425.8
101405.0
99873.975
103364.55
103150.8
109850.575
111839.725
97724.35
107564.575
112303.7625
108548.7625
103727.75
100120.575
103738.125
112083.6875
112832.8375
103936.075
112952.1
121397.1125
112065.225
114186.2875
110818.7
109061.5
107223.275
102239.625
103307.875
116366.6875
107589.25
103746.45
113310.775
117478.15
105865.825
113279.9625
106862.325
105838.65
108883.2
107432.1
112271.7
109449.4125
108543.6875
106898.3125
101252.35
104231.875
101825.175
106438.25
87322.725
91942.1
89681.925
102267.0125
94346.55
98534.7875
98647.675
95063.45
100803.975
100190.4875
98114.0
105845.025
100792.0375
106977.875
104334.725
103404.8
100817.05
96821.275
100430.975
96504.0875
91042.0625
96071.5
102778.0875
106163.375
107804.95
102872.6
104140.2
96893.3125
107638.175
115631.6375
111474.3875
107041.3125
106902.8125
112047.8375
107743.75
110977.95
110977.075
111353.8
109603.525
103791.575
108457.2
110750.05
115536.9375
122098.25
108703.9
109447.7
113033.175
108997.525
117495.6875
128014.0875
128351.825
128891.4
118435.3
112756.925
100063.0125
106175.325
108726.05
99882.35
104380.85
114534.0125
117228.25
109478.4125
110853.5625
107066.6
108025.6
106887.175
104172.7
113728.275
115851.1375
121212.575
110098.725
107481.325
102346.225
102731.2875
112161.0375
118252.6
119468.25
122460.25
124618.2625
110084.65
102906.175
113585.3125
117360.6875
114564.2
116917.625
116779.625
116118.75
116822.0125
110649.05
114274.675
118462.075
119148.65
119348.425
118607.075
118981.925
118901.8125
114520.575
127906.6375
119372.5
121549.9625
107651.0375
102900.4625
116701.4125
129521.6
119835.375
123010.6375
119825.075
122041.5375
116503.8625
114163.4625
116040.5125
127337.2625
128090.7875
128695.7625
120795.95
113912.7625
129439.875
112694.1625
111893.6375
116150.85
116387.6
126628.125
117103.425
118411.6375
116374.925
114451.875
118220.0375
119922.45
110395.775
106259.125
115713.7
111029.675
104374.575
111706.55
111545.925
110400.025
108445.1625
114015.2125
117101.2
115315.025
103982.725
113729.7375
115150.0
122477.625
110054.7
111149.5
105525.5375
104024.2875
104584.775
104418.075
113134.875
100064.1
109676.45
118647.2
109678.475
111008.55
108906.625
