422974.0
437800.0
437488.0
415168.0
343626.0
339814.0
311080.0
354876.0
240316.0
340448.0
278772.0
209016.0
321782.0
266584.0
259738.0
278366.0
246888.0
257782.0
337636.0
211320.0
259186.0
303988.0
291350.0
299860.0
323256.0
233950.0
268504.0
231656.0
314466.0
360306.0
280448.0
251850.0
252025.0
237818.0
362358.0
227058.0
241958.0
272998.0
220343.0
241202.0
281000.0
316428.0
259438.0
267674.0
188464.0
300226.0
270942.0
296068.0
228408.0
191180.0
231834.0
248944.0
314284.0
281728.0
228520.0
430184.0
273834.0
426748.0
361332.0
249708.0
264444.0
332572.0
269262.0
259862.0
239310.0
232844.0
244168.0
215250.0
306572.0
308644.0
348218.0
259324.0
249824.0
210940.0
195234.0
278614.0
272078.0
206160.0
233528.0
228968.0
277912.0
233652.0
237130.0
258298.0
242046.0
253162.0
246118.0
230470.0
204970.0
235656.0
260392.0
270780.0
257844.0
303664.0
309372.0
240118.0
254296.0
274712.0
220884.0
223594.0
289700.0
232524.0
235658.0
298718.0
263928.0
322984.0
232750.0
227014.0
242194.0
200692.0
239386.0
186916.0
263748.0
302072.0
280384.0
225194.0
284746.0
289675.0
261898.0
230916.0
259508.0
151212.0
185280.0
229648.0
176590.0
226326.0
243780.0
155102.0
160594.0
159472.0
184962.0
174804.0
287728.0
266704.0
221284.0
203486.0
198474.0
172270.0
174810.0
210038.0
184340.0
203846.0
220744.0
238710.0
243884.0
351160.0
202829.0
141570.0
227872.0
309390.0
237406.0
265860.0
285922.0
220524.0
184844.0
303460.0
215144.0
323746.0
248182.0
199140.0
339096.0
236152.0
199304.0
267816.0
186464.0
204190.0
272106.0
248794.0
251642.0
273036.0
268674.0
292650.0
229806.0
266642.0
227234.0
198410.0
166520.0
152738.0
241826.0
174296.0
284588.0
235318.0
227334.0
272664.0
185048.0
318700.0
304432.0
219554.0
272124.0
178284.0
184838.0
223432.0
298944.0
290828.0
146202.0
198938.0
253882.0
365730.0
187982.0
215230.0
164662.0
185324.0
188196.0
185692.0
215822.0
223764.0
172140.0
271430.0
216726.0
224884.0
234138.0
210372.0
186020.0
286546.0
234332.0
226896.0
230112.0
345284.0
320352.0
182136.0
260218.0
171676.0
253834.0
226632.0
371298.0
239840.0
194298.0
286008.0
250362.0
229186.0
270372.0
183292.0
203622.0
247608.0
223316.0
218486.0
293776.0
195244.0
225293.0
178238.0
217888.0
216344.0
220774.0
201406.0
219930.0
144012.0
172206.0
135866.0
210480.0
134028.0
224994.0
139946.0
196348.0
161916.0
152324.0
208568.0
169790.0
210402.0
241498.0
292452.0
210200.0
169844.0
182288.0
251870.0
106240.0
205466.0
231258.0
224062.0
199802.0
157920.0
170370.0
219806.0
299336.0
244285.0
188200.0
172966.0
210758.0
425650.0
320510.0
233088.0
219954.0
242190.0
175570.0
201376.0
217664.0
290274.0
252788.0
204646.0
266148.0
384602.0
222566.0
280360.0
271636.0
398940.0
251046.0
288248.0
235952.0
192502.0
157364.0
211742.0
228842.0
197740.0
314098.0
235182.0
281402.0
212046.0
276678.0
166820.0
241158.0
284446.0
202114.0
199036.0
299730.0
279590.0
275010.0
199570.0
245754.0
330829.0
210316.0
370694.0
291552.0
298478.0
249810.0
163614.0
234642.0
216470.0
178602.0
270548.0
302580.0
282564.0
204290.0
295724.0
218942.0
254598.0
298904.0
276178.0
265432.0
222258.0
233774.0
195572.0
240850.0
272624.0
301672.0
229110.0
169798.0
222354.0
268727.0
356728.0
298914.0
278320.0
288464.0
318846.0
177540.0
222660.0
227434.0
334715.0
311056.0
327414.0
271952.0
224566.0
404576.0
223302.0
188796.0
217380.0
203592.0
296298.0
224142.0
192878.0
338720.0
186448.0
316008.0
195172.0
184418.0
265654.0
236192.0
198270.0
279756.0
270992.0
194798.0
257154.0
266148.0
273148.0
154734.0
245084.0
226912.0
308350.0
246664.0
240074.0
168328.0
197940.0
164010.0
188440.0
155626.0
250282.0
190422.0
229718.0
187104.0
173396.0
205730.0
302458.0
223260.0
