69.59734316405009
69.59734316405009
72.38679919443904
73.93378480060194
73.93378480060194
73.93378480060194
73.93378480060194
73.93378480060194
73.93378480060194
73.93378480060194
73.93378480060194
74.02448792768051
74.02448792768051
74.02448792768051
74.02448792768051
74.02448792768051
74.02448792768051
74.02448792768051
74.89587884083296
74.89587884083296
74.89587884083296
75.89120797931288
75.89120797931288
75.89120797931288
75.89120797931288
75.89120797931288
76.87541659092285
76.87541659092285
76.87541659092285
76.87541659092285
76.87541659092285
76.87541659092285
76.87541659092285
77.16556499842619
77.16556499842619
77.16556499842619
77.16556499842619
77.16556499842619
77.93434049970948
78.55008179187115
78.88463757553673
78.88463757553673
78.88463757553673
79.28159279690571
79.28159279690571
79.28159279690571
79.28159279690571
79.28159279690571
79.28159279690571
79.28159279690571
79.28159279690571
79.28159279690571
79.28159279690571
79.28159279690571
79.28159279690571
79.28159279690571
79.28159279690571
79.28159279690571
79.28159279690571
79.28159279690571
79.28159279690571
79.28159279690571
79.28159279690571
79.28159279690571
79.28159279690571
79.28159279690571
79.28159279690571
79.28159279690571
79.28159279690571
79.28159279690571
79.34864856684524
79.34864856684524
79.34864856684524
79.34864856684524
79.34864856684524
79.34864856684524
79.34864856684524
79.34864856684524
79.34864856684524
79.34864856684524
79.34864856684524
79.34864856684524
79.34864856684524
79.34864856684524
79.34864856684524
79.34864856684524
79.34864856684524
79.34864856684524
79.34864856684524
79.34864856684524
79.34864856684524
79.34864856684524
79.34864856684524
79.34864856684524
79.34864856684524
79.34864856684524
79.34864856684524
79.58119970738844
79.58119970738844
79.58119970738844
79.58119970738844
79.58119970738844
79.58119970738844
79.58119970738844
79.58119970738844
80.55477811984949
80.55477811984949
80.55477811984949
80.55477811984949
80.55477811984949
80.55477811984949
80.55477811984949
80.55477811984949
80.55477811984949
80.55477811984949
80.55477811984949
80.55477811984949
80.55477811984949
80.55477811984949
80.55477811984949
80.55477811984949
80.55477811984949
80.55477811984949
80.55477811984949
80.55477811984949
80.55477811984949
80.55477811984949
80.55477811984949
80.55477811984949
80.55477811984949
80.55477811984949
80.55477811984949
80.55477811984949
80.55477811984949
80.55477811984949
80.55477811984949
80.55477811984949
80.55477811984949
80.55477811984949
80.55477811984949
80.55477811984949
80.55477811984949
80.55477811984949
80.55477811984949
80.55477811984949
80.55477811984949
80.55477811984949
80.55477811984949
80.55477811984949
80.55477811984949
80.55477811984949
80.55477811984949
80.55477811984949
80.55477811984949
80.55477811984949
80.55477811984949
80.55477811984949
80.55477811984949
80.55477811984949
80.55477811984949
80.55477811984949
80.55477811984949
80.55477811984949
80.55477811984949
80.55477811984949
80.55477811984949
80.55477811984949
80.55477811984949
80.55477811984949
80.55477811984949
80.55477811984949
80.65360744763383
80.65360744763383
80.65360744763383
80.65360744763383
80.65360744763383
80.65360744763383
80.65360744763383
80.65360744763383
80.65360744763383
80.65360744763383
80.65360744763383
80.65360744763383
80.65360744763383
80.65360744763383
80.65360744763383
80.65360744763383
80.65360744763383
80.65360744763383
80.65360744763383
80.65360744763383
80.65360744763383
80.65360744763383
80.65360744763383
80.65360744763383
80.65360744763383
80.65360744763383
80.65360744763383
80.65360744763383
80.65360744763383
80.65360744763383
80.65360744763383
80.65360744763383
80.65360744763383
80.65360744763383
80.65360744763383
80.65360744763383
80.65360744763383
80.65360744763383
80.65360744763383
80.65360744763383
80.65360744763383
80.65360744763383
80.65360744763383
80.65360744763383
80.65360744763383
80.65360744763383
80.65360744763383
80.65360744763383
80.65360744763383
80.65360744763383
80.65360744763383
80.65360744763383
80.65360744763383
80.65360744763383
80.65360744763383
80.65360744763383
80.65360744763383
80.65360744763383
80.65360744763383
80.65360744763383
80.65360744763383
80.65360744763383
80.65360744763383
80.65360744763383
80.65360744763383
80.65360744763383
80.65360744763383
80.65360744763383
80.65360744763383
80.65360744763383
80.65360744763383
80.65360744763383
80.65360744763383
80.65360744763383
80.65360744763383
80.65360744763383
80.65360744763383
80.65360744763383
80.65360744763383
80.65360744763383
80.65360744763383
80.65360744763383
80.65360744763383
80.65360744763383
80.65360744763383
80.65360744763383
80.65360744763383
80.65360744763383
80.65360744763383
80.65360744763383
80.65360744763383
80.65360744763383
80.65360744763383
80.65360744763383
80.65360744763383
80.65360744763383
80.65360744763383
80.65360744763383
80.65360744763383
80.65360744763383
80.65360744763383
80.65360744763383
80.65360744763383
80.65360744763383
80.65360744763383
80.65360744763383
80.65360744763383
80.65360744763383
80.65360744763383
80.65360744763383
80.65360744763383
80.65360744763383
80.65360744763383
80.65360744763383
80.65360744763383
80.65360744763383
80.65360744763383
80.65360744763383
80.65360744763383
80.65360744763383
80.65360744763383
80.65360744763383
80.65360744763383
80.65360744763383
80.65360744763383
80.65360744763383
80.65360744763383
80.65360744763383
80.65360744763383
80.65360744763383
80.65360744763383
80.65360744763383
80.65360744763383
80.65360744763383
80.65360744763383
80.65360744763383
80.65360744763383
80.65360744763383
80.65360744763383
80.65360744763383
80.65360744763383
80.65360744763383
80.65360744763383
80.65360744763383
80.65360744763383
80.65360744763383
80.65360744763383
80.65360744763383
80.65360744763383
80.65360744763383
80.65360744763383
80.65360744763383
80.65360744763383
80.65360744763383
80.65360744763383
80.65360744763383
80.65360744763383
80.65360744763383
80.65360744763383
80.65360744763383
80.65360744763383
80.65360744763383
80.65360744763383
80.65360744763383
80.65360744763383
80.65360744763383
80.65360744763383
80.65360744763383
80.65360744763383
80.65360744763383
80.65360744763383
80.65360744763383
80.65360744763383
80.65360744763383
80.65360744763383
80.65360744763383
80.65360744763383
80.65360744763383
80.65360744763383
80.65360744763383
80.65360744763383
80.65360744763383
80.65360744763383
80.65360744763383
80.65360744763383
80.65360744763383
80.65360744763383
80.65360744763383
80.65360744763383
80.65360744763383
80.65360744763383
80.65360744763383
80.65360744763383
80.65360744763383
80.65360744763383
80.65360744763383
80.65360744763383
80.65360744763383
80.65360744763383
80.65360744763383
80.65360744763383
80.65360744763383
80.65360744763383
80.65360744763383
80.65360744763383
80.65360744763383
80.65360744763383
80.65360744763383
80.65360744763383
80.65360744763383
80.65360744763383
80.65360744763383
80.65360744763383
80.65360744763383
80.65360744763383
80.65360744763383
80.65360744763383
80.65360744763383
80.65360744763383
80.65360744763383
80.65360744763383
80.65360744763383
80.65360744763383
80.65360744763383
80.65360744763383
80.65360744763383
80.65360744763383
80.65360744763383
80.65360744763383
80.65360744763383
