41.19829028387244
41.476537978180225
40.63068526379624
40.63068526379624
42.03573536171994
41.74681080402272
45.10287716872117
45.10287716872117
45.23252343825169
47.313414440903564
47.313414440903564
47.47218750819299
47.47218750819299
47.47218750819299
46.31054013497058
47.47218750819299
47.47218750819299
47.47218750819299
47.68976076962975
41.637856253850124
41.637856253850124
41.637856253850124
41.637856253850124
41.637856253850124
41.33488197826902
43.54244753648922
43.54244753648922
43.54244753648922
43.54244753648922
43.33143684215462
43.33143684215462
43.94913348336989
44.01401937861334
44.09418511930319
43.87858755121387
43.87858755121387
44.09418511930319
44.02364595473225
45.914712004337865
46.028642247314785
46.9248579316443
47.04429709129439
47.10537830127588
47.11062883945605
48.63406598645102
48.63406598645102
48.63406598645102
48.63406598645102
48.620824203859904
48.620824203859904
48.620824203859904
47.15595515898689
48.620824203859904
48.620824203859904
48.620824203859904
48.620824203859904
48.620824203859904
48.620824203859904
48.63406598645102
48.63406598645102
48.63406598645102
44.60901399823502
44.60901399823502
44.61611809856386
44.61611809856386
45.96335314613651
45.96335314613651
46.52142380354676
46.52142380354676
46.62842817374112
47.19619636031031
45.350747211597
47.19619636031031
47.244000724831515
47.244000724831515
44.64646628625232
44.64646628625232
44.64646628625232
44.64646628625232
46.04444073873348
46.04444073873348
46.04444073873348
46.04444073873348
46.04444073873348
46.394735520168794
46.56557432661646
46.69094623331826
46.69094623331826
46.7143885735336
46.88149897021148
46.88149897021148
47.08594966594665
47.186682600302504
48.283851959960245
48.283851959960245
48.39289801523722
49.1255184708614
49.1255184708614
50.22864466279093
50.22864466279093
50.23607422128941
51.23154593436854
51.23154593436854
51.23154593436854
51.28618012023666
51.28618012023666
51.28618012023666
53.267011447045974
53.267011447045974
53.267011447045974
53.267011447045974
53.267011447045974
53.267011447045974
53.267011447045974
52.9474050961836
53.267011447045974
53.267011447045974
53.267011447045974
53.28141514373527
53.81869053208512
53.81869053208512
54.1540066607365
54.1540066607365
54.1540066607365
54.01737294052607
54.1540066607365
54.1540066607365
54.1540066607365
54.1540066607365
54.1540066607365
54.1540066607365
54.18203547591565
54.18203547591565
54.18203547591565
54.20714462284699
54.20714462284699
54.20714462284699
54.20714462284699
54.224078698684394
54.224078698684394
53.95021381703802
54.2153196939409
54.224078698684394
54.224078698684394
53.77838991165541
53.77838991165541
53.77838991165541
54.33794576034974
54.33794576034974
54.33794576034974
54.33794576034974
54.33794576034974
54.37827994047153
54.41930718218924
54.41930718218924
54.41930718218924
54.41930718218924
54.41930718218924
54.41930718218924
54.21155940729829
54.21155940729829
46.253961479795464
54.41930718218924
45.959601452371444
53.94159776191408
54.41930718218924
54.41930718218924
54.41930718218924
53.55456192138692
50.93802012815095
53.593199496035425
53.593199496035425
53.593199496035425
54.578137134871156
54.578137134871156
54.578137134871156
54.578137134871156
54.578137134871156
50.91058743405729
50.06977081879774
50.06977081879774
50.06977081879774
50.06977081879774
48.87486649193286
50.06977081879774
50.06977081879774
50.06977081879774
50.06977081879774
50.06977081879774
50.06977081879774
51.96451250917412
53.392732483374346
53.392732483374346
54.67156651880169
54.67156651880169
55.02581959953831
55.28633160742788
55.28633160742788
54.402108247471716
55.28633160742788
55.48555516881309
55.48555516881309
57.211769812602995
57.211769812602995
57.211769812602995
57.211769812602995
57.211769812602995
51.59844161545215
55.63655949870275
56.534021006050715
56.534021006050715
56.933505894979405
57.211769812602995
57.211769812602995
57.211769812602995
57.211769812602995
57.211769812602995
57.211769812602995
57.32097506938266
57.341480998317834
57.341480998317834
57.341480998317834
57.341480998317834
57.341480998317834
57.341480998317834
57.428113886908754
57.428113886908754
57.428113886908754
57.428113886908754
57.428113886908754
57.428113886908754
57.428113886908754
58.061739835753954
58.061739835753954
58.061739835753954
58.061739835753954
58.061739835753954
58.061739835753954
58.061739835753954
58.37168583268902
45.92561953627927
58.37168583268902
58.37168583268902
58.858228107997135
59.09350446234625
59.09350446234625
59.10318936177677
59.10318936177677
59.10318936177677
53.09265337036101
59.10318936177677
59.10318936177677
59.10318936177677
59.10318936177677
59.10318936177677
59.10318936177677
59.13352885450871
59.13352885450871
59.13352885450871
59.13352885450871
59.13352885450871
59.13352885450871
59.230532674808096
59.249727047760956
59.249727047760956
59.249727047760956
59.266651118536586
59.266651118536586
42.69380657788962
59.12857546794023
59.12857546794023
59.266651118536586
59.266651118536586
59.266651118536586
59.30483347333529
59.30483347333529
59.30483347333529
59.30483347333529
59.30483347333529
59.30483347333529
59.30483347333529
59.30483347333529
59.30483347333529
59.30483347333529
59.3089612954757
59.41772940887521
59.41772940887521
59.41772940887521
59.41772940887521
59.41772940887521
57.83628697397362
59.497809158398994
59.497809158398994
59.63609120010238
44.37837079647519
59.63609120010238
59.63609120010238
59.63609120010238
59.63609120010238
59.63609120010238
59.77007453241457
59.879972224977685
59.879972224977685
59.879972224977685
59.879972224977685
60.008927685745455
60.008927685745455
60.0769186257977
60.189134675792744
60.189134675792744
50.81399694002017
60.189134675792744
60.189134675792744
60.189134675792744
60.189134675792744
60.189134675792744
60.189134675792744
60.189134675792744
60.189134675792744
60.28440465562279
60.28440465562279
60.28440465562279
60.28440465562279
58.551033909654926
58.551033909654926
60.28440465562279
60.28440465562279
60.28440465562279
60.28440465562279
60.28440465562279
60.28440465562279
60.32862976556559
60.32862976556559
60.32862976556559
60.32862976556559
60.32862976556559
47.782987273945075
60.32862976556559
60.32862976556559
60.32862976556559
50.7805276699483
50.7805276699483
60.32862976556559
60.32862976556559
60.32862976556559
60.32862976556559
60.32862976556559
60.35096568102053
60.35096568102053
60.35096568102053
51.926864291899754
51.926864291899754
57.055863606764404
60.46100980074569
60.84846637067525
60.84846637067525
60.84846637067525
60.84846637067525
60.85375949321527
60.85375949321527
60.85375949321527
60.85375949321527
60.85375949321527
60.85375949321527
60.38627091048059
60.85375949321527
60.99984967531985
60.99984967531985
60.99984967531985
60.99984967531985
60.99984967531985
60.99984967531985
60.99984967531985
60.99984967531985
60.99984967531985
60.99984967531985
60.99984967531985
61.068660268340125
61.068660268340125
61.068660268340125
61.068660268340125
61.068660268340125
61.068660268340125
61.09724313005625
61.09724313005625
61.13662396175402
61.13662396175402
46.3651447277473
61.13662396175402
61.13662396175402
61.13662396175402
61.13662396175402
61.13662396175402
61.18002756658219
61.18002756658219
61.18955518715422
61.18955518715422
61.19908280772626
61.2083987033967
61.2083987033967
