707328.45
663778.1125
600176.3
547670.2875
530714.3875
505211.5875
489431.1
481742.325
464175.3
491835.8125
481972.0625
476322.05
470822.325
457326.8125
439430.725
410616.5625
399732.0875
376544.325
355735.9625
332962.0625
314395.3375
304487.7875
302244.575
298021.8375
334746.375
316779.5375
292854.2625
302994.9875
295743.7375
281281.8
253267.5375
263369.4125
253565.1125
251292.25
227362.2625
207147.7875
221099.5875
199118.2625
214681.2625
213671.9875
232148.95
224637.05
232681.475
222816.625
231738.6
234435.8
234423.6875
250620.0375
248194.8625
249006.9625
245756.5625
223618.7
227881.1125
231387.3125
232582.925
225010.9375
230006.675
212545.2625
208571.0875
201070.05
207930.7125
194984.075
194711.3
197047.0875
207687.2375
208062.7125
194775.775
210193.7125
201690.8375
202012.2375
208790.2
211725.5875
210342.2
202779.4
213942.3875
217425.2625
205153.9125
209669.4125
208048.6375
206061.5625
215535.475
205946.125
202411.425
196067.2
193794.8
187121.4375
187436.875
162513.7625
142564.2125
134395.4375
132492.6125
133458.0125
135926.1625
135572.425
136853.525
161695.875
172251.5125
181749.625
192197.1
195857.2875
206981.7625
199453.4125
191712.05
173371.3125
156418.95
166284.75
183368.725
206063.9875
206399.9125
211575.1125
213364.3875
205650.375
209070.6125
197260.5375
189253.05
181572.8125
163678.225
156528.7875
152071.1875
178058.35
173699.6875
162713.1
154890.775
150061.9375
162511.175
142602.3125
143743.7625
159414.7875
159559.55
158417.8125
145281.4
137177.7875
121885.15
123787.3
133821.0375
136465.5625
137801.2375
134160.85
128767.025
134588.4375
138927.0875
145032.75
137518.6
136501.35
149502.9125
147395.575
152304.0875
162605.775
170564.5625
174886.25
175217.9375
181536.1875
181170.9875
177505.225
177505.225
181231.5875
179943.8375
179985.425
174320.3875
167363.275
165828.8875
158168.7625
153193.3125
154527.3
163251.825
160648.825
161165.8125
174304.6125
169646.1375
158855.125
152062.3375
154563.175
162455.8
162592.775
162757.05
156939.2375
151423.05
154071.325
140493.175
136313.0625
146823.85
143379.45
146679.7875
142359.325
140177.9625
145062.9875
152756.775
154434.0
170624.0875
172951.8375
179870.3375
178748.975
188166.9125
199582.6125
194567.0625
181511.3875
182512.8625
181356.6375
178852.9375
188241.5625
195346.475
189044.6
192786.7375
180915.7
182974.075
172580.3125
170189.1
177343.45
183637.2125
177718.725
178258.8875
182124.625
191735.5375
189206.5375
190443.3375
180644.575
179804.525
178151.925
178799.125
180050.525
179187.825
169290.6875
174985.0375
175476.8625
174607.15
183545.225
185871.975
182335.5625
177102.125
174005.575
170120.5625
172160.5375
189897.3875
194129.3625
192988.3625
190110.925
196709.0875
185448.85
173065.75
173837.3
171082.275
184439.5
182406.35
184242.975
183073.9625
173083.55
183166.2875
183064.5625
177401.725
188763.2125
192869.45
190755.025
196501.0125
207729.0875
207719.9625
208875.6125
205395.575
204537.35
196777.7125
198478.575
193877.8
185129.85
183780.8
173185.75
171528.9375
168781.625
170084.8625
169545.0
167258.4875
169095.0875
163065.325
169986.1125
175019.95
175787.85
163929.375
163136.1625
157035.6375
145344.3125
140753.725
141905.7125
135754.0375
135485.9875
143356.8375
149994.375
148277.825
151739.7625
150918.0625
151919.35
143081.7
148812.4625
143649.725
146744.875
152768.325
151526.075
153690.0125
151765.7
141284.575
125828.1
122775.525
115912.85
111016.45
124879.5625
124266.2875
127719.3625
135298.725
135413.8125
146349.8375
153614.15
152780.475
149734.95
140091.05
137065.2375
141083.9625
138284.8625
135862.5375
137697.6375
137962.4
150452.325
144320.3875
146188.5625
153676.4625
152951.7875
153417.375
147939.4375
151463.55
155853.5625
154020.7125
158781.4875
155762.55
154351.9625
155709.55
170483.0625
172988.15
168180.3125
169016.5625
169072.8125
164427.55
177499.9625
174879.3
167894.85
165741.35
161440.4
165314.0125
161358.9125
164703.225
164199.3125
167635.225
167673.45
166920.4125
158073.4125
130152.3125
129478.1875
120810.6
124839.125
125506.05
123353.575
126757.1375
122142.8125
122047.1125
125272.1
128172.6
122735.65
130391.85
134787.9
139884.5
144588.15
145027.675
150242.75
142350.0875
135281.625
132125.525
131097.8
125793.9625
128935.7375
125257.8625
124390.5
135010.3625
138897.475
153523.7125
158968.0
156302.15
159793.0125
165988.8625
160751.0
160252.95
157053.825
160261.4
150743.0
154085.8875
156245.2625
160498.3375
155735.2125
160563.15
155645.8
151336.6
152056.5875
151619.7125
169867.3875
172799.3875
173065.6125
