1140793.0
945496.0
873515.0
830923.0
820850.0
762624.0
762021.0
735461.0
771168.0
771168.0
745878.0
745878.0
745878.0
739827.0
739827.0
734308.0
702438.0
644208.0
644208.0
620696.0
565715.0
565715.0
565715.0
565715.0
565715.0
521245.0
514267.0
514267.0
514267.0
514267.0
512202.0
512202.0
460902.0
460902.0
431511.0
387654.0
387654.0
380777.0
380777.0
380777.0
575984.0
397566.0
397566.0
397566.0
441214.0
434372.0
434372.0
434372.0
434372.0
439380.0
439380.0
439380.0
439380.0
439380.0
405044.0
405044.0
398361.0
397049.0
397049.0
397049.0
394189.0
394189.0
394189.0
394189.0
394189.0
394189.0
371968.0
359955.0
359955.0
359955.0
359955.0
359955.0
359955.0
359955.0
361525.0
361525.0
361525.0
361525.0
361525.0
361525.0
361525.0
361525.0
361525.0
361499.0
361499.0
361499.0
361499.0
361499.0
361499.0
361499.0
361499.0
361499.0
356735.0
364939.0
364939.0
364939.0
364939.0
364939.0
364939.0
364939.0
364939.0
364939.0
364939.0
364939.0
364939.0
364939.0
364939.0
364939.0
364939.0
364939.0
364939.0
320846.0
333632.0
337970.0
337970.0
337970.0
337970.0
337970.0
337970.0
337970.0
350082.0
350082.0
350082.0
335812.0
335812.0
335812.0
335812.0
335812.0
335812.0
335812.0
287252.0
287252.0
287252.0
287252.0
287252.0
287252.0
289352.0
289352.0
287252.0
287252.0
287252.0
287252.0
287252.0
287252.0
297219.0
287252.0
287252.0
287252.0
287252.0
287252.0
287252.0
298785.0
287252.0
287252.0
287252.0
287252.0
287252.0
287252.0
317390.0
317390.0
326487.0
317660.0
317390.0
317390.0
317390.0
317390.0
317390.0
317390.0
317390.0
317390.0
317390.0
317390.0
317390.0
282022.0
282022.0
282022.0
282022.0
282022.0
282022.0
282022.0
282022.0
282022.0
282332.0
282332.0
324989.0
324989.0
324989.0
324989.0
324989.0
324989.0
324989.0
324989.0
324989.0
325669.0
325669.0
325669.0
325669.0
325669.0
325669.0
325669.0
325669.0
325669.0
325669.0
325669.0
325669.0
325669.0
325669.0
325669.0
325669.0
325669.0
325669.0
326559.0
326559.0
326559.0
326559.0
326559.0
326559.0
326559.0
326559.0
326559.0
326559.0
326559.0
326559.0
326559.0
326559.0
326559.0
326559.0
326559.0
326559.0
326559.0
326559.0
326559.0
396412.0
396412.0
396412.0
396412.0
396412.0
396412.0
396412.0
396667.0
396667.0
396667.0
396667.0
396667.0
396412.0
396412.0
396442.0
396442.0
396412.0
396412.0
396412.0
396412.0
396412.0
396412.0
396412.0
396412.0
396412.0
396412.0
378282.0
378282.0
378282.0
384082.0
384082.0
384082.0
384082.0
384082.0
384082.0
384082.0
384082.0
384082.0
384082.0
384082.0
384082.0
395872.0
395872.0
395872.0
395872.0
373437.0
373437.0
373437.0
373437.0
373437.0
373437.0
373437.0
373437.0
373437.0
373437.0
373437.0
373437.0
373437.0
373437.0
373437.0
373437.0
373437.0
373437.0
373437.0
373437.0
373437.0
373437.0
373437.0
244047.0
244047.0
244047.0
244047.0
244047.0
244047.0
247644.0
247644.0
247644.0
245027.0
245027.0
242957.0
242957.0
242957.0
242957.0
242957.0
242957.0
243597.0
243597.0
243597.0
243597.0
243597.0
243597.0
243597.0
244127.0
266647.0
266647.0
277692.0
277692.0
277692.0
277692.0
277692.0
277692.0
277692.0
284316.0
284316.0
284316.0
284316.0
284316.0
284316.0
284316.0
284316.0
277692.0
277692.0
314632.0
314632.0
314632.0
314632.0
314632.0
314632.0
313182.0
313182.0
313182.0
313182.0
313182.0
313182.0
313182.0
313182.0
313182.0
299497.0
299497.0
299497.0
299497.0
299497.0
301464.0
301464.0
301464.0
299587.0
299587.0
299587.0
299587.0
299587.0
276597.0
276597.0
276597.0
276597.0
276597.0
276597.0
276597.0
276597.0
276597.0
276597.0
276597.0
276597.0
276597.0
276597.0
276597.0
276597.0
276597.0
276597.0
276597.0
276597.0
276597.0
276597.0
276597.0
270777.0
270777.0
270777.0
273677.0
273677.0
