54.488557523040285
55.984918153393416
55.984918153393416
56.189140367654865
56.189140367654865
56.189140367654865
56.189140367654865
56.261385799095564
56.48637920949276
56.5461268488343
57.13351061584567
57.17243093146631
57.78025406730554
57.96160733921894
57.96160733921894
57.96160733921894
57.96160733921894
57.963411705634506
57.963411705634506
57.963411705634506
57.963411705634506
57.963411705634506
57.963411705634506
58.05189151538897
58.314934818240026
59.12070506510991
59.12070506510991
59.12355987270328
59.12355987270328
59.12355987270328
59.792805436548974
59.792805436548974
59.792805436548974
59.792805436548974
59.85513000443196
59.85513000443196
60.011633919338166
60.011633919338166
60.011633919338166
60.011633919338166
60.011633919338166
61.239095374239426
61.239095374239426
61.239095374239426
61.239095374239426
61.239095374239426
61.239095374239426
61.239095374239426
61.239095374239426
61.239095374239426
61.239095374239426
61.472244830010006
61.472244830010006
61.472244830010006
61.472244830010006
61.472244830010006
61.59432688394808
63.116083624222185
63.116083624222185
63.116083624222185
63.54826468273303
63.54826468273303
63.54826468273303
63.54826468273303
63.54826468273303
63.54826468273303
63.54826468273303
63.54826468273303
63.54826468273303
63.54826468273303
63.54826468273303
63.54826468273303
63.54826468273303
63.54826468273303
63.62398791196259
63.94945701528682
63.94945701528682
63.94945701528682
63.94945701528682
64.08433323207777
64.08433323207777
64.08433323207777
64.08433323207777
64.08433323207777
64.08433323207777
64.08433323207777
64.08433323207777
64.35416350243014
64.35416350243014
64.63762060320596
64.63762060320596
64.63762060320596
64.63762060320596
64.63762060320596
64.63762060320596
64.63762060320596
64.63762060320596
64.63762060320596
64.63762060320596
64.63762060320596
64.63762060320596
64.63762060320596
64.63762060320596
64.65886539709193
64.65886539709193
64.65886539709193
64.65886539709193
64.65886539709193
64.65886539709193
64.65886539709193
64.65886539709193
64.78577611079054
65.17788480024609
65.17788480024609
65.17788480024609
65.17788480024609
65.17788480024609
65.17788480024609
65.17788480024609
65.18413311800668
65.37125393555408
65.37125393555408
65.37125393555408
65.37125393555408
65.37125393555408
65.37125393555408
65.37125393555408
65.37125393555408
65.37125393555408
65.37125393555408
65.37125393555408
65.37125393555408
65.37125393555408
65.37125393555408
65.37125393555408
65.37125393555408
65.37125393555408
65.39846270455162
65.39846270455162
65.39846270455162
65.39846270455162
65.39846270455162
65.39846270455162
65.40137792980136
65.40137792980136
65.40137792980136
65.40137792980136
65.40137792980136
65.40137792980136
65.40137792980136
65.40137792980136
65.40137792980136
65.40137792980136
65.40137792980136
65.40137792980136
65.40137792980136
65.40137792980136
65.40137792980136
65.58575789188981
65.58575789188981
65.58575789188981
65.69335824073714
65.69335824073714
65.69335824073714
65.69335824073714
65.69335824073714
65.69335824073714
65.69335824073714
65.69335824073714
65.69335824073714
65.69335824073714
65.69335824073714
65.69819776220527
65.69819776220527
65.69819776220527
65.69819776220527
65.70545704440744
65.70545704440744
65.70545704440744
65.70545704440744
65.70545704440744
65.70545704440744
65.70545704440744
65.70545704440744
66.01034689689884
66.01034689689884
66.01034689689884
66.01034689689884
66.01034689689884
66.01034689689884
66.01034689689884
66.01034689689884
66.01034689689884
66.10955708699524
66.10955708699524
66.10955708699524
66.10955708699524
66.10955708699524
66.10955708699524
66.10955708699524
66.10955708699524
66.10955708699524
66.10955708699524
66.15698439738279
66.15698439738279
66.15698439738279
66.15698439738279
66.15698439738279
66.15698439738279
66.15698439738279
66.15698439738279
66.15698439738279
66.15698439738279
66.15698439738279
66.15698439738279
66.3965407100546
66.3965407100546
66.3965407100546
66.3965407100546
66.3965407100546
66.3965407100546
66.3965407100546
66.3965407100546
66.3965407100546
66.3965407100546
66.3965407100546
66.3965407100546
66.3965407100546
66.3965407100546
66.3965407100546
66.3965407100546
66.3965407100546
66.50978551240853
66.50978551240853
66.50978551240853
66.50978551240853
66.50978551240853
66.50978551240853
66.50978551240853
66.50978551240853
66.50978551240853
66.50978551240853
66.51075341670216
66.51075341670216
66.51075341670216
66.51075341670216
66.51075341670216
66.51075341670216
66.51075341670216
66.51075341670216
66.51075341670216
66.51075341670216
66.51075341670216
66.51075341670216
66.51075341670216
66.56011653567695
66.74364505145864
66.74364505145864
66.74364505145864
66.74364505145864
66.8663976042204
66.8663976042204
66.8663976042204
67.0078994435612
67.0078994435612
67.0078994435612
67.0078994435612
67.0078994435612
67.0078994435612
67.0078994435612
67.0078994435612
67.0078994435612
67.0078994435612
67.0078994435612
67.0078994435612
67.0078994435612
67.0078994435612
67.08326797129298
67.08326797129298
67.08326797129298
67.08326797129298
67.08326797129298
67.08326797129298
67.08326797129298
67.08326797129298
67.08326797129298
67.08326797129298
67.08326797129298
67.08326797129298
67.08326797129298
67.08326797129298
67.08326797129298
67.08326797129298
67.08326797129298
67.08326797129298
67.08326797129298
67.08326797129298
67.08326797129298
67.08326797129298
67.08326797129298
67.08326797129298
67.08326797129298
67.08326797129298
67.08326797129298
67.08326797129298
67.08326797129298
67.08326797129298
67.21047884230754
67.21047884230754
67.30141378093258
67.69922349896073
67.69922349896073
67.69922349896073
67.69922349896073
67.69922349896073
67.69922349896073
67.69922349896073
67.69922349896073
67.69922349896073
67.69922349896073
67.69922349896073
67.69922349896073
67.69922349896073
67.69922349896073
67.69922349896073
67.82667947762657
67.82667947762657
67.8499647044982
67.8499647044982
67.8499647044982
67.8499647044982
67.8499647044982
67.8499647044982
67.8499647044982
67.8499647044982
67.8499647044982
67.8499647044982
67.8499647044982
67.8499647044982
67.8499647044982
67.8499647044982
67.8499647044982
67.8499647044982
67.8499647044982
67.94114475077454
68.00242166359466
68.00242166359466
68.00242166359466
68.00242166359466
68.00242166359466
68.10781795364524
68.10781795364524
68.10781795364524
68.10781795364524
68.10781795364524
68.10781795364524
68.10781795364524
68.14384877838347
68.14384877838347
68.14629985489627
68.14629985489627
68.14629985489627
68.14629985489627
68.14629985489627
68.14629985489627
68.14629985489627
68.14629985489627
68.46886152398133
68.46886152398133
68.46886152398133
68.46886152398133
68.46886152398133
68.46886152398133
68.46886152398133
68.46886152398133
68.52033413075023
68.52033413075023
68.52033413075023
68.52033413075023
68.52033413075023
68.52033413075023
68.52033413075023
68.55661006313973
68.55661006313973
68.55661006313973
68.55661006313973
68.55661006313973
68.55661006313973
68.55661006313973
68.55661006313973
68.6296521432213
68.6296521432213
68.6296521432213
68.6296521432213
68.6296521432213
68.6296521432213
68.6296521432213
68.6296521432213
68.6673987215185
68.6673987215185
