36.30758457657085
38.649773515721336
37.618071234391564
38.00509495589587
34.87564341498047
36.85709732444828
36.27845991072431
38.18775694092471
38.87020995638988
38.87020995638988
37.414833438089246
38.715983037681305
39.51155668265141
38.19820870004468
40.30939514715831
40.44715532067484
38.953507565337006
39.30165149030033
40.02002689163351
40.11159287362072
41.20569139383893
40.97052376557453
39.41075687381782
40.317921119571274
40.317921119571274
40.317921119571274
40.317921119571274
40.317921119571274
40.317921119571274
40.317921119571274
40.317921119571274
38.54194411867989
40.87159894308363
43.28419636495594
41.77234710606019
43.27727866083083
41.979720214343054
42.34302425597798
38.681313599778036
41.989271017048786
40.19041533546326
41.82970825961772
40.448293428425885
38.018163340568265
38.85265608893608
42.78955078704199
41.335477156125734
42.42157803119116
42.93915767664814
43.111003935718585
41.43425127524486
44.10353500624976
40.25515038306396
38.88568327631921
42.81480688036134
43.76209595886653
42.24920706309102
39.78206838242261
42.988296380043124
41.45116887805759
43.45685430423308
41.42208770340284
41.69237444041571
41.9002816737811
44.25280394586855
43.594420784241215
41.402739756859944
41.623283074451386
42.484722209855555
40.82963679576061
42.85467790850361
43.32149290203933
40.56292772492072
42.7095349193546
43.138913817212156
40.47201746514938
44.09904216695785
43.73095594690907
44.16262645777177
45.07577855310038
42.332322367768185
43.930313821567694
41.2183738639155
44.503436499278344
46.45032579137487
44.53223482802089
45.41197391819799
41.32140337891703
43.32801135355685
44.84049448291124
43.139405238434684
44.79772000556096
45.83601907954105
45.63184441769335
40.551039697542535
42.89482331152732
45.66939988116458
41.807298188999134
46.86984500302154
43.328347484345905
44.93582235819968
38.33787834004496
41.47896357106209
46.04831556040562
44.534584329239394
44.60905349794239
44.461410371208196
43.58897122950005
46.04831556040562
45.45751350169032
46.25965294812393
45.136842430420415
44.07055622583901
45.222009917656166
44.68577728776185
46.66830156950672
44.91571586308428
46.18637996293845
46.282037689840706
43.93065380563172
47.216898512463835
43.317384417502325
40.85694812029868
44.96636298645355
44.06910416342045
44.72548023460835
45.29264694463856
44.00629499186045
46.09651322812567
43.07453098766334
40.2028897702696
41.4233941496113
45.709842577700016
45.9703100121757
45.9703100121757
42.58344153585754
43.075635714422276
45.9703100121757
40.392951161946264
47.68967445412763
42.60928162450261
43.47279767938303
43.087523311403906
42.690179666282845
42.51922008828085
42.98354052364748
43.742816443314105
41.79045149611981
41.68597740678242
45.90871169225011
41.880132281278414
44.023792529145844
43.29632350027887
45.1918653381985
40.634841608002965
43.69227449625288
45.247684353002164
44.66922668664731
46.95735237201181
44.41305758791598
45.461409894202795
44.715888023730066
43.131723061770586
42.19008830955183
47.26440634265824
42.450247175782216
48.771620755925696
42.50757894138602
42.19694119524819
42.417032215637775
47.381810072732264
38.79496593500067
43.412451754265334
43.39585228730725
43.206487796347645
42.04477113264282
43.13689734922612
41.67974515628795
43.15004288690112
42.94896155418516
48.90493269845196
44.49743055747535
43.34483576113584
47.4976563063388
41.20366834412508
41.6998351868535
42.368636579162896
42.71287904218417
42.495171429256935
38.5854373519934
43.532138396014865
42.309106615458255
43.07096363146728
41.617481553828576
42.316270720388076
43.12690220987164
43.12690220987164
41.93366310797472
45.535389504719234
42.56855387526372
43.89678879494406
43.68297431776741
44.23321509602787
47.268419773751994
42.08540311931085
40.43432348665625
44.23215199325211
45.07644420031127
48.88274297453633
44.239056303518645
43.193744511454426
43.91247589378431
40.86567870456933
42.2085636072517
42.52209227652204
46.88104296943669
45.85215040709626
41.895566614208946
43.71996619751875
44.815942666255395
38.97141271804595
42.258573244248545
43.61679294457489
46.92501513440992
43.91136165521485
46.808138372325544
43.873709557138866
44.977816175742674
41.25275681048675
41.80829771354909
41.611390684116564
44.620916629713086
42.16148794782771
48.20416989241571
41.64647605172101
41.69158297343113
43.24000716337679
45.299332509110265
41.33179680260859
43.576917308489705
43.576917308489705
43.01740029047033
45.81220290297161
44.986911363188554
42.76439177821667
39.58236472945892
39.150665823943505
40.852178597495275
45.454007932176246
42.183764547189575
42.943623763619996
45.050233874704084
45.87261252283673
40.21940063443839
45.49369118298559
42.33487529761647
44.226704150899536
45.356536529186
40.795795034694066
46.85882554422285
45.66068822670998
43.819355415759816
41.15201459978899
45.17910466409286
47.840878446123945
42.15120573410624
42.995702681140145
44.24924582351003
44.17761961660346
43.04713344866308
47.25269979836634
41.04586693548387
42.02543859649122
47.26790935672514
39.615908843092356
47.96124700943965
42.58707156482677
47.03857453059139
43.25256617702829
39.01118561064248
46.172906873960905
44.05633990410229
46.784930438410335
45.75637309795139
42.30086014842356
45.49854259473134
45.515299260255546
44.03276851268141
44.95366531418335
43.968874646890995
44.7840067195387
48.40191504604148
44.89175506881376
46.67879859626034
47.53479414810979
44.52494415487714
46.23268063666551
47.56906170184164
46.546672781004794
45.46185788142119
44.88721269479826
46.707146507436995
47.595661422906204
45.080896991845535
46.92140664387152
43.47610205850391
45.09782043309108
46.690290549220215
41.4277589497877
43.937877127709896
44.53662597114318
47.63233323571955
45.66898054932341
44.73688794439896
45.05656611164299
44.82006092786533
41.90612424064757
41.52669399676212
46.10187010393732
40.983228121932946
43.77736233424436
44.31550311384043
44.16168773454474
46.62829306477204
44.55633912743785
48.65526278509704
48.89803006530689
42.8625238782813
47.0670130222924
44.88448011846467
44.26192327630897
44.61168469725642
47.492343524809556
41.723969635962725
45.392372120547805
46.60724214623296
48.535390779993726
43.44616459513128
47.960204317724745
45.43934045627917
43.59001829027821
44.90450993779396
45.32399599129817
47.20284625817058
48.27395217553389
49.693375070935616
47.48866761046527
45.04487365318645
47.387753193933364
42.454492796490065
46.72209714831492
45.57216972993472
44.98398196946751
47.44499125487234
47.87905298266718
45.97840410079435
49.04095137623478
47.3938823201144
41.86759081809612
46.901233306077955
48.24771452983305
45.240141373550564
44.40631922872242
46.74234623402064
45.4172182066934
45.17076812671565
41.89660327711995
44.89125553972002
43.351595738233485
47.31197293586978
47.49419946242012
48.8532785986458
45.104692381639026
45.07897603485839
45.51107859531773
45.083988967082355
42.5695427969641
45.01959988367303
44.03640346914091
43.16099835029928
46.74070456970277
45.985817737862284
43.430836983202575
43.33510171200215
46.556942673412586
46.59275676665498
48.282624683354676
39.793103448275865
47.12366761960658
44.66952572379532
44.756373592551746
48.17911800241643
45.7916174837796
47.30420445177246
43.7551877235685
50.555822906641
47.39080028358147
47.53689344672336
42.00066950493502
46.72302337145698
43.62406661026864
