787802.1166666667
663290.1
625404.4
598895.5166666667
532369.0333333333
495342.43333333335
494555.01666666666
445348.5
455723.4666666667
416408.0833333333
469048.23333333334
443200.31666666665
451357.4666666667
444918.85
480203.3333333333
495236.35
431586.4
422330.85
385606.76666666666
418200.01666666666
384715.3333333333
363252.55
371918.63333333336
338716.4
371012.56666666665
371460.76666666666
357793.63333333336
337733.9166666667
332625.61666666664
307937.65
335778.9
368200.5
368200.5
346326.4666666667
332343.56666666665
361212.93333333335
368553.7
368944.26666666666
389001.8
377290.65
380380.86666666664
349897.88333333336
355067.45
337201.4166666667
336043.2166666667
340275.45
351361.6666666667
338275.0833333333
334407.15
323003.23333333334
346626.51666666666
317069.73333333334
317069.73333333334
315798.5833333333
315499.51666666666
313973.13333333336
305392.86666666664
295079.13333333336
303062.45
302895.2
305259.8
313519.68333333335
347348.15
347832.86666666664
350529.38333333336
350529.38333333336
360399.76666666666
358927.3
366395.0833333333
340710.5333333333
346980.8
341849.9666666667
355719.05
351353.5333333333
339309.61666666664
345355.85
350557.5833333333
341426.0833333333
341302.15
347523.5833333333
347523.5833333333
347523.5833333333
353517.5333333333
348452.11666666664
365241.13333333336
364235.35
362277.25
371896.7166666667
392067.31666666665
400862.05
413927.95
401175.5333333333
386533.1
385224.61666666664
380288.7166666667
376885.8333333333
376866.43333333335
374672.3333333333
371543.8333333333
406333.38333333336
396360.48333333334
377510.23333333334
379617.2
374666.05
376717.55
342055.3333333333
340396.56666666665
346356.85
333427.0333333333
345592.1666666667
360383.68333333335
367973.4
373801.31666666665
376009.06666666665
372839.2
372419.63333333336
372419.63333333336
367334.98333333334
367334.98333333334
369946.9666666667
369903.9166666667
363233.7
352231.6666666667
352231.6666666667
367250.51666666666
366289.86666666664
361748.7
368473.2166666667
364482.93333333335
371011.7166666667
371011.7166666667
361196.01666666666
364443.81666666665
365367.7833333333
365367.7833333333
362370.5
362364.73333333334
362364.73333333334
364935.0333333333
358709.2166666667
358610.51666666666
355586.9666666667
362224.31666666665
369871.65
369869.25
370472.26666666666
368764.1
368764.1
368764.1
368764.1
360482.2833333333
360482.2833333333
365870.2833333333
390180.7833333333
387932.86666666664
386460.51666666666
366708.2166666667
354961.76666666666
354961.76666666666
354961.76666666666
353884.51666666666
356639.7
351736.9166666667
357715.0833333333
351533.0833333333
357846.76666666666
357846.76666666666
357846.76666666666
348705.73333333334
345410.7833333333
345410.7833333333
348872.5
331946.18333333335
340413.81666666665
353837.1
336905.2833333333
334168.0
334168.0
333275.3
340322.95
330477.7833333333
330477.7833333333
338602.11666666664
338602.11666666664
338740.6
338633.75
338060.26666666666
351644.86666666664
354181.0
351531.56666666665
347415.7166666667
355702.5833333333
355702.5833333333
351581.06666666665
337626.1666666667
328748.73333333334
316728.2833333333
316728.2833333333
314890.06666666665
314578.48333333334
314578.48333333334
314578.48333333334
318838.8
321888.85
316417.2833333333
328129.95
328129.95
318865.2
317510.51666666666
317510.51666666666
319911.93333333335
319911.93333333335
310043.6666666667
309777.5333333333
311474.06666666665
311390.7833333333
311390.7833333333
311195.51666666666
311126.43333333335
311126.43333333335
325816.9666666667
325816.9666666667
325816.9666666667
325816.9666666667
325816.9666666667
325333.61666666664
325333.61666666664
328860.73333333334
323432.0333333333
332468.81666666665
332468.81666666665
327835.15
327770.2166666667
327723.5333333333
324441.2833333333
324441.2833333333
340354.3333333333
334991.23333333334
318856.15
318856.15
325608.9166666667
332013.36666666664
332013.36666666664
323259.4166666667
331784.38333333336
316281.93333333335
314225.9166666667
314258.25
315435.88333333336
315601.4666666667
307153.68333333335
306075.31666666665
306075.31666666665
306075.31666666665
306075.31666666665
306075.31666666665
309370.68333333335
299576.68333333335
299576.68333333335
302336.68333333335
302336.68333333335
302336.68333333335
300545.65
300545.65
299439.95
299439.95
303060.7833333333
312239.61666666664
312239.61666666664
311461.05
302984.8
300009.1
305657.7
305657.7
320015.2833333333
316081.75
320461.5833333333
320461.5833333333
320223.31666666665
320223.31666666665
309796.5833333333
309785.0333333333
320092.11666666664
323396.63333333336
340112.23333333334
334517.38333333336
334517.38333333336
334517.38333333336
334517.38333333336
337676.2
335392.88333333336
335392.88333333336
335392.88333333336
334270.13333333336
324419.15
324025.68333333335
321268.8
321268.8
321268.8
330476.2
330305.36666666664
330305.36666666664
330305.36666666664
330638.3333333333
338568.23333333334
338392.4666666667
339550.9666666667
339185.93333333335
325020.4166666667
332797.75
332580.56666666665
332529.36666666664
329058.31666666665
329072.48333333334
329072.48333333334
329072.48333333334
329016.48333333334
319707.1666666667
328958.95
328958.95
328958.95
338037.26666666666
342909.1
342909.1
351844.65
351738.93333333335
351738.93333333335
351738.93333333335
352615.15
355411.7166666667
355411.7166666667
355411.7166666667
347063.01666666666
355983.35
355899.4666666667
355640.2166666667
356585.8
356373.73333333334
357078.86666666664
357078.86666666664
357078.86666666664
347146.5333333333
351580.06666666665
351580.06666666665
351580.06666666665
351580.06666666665
352320.35
352320.35
352320.35
361169.9
361003.11666666664
361003.11666666664
361003.11666666664
361003.11666666664
367856.06666666665
367597.63333333336
370992.0833333333
370343.7833333333
370343.7833333333
370343.7833333333
366532.95
357442.43333333335
357442.43333333335
357442.43333333335
357442.43333333335
353689.8
353689.8
353689.8
353654.4666666667
353161.0
346264.31666666665
346264.31666666665
357585.06666666665
356166.2833333333
356164.06666666665
356164.06666666665
356164.06666666665
356149.93333333335
356149.93333333335
356149.93333333335
356149.93333333335
356149.93333333335
361224.31666666665
361224.31666666665
361660.3
361660.3
361660.3
363754.6
363754.6
363754.6
364971.13333333336
364902.2833333333
355803.15
355753.45
355753.45
349791.7833333333
349791.7833333333
354753.5333333333
354753.5333333333
342580.2833333333
342580.2833333333
