1172762.0
1059688.0
847857.0
847857.0
847857.0
832989.0
852386.0
851619.0
863392.0
863392.0
863392.0
863392.0
863392.0
863392.0
863392.0
863392.0
863392.0
863392.0
863392.0
863392.0
816828.0
811736.0
811736.0
752952.0
752952.0
752952.0
752952.0
752952.0
752952.0
752952.0
752952.0
752952.0
752952.0
752952.0
752952.0
764516.0
764516.0
764516.0
764516.0
764516.0
764516.0
752952.0
752952.0
752952.0
752952.0
752952.0
752952.0
752952.0
759215.0
759215.0
759215.0
731187.0
731187.0
731187.0
731187.0
731187.0
731187.0
731187.0
731187.0
731187.0
731187.0
731187.0
731187.0
731187.0
731187.0
731187.0
731187.0
731187.0
731187.0
731187.0
731187.0
731187.0
731187.0
731187.0
723978.0
723978.0
723978.0
723978.0
723978.0
723978.0
723978.0
723978.0
723978.0
723978.0
723978.0
723978.0
723978.0
723978.0
723978.0
723978.0
723978.0
723978.0
723978.0
723978.0
730789.0
730789.0
730789.0
730789.0
723978.0
723978.0
723978.0
723978.0
723978.0
723978.0
723978.0
707017.0
707017.0
707017.0
667750.0
669599.0
669599.0
669599.0
669599.0
669599.0
669599.0
669599.0
669599.0
669599.0
669599.0
669599.0
669599.0
669599.0
667477.0
667477.0
713312.0
713312.0
667477.0
667477.0
667477.0
667477.0
667477.0
667477.0
667477.0
667477.0
667477.0
665180.0
665180.0
665180.0
665180.0
665180.0
665180.0
665180.0
665180.0
665180.0
665180.0
665180.0
665180.0
665180.0
665180.0
665180.0
665180.0
665180.0
665180.0
665180.0
665180.0
665180.0
665180.0
656742.0
656742.0
656742.0
656742.0
656742.0
656742.0
656742.0
641503.0
641503.0
641503.0
641503.0
641503.0
641503.0
641503.0
641503.0
641503.0
641503.0
641503.0
641503.0
641503.0
641503.0
641503.0
641503.0
641503.0
641503.0
641503.0
641503.0
641503.0
641503.0
641503.0
641503.0
641503.0
641503.0
641503.0
641503.0
641503.0
641503.0
641503.0
641503.0
641503.0
641503.0
635857.0
635857.0
635857.0
635857.0
575627.0
569690.0
569690.0
569690.0
569690.0
569690.0
569690.0
569690.0
569690.0
569690.0
569690.0
569690.0
569690.0
569690.0
569690.0
569690.0
569690.0
569690.0
570287.0
570287.0
570287.0
570287.0
570287.0
570287.0
570287.0
570287.0
570287.0
570287.0
570287.0
570287.0
570287.0
570287.0
570287.0
570287.0
570287.0
570287.0
570287.0
570287.0
570287.0
570287.0
570287.0
570287.0
570287.0
570287.0
570287.0
570287.0
570287.0
570287.0
570287.0
570287.0
570287.0
570287.0
570287.0
570287.0
570287.0
570287.0
570287.0
570287.0
570287.0
570287.0
570287.0
570287.0
570287.0
570287.0
570287.0
570287.0
570287.0
570287.0
570287.0
570287.0
581312.0
581312.0
581312.0
581312.0
581312.0
581312.0
581312.0
581312.0
559408.0
559408.0
559894.0
559894.0
559894.0
559894.0
559894.0
559894.0
559894.0
559894.0
559894.0
559894.0
559894.0
559408.0
559408.0
559408.0
559408.0
559408.0
559408.0
559408.0
559408.0
559408.0
559408.0
559408.0
559408.0
559408.0
571608.0
571608.0
571608.0
571608.0
571608.0
571608.0
571608.0
571608.0
571608.0
571608.0
571608.0
571608.0
571608.0
571608.0
571608.0
571608.0
571608.0
571608.0
571608.0
571608.0
571608.0
571608.0
607697.0
607697.0
607697.0
607697.0
607697.0
607697.0
607697.0
607697.0
607697.0
607697.0
607697.0
607697.0
607697.0
607697.0
607697.0
607697.0
607697.0
607697.0
607697.0
607697.0
607697.0
607697.0
607697.0
607697.0
607697.0
607697.0
607697.0
607697.0
607697.0
607697.0
607697.0
607697.0
607697.0
607697.0
607697.0
607697.0
607697.0
607697.0
607697.0
607697.0
607697.0
607697.0
607697.0
607697.0
555780.0
555780.0
555780.0
555780.0
555780.0
555780.0
555780.0
555780.0
555780.0
555780.0
555780.0
555780.0
555780.0
555780.0
555780.0
555780.0
555780.0
555780.0
555780.0
555780.0
555780.0
555780.0
555780.0
555780.0
555780.0
555780.0
555780.0
551191.0
551191.0
