1327919.0
1172762.0
1059688.0
855028.0
996301.0
912674.0
852386.0
936588.0
972873.0
1065265.0
875588.0
893149.0
883107.0
892888.0
866878.0
954527.0
1001011.0
911665.0
1027692.0
910933.0
880491.0
917518.0
927316.0
903106.0
915232.0
959523.0
952025.0
928290.0
830644.0
957687.0
913072.0
1049755.0
865215.0
903946.0
830215.0
829819.0
888296.0
982149.0
884512.0
898585.0
828293.0
947746.0
830465.0
908100.0
1052773.0
867357.0
1082154.0
868380.0
942392.0
959694.0
833463.0
914991.0
982626.0
875708.0
857855.0
835724.0
879399.0
1039908.0
869259.0
895104.0
913930.0
884112.0
921804.0
894650.0
878197.0
928370.0
781705.0
811880.0
794493.0
1000276.0
913059.0
936825.0
854551.0
898275.0
878214.0
858902.0
894692.0
896121.0
951970.0
895133.0
942571.0
964100.0
827967.0
922269.0
831603.0
857333.0
947537.0
955412.0
922016.0
832097.0
870211.0
919550.0
792262.0
796039.0
947234.0
773807.0
807895.0
902488.0
948617.0
753782.0
843944.0
823400.0
901123.0
828667.0
956736.0
895953.0
775072.0
862880.0
918269.0
898820.0
950225.0
838145.0
938446.0
812093.0
849418.0
901768.0
821892.0
973942.0
807407.0
844450.0
871177.0
789430.0
925295.0
828535.0
830294.0
923575.0
824316.0
905034.0
943276.0
856684.0
800524.0
838235.0
961512.0
998477.0
927038.0
840140.0
945345.0
965373.0
984967.0
856030.0
881466.0
950256.0
780492.0
762729.0
856761.0
895783.0
868161.0
968731.0
825757.0
758572.0
1048544.0
887624.0
827476.0
877440.0
946141.0
831364.0
856237.0
840381.0
842570.0
852699.0
983042.0
997492.0
914892.0
869640.0
885531.0
791552.0
763484.0
778124.0
864469.0
940591.0
847373.0
903202.0
840995.0
836654.0
848655.0
886219.0
800366.0
915672.0
903640.0
809495.0
829611.0
819757.0
918365.0
785576.0
806212.0
891485.0
905218.0
892396.0
803827.0
779615.0
773322.0
858453.0
819408.0
840466.0
807160.0
787659.0
890847.0
868062.0
907479.0
873694.0
824109.0
835558.0
892027.0
859657.0
902581.0
846000.0
901333.0
1000910.0
887689.0
852454.0
825990.0
818634.0
905447.0
880825.0
855395.0
851514.0
826113.0
941631.0
899777.0
887763.0
833940.0
853353.0
764612.0
880225.0
911182.0
904152.0
832476.0
979723.0
880591.0
802588.0
844512.0
810495.0
883026.0
1095185.0
879205.0
892593.0
1005281.0
963612.0
856356.0
903597.0
971709.0
872635.0
846802.0
814208.0
871049.0
829283.0
788091.0
956560.0
749511.0
912596.0
791758.0
931783.0
893043.0
834794.0
868533.0
1021376.0
817787.0
930033.0
808154.0
906376.0
885832.0
865726.0
1018581.0
944361.0
842023.0
963591.0
1042223.0
1015686.0
861481.0
893571.0
904426.0
797821.0
872635.0
814824.0
826950.0
935077.0
847038.0
902556.0
804963.0
837816.0
1004833.0
765471.0
833087.0
785455.0
797122.0
766375.0
898623.0
852273.0
818771.0
819934.0
746791.0
907678.0
846005.0
903664.0
865086.0
818755.0
879661.0
818019.0
940959.0
904205.0
840982.0
918811.0
919660.0
889926.0
801181.0
837241.0
957918.0
881842.0
866100.0
775066.0
861094.0
981178.0
854369.0
792918.0
962431.0
907294.0
855502.0
997224.0
881603.0
855512.0
950816.0
809532.0
845720.0
947550.0
903041.0
845251.0
811720.0
992560.0
841087.0
785012.0
901159.0
897916.0
952864.0
804850.0
855335.0
859770.0
896731.0
907573.0
873811.0
888252.0
884480.0
968909.0
920201.0
999277.0
820517.0
866129.0
923719.0
768382.0
950401.0
870155.0
867788.0
967288.0
876881.0
801400.0
857345.0
873982.0
956628.0
861176.0
832787.0
961484.0
922853.0
792261.0
838817.0
962284.0
781859.0
984962.0
865625.0
790608.0
802973.0
898926.0
881200.0
830536.0
815649.0
864914.0
872630.0
975830.0
816851.0
724636.0
798495.0
953156.0
776054.0
853672.0
841480.0
900847.0
1002686.0
798518.0
951310.0
905254.0
823897.0
877741.0
857936.0
884623.0
850922.0
998783.0
819562.0
986785.0
929897.0
808610.0
949896.0
915525.0
836287.0
