47.601492468833534
48.654026555433916
48.738623615825325
49.29667798138975
47.24483917298771
48.709621510874754
50.29805438406382
49.22734300188374
50.79219109398987
50.42803566099875
52.620507694342656
52.132829015539166
52.91730949853634
52.89915030340782
54.739405314085246
55.390226346030396
53.9974512470914
54.28214376217813
53.603416203904104
54.957741714106795
54.59787472284708
54.27410857672588
54.65174387487847
53.92961709932046
54.97342277598932
55.021847679901285
55.00895803107824
54.47857728713379
54.48988508646787
54.04271366079935
55.52813806398295
56.52527092398694
56.52527092398694
56.09540793725309
55.74016180222269
56.508415100858436
56.80550065991549
56.78842496038747
57.04322423812111
56.725231011410905
56.83074936530224
56.11567249806041
56.41965454781316
56.03857997401173
56.41388199047852
56.57891649575065
57.1509118823177
57.019257839560694
56.993362053581535
56.81109974454151
57.399375832023246
56.96713659145294
57.024112556565555
57.116149172997716
57.14017920814288
57.14928073972117
57.00229620801249
56.84234531762723
57.01400187567184
57.02726058213951
57.08581298026545
57.34872718916264
58.15540414212165
58.20236663167289
58.315427781704244
58.315427781704244
58.561406132376234
58.567330597110384
58.77693522784868
58.21029382649099
58.372657624373524
58.248400521370904
58.57543356378452
58.42731005380942
58.16387653399361
58.361819228655385
58.53921415801048
58.37067250294056
58.41251480160314
58.54875454732714
58.54875454732714
58.54875454732714
58.68759420390611
58.66463108290199
59.053578707363
59.05861535129308
59.04030341265551
59.33191857795484
59.75302658812443
59.925028473726485
60.124547411536966
59.75357824765701
59.37293035353103
59.378355109476914
59.22090603742357
59.10362811558901
59.148733475463246
59.213218743081036
59.250146106376356
60.37211115543695
60.13952409808451
59.643339326759886
59.79981518575247
59.74995071903746
59.794448770945344
58.901994737735
59.01326891959322
59.39604003566158
59.12572699721011
59.517863557798606
59.94206952242562
60.1297030482325
60.25412030614358
60.277414102935985
60.25985764089701
60.25906224279863
60.259062242798635
60.161562360185144
60.161562360185144
60.19101195389782
60.210179103631475
60.146806871100445
59.94423185725462
59.94750200563405
60.229960949003086
60.23137543377128
60.222254492750004
60.33305362852461
60.266789764832616
60.39335974475543
60.39335974475543
60.07619146223938
60.17261505705459
60.23276255329272
60.23276255329274
60.06341648491013
60.08436184761365
60.08436184761365
60.27864330791213
60.137844491836255
60.218632956641734
60.25774005844203
60.384939066049306
60.558407008444824
60.65824892598275
60.69091903994047
60.646688510425555
60.646688510425555
60.64668851042557
60.646688510425555
60.66048435634423
60.66048435634422
60.69021071130188
61.09000472826405
61.070622093784735
61.09368409890778
60.59488094218388
60.32595572250285
60.32595572250283
60.32595572250283
60.35722922450105
60.45218051807926
60.408237227919976
60.69843966675901
60.56866544381991
60.7083561742944
60.7083561742944
60.7083561742944
60.53991327177921
60.540825686528706
60.540825686528706
60.58198347452905
60.063451551322075
60.201864157851304
60.69717010548319
60.441074093812254
60.41100769693956
60.411007696939556
60.41343057817729
60.583576074583064
60.35773824413436
60.35773824413436
60.517913270310025
60.517913270310025
60.56628678570791
60.54631056025279
60.55808608409818
60.8408837853033
60.88100568373814
60.90239746829435
60.796109799910354
61.03833144887488
61.03833144887488
61.01236393535757
60.53220852807091
60.38643251044265
60.166747794544555
60.26870108639154
60.24836925344242
60.251895841045105
60.2518958410451
60.251895841045105
60.425857969687584
60.532426424224646
60.41721928251346
60.74893103550933
60.74893103550934
60.58579834326146
60.54376837564279
60.5437683756428
60.589171009005845
60.589171009005845
60.34135577108473
60.36413716557556
60.42365495660294
60.45095074109643
60.45095074109643
60.520475987389204
60.54680173578806
60.58815075345089
60.95944388669602
60.97735260108157
60.97735260108156
60.97735260108156
60.97735260108156
60.98237147566472
60.98237147566472
61.07448637009659
60.97234560100995
61.16207737176271
61.16207737176271
61.094922046928744
61.09663368657511
61.10650505915969
61.12058753777105
61.12058753777106
61.54339169542825
61.4342890812225
60.88300831890738
60.88300831890738
60.99332039700316
61.33648485419086
61.3547533226038
61.04984823121182
61.38250109729928
60.81545053142428
60.800336805541825
61.01900678947443
61.125348464033756
61.337361033187975
61.277479927478176
61.276575369392205
61.276575369392205
61.276575369392205
61.276575369392205
61.276575369392205
61.37853884590216
61.231887704992936
61.23188770499293
61.326791675938985
61.326791675938985
61.326791675938985
61.329113119664534
61.32911311966454
61.30528921545483
61.30528921545483
61.450019132485636
61.669060836942556
61.66906083694255
61.64841752592216
61.556802227757764
61.51007022747256
61.68734864429397
61.68734864429396
62.046696619631916
62.036240183933984
62.117320823458805
62.117320823458805
62.121610482770514
62.121610482770514
62.03938356660633
61.86016682881029
62.08206573213593
62.22476240199732
62.74069994132912
62.61580868295078
62.61580868295078
62.61580868295079
62.61580868295078
62.721108765470966
62.688205737707854
62.68820573770784
62.688205737707854
62.72882438543133
62.38086034317356
62.40212669603256
62.34136435854569
62.50740217172151
62.50740217172151
62.776639535639426
62.781157394462
62.78115739446199
62.781157394462
62.83370699786232
63.05834126905561
63.061394611931625
63.17896813249461
63.203369724251246
63.06349475993763
63.19404589958643
63.197164896653256
63.218545500176724
63.199644213530085
63.2018500663088
63.2018500663088
63.2018500663088
63.20719963207593
63.05552910412379
63.22598337819371
63.22598337819372
63.34728641848091
63.51203834199849
63.57372071972448
63.57372071972448
63.74812602011524
63.752056925206
63.752056925206
63.752056925206
63.76281418322821
63.840805710545176
63.84080571054518
63.840805710545176
63.611798173982216
63.92354166969394
63.95152316398689
64.01855232683452
64.06401928277687
64.06663642904495
64.092955688162
64.092955688162
64.09295568816201
63.79526313086402
63.95186958153779
63.95186958153779
63.95186958153779
63.95186958153779
63.97180777350757
63.974757427867395
63.974757427867395
64.111533440525
64.11301253654545
64.11301253654545
64.11301253654545
64.11301253654545
64.23757690424712
64.23924869983617
64.27088559854137
64.29673924764231
64.29673924764231
64.29673924764231
64.19917414987879
64.05892079518502
64.05892079518502
64.058920795185
64.05892079518502
63.91901054185853
63.919010541858526
63.91901054185853
63.92112193860045
63.93143976839577
63.79272490064364
63.792724900643634
63.935556256994126
63.894335823595384
63.89957851691073
63.89957851691073
63.89957851691073
63.922616168371796
63.92261616837182
63.922616168371796
63.92261616837182
63.922616168371796
63.98863545129791
63.98863545129791
63.99308692279575
63.99308692279575
63.99308692279575
64.0290066755471
64.03289667522459
64.03289667522459
63.944756167759536
63.94681566998717
63.800417433872276
63.812363405916834
63.81236340591684
63.728556198529056
63.739412918944474
63.79295462297945
63.79295462297945
63.501341432067115
63.50134143206713
