725646.6
661298.5
638140.725
550893.875
501163.4
495657.2375
467192.0875
463317.2
465249.55
446863.9875
430321.5875
426512.9375
415891.2625
400521.35
386293.6
371225.0625
352565.15
343309.25
328999.1125
338783.825
328607.1125
342907.2125
321956.5625
293741.6
294557.2875
290618.575
279249.8125
282898.6625
274176.95
273770.6875
285744.6125
274607.4125
266394.5125
267149.1875
280744.4875
279680.15
301926.125
289418.55
279162.9375
272425.8625
266324.9
265902.5375
315193.225
295010.35
264774.5625
311829.7375
313310.475
315308.15
321883.0
297213.3875
306301.95
285397.625
304811.2
289910.25
290363.4875
292368.8875
304760.45
303280.9125
302096.475
298964.8125
288792.7875
289884.25
286639.775
266871.3875
254413.4
256290.625
261351.0375
247537.075
248588.4125
245128.6125
249810.9375
229016.4
217045.75
226702.8875
223728.625
215625.0125
225697.2
223982.5625
221674.4875
226203.675
210789.6375
203167.375
212254.1625
207715.7875
215503.9
218295.525
202183.1875
234686.725
219143.5875
226807.575
227468.1
222389.6375
214937.175
223817.025
229753.5625
227663.625
249334.075
250062.1125
253543.4125
240800.375
234843.875
240798.2
248245.525
249509.0
252610.025
252633.0625
250880.6125
256522.8
261528.325
252643.4875
242052.15
240940.55
237358.475
248257.175
249110.4625
251626.4
256806.675
248654.7875
235963.2125
225569.3125
214771.1
205762.6625
214051.3875
194456.2625
189006.7375
203117.15
193672.175
192940.4875
192894.5
181431.5
179792.7
187796.9875
198178.8625
197923.15
190516.4375
207320.3625
207675.0875
193217.875
207226.2875
219393.6375
204173.35
190253.3625
189877.825
184197.85
191453.2625
196693.8375
208856.175
204397.325
211353.625
201773.3625
189475.3
195898.55
194170.0625
202448.8625
202683.5125
213004.6375
218922.3125
219940.9375
219544.05
228353.9
234076.9625
231909.1875
237242.5625
221003.4375
217421.0375
204929.5875
203559.3625
184391.2875
156401.3625
151011.6125
144738.525
149017.775
157298.075
148331.6375
139978.15
136167.2375
141016.3375
135556.35
132959.675
152560.375
147642.5
150230.2875
147464.3875
145990.6875
137337.7625
127079.425
108972.6125
107564.825
105233.0125
106334.0
99906.575
105471.625
103923.3625
115259.3875
111674.4375
113475.1125
100579.0
99128.9
83992.8375
89114.9375
92930.6875
88067.9375
89060.9875
82137.025
79578.5
70737.5875
72370.5375
69543.6
72945.5
79921.5625
76136.8125
88014.9125
85280.55
78739.025
87622.825
81041.0625
98292.05
112133.2
112693.85
121112.15
126749.95
125552.0875
104808.85
104824.1625
103755.775
102080.2
99512.725
97357.525
100063.8875
101928.4875
103276.425
93707.725
91728.775
82233.6125
80696.0
80450.325
83236.3625
85767.7375
80121.375
87185.65
92646.275
87067.0875
82691.2625
77313.4125
78903.7375
77452.55
74027.375
71041.8625
72895.475
73797.925
71313.075
75139.85
79760.5125
90601.3
71696.025
68983.9
69046.8625
74792.8125
73124.6875
67643.575
70222.7125
74246.7125
70982.6375
78369.9375
75746.8875
81734.825
79367.55
80907.85
74967.8125
72347.7875
75975.2375
72547.025
73037.5375
68701.55
72660.025
74567.1375
75033.4125
69649.075
72810.8
75580.4875
79314.6125
79185.3875
73098.95
74197.475
69214.225
82148.825
85431.425
78805.75
79639.875
83889.7375
82029.1
88437.2125
89025.0125
87235.475
93058.1875
92335.4375
91238.075
94656.6125
88848.6125
94565.8
98200.2875
100949.9375
100582.65
109962.1625
114201.6625
112224.9
108953.55
115226.9375
119110.0875
108380.675
107642.3125
112674.45
107942.2
109149.5375
113605.075
110094.925
110422.7
112038.5125
122552.5875
123892.05
125519.75
128078.4375
126625.1
131885.3375
129983.7125
129691.2875
125597.1625
124116.8125
133504.5375
130875.275
135789.55
132746.4625
125921.025
129228.9
123051.45
117427.5875
135422.0375
125601.3125
126565.7125
121018.4125
118971.1875
130215.325
123515.3875
123959.8625
120954.55
116234.5375
118548.9875
123198.2
123284.225
122970.55
118534.7
117270.6375
117561.3875
122082.9
121939.55
121192.675
119475.8125
118405.45
123770.575
123662.125
122257.1125
120655.55
117182.425
113427.2
117656.0125
122248.375
118549.4125
115685.975
119024.6625
113408.85
110372.7
108395.5375
108120.7
105735.65
107113.4875
106851.6625
109467.025
104520.0875
105557.9125
103468.525
98853.6
103057.0375
109032.425
104629.375
96938.625
110095.025
109441.85
117750.0125
123918.2125
120938.675
116456.1125
113636.0625
123550.175
111182.6
111867.725
112475.25
113132.125
115820.7375
119338.825
123169.35
