2442910.0
2282520.0
2275820.0
2137170.0
2010605.0
2010605.0
2010605.0
1974495.0
1954575.0
1954575.0
1954575.0
1954575.0
1879900.0
1879900.0
1723190.0
1723190.0
1474980.0
1474980.0
1474980.0
1474980.0
1474980.0
1474980.0
1474980.0
1417055.0
1396940.0
1396940.0
1396940.0
1396940.0
1396940.0
1396940.0
1396940.0
1396940.0
1396940.0
1396940.0
1396940.0
1396940.0
1396940.0
1396940.0
1396940.0
1396940.0
1396940.0
1169210.0
1169210.0
1169210.0
1169210.0
1169210.0
1169210.0
1169210.0
1169210.0
960315.0
960315.0
895620.0
895620.0
895620.0
895620.0
895620.0
895620.0
895620.0
895620.0
895620.0
895620.0
895620.0
895620.0
895620.0
895620.0
895620.0
895620.0
895620.0
895620.0
895620.0
895620.0
895620.0
895620.0
888165.0
888165.0
888165.0
884105.0
884105.0
884105.0
880645.0
863145.0
863145.0
863145.0
863145.0
809485.0
809485.0
809485.0
809485.0
809485.0
809485.0
809485.0
809485.0
809485.0
809485.0
809485.0
809485.0
809485.0
809485.0
809485.0
809485.0
809485.0
809485.0
809485.0
809485.0
809485.0
809485.0
809485.0
809485.0
809485.0
809485.0
809485.0
809485.0
809485.0
809485.0
809485.0
809485.0
809485.0
809485.0
809485.0
809485.0
809485.0
785640.0
785640.0
785640.0
785640.0
785640.0
785640.0
785640.0
682030.0
682030.0
673260.0
673260.0
673260.0
673260.0
673260.0
668995.0
668995.0
668995.0
668995.0
668995.0
656370.0
656370.0
656370.0
656370.0
656370.0
656370.0
656370.0
656370.0
656370.0
656370.0
656370.0
656370.0
656370.0
656370.0
656370.0
656370.0
656370.0
656370.0
656370.0
656370.0
656370.0
656370.0
656370.0
656370.0
656370.0
656370.0
656370.0
640220.0
640220.0
640220.0
640220.0
640220.0
640220.0
640220.0
640220.0
640220.0
578850.0
578850.0
578850.0
578850.0
578850.0
578850.0
578850.0
578850.0
578850.0
578850.0
578850.0
578850.0
578850.0
578850.0
578850.0
578850.0
578850.0
578850.0
578850.0
578850.0
578850.0
578850.0
578850.0
578850.0
578850.0
578850.0
578850.0
578850.0
578850.0
578850.0
578850.0
578850.0
578850.0
578850.0
578850.0
578850.0
578850.0
578850.0
578475.0
578475.0
578475.0
578475.0
578475.0
578475.0
578475.0
578475.0
578475.0
578475.0
578475.0
578475.0
578475.0
578475.0
578475.0
578475.0
578475.0
578475.0
578475.0
578475.0
578475.0
578475.0
578475.0
578475.0
578475.0
578475.0
578475.0
578475.0
578475.0
578475.0
578475.0
578475.0
578475.0
578475.0
578475.0
578475.0
578475.0
578475.0
578475.0
578475.0
578475.0
578475.0
578475.0
578475.0
578475.0
578475.0
578475.0
578475.0
578475.0
578475.0
578475.0
578475.0
578475.0
578475.0
578475.0
578475.0
578475.0
578475.0
578475.0
578475.0
578475.0
578475.0
578475.0
578475.0
578475.0
544575.0
544575.0
544305.0
544305.0
544305.0
520815.0
520815.0
520815.0
520815.0
520815.0
520815.0
520815.0
520815.0
520815.0
520815.0
520815.0
519110.0
519110.0
519110.0
518995.0
489075.0
489075.0
489075.0
489075.0
489075.0
489075.0
489075.0
489075.0
489075.0
489075.0
489075.0
489075.0
489075.0
489075.0
489075.0
489075.0
489075.0
489075.0
489075.0
489075.0
489075.0
489075.0
489075.0
489075.0
489075.0
483920.0
483920.0
460170.0
460170.0
455840.0
455840.0
455840.0
455840.0
455840.0
392300.0
388905.0
388905.0
388905.0
388905.0
388905.0
388905.0
382465.0
376980.0
376980.0
376980.0
357115.0
356835.0
356835.0
356835.0
340985.0
340985.0
340985.0
340985.0
340985.0
340985.0
340985.0
340985.0
340985.0
340985.0
340985.0
340985.0
340985.0
340985.0
340985.0
340985.0
340985.0
340985.0
315200.0
315200.0
315200.0
315200.0
315200.0
315200.0
315200.0
315200.0
315200.0
315200.0
315200.0
315200.0
315200.0
315200.0
315200.0
315200.0
315200.0
315200.0
293655.0
262230.0
262230.0
262230.0
262230.0
262230.0
262230.0
262230.0
262230.0
262230.0
262230.0
262230.0
262230.0
262230.0
262230.0
262230.0
262230.0
262230.0
262230.0
262230.0
262230.0
262230.0
262230.0
262230.0
262230.0
262230.0
262230.0
262230.0
262230.0
262230.0
262230.0
262230.0
262230.0
262230.0
262230.0
262230.0
262230.0
262230.0
262230.0
262230.0
262230.0
261060.0
261060.0
261060.0
261060.0
261060.0
261060.0
261060.0
261060.0
261060.0
261060.0
261060.0
261060.0
260385.0
260385.0
260385.0
260385.0
254725.0
253330.0
253330.0
253330.0
253330.0
253330.0
253330.0
253330.0
253330.0
253330.0
253330.0
253330.0
253330.0
253330.0
253330.0
253330.0
253330.0
253330.0
253330.0
253330.0
253330.0
253330.0
252355.0
252355.0
252355.0
252355.0
252355.0
252355.0
252355.0
252355.0
244805.0
244805.0
244805.0
244805.0
244805.0
244805.0
244805.0
244805.0
244805.0
244805.0
244805.0
244805.0
244805.0
244805.0
244805.0
244805.0
244805.0
244805.0
244805.0
244805.0
244805.0
244805.0
244805.0
244805.0
244805.0
244805.0
244805.0
244805.0
244805.0
244805.0
