41.51764122654285
42.66360841344981
43.25773759568678
46.45610544640636
45.270232584081654
42.961267411939446
46.491030204772144
45.04458742521729
42.304223164685496
43.844346972352255
43.91738681313143
43.04706495856449
47.36980421356929
45.117806834691436
46.83682571359458
45.821644858640056
44.9513807007584
45.907445051454715
47.74853436447549
45.55367182518983
46.0336127266507
47.61590703882542
44.52083181851233
44.58709273182958
47.39340721436777
46.29397173782321
43.58995630772634
44.96184026658068
44.782918198183395
46.26535581552883
46.713670191931065
44.26473471903187
43.43382529822128
46.29868672129307
46.90771364407556
47.03591270977719
45.66814471796888
48.49675648702595
44.95102743592639
46.5009304217312
41.450920840661766
45.54858278422759
44.95832385070551
47.03759080543096
46.41830479813992
45.58428791544367
46.29728347784461
43.65717175122199
45.30219495205489
42.117825580107976
46.35557656225383
46.94243013795543
45.32392949957159
45.0797586971554
46.80571977534731
40.268756998880185
44.344084407075776
41.14463947081096
47.07980332829047
44.97962832688474
48.56924983319035
45.674379742261834
48.10849144345238
46.39532310416052
48.12199189548985
47.523353751914236
40.88762477192229
44.50702189042302
42.9889316666078
44.743420398539904
42.80747941136763
45.27628848149429
44.79784403217639
48.1264730631718
44.210312075983715
48.201006781030586
47.31262493542663
43.62687321097829
48.60640056464645
44.491910186561
48.69534780118373
45.55357986070122
43.79417547058143
45.10216929764049
45.89015259352046
48.62679651299772
43.257995079950796
44.36765407164296
42.81691073053695
46.945855398249215
45.528652027213894
47.46734663927209
45.806727577592994
44.58594603923373
45.62945034901259
44.67094539527304
44.91744684450962
46.42167230682459
47.29689503572083
45.53237172428981
44.93331053351573
46.68089429353389
46.41320919089622
45.63588483146067
44.89420083726922
46.909494733401665
45.00366589588856
45.12486313206602
46.4881588015662
47.08573603846207
45.62952898550725
48.26181040493333
40.93003851713867
46.22705692151254
48.904388524191596
46.33798054788214
45.40798920137652
46.51629227351271
41.516337016556854
47.48329822032489
45.38459405501331
45.60637796602591
46.9136398763524
45.17942112983436
45.64842828382064
43.28530659662592
42.88318121104186
48.63271971496436
47.03524687685901
41.45453089977585
45.28459972862957
47.61196654383095
48.06575667294948
47.231779559597896
45.02703588399149
47.28265765765766
43.09566891114693
47.8124608248715
45.832139572055425
45.8385166755524
44.76201527337602
47.630600426699175
46.777694063670204
44.316056131922444
43.84492895639392
43.82089367325588
43.859615774533665
47.155653876840496
42.69126102346899
46.25090748118636
45.71730287859824
48.386919744775504
44.53750595160801
44.44916369103552
46.60725318620055
46.894030750678326
45.128110457825954
45.90818222772835
46.766358444593045
46.34397917430187
45.70380622837371
47.30337162687728
42.66401629137698
47.85555580492403
48.297940114674034
46.18673574552241
45.47871786505232
42.33369211382967
45.967881631180084
46.75154807637177
44.24175824175824
45.494188013369595
45.177716351858834
46.79788311631116
43.60317935596266
44.8325267447784
44.818314199600394
46.30877927901351
46.71263533538982
47.002788786144144
47.62374934175881
42.46325501555627
47.22391725098365
43.380872539711405
45.82447364437749
43.7438447066175
45.29068812612908
48.5386110907745
47.744911303161246
47.02481329800049
48.0241075349771
44.14018639119695
44.989262933863486
49.32568347843083
47.68995247379966
44.172501146949116
46.55490760807574
46.107642427049555
46.887441187115456
42.66893313247288
48.32535885167464
45.153905403092374
46.4959855163728
49.11078878080314
45.93345188526487
47.092767813711184
43.119766150407806
48.9405462285359
47.78741980389784
46.161045971674014
46.261268028846146
46.42356399819087
46.083113416901575
45.1889206890858
48.27344340131649
45.44916485112564
47.7321346818163
45.131292350283225
47.02926763410532
48.24144067298076
47.25275975010615
49.449136981270655
47.14449235819649
43.08102833701734
46.520910919909255
47.91543356738042
46.05848637874247
42.540012686949524
45.768030573963046
43.947761477193936
46.674397357509314
46.37359815678436
45.54702463779978
45.825164301099015
47.92624733970363
46.454311501492036
46.024868375337405
39.35082906460149
46.56098062042046
46.80555555555556
45.98478690047613
42.92621346158159
45.82414933186389
48.74937213536762
43.876121124481394
44.74920512710837
47.79808490454168
46.25694985799797
45.39130551672223
47.74987138831515
48.427560868611536
46.88825768582553
47.97178130511464
48.51844287097555
48.808833154825656
46.91596584949567
48.32114224316058
46.61069470368641
45.88027358399489
45.91299345016817
47.30036851575679
47.772516136816066
45.60063774244648
45.18703852748713
48.22629531334821
46.06798382078407
47.02901871369866
48.203232462173325
44.98520913593836
46.26880186721991
47.696648842437874
47.70498392282958
44.850574262338974
47.9531904846231
43.132685374312864
48.85377393361425
44.6761631481861
46.824234250992056
44.23898252563222
46.10567297767248
48.70402197543921
45.961941340782126
46.34615937239575
44.86368781472297
48.01564486164075
45.750426796962394
47.287915338445195
47.90851229195405
49.20774444264533
47.68230678313413
46.1987581824102
49.46142613375336
45.58574324099815
46.55440932731326
44.57444193846865
47.85350318471339
48.436752571155225
47.868199579200486
44.570708517097195
45.68360740790869
47.65752289454464
45.93934340371574
46.64614047704662
47.849705277206255
44.65556979979271
42.89392943239097
47.029557761732846
46.56269217272877
48.079438437391
45.4927754207167
44.75915297559088
48.459402554827044
44.7313672922252
48.34279745792632
49.31421152030217
45.7240682532555
47.76577663249081
47.46051550470162
48.78554305734832
48.907422410333666
48.371318920930754
42.92897874546398
46.6555559917348
45.631413808488894
43.3230521561979
45.467310677936865
47.10145412672059
47.63617289583641
44.64281790415083
46.82756314545228
46.187205106855394
47.77710019038554
47.82979769598201
42.47271457835214
45.728385501575914
48.02654060826974
44.57816776686524
41.072310611969016
45.36898206204678
46.10651292882014
45.20074086179659
46.34265368965138
45.471858387680165
44.805885576540796
48.349708437101384
48.15479885312288
44.71788356127934
46.04509235274243
43.843735366914174
45.18968762290017
45.52581179967985
45.3997621712367
47.81385174990169
45.4204449579289
43.37982045056744
45.51769601268138
43.80984624644342
46.799608621998956
43.41114784757706
45.328246132217664
44.494401774123766
44.99770009199632
45.20724103961019
43.385221598002495
41.11904303706215
46.239145304228856
46.08848314606742
46.24721857705254
41.25535271579896
47.09817472975367
47.48740740740741
45.036650690724564
47.28577719397952
47.794034252013155
46.42682926829267
47.020645687386484
46.805555555555564
47.02074671716133
45.16442853302014
47.15219630982485
45.855641624423306
44.04950567151343
48.618714194780395
47.138416136611085
47.602655330684165
47.87978912834261
47.48725572002552
49.82629407124218
45.22177813304911
47.11932267540391
45.155714454556204
42.591395864106346
48.63376543277863
47.51294615717038
43.76947146917359
47.46274042798889
47.5005799118534
50.761536904601265
46.67016386890488
47.626224566691796
49.1842647839805
47.745686814832574
49.07295567097476
48.0113804973589
48.30667599166832
43.71998701020528
44.82280855144404
42.70471456132935
47.26841533801931
45.592530867516096
39.79035383600766
45.541279523959915
42.687399957228685
45.93364240630062
45.843695157014295
47.42532971295577
47.92733674775929
47.75642441646417
47.59888103193721
44.19364199123033
46.65860415709693
48.00367140890317
44.21603027175782
44.66990111950901
49.671767335030104
46.68193833907569
46.86421342069853
47.21115391401517
46.867109857641694
45.67372950374633
46.37075925704967
45.71247585183526
47.56875465607152
47.76990859519607
48.13373340291065
46.49687714539274
44.261090500574774
47.077494109432
45.638606163415325
48.01203431795935
46.29358823899628
47.99675380146934
44.754615342970055
47.82737746247654
48.10615738375065
45.290573044138746
43.05542654688765
48.53321539141973
45.8529387485554
49.129804484057274
48.18934243601463
48.409541331325435
44.34923575729505
46.590578459175
45.8378727656601
48.35094145425925
44.96337975692301
47.295312208894046
40.20735611644702
46.020792487875354
48.4832482544153
47.47773909292581
47.71391613829405
45.257605694797824
46.98794274213268
50.49315176322418
47.365144440648365
42.84709994263222
45.334639106517756
45.045094892934216
44.532747964650326
44.99092009685229
46.37216723457191
47.86341559142422
44.06132833422603
47.016954106986255
44.049962731839706
45.554096218464984
45.55326526154854
43.73332443970118
45.421596844686064
43.7129815030035
43.40917855765522
47.45148837482385
44.62900877103864
47.86517353571137
48.05474976558837
45.99735204193054
48.177360274134465
45.3966786917504
46.71367786293958
45.16214273634364
44.00748044882694
44.083123526890944
45.25392026944951
45.24574887793171
49.08258997231621
44.55007069443689
42.05431956082057
44.09567699783093
43.946880054481994
