3210170.964285714
3113311.4166666665
3006389.2083333335
2872816.7916666665
2756416.9583333335
2675320.4166666665
2616730.5
2596380.2916666665
2622016.4166666665
2613529.5833333335
2542780.0833333335
2458029.1666666665
2480578.3333333335
2472793.2916666665
2411338.25
2432453.0416666665
2362423.75
2363196.6666666665
2334130.5833333335
2306458.8333333335
2332611.625
2341528.4166666665
2294322.0833333335
2190860.7083333335
2071506.5
2127619.7083333335
2206493.2083333335
2284489.5416666665
2309479.8333333335
2311759.875
2281252.9166666665
2282122.4166666665
2264209.7083333335
2216886.25
2211204.7916666665
2198697.875
2169174.2083333335
2158495.0416666665
2164131.8333333335
2150658.4166666665
2126818.625
2114821.7916666665
2190866.7083333335
2275627.6666666665
2254193.625
2237089.7916666665
2248506.9583333335
2243985.3333333335
2258322.75
2199431.3333333335
2186377.6666666665
2129474.7083333335
2079027.2083333333
2118941.7083333335
2135496.6666666665
2186232.625
2087408.375
1971469.0833333333
2059511.1666666667
2098927.2916666665
2075784.125
2070263.4166666667
2063972.8333333333
2043195.9166666667
2082044.9583333333
2058735.6666666667
2099912.0833333335
2096562.7916666667
2073034.125
2020340.4166666667
1974656.1666666667
2052887.7916666667
2021206.3333333333
1950009.4583333333
1906783.4583333333
1930591.125
1918266.6666666667
2007160.4166666667
1983951.75
2045799.9166666667
2070252.25
2090097.7916666667
2108612.2083333335
2175858.9583333335
2124674.6666666665
2092572.3333333333
2081960.9583333333
2161375.3333333335
2112578.2083333335
2061400.9166666667
2060799.3333333333
1981403.3333333333
2012454.4583333333
2076391.3333333333
2058976.7083333333
2042603.9583333333
2023800.4166666667
2005588.375
2023867.0833333333
2042638.625
2098784.1666666665
2103363.2083333335
2078487.2083333333
2049145.4166666667
2032686.5416666667
2047349.7916666667
2077477.1666666667
2014598.3333333333
2030084.2083333333
2101022.75
2101802.125
2071390.5
2083267.9166666667
2109840.0416666665
2047192.5
1988437.875
2081299.875
2181125.4583333335
2157967.5
2119118.6666666665
2031343.2083333333
2003394.375
2072523.7083333333
2048082.75
1982447.5416666667
2048875.6666666667
2107402.0
2122760.0833333335
1974338.375
1997112.1666666667
2000383.75
2065645.7083333333
2061968.2916666667
2024902.9583333333
2036501.5
2073449.0
2086246.5416666667
2048043.875
2111799.0
2106645.9166666665
1966344.9166666667
1987175.75
2067378.2916666667
2040980.8333333333
2106504.875
2178831.375
2107628.3333333335
2074529.1666666667
2044933.7916666667
2053932.0
2076361.4583333333
1945061.625
1940261.4583333333
1959844.6666666667
1998344.9583333333
2010915.4583333333
2016934.875
1983176.75
1961535.0416666667
1956767.6666666667
1956095.4583333333
2057199.2916666667
2109253.8333333335
2149553.625
2054246.875
1993022.7916666667
2020636.1666666667
1935538.75
1956245.0416666667
2001957.0833333333
2013489.0833333333
2024108.375
1854660.25
1777916.375
1911286.5416666667
1963051.9583333333
1936046.0416666667
1931736.6666666667
1941734.5
1983869.25
1904546.875
1903214.9166666667
1957286.2916666667
1833011.9583333333
1730651.2083333333
1757988.625
1859289.9583333333
1799986.9166666667
1696139.75
1734470.5833333333
1730764.6666666667
1755980.4166666667
1892737.5
1788163.125
1785733.625
1884497.5416666667
1834679.5416666667
1896770.9166666667
1931868.6666666667
1876415.875
1776052.4166666667
1731267.6666666667
1760918.2083333333
1703487.625
1822839.5833333333
1768697.4583333333
1801319.7916666667
1806988.2916666667
1713813.2916666667
1735747.2916666667
1677275.6666666667
1775242.3333333333
1729418.375
1667557.625
1653590.4166666667
1844671.375
1944049.5833333333
1941658.875
1979698.5833333333
1921210.5
1824804.5
1882599.0
1905360.2083333333
1873104.75
1922528.75
1791422.9166666667
1733110.9583333333
1863494.2083333333
1948799.375
1934676.9166666667
1898905.2083333333
1914972.2083333333
1908266.4166666667
1839023.7083333333
1796713.5833333333
1905244.875
1935258.3333333333
1909818.4166666667
1885620.9166666667
1902152.8333333333
1905363.0
1819479.0
1738645.2916666667
1765553.7916666667
1791572.625
1779794.7083333333
1741025.9583333333
1784553.9583333333
1766259.875
1735661.4166666667
1667729.0833333333
1731872.125
1871208.75
1820337.9166666667
1717486.0
1738685.6666666667
1801781.4583333333
1770843.125
1825038.5833333333
1915394.75
1818484.5833333333
1700236.6666666667
1752998.0416666667
1742091.9583333333
1809609.5
1785719.7083333333
1716316.375
1781704.0416666667
1817195.5833333333
1820503.625
1669347.8333333333
1678767.7916666667
1682613.25
1725668.0
1785684.2083333333
1817423.5833333333
1828451.0833333333
1735128.1666666667
1664243.875
1668559.5
1679253.5416666667
1666130.7083333333
1720121.5416666667
1625506.6666666667
1624402.7083333333
1689074.8333333333
1686479.9583333333
1687331.25
1644660.6666666667
1721809.4166666667
1633041.3333333333
1603214.375
1653763.7083333333
1699384.875
1667232.8333333333
1636803.375
1766235.5833333333
1669681.25
1641939.625
1786256.5
1747969.625
1778940.3333333333
1817695.8333333333
1712774.5833333333
1663242.2083333333
1777840.2083333333
1822156.375
1873776.1666666667
1751344.0833333333
1656845.5833333333
1640736.25
1769305.875
1843446.875
1799442.5
1836070.125
1874480.0
1932434.2083333333
1963212.9166666667
1926527.5416666667
1883160.5416666667
1809821.4583333333
1812897.5833333333
1779343.5
1784687.5416666667
1731827.0833333333
1686236.4583333333
1636230.5
1716502.875
1829816.4166666667
1762483.5833333333
1739815.5416666667
1702428.0
1462754.9583333333
1512238.25
1648771.625
1719699.0833333333
1683799.7083333333
1520197.1666666667
1481991.625
1391453.75
1569494.8333333333
1574010.9583333333
1535496.6666666667
1596343.75
1604530.2083333333
1677798.5416666667
1703308.5833333333
1822601.7083333333
1779909.5416666667
1823873.2916666667
1713387.0833333333
1687941.4583333333
1797597.9583333333
1849627.8333333333
1920771.75
1767522.7083333333
1775190.5
1820366.75
1803261.25
1778768.5
1664247.7083333333
1652454.3333333333
1686695.3333333333
1753736.4166666667
1898389.25
1922268.3333333333
1923407.7916666667
1928928.75
1797206.3333333333
1727040.1666666667
1697507.5833333333
1802088.875
1843921.4166666667
1854177.25
1842023.7083333333
1786859.5
1797428.9166666667
1862454.7916666667
1878510.9166666667
1979758.2083333333
1959870.875
1820512.25
1762758.5
1836748.5833333333
1828124.125
1760374.0
1640669.7916666667
1526741.9166666667
1749829.7916666667
1776595.7083333333
1610366.0833333333
1511138.4166666667
1564182.6666666667
1655248.2916666667
1723667.75
1675952.5833333333
1661616.7083333333
1599229.0
1710610.9583333333
1593898.7916666667
1631517.2083333333
1653183.0833333333
1608712.6666666667
1635145.9166666667
1675001.9166666667
1666128.4166666667
1769077.9583333333
1795474.375
1746561.3333333333
1701638.25
1715426.0416666667
1725279.0833333333
1766021.5833333333
1733302.4166666667
1841012.75
1797500.5
1642511.2083333333
1728652.75
1701629.3333333333
1656599.8333333333
1689087.875
1714748.7916666667
1700489.875
1810051.9583333333
1741505.625
1643672.25
1686301.3333333333
1725034.2083333333
1690852.6666666667
1671819.7916666667
1754036.375
1791406.0833333333
1846382.3333333333
1777367.125
1654608.0833333333
1706724.0833333333
1705619.7083333333
1728322.4166666667
1609137.2916666667
1616535.6666666667
1590898.0
1544874.1666666667
1584018.7916666667
1893068.8333333333
1918003.25
2026729.0416666667
2059085.25
2068169.3333333333
1972327.7083333333
1913651.875
1878942.8333333333
1857833.5416666667
1929231.8333333333
1980811.9166666667
1880342.625
1875711.7916666667
1917011.4166666667
1922622.0
1953848.6666666667
2022769.0833333333
1958027.4166666667
1949328.375
1923990.0833333333
1840684.0416666667
1927695.0833333333
1859010.4166666667
1963907.7916666667
1989053.7083333333
1941978.25
1926427.9166666667
1845527.0833333333
1837036.5
1963678.5416666667
1897750.625
1891984.0
1893005.8333333333
1872077.0416666667
1890718.5833333333
1822713.5833333333
1877981.125
1861738.5416666667
1854224.0416666667
1957411.0833333333
1840997.3333333333
1849537.75
1849861.5
1752119.9583333333
1902537.9166666667
1907225.5833333333
1806692.125
1774739.25
1762875.5
1821173.1666666667
1845001.0416666667
1852141.125
1862061.9166666667
1811586.625
1691476.5
1860917.125
1949088.125
1906512.4166666667
