4150590.0
3884895.0
3836810.0
3836810.0
3502760.0
3367575.0
3367575.0
3333275.0
3336550.0
3498280.0
3498280.0
3425980.0
3425980.0
3405420.0
3103800.0
3274155.0
3274155.0
3494385.0
3288170.0
3288170.0
3489730.0
3410580.0
3407020.0
3149385.0
3104000.0
2681310.0
3259680.0
3259680.0
3077785.0
3012470.0
2995470.0
3469625.0
3469625.0
2961070.0
2961070.0
3250750.0
3250750.0
3115725.0
3072660.0
3072660.0
3358785.0
3358785.0
2977870.0
3070935.0
2998800.0
3056005.0
3070730.0
3070730.0
3267525.0
3262290.0
3262290.0
2967145.0
3074915.0
3430505.0
3430505.0
2843495.0
2843495.0
2894440.0
2894440.0
3061110.0
3061110.0
2976205.0
2976205.0
3099500.0
3113115.0
3156195.0
3228690.0
3228690.0
2752245.0
2909600.0
3015925.0
3061595.0
2977580.0
2916710.0
2888365.0
2888365.0
2935050.0
3264545.0
3015360.0
3015360.0
2981805.0
3048570.0
3046975.0
3232815.0
3232815.0
2897370.0
3174075.0
3174075.0
2814610.0
2896125.0
2989565.0
2989565.0
2983485.0
3184935.0
3184935.0
3033245.0
2962280.0
2946410.0
2960500.0
2960500.0
2937430.0
2937430.0
3426685.0
3426685.0
3118030.0
3118030.0
2989425.0
3141355.0
3141355.0
3115935.0
3115935.0
3004420.0
3190810.0
3190810.0
2950565.0
2842105.0
3117075.0
3117075.0
3304095.0
3304095.0
3407575.0
3407575.0
3039060.0
3143610.0
3143610.0
3152970.0
3209220.0
3209220.0
2815400.0
3022550.0
2821600.0
2961330.0
2884230.0
2863050.0
2820040.0
2858285.0
2965085.0
3145850.0
3145850.0
2962735.0
2962735.0
3271790.0
3271790.0
3117260.0
3065570.0
2988425.0
2928895.0
2800925.0
3145135.0
3145135.0
3116295.0
3116295.0
2905650.0
3018265.0
3018265.0
2919285.0
2975325.0
2975325.0
2963550.0
3027990.0
3027990.0
3074090.0
3074090.0
3018320.0
3018320.0
2996165.0
2996165.0
2940605.0
2990190.0
2946900.0
3264150.0
3264150.0
3172415.0
2851100.0
2973165.0
2973165.0
2915290.0
2915290.0
2993655.0
2993655.0
3144005.0
3144005.0
2878260.0
2878260.0
2866210.0
2696620.0
2925735.0
2925735.0
2911155.0
2913680.0
2913680.0
3265950.0
3265950.0
3043505.0
2784475.0
3029080.0
3029080.0
3066985.0
3107880.0
3107880.0
3072060.0
3029015.0
3029015.0
2736955.0
3257220.0
3257220.0
3412735.0
3412735.0
2928555.0
2998885.0
2990010.0
3267625.0
2962160.0
3011665.0
2902985.0
3078830.0
3248215.0
3248215.0
2788805.0
2850555.0
2841595.0
2910795.0
2988330.0
2988330.0
2960685.0
2938865.0
2938865.0
3511485.0
3511485.0
3055370.0
3081460.0
3081460.0
2821735.0
2907610.0
2980910.0
2958605.0
2958605.0
3403520.0
3403520.0
2953210.0
3012370.0
3217865.0
3217865.0
2737120.0
2936270.0
3191875.0
2880715.0
2789045.0
2777520.0
2803405.0
2838695.0
3122615.0
3122615.0
2906675.0
2906675.0
2863650.0
2863650.0
2766290.0
3039865.0
3039865.0
2821105.0
2970375.0
3081575.0
3205185.0
3318110.0
3318110.0
3020795.0
2829655.0
2827210.0
3030830.0
3094875.0
2882050.0
3032060.0
3032060.0
2817625.0
2986670.0
2959975.0
2959975.0
2903895.0
2903895.0
3117860.0
2883390.0
2892475.0
2899840.0
2899840.0
2760225.0
2833335.0
2878040.0
2878040.0
2784470.0
3118740.0
3118740.0
2874085.0
3159070.0
3045315.0
3045315.0
2878760.0
3402060.0
3340830.0
3340830.0
3032345.0
2757365.0
2802115.0
2691985.0
2837945.0
3057705.0
3263325.0
3263325.0
2862515.0
2868825.0
3006330.0
3006330.0
3082595.0
2902135.0
2902135.0
3079260.0
3191945.0
3191945.0
2839665.0
2839665.0
3282435.0
2989940.0
2989940.0
2959095.0
2959095.0
2996750.0
2996750.0
2902045.0
2902045.0
2961015.0
3160185.0
3160185.0
3109390.0
3259375.0
3083315.0
2891260.0
3147260.0
3147260.0
3043835.0
3425355.0
3425355.0
2911075.0
3046945.0
3325780.0
3325780.0
3262880.0
3218825.0
3218825.0
3204000.0
3206705.0
3215755.0
3215755.0
3107490.0
2993920.0
2993920.0
2936100.0
2781800.0
2794025.0
2881140.0
3029310.0
3268380.0
3268380.0
3238330.0
3238330.0
3485275.0
3485275.0
3144745.0
3144745.0
3107285.0
3107285.0
3452710.0
3452710.0
3194185.0
2874675.0
2874675.0
2827310.0
3099410.0
3099410.0
3006530.0
3084225.0
3084225.0
2934950.0
2851685.0
2999290.0
2906175.0
2928035.0
2928035.0
2794680.0
3113300.0
3113300.0
2958905.0
2769820.0
2799880.0
2828070.0
3421050.0
3421050.0
3071420.0
3045280.0
2810125.0
2810125.0
2870260.0
2870260.0
2674610.0
3170760.0
2952720.0
2850070.0
2806770.0
2864010.0
2864010.0
2788950.0
2983125.0
2983125.0
3286965.0
3286965.0
3178070.0
3178070.0
2859145.0
3255590.0
3140460.0
3289055.0
3289055.0
2929140.0
2958630.0
3108220.0
3108220.0
3420635.0
2949410.0
2936625.0
2852820.0
2740990.0
2899145.0
2942375.0
2903790.0
2927105.0
3006800.0
2968155.0
2968155.0
2936190.0
2926205.0
2964310.0
2854820.0
2854820.0
2868695.0
2943320.0
3034520.0
3089770.0
3089770.0
3032815.0
2777610.0
2777610.0
2860170.0
3057470.0
2983550.0
3332660.0
3111490.0
2887130.0
2920365.0
2920365.0
3338190.0
3338190.0
2945200.0
2945200.0
3244620.0
3001490.0
3001490.0
2846730.0
3023975.0
3023975.0
3094320.0
3233805.0
3233805.0
3059485.0
2982775.0
2813105.0
3163380.0
3163380.0
3098830.0
3098830.0
2750095.0
3086890.0
3086890.0
2787005.0
3257175.0
3155295.0
3155295.0
3058410.0
2834070.0
2893660.0
3381910.0
3381910.0
2753345.0
2979200.0
3250350.0
3049365.0
2861315.0
2861315.0
2864670.0
2884325.0
3251350.0
3200555.0
3200555.0
