49.255132725377294
52.0561494473227
52.024139517523366
54.40578212893806
53.99518802807984
54.109841324611516
53.97568629846719
53.62404003959784
53.52386115457596
54.33502705904737
53.797796697705515
54.37412483600467
54.480021097735055
54.50792368307188
54.27565452990379
53.5588892552369
54.60190525035806
54.596160772406456
55.31222017528538
55.68812371817402
55.4570150881021
54.52703654395555
53.95507721742036
53.659137801465434
53.97825647605646
54.17023124352859
54.508343719314624
54.23794219056586
53.74893311063595
54.750866552923874
54.28206604484175
53.20307871271604
54.06613322315857
54.730427352475736
54.807799492455615
55.13318193653323
55.196386448862235
55.47988776626814
55.31454919243047
55.33266689655762
55.10909170184946
54.867110835605466
54.26927402035562
54.22298426717068
54.89620942223158
55.16095621203091
55.25247589866149
55.009283134257885
54.46133103084774
54.62725811674081
55.2171396729578
55.39831664386509
55.37497901360381
54.8822259003977
55.18653584757893
55.07187218868026
55.37568192567031
55.25261570290323
55.339138035060394
55.449253999417586
55.6653021693334
55.29343419606256
55.270451968753505
55.037841233406766
55.39789513924749
55.58885052538141
55.2289421920314
56.15727255545855
54.59039972017116
55.2013072459216
55.11071829586385
54.717937676640645
55.83368497738442
55.220025767530004
54.46261146937839
55.65422010429791
55.63187442695915
55.23651781965643
55.68409148906538
55.19903733767146
56.34890088298142
55.78527331395576
56.047713072339185
55.59117842665693
55.610521871602366
56.66742838023983
55.68944047792545
55.342358599116096
55.33330065022661
55.26107727625449
55.700313408451045
55.45995214224651
54.24588248267948
54.889950318914245
54.54072534157372
55.342978525709505
55.6123856450687
56.11288446735151
55.726592554379444
55.039083235694335
55.17597939338941
54.71767554561796
55.02359846883279
54.99752635654038
55.838762725972856
56.183305038119144
55.36075230134584
55.29796704028736
55.49366128712753
55.05196066279867
54.50446283032549
54.928570353185385
54.73727542557152
55.53836293259852
55.30379846065435
55.10825428495944
54.74912025802356
54.19896652463049
54.407575896350075
55.291263741905745
54.63557897584318
54.41719176127296
54.48710414548096
54.0886864160605
54.67217790255397
53.367523751583946
54.09956529561872
55.31975907836626
54.64547893967608
53.721035903823875
54.91483054458208
53.590186688906066
53.916251407734876
54.52532311163087
54.221023029498184
54.83401913104863
54.47251055540592
54.566491896694274
54.177027327962044
53.8318533349432
54.260540544430775
54.41331388312004
54.08118307563249
54.25940426738014
53.33606694516956
53.8337330485874
54.00723667163859
53.710866169076986
53.63884971700766
54.232939664652136
54.345869992531625
55.41305490635072
54.29658034093763
55.53140806561711
54.59560037162767
55.34995686637814
54.67216457785934
54.61577143708212
53.6714486008071
54.481641113419556
54.49765571803836
54.984236683002266
54.881000705863975
54.846230265986925
55.25364126821453
55.446140643820236
55.03119540719961
54.87004938588579
54.56055532951828
55.40699179783753
54.76230761864664
54.36168737414014
55.19185558254703
56.20390278058558
54.857930499089456
54.9587658817529
54.09543883196853
54.92183483440014
54.88026486175918
55.801696007099935
55.361694563495725
54.858013499116474
54.49983965320818
55.04044043186388
54.9965930183892
55.374173530830674
54.97468965318985
55.63530137163156
55.746052600921345
56.03161890239607
55.799726546055616
54.46260554566325
54.87142808213782
55.988152203531634
55.54716876546415
55.56181555427777
55.248970130289095
54.848510280181436
55.24388537026833
55.15738779875901
55.5477086044292
54.784523370047786
55.09304111861331
55.865489861808484
55.7757624911375
56.108387163534935
56.02013819519871
55.05428632919073
55.10640071644288
55.78122933482375
55.55338341638144
56.179734799814405
55.35336876580083
55.092846042913514
55.256843937002124
56.20091527644355
56.27035997802568
55.828908418808666
56.11766261435626
56.9400744420527
56.29463038487833
56.21001952647439
56.2298656708257
55.97847299273574
55.351509117626996
56.4459366746141
56.07167298820682
56.1625774888578
54.928527582222095
55.674438055587835
55.43666462555878
55.119783419230934
55.200151976337565
55.531679450201615
56.2416516183989
55.59302333781186
55.66551694766926
56.27869810415298
55.842937107709446
55.86735106836695
54.82205523335324
55.778593439247075
56.11902591302948
56.371351048680665
55.81578740348794
56.178731807543834
56.26382361069537
55.93024151707907
55.86777635675609
56.8613911795421
56.547476844731285
56.273032031221604
56.528006609472364
56.40328769961918
57.06320645435436
56.49856725455901
56.10787556405965
55.866140043698415
56.17393782949605
56.48630454622769
56.57544772644397
56.04430962402072
55.159058989517206
56.2825982706136
55.860381689912245
56.044918258207666
56.99770334508816
56.677851233008326
56.949739221833084
56.70373141712477
56.93869274973269
57.182359642829105
56.73463869678478
56.385352276436585
56.482169122018526
56.78450025369421
56.70469096505175
56.737815389867116
57.02096597442939
56.17554320971659
56.70006924771065
56.968583214989174
56.73801947021486
56.33828740116427
56.43091245303253
56.93762144217449
56.54668132499615
56.792640648617194
56.76322603236674
56.368666828963555
56.40942423323793
57.04162524919811
57.535318401608876
56.777231774514675
56.67600260575987
56.71365025991273
57.50646051778292
56.30027961400827
56.617406669112505
56.85791899819227
56.77563747166164
56.16735322009442
56.8550785428649
56.8900113125136
56.38870399973073
55.63357147688933
56.491838502086935
57.21270505063963
56.96936845663187
56.940639255351726
56.20205712125888
55.904349940337354
56.61673607177624
56.710454173697386
55.992970686527585
55.86228467275751
56.90621963007323
56.48375643578595
56.69790018833337
56.248306178305675
56.1146291222766
55.424468673182766
56.14344075799084
56.75964559489522
56.11142726749271
56.09473619371161
56.09045661253346
55.9037570294296
55.26741269876923
56.12329354917919
56.06944613180667
55.850840416936045
55.740893443654926
55.863924634782435
56.13498045242402
55.30952413271881
55.58737795002589
55.188177802452294
56.19349564097431
55.4293214822244
55.63066899839081
55.91775326616133
55.254675255003846
55.0950950699781
55.307140604315855
56.05856402984504
55.51272913644667
55.72210778353436
54.4677302642575
54.7063519131985
55.91786643975153
55.5015303677748
55.8711100094964
54.95521307649733
55.18381125791526
55.422636065897905
55.82135493004562
55.57041194569343
55.546154973996515
55.61854089439826
55.89900704821863
55.48490180202955
55.0585273668515
54.72491339019608
53.623242974571966
54.82298523913997
54.431212227652644
56.1303207004012
56.57061681200591
56.161384492113434
57.03660885776724
56.736777203247605
57.169912638062264
56.35260026097459
56.218503413040416
56.01680761255952
56.28823375967582
56.57042735281989
55.82291411381887
55.52031610629617
56.20546811070653
55.32730868656784
55.9704412582275
56.67988917321121
56.40125642948253
57.20416047652509
57.443202060624074
58.06627678445906
56.769797198202546
56.93866914890205
57.02847539048766
56.663665989476584
57.309106533977776
56.9476082707477
56.89310663622722
57.032406420683365
56.51739032869836
57.66155371696648
56.355496629553855
56.99704553776379
57.20957893463598
57.35543151346753
57.243315855114034
56.72997127242821
57.29749196936106
56.15179634638733
56.05721646633067
56.140891766038834
56.22488972068552
56.01837929360349
55.122232155307714
57.573310867734385
56.80869838240948
57.4182059145076
57.224570408939826
56.238606463320295
56.75225880945204
56.78929516889666
57.37524620942818
57.11400491127549
56.76485793785059
57.97698220588699
56.838466369491435
56.5372923476085
57.09210325675335
56.68797637777611
56.57169872263918
56.84400737492358
57.23181640655274
57.520410539757435
56.946752643348496
56.39840494725421
56.856612976720285
57.40592430824624
56.55395998561834
56.7464374216971
56.415123620149025
56.91611006181712
56.868356433809616
57.33717298990903
57.24492824105894
57.389842233211816
56.13564521571844
55.7739077506156
56.23361822795711
56.12952006609484
56.44712072877315
56.66773416238422
56.24638381192971
56.06890453579569
57.57987740319412
57.736707317385644
57.373587548247315
56.10778802273311
57.840053795630276
56.72378555623641
56.34030217344259
56.75854342381753
56.18478195195313
56.841806203818244
57.85542894899552
56.684642187727576
57.25489412688551
57.37787733664492
57.868628768620134
57.44894686690305
57.35635608303692
57.20405866059909
57.08291153281159
57.125419614339016
57.44131037857312
56.377401606221774
56.97590064157677
57.386955533083196
56.915186557592996
57.011746395834635
56.79709661595439
57.33858962460447
57.90450078294654
56.57645508208767
57.555101525197706
57.10849975131712
56.52760405462731
57.26773306143354
57.206092184600315
57.6227586578399
57.79464386848955
57.796231855625074
57.53620927660943
57.65945027791665
58.38493240997422
57.580560057761865
57.61416431961548
56.91845799319789
57.53904613506645
57.583123776706024
57.62510769883783
57.195177282296456
56.5009867696633
56.713951746206284
57.08650192592725
