547070.0
547070.0
508440.0
508440.0
473675.0
432410.0
432410.0
411640.0
411640.0
411640.0
411640.0
411640.0
411640.0
411640.0
411020.0
397125.0
355805.0
355805.0
351460.0
319785.0
314415.0
314415.0
314415.0
314415.0
314415.0
314415.0
312310.0
312310.0
312310.0
312310.0
312310.0
296165.0
296165.0
286095.0
286095.0
286095.0
286095.0
286095.0
286095.0
286095.0
261725.0
261725.0
261725.0
261725.0
261725.0
261725.0
261725.0
261725.0
261725.0
261725.0
261725.0
261725.0
261725.0
261725.0
261725.0
261725.0
261725.0
261725.0
261725.0
261725.0
261725.0
261725.0
261725.0
261725.0
261725.0
261725.0
261725.0
261725.0
261725.0
261725.0
261725.0
242515.0
242515.0
242515.0
242515.0
242515.0
242515.0
242515.0
242515.0
242515.0
242515.0
242515.0
242515.0
242515.0
242515.0
242515.0
242515.0
242515.0
242515.0
242515.0
242515.0
242515.0
242515.0
242515.0
242515.0
242515.0
242515.0
242515.0
226290.0
226290.0
226290.0
226290.0
226290.0
226290.0
226290.0
226290.0
226290.0
226290.0
226290.0
226290.0
226290.0
226290.0
226290.0
226290.0
226290.0
226290.0
226290.0
226290.0
226290.0
226290.0
226290.0
224830.0
224830.0
224830.0
224830.0
224830.0
224830.0
224830.0
224830.0
224830.0
224830.0
224830.0
224830.0
211515.0
211515.0
211515.0
211515.0
211515.0
204345.0
204345.0
204345.0
204345.0
204345.0
204345.0
204345.0
204345.0
204345.0
204345.0
204345.0
204345.0
204345.0
204345.0
204345.0
204345.0
204345.0
204345.0
204345.0
204345.0
204345.0
204345.0
204345.0
199850.0
199850.0
199850.0
199850.0
199850.0
199850.0
199850.0
199850.0
199850.0
199850.0
199850.0
199850.0
199850.0
199850.0
199850.0
199850.0
199850.0
199850.0
199850.0
199850.0
199850.0
199850.0
199850.0
199850.0
199850.0
199850.0
199850.0
199850.0
199850.0
199850.0
199850.0
199850.0
199850.0
199850.0
199850.0
199850.0
199850.0
199850.0
199850.0
199850.0
199850.0
199850.0
199850.0
199850.0
199850.0
199850.0
199850.0
199850.0
199850.0
199850.0
199850.0
199850.0
199850.0
199850.0
199850.0
199850.0
199850.0
199850.0
199850.0
199850.0
199850.0
199850.0
199850.0
199850.0
199850.0
199850.0
199850.0
199850.0
199850.0
199850.0
199850.0
199850.0
199850.0
199850.0
199850.0
199850.0
199850.0
199850.0
199850.0
199850.0
199850.0
199850.0
199850.0
199850.0
199850.0
199850.0
199850.0
199850.0
199850.0
199850.0
199850.0
199850.0
199850.0
199850.0
199850.0
199850.0
195720.0
195720.0
195720.0
195720.0
195720.0
195720.0
195720.0
195720.0
195720.0
195720.0
195720.0
195720.0
195720.0
195720.0
195720.0
195720.0
195720.0
195720.0
195720.0
195720.0
195720.0
195720.0
195720.0
195720.0
195720.0
195720.0
195720.0
195720.0
195720.0
195720.0
195720.0
195720.0
195720.0
195720.0
195720.0
195720.0
195720.0
195720.0
195720.0
195720.0
195720.0
195720.0
195720.0
195720.0
195720.0
195720.0
195720.0
195720.0
195720.0
195720.0
195720.0
195720.0
195720.0
195720.0
195720.0
195720.0
195720.0
195720.0
190365.0
190365.0
190365.0
190365.0
190365.0
190365.0
190365.0
190365.0
190365.0
190365.0
190365.0
190365.0
190365.0
190365.0
190365.0
190365.0
190365.0
190365.0
190365.0
190365.0
190365.0
190365.0
190365.0
190365.0
190365.0
190365.0
190365.0
190365.0
190365.0
190365.0
190365.0
190365.0
190365.0
190365.0
190365.0
190365.0
190365.0
190365.0
190365.0
182175.0
182175.0
182175.0
182175.0
182175.0
182175.0
182175.0
182175.0
182175.0
182175.0
182175.0
182175.0
182175.0
182175.0
182175.0
182175.0
182175.0
182175.0
182175.0
182175.0
182175.0
182175.0
182175.0
182175.0
182175.0
182175.0
182175.0
182175.0
182175.0
182175.0
182175.0
182175.0
182175.0
182175.0
182175.0
182175.0
182175.0
182175.0
182175.0
182175.0
182175.0
182175.0
182175.0
182175.0
182175.0
182175.0
182175.0
182175.0
182175.0
182175.0
182175.0
182175.0
182175.0
176345.0
176345.0
176345.0
176345.0
176345.0
176345.0
176345.0
176345.0
176345.0
176345.0
176345.0
176345.0
176345.0
176345.0
176345.0
176345.0
176345.0
176345.0
176345.0
176345.0
176345.0
176345.0
176345.0
176345.0
176345.0
176345.0
176345.0
176345.0
176345.0
176345.0
176345.0
176345.0
176345.0
176345.0
176345.0
176345.0
176345.0
176345.0
176345.0
176345.0
176345.0
173385.0
173385.0
173385.0
173385.0
173385.0
173385.0
173385.0
173385.0
173385.0
173385.0
173385.0
173385.0
173385.0
173385.0
173385.0
173385.0
173385.0
173385.0
173385.0
173385.0
173385.0
173385.0
173385.0
173385.0
173385.0
173385.0
173385.0
173385.0
173385.0
173385.0
173385.0
173385.0
173385.0
173385.0
173385.0
173385.0
173385.0
173385.0
173385.0
173385.0
173385.0
173385.0
173385.0
173385.0
173385.0
173385.0
173385.0
173385.0
173385.0
173385.0
173385.0
173385.0
173385.0
