35.88880578409374
37.637578932146475
38.43172638996306
38.43803056027165
39.91116994743103
39.55071418761159
39.55071418761159
37.38722451790634
37.827255832416135
37.63669946234593
37.63669946234593
38.274428274428274
39.72764611147642
39.86564121571534
40.75497331392528
40.75751376283292
41.975001197260674
37.86999143428191
37.86999143428191
40.05572971090213
36.906340302566704
37.04370797310279
35.655704816473275
33.1641765038986
33.1641765038986
36.45038460947936
37.27549740096791
32.85929408872293
32.928721871189445
32.928721871189445
32.96910179272612
32.96910179272612
38.506997407750085
35.85910884996923
35.85910884996923
36.71253556291007
35.524226219413386
35.524226219413386
36.41034232423075
36.41034232423075
36.57452155422386
36.57452155422386
39.572916106600715
36.390544948389646
35.275774855868164
33.13325330132053
33.13325330132053
35.78175370728562
39.654867413186146
38.37397103261436
36.55663752136945
36.55663752136945
35.02395608825764
39.285714285714285
36.59861780485587
35.43299824771742
35.43299824771742
36.20470262793914
36.20470262793914
37.847355779504404
35.94920849095246
38.71923266803018
36.90859802567643
36.90859802567643
37.71641125852788
36.37006520791705
37.206389932496414
37.20772363855786
40.35164308398174
38.139534883720934
38.018824671647025
37.92723168514737
36.84425750671808
37.69478688260414
38.08848945731075
38.08848945731075
38.708165997322624
38.2709020579715
38.2709020579715
36.88141923436041
36.88141923436041
36.74180225904363
36.74180225904363
37.27785975492398
36.05651105651106
36.996829105473964
39.229105112081946
38.89955844454293
38.41266330974414
38.41266330974414
36.64391000775795
37.204228897466024
35.101171964643235
39.69741516599289
42.060561299852274
38.06080027715227
38.06080027715227
38.23877068557919
38.78261167678015
39.0000960270971
38.52454884564976
32.587150066827824
34.85399248758027
38.267553040071
35.00407628243043
37.23591690291993
38.69073933263778
41.35081219720718
37.08160304197728
36.882300089847256
35.49886213917834
34.54900631245863
34.263576470231456
35.32534246575343
35.32534246575343
37.6778835978836
33.73893648155252
36.03867934945498
36.03867934945498
38.87889766379094
39.148029267619236
39.031656735794414
38.64414224792723
38.64414224792723
41.7342965281316
36.554256929452336
36.554256929452336
37.374067094974556
38.59406998486333
36.064265985005754
35.37462007301031
35.259592632116174
39.541198501872664
35.10253958134098
34.975395563630855
38.16029301994549
38.72631544200171
36.2505366046957
37.74664912717318
38.052233952068846
38.42676836918679
33.75897173246522
36.412369545962186
41.27539127539128
41.27539127539128
40.30434626565697
41.25566229303342
37.31546729010566
37.680869216973406
38.02651053634365
38.83961566888395
35.98498219041812
35.98498219041812
39.06010671424484
36.996346693492875
36.382268746718154
37.17959592189858
37.62862886738449
34.84603541185527
34.84603541185527
38.01007877453744
39.043755634144645
38.881396770597334
38.881396770597334
41.95099610716739
39.052708504613136
39.052708504613136
37.089618456078085
38.98212018257319
33.16081250812075
33.16081250812075
37.3955363287779
34.84373594073364
34.84373594073364
35.36419172932331
35.676227012544146
38.36473788741092
34.37048904681081
34.37048904681081
37.09819645947025
38.439727117295554
38.439727117295554
36.40996964371305
35.531314532528334
35.531314532528334
36.82668177770582
35.37005866684098
34.77570464470028
33.90916149068323
33.90916149068323
36.09770263800262
36.09770263800262
35.80441014157873
36.444894033365394
35.85635069183271
35.731469813266116
37.73426037081499
36.00193135228543
33.828961735938485
33.828961735938485
34.835396649421035
34.835396649421035
39.080153307782034
35.8125592477774
35.52314651627305
35.52314651627305
38.4988277306367
35.670493549532495
35.05947464067404
35.05947464067404
35.14918176919368
39.372114496768226
37.132743069372594
36.54973146802918
36.26207879601545
37.221849223096115
37.221849223096115
39.4623950346842
35.23278727096262
36.43814411992342
37.3847757402039
36.35023425620759
31.258018319061975
36.66137728637728
36.66137728637728
37.66726943942134
36.37792525323087
35.63103274241374
33.84384723274598
33.84384723274598
37.32882502113271
37.847466822131004
33.48803407733598
33.48803407733598
37.83284023668638
37.96938702524855
38.42100783112019
37.81492738939547
37.81492738939547
35.8849513925381
33.30456182901166
33.30456182901166
35.72052197502378
36.213471955692675
36.371851940369865
36.371851940369865
37.19615277299064
34.810581841432224
34.810581841432224
35.60017659466619
38.92091515042334
39.09372617903424
37.6093969724543
36.1070780399274
36.1070780399274
34.054108928480794
33.41821714554875
33.41821714554875
34.89152439704781
34.89152439704781
36.55309720304422
38.01394943330426
37.9438719335905
36.40615698613828
35.38887343125338
36.35317409219676
36.35317409219676
37.11515982457528
36.878184805882455
33.851473286726005
37.71333333333333
38.99338874524978
37.18270365997639
37.18270365997639
38.1215604944723
38.22161985966478
33.31995928344813
36.28671901853468
37.05736366967588
38.56273316316513
37.042698205873506
37.56270761304318
34.2532921268457
34.2532921268457
39.95889003083248
39.96948893974066
37.573601987679105
37.39933147439339
39.82683982683982
39.82683982683982
40.61045409095611
38.88485090763723
37.98343971019493
40.2923754830787
41.196930579460705
33.032504838858344
33.032504838858344
36.30376874506709
36.97341733527183
35.904680113330826
35.904680113330826
37.975019703251895
38.21130500758725
35.99756852170797
35.99756852170797
38.67803447011368
38.67803447011368
34.26010308508254
34.26010308508254
39.789068296647
39.18872779660734
35.745758419853125
37.6024265869527
36.79254394436932
36.79254394436932
35.26651305683564
35.26651305683564
38.35699761908899
36.3457927974057
36.3457927974057
39.57151467876896
39.343367313321856
35.162334225528895
35.162334225528895
34.10259406403365
34.52876639899541
34.52876639899541
37.819883500229075
34.89212400502723
34.89212400502723
38.356844305120156
37.811046821199106
38.47279455050038
37.94822949350067
39.80724910957469
35.161328889752355
35.161328889752355
36.59328340780644
36.59328340780644
37.010697172167106
37.010697172167106
36.182939247428216
36.182939247428216
39.39654125687324
39.69843843790036
32.91855369417697
32.91855369417697
35.173350375459336
38.71744791666667
38.42918936238385
35.29115688400186
35.29115688400186
38.15260354012717
32.29522010356215
32.29522010356215
35.79424821463037
37.634446090821925
36.861105833175
36.861105833175
36.92971343350599
36.92971343350599
36.735093696763194
36.735093696763194
36.898784355179714
33.79302057636439
33.79302057636439
38.208200085914754
37.57608003418059
39.200959682887394
36.037157632637424
36.037157632637424
35.10117689443978
35.10117689443978
35.084903706771584
35.084903706771584
35.756349332666375
34.39479020433629
34.81981981981982
35.19725112645467
36.188840418902274
36.57591614619756
37.74457457802274
35.62792388418258
34.90884328473705
32.992380753574786
33.1111833550065
33.1111833550065
35.09911141490088
31.517258219738856
35.3763371360243
37.9645758239484
38.98416147193985
34.528500733137825
39.05933234220841
35.53526673827426
35.53526673827426
37.46831164441439
36.66706554070225
36.66706554070225
34.44554089058838
34.44554089058838
34.991231641248866
34.991231641248866
35.87681236109642
37.45847033103234
36.24877508072419
34.784521335497466
34.784521335497466
36.63724460407278
35.69610568064707
35.69610568064707
36.15680358185712
36.15680358185712
35.67193675889328
34.5733923271834
34.5733923271834
37.87182987878037
35.96356403417567
37.588167984561
37.588167984561
37.62465477037061
38.30148071625345
38.30148071625345
40.6679966978536
35.94886470097263
35.99805888062115
35.99805888062115
37.22164360462233
35.76376974984887
36.09346944204296
35.91078550020712
35.91078550020712
38.78824148123969
39.98523833227484
36.811684695479016
35.447719995583526
35.447719995583526
38.85548594047516
37.67426919370382
37.67426919370382
36.24979945451628
36.24979945451628
35.298959418845236
38.84427237293013
38.84427237293013
36.92749526358524
33.337665614177254
33.337665614177254
37.056068468225625
37.056068468225625
37.75203882523641
36.76477695616452
35.36564625850341
35.36564625850341
33.795975017349065
38.417675763600215
40.51923441349252
40.08080416872052
35.43946010321555
35.43946010321555
39.01530339481422
39.01530339481422
37.51753155680224
35.25798525798526
39.173249171309685
33.938008239684216
37.86339410090243
41.2429178470255
41.26121691719359
41.26121691719359
37.04884536118794
38.74693520140106
36.784342418145236
36.38101557809587
37.56105529690436
35.5375871278744
35.976664148409306
35.976664148409306
37.75299865283796
37.75299865283796
35.23435042466185
35.23435042466185
39.873600577825925
39.873600577825925
37.945091723495814
38.60657461274268
38.61681711564433
38.61681711564433
35.74991901522514
35.74991901522514
37.44392809888017
38.11763945132844
38.11763945132844
35.407363074137166
38.8571086541997
38.127877413591705
38.127877413591705
36.102930526722346
36.93333333333333
35.68049662109068
37.43907556244149
