44.77382572135325
47.10818004092227
48.17392307025089
48.54940468706958
49.284636625234995
49.703010266750894
51.31564630173998
51.73481765771431
51.57981998237794
50.65171161556884
51.447340159186915
52.92837780893232
52.896601832418916
53.6285588085915
53.31831544869375
53.82996120746385
55.08298650761594
54.84442665410388
54.524446381339
55.55542788321466
54.88290486718672
53.133370809096284
54.33491814421538
52.00338772844373
54.02168425217922
56.1984202312575
55.27292738560558
54.466237841378906
53.06427139399648
55.60438345724888
54.52164649437246
54.41028560386083
55.60108028614784
54.24771942852185
55.06955306735847
53.691630839062874
55.26334884475536
55.619051785167876
55.90504969403405
54.72959150000203
56.6866278685891
57.65039687969343
56.089356704740446
54.50166158251849
54.82207783726212
55.690124331336314
55.21537513503507
55.82312091756242
53.88532003282195
53.993141054200606
56.12968904231069
54.777156030782386
55.69175595567
55.592027551721145
55.42964110084665
56.26057255227261
55.7889659126353
55.558718835891796
55.36229157306211
55.16635492468775
55.73314636126589
54.34143112056283
55.78269843016446
57.65796715871664
55.10317366634415
55.86452034333515
57.01306948732956
56.64087197733044
55.94484260545601
55.436994873117506
55.30905256027816
56.15206369463491
56.68569566729209
57.47460673795086
56.11996918126714
58.06014144526895
55.98361373379785
56.99360773504329
56.48593653524522
55.00777460673857
55.70002961521618
54.83341017141523
56.73905411823288
56.66765034181397
56.747297531075134
55.97457344754849
55.92557302076404
54.43202153551876
55.961824884929484
55.33875744353029
57.319410683104344
56.48449311169235
56.505888822125726
57.26422354754936
57.8523993643648
57.566703853164924
54.88690652626188
55.55623333700986
55.879409640623045
57.48244671852819
58.31357689957056
56.222743860206926
57.63881818783577
58.17272377128152
57.361461857621336
56.937621403898156
58.44721311163841
59.30214032133698
55.53684981152038
53.369031752227606
57.57441614302407
57.499153477936645
57.667759548151366
55.47186910385188
56.51416788257612
56.32697338836889
55.681846741160584
55.711858601939326
56.46142123796847
56.678547867334146
55.331282049008514
57.30610019232109
57.72569141940024
57.69277731440546
58.44674947178195
56.67673137416575
57.54018022983565
56.95245811483508
57.640980829783906
58.59169954342367
58.05717293742524
59.15612365027682
58.1277510483972
58.16363885204919
58.615664872158064
59.4172826168279
59.129564621559965
59.49237432016253
60.02409499415295
59.5252240005754
60.29881077574928
59.09948711166679
60.341015744570875
58.94878958863165
60.34075842359398
60.665595654483326
60.027351575211476
59.00010853863922
59.215909715234005
59.55368089847228
60.81653374453252
57.45980348269487
57.98326664342252
59.12658690879836
57.99486088076693
57.6638459417113
57.227527959691635
57.37794222766578
58.13333453447492
56.96405179688341
56.19842864955128
58.13591967586207
58.120683833872846
58.034742763898386
58.38551129990364
56.58200583615454
57.03443695680575
55.56146605688345
54.318659531647675
54.25406737148657
56.66371005797991
56.42695711434265
53.9414313834595
56.6171596351056
58.19902881408875
56.11136326118453
56.02028019642091
54.98066721228365
53.34145575980206
56.592591295219286
56.36225454083571
55.56602120056528
53.22181029134883
53.83151373087386
56.162420700926205
56.40330169286861
56.650166167300455
54.746796419449716
55.75826032269363
55.11004617860338
55.04279367092363
55.5870826965053
56.061378449498605
55.02790135684816
55.09143647220655
56.39588490000428
56.938214822193665
55.73188337025961
52.977255633773375
54.74499609980093
54.514806438273574
56.43032109100564
54.90295780841049
54.48678406413632
57.693020461667025
58.88795116672686
56.55740226311537
53.95407969080755
52.01285567556834
52.09816651351613
55.934132719743836
57.75358200210491
56.71623766759432
55.59575197593297
55.59350360444782
53.69988263100801
56.79649480717056
57.649997446080576
56.079959033116
58.58208250443472
56.491245783430664
55.65835336346762
56.2843956147078
56.05014058661631
56.577368541409875
56.34148780468289
56.43489143016588
56.36346098907706
56.44460728116954
57.262525884499865
59.392719707530794
58.989212015377014
58.095757806513944
55.20769573695702
56.21647045378555
58.05322214969398
57.28665260210846
55.39315902357433
56.552078158699466
54.863625526463075
55.75082828888991
54.07514797059112
54.79837991733935
55.03973971556488
55.18236770523211
55.501913212267546
56.14391196156948
55.46538343916948
56.66535867583414
57.61511285055114
58.99595195687429
56.50900273633754
55.57202849500572
56.41562490647219
55.715876723998456
56.93173524114797
57.21970443294267
57.12754942722369
58.235133861743556
57.266455516431876
57.65291620789764
56.143616183862214
58.50775481363849
56.71700175502828
56.26497828569334
57.28882895625347
58.85114151956655
58.029391631856114
57.03352411130004
57.09196325343536
55.79351182054648
58.27683819740282
56.287831817609025
56.89556770787642
57.22044956115621
59.69891366415004
58.38248815663611
57.49273371250244
58.48654787125921
58.40615718402973
58.17390965663796
59.119342081037914
58.054043368196396
58.550171511285996
58.330054758574555
59.127246758466825
58.815049804218376
58.387205132390115
60.369902381669945
60.427710007768994
59.68642554301856
61.4692181491285
61.33630723572599
60.87570370685811
61.59986096874704
59.84882213954407
59.25904379124204
59.20451905979009
60.40757982153278
60.44314206162412
60.51947138090454
61.48808791690773
58.94506078352501
58.54663849317946
60.02043096165149
59.600660776339986
58.13838150650208
60.252734439699296
59.558387487013526
60.9082167005287
58.6058543049444
59.019877322810004
58.373587702516296
57.67735444865595
57.09082685372329
55.770554069343596
55.671243662030975
55.9624491902537
56.95483908924989
56.123549771639404
54.548852306614684
55.654315677702336
54.984326511296416
55.55759401872095
55.89303213213609
55.58656513460804
53.492779544321216
56.496049185928705
56.73552634547627
56.11502742358853
58.36356268979406
58.493871519842656
58.640826547292214
56.267769203686356
56.46012515262963
56.141314412694065
55.69938736886116
54.24104496928416
55.55955150840472
56.28261745820006
55.30591647351802
55.28935822133537
57.03554222380971
55.92812361478005
55.4094630441263
54.3281189491861
54.759879131429
55.32709717788806
57.698405238820854
54.033771173572184
54.34687080061657
56.91116050934754
57.59915268776501
55.26714407673189
52.57377948429188
55.4738758748928
54.62489904229913
56.068280437845466
55.74160697162634
55.203396813707215
54.848868317619456
53.90253342427085
54.4206699514409
53.50932863832566
55.14298072558961
55.38629771452404
57.0148538537108
56.87663003042854
55.26704884909713
52.60863925549117
52.9076811321628
58.05619540187978
58.61831310208608
56.38187111166412
58.156656195204164
58.931565066057686
58.329974687029264
57.43841249503498
55.84789883278795
55.88798335594201
57.354150991872956
55.649388258552975
54.445846630211165
55.57796027081295
55.78714582192454
56.63757734728658
58.79886400257628
56.737951478133574
58.630469872615016
58.2252507920038
58.22273814670992
56.81095277835583
57.33812546470036
60.765420011115744
56.8289871399093
57.27373228751519
57.38523635927865
58.16008056293492
57.24753913486249
57.45875070865862
57.96909892092604
57.29204976382357
55.912172802825786
55.705980813222496
54.49558386725638
56.74172210466759
58.668414621482455
60.19554884855326
59.5623798466557
59.77300607021149
60.63320085772912
59.20888984188617
60.05950208589264
60.77185169860476
60.22842516524249
60.40796299342067
61.11801834644966
60.3999972965157
60.208637145310924
59.351269797148326
58.01472523289804
58.696257358467754
59.74171505194639
61.13173108817343
61.012941249645365
61.804012697044996
62.47585876206021
60.16496884341667
60.40468576053062
60.63064762942552
61.14376501480401
63.24440130445977
62.928744471656415
61.4459953400558
61.21914671405177
60.051626446151666
59.878687461881086
60.38288756411372
60.90770028744264
61.63918063505208
60.549701610796966
62.50646418215282
60.90446536221771
59.04993957623792
61.7725298357673
59.986290454741
59.54839999111412
61.25998066493803
60.7373939665631
61.2743330812129
60.00466934127642
59.271346905947084
58.13887232509672
60.91962025989975
62.82778998072931
62.011520238106755
62.66886786744962
62.55539076745181
61.49880351362301
63.05524983838395
62.42845987625726
61.457741494175266
58.70500932185443
60.228667201235844
60.34786350133051
59.161095907473104
60.477946128034226
62.48832967891068
62.09454113946647
61.585369202202806
60.15715437817504
62.079535507639925
60.64786017759261
58.412770719606236
59.95523703717533
61.18956171372783
60.57208121232057
62.022210419236785
58.81683604283174
59.68589064918336
59.78237550192801
61.60093855100774
62.583041771565945
60.26871585286402
61.34041290785036
60.755782389492396
59.97177371141601
59.70713453757402
59.88745125048943
60.37849722534611
60.52946196021344
60.383939710144226
59.35332828313684
58.669824899041075
59.627482525454084
60.07370789554575
59.391469580317406
58.81591702278251
59.045637340507405
59.52044111352641
59.92662091556329
