43.99249309897406
45.39084924362802
47.295350402670074
47.94876199655318
48.42125474994453
48.87390111798587
50.44652560721536
50.90058108819358
51.060811882300605
50.554727297643915
50.73928740818242
51.41074214050459
52.22416203340227
52.601669592106106
52.91134592472791
52.639932103515434
53.91119511105694
54.10884836887836
53.74194903476074
55.00183735999266
53.79752117847339
53.64266017837945
53.487053114336405
52.14878152529102
51.918466485771226
54.504290954804645
55.09080944553407
54.54895348421898
53.29914256164343
53.060703503728064
53.94934516194395
53.06635041627562
53.803484674693
53.606905193633374
53.11067517062044
52.86781031238415
53.163805634364316
54.37463958002988
54.36001103677721
53.778745468706965
54.15022104510919
56.28211430016536
55.466885788461326
54.23906237086474
53.52094302520761
53.885834827466766
54.69051477055567
54.50689805538874
53.360804863872225
52.61799273752114
53.792030301047795
54.45442924574722
53.80541355025036
53.736336129811846
53.664267862765676
54.284481438982425
53.784910940716976
53.260297875155864
54.570941548541256
53.492975837674486
54.11526231785565
53.5046950122513
53.469991112297194
55.12131547596826
55.589677756452076
53.33350211932268
54.976945844148574
55.831993176812816
55.38755057561317
53.90653553203901
53.33634342237392
54.69398964341258
54.871750788974836
56.561689358396634
54.84269385502427
55.99976628448694
56.083874982033734
54.44347340270017
55.50970514041785
54.79980132064034
53.865799989887364
53.49924361467762
54.48175795407792
55.233769732938896
55.51980562343583
55.48641418151064
54.56472477715024
53.65427368713551
54.04486145775695
54.5761680035046
54.95316298033701
56.40021291603484
55.36295641231802
55.70407931957627
56.600123646963496
57.126219316366914
55.128179775859174
54.44884175163712
54.24428172842656
54.992550907865514
56.48055709195664
56.25906710725528
55.74389956239131
56.657795634961346
55.7429573500773
55.80882007511393
55.28670068881512
57.592136392500194
56.33711965570248
52.710595159604665
54.16566152995826
56.13343207475379
56.7516471936164
55.5112623184681
54.015654453867576
55.15618629727352
54.12320799813952
54.386087184005596
54.459381044329135
55.13125596724384
54.58059350162732
54.783092980132935
56.75672813781468
56.162527246125094
56.02732857966669
55.62783039807975
55.33545038573068
55.51694896936326
55.08326986581836
56.050514584615705
56.042896627472146
56.548869944775056
56.863562127426576
56.40846006424114
56.109352895499434
57.41256101151965
57.07351867086038
57.01275131079176
58.071933808334634
57.60691316887711
58.10014520122653
57.09446391193282
57.707363354634495
57.27770508060202
58.22628172305075
58.349601912975636
58.872993710203474
57.55573878171486
57.07935417670504
58.42640850098916
58.98115529257442
57.94588368710488
56.112894179232676
57.18541182607895
56.987634647404626
55.952206906824514
55.52808192648886
55.189894025839195
55.778570153562846
56.02067524068962
53.96900549017038
55.239675187290196
56.10498231758788
57.36374267377307
57.52885500695666
56.31390578618221
55.81000995464887
55.25819669181945
54.07243484999062
53.08327284444181
53.816055011824375
55.766997243806905
54.14808767883469
54.538790180753914
56.76300233793274
55.30764961729729
55.37448133091329
54.44139045648424
52.58113578060292
54.21567860746309
55.41447669928276
55.37718183577009
53.32215247478508
51.86033744663903
54.53556668390817
55.17912114774832
55.416191357467746
55.08901762201847
54.82249916180736
54.27269493605767
54.24374005038962
54.1209311948502
55.30723496074002
54.98473314099476
54.409055767387514
54.439226386130066
55.84325256631352
55.48249693891866
53.21341558546353
53.1203251251408
53.564215486016444
54.683450255934275
54.862689316600175
53.05973236256083
55.85545884208681
57.925878495211315
57.31791514239228
54.15201439286042
51.887491233718954
51.029977156373306
52.85452363988888
56.164905798911185
56.320381286612694
55.18504392475784
54.74241219042509
53.57426969568598
54.30010453454028
55.980067876169564
55.56952357181712
56.23144268023087
56.55322645799512
55.076229891561425
54.96440065526347
55.05025254728267
54.812042374960484
55.06220189481853
55.17560904749803
55.405935844872324
55.12247327259628
55.14723319360251
57.18602409080315
58.583077848796535
57.69885184058536
55.392523966166216
54.189695756694114
55.97499346146578
56.14525315747986
55.60251798470434
54.23570040784546
55.17959325530389
53.783981042204594
53.63624165124932
52.55701769318157
53.72487520893726
53.896594437428135
54.26128423965741
54.79962968552652
54.489743773600935
54.88247108756174
56.17280330993177
56.57900019015056
57.24092032389232
54.84052480193562
55.465418074039626
54.4230505759441
54.408108199253526
55.521376454943734
55.488949373889064
56.230798089910174
55.866704746293735
55.71513705964029
54.9749506958065
56.01040836587794
56.19697587127684
54.03828488124088
55.575516747649196
57.142426983776566
57.653310304186434
56.23547672986209
54.66088521834566
54.436070576507824
56.116751318852806
55.893483887355394
55.10698933917483
55.738760539852095
57.056158742852645
57.480484001023925
55.81660009777746
55.920052031900745
56.597243805056124
55.64252420074768
56.56250398127679
56.34038893716705
56.15384355565154
56.40121929022624
56.47034874818606
57.07952173532267
55.60053438037935
57.67371529178143
57.503115959614995
58.11236784863847
58.034056994901434
59.44097179843995
58.18221605801345
59.31327485798811
58.2647962304889
57.661199554615656
56.7280819709358
57.02011377182741
58.02830794304308
58.00373610293083
58.96128966606383
59.073853831321486
55.34175695750806
57.013203059188626
58.0142400971058
55.252429530534556
56.77498459658258
58.33084667672647
57.99230976308498
57.33728913481951
55.940694928806906
56.45525797008849
57.37352963252931
55.700946428286485
54.81176563009454
54.77153092843687
54.23479732744519
55.271643960207946
55.08911439685489
54.02947094050849
53.48335278266866
53.80989995144011
53.557139025480325
54.057799138821366
53.9973165603274
52.90625277399998
53.22314074358637
55.997218929239715
54.84277662625649
56.361753327997995
57.04391447381928
57.34291647105955
56.774817645001264
55.61580969315665
55.20617885271356
54.08271859897831
53.32719312243874
53.10465753740902
54.494316980219715
54.12858916455081
54.036489797055886
55.38346224285962
55.20573251133943
54.84122555917019
54.51175296229233
53.1207623188013
53.324312874104855
55.94068904805264
54.20416415140284
52.595911110709466
53.73363389722129
56.58344210111511
56.06285701026933
52.17468437719112
53.26941754497789
53.255309158710666
54.24808916256966
54.84404554902718
54.20258590524388
53.50905080957842
52.47510694228814
52.70492608665706
52.738636773617515
52.94068308191224
54.338311437990335
55.860093335993525
56.06296086258703
55.656400771280786
52.429680805817114
50.90387043313728
54.15718072372374
57.225150134557914
56.79741348402749
56.02314056506018
56.66999267958686
56.778287930942945
56.818676509177735
54.60472068401882
53.599188637237454
55.032213085193774
55.18158709199979
53.574928247125996
53.538545483091134
54.50481797650376
54.773230192822886
55.616994288305364
56.15341764073223
55.5492239914468
56.78178540306126
55.848680106629466
55.876442084682935
55.656307927049845
57.14471249132926
57.29548491036862
55.475444026176156
56.16785506130918
56.289139996190016
56.683112253678246
56.91005049994744
56.192676964153755
56.05359137246821
55.010828890571034
54.303386901621884
52.81222718143923
53.04381269238726
56.74955691527311
57.29176645360371
58.171752070581036
58.62018598643246
58.9703827031503
58.02067675926291
58.64427300778251
59.00649643427097
58.913961504074244
58.44909113631364
59.89552932951707
58.83350554713836
58.939490378175705
58.195149211767244
57.06482087371066
56.3353483674264
57.782457168026454
58.72525825992334
59.41347608779963
60.09599629652856
60.74588409052182
59.61678000480353
58.3964124247036
58.6518312939608
59.600842193133595
60.573476558838315
61.72906388391414
60.34719731171048
59.332901207419035
59.08948321048474
57.77278133056299
58.58782376113386
58.488223302936305
59.336513195503535
59.07731542882188
59.75920617417361
59.12356049717627
58.48588179282874
58.75701820716198
59.25581905542314
57.630025177845326
59.00106957854634
58.88287133050572
58.45274334378022
58.342094034680585
57.33391749573138
56.405034846539465
56.21426416005398
59.696422397067785
61.29874424112734
60.70647743286239
60.97637969595998
59.67922990404715
60.66781352450293
60.56883038510313
59.2192987855723
56.82361405077188
57.42092241519403
59.19558025515612
57.01101728743328
58.48259628056807
59.0222408644411
60.374468702717955
59.9887590353012
58.811324647631665
59.63743483979166
59.07519981965053
56.64933155427122
56.91333704047046
58.19597706786008
58.95680720667276
60.527878554993585
59.208711938059494
56.80211568928927
57.34530724050701
59.216185228738844
60.470535943918094
59.503860919697104
58.54738089564164
59.31973785775962
58.777155505307775
58.505536629549276
57.92556455752233
58.282840303160604
59.04781918138431
58.97630291764869
58.60377562102763
56.794559497437824
57.64915810009578
57.78100835928224
58.02297686601334
57.054559696073376
57.35577020174025
57.01753718991037
57.69021692314373
