71.6062942086649
71.6062942086649
71.6062942086649
71.6062942086649
71.6062942086649
71.6062942086649
71.6062942086649
71.6062942086649
71.6062942086649
72.72402713316673
72.72402713316673
72.72402713316673
72.72402713316673
72.72402713316673
72.72402713316673
73.55510456189889
74.05221437187662
74.05221437187662
74.42677570801152
75.77840926452164
75.77840926452164
75.77840926452164
75.77840926452164
75.77840926452164
75.77840926452164
75.77840926452164
75.77840926452164
75.77840926452164
78.01846266337628
78.01846266337628
78.01846266337628
78.01846266337628
78.01846266337628
78.01846266337628
78.46730075842346
78.46730075842346
78.46730075842346
78.46730075842346
79.11629781166697
79.11629781166697
79.6432335255099
79.6432335255099
79.6432335255099
79.6432335255099
79.6432335255099
79.6432335255099
79.6432335255099
79.6432335255099
79.6432335255099
79.6432335255099
79.6432335255099
79.6432335255099
79.6432335255099
79.6432335255099
79.6432335255099
79.6432335255099
79.6432335255099
79.6432335255099
79.6432335255099
79.6432335255099
79.6432335255099
79.6432335255099
79.6432335255099
79.6432335255099
79.6432335255099
79.6432335255099
79.6432335255099
79.6432335255099
79.6432335255099
79.6432335255099
79.6432335255099
79.6432335255099
79.6432335255099
79.68706472281548
79.71407717694846
79.71407717694846
80.20491675256926
80.20491675256926
80.20491675256926
80.20491675256926
80.20491675256926
80.20491675256926
80.20491675256926
80.20491675256926
80.44375157470397
80.44375157470397
80.44375157470397
80.44375157470397
80.44375157470397
80.44375157470397
80.44375157470397
80.44375157470397
80.44375157470397
80.44375157470397
80.44375157470397
80.52946333521197
80.54511866741812
80.54511866741812
80.54511866741812
80.54511866741812
80.54511866741812
80.54511866741812
80.54511866741812
80.54511866741812
80.54511866741812
80.54511866741812
80.54511866741812
80.54511866741812
80.54511866741812
80.54511866741812
80.54511866741812
80.54511866741812
80.54511866741812
80.54511866741812
80.54511866741812
80.54511866741812
80.54511866741812
80.54511866741812
80.54511866741812
80.54511866741812
80.54511866741812
80.54511866741812
80.54511866741812
80.54511866741812
80.54511866741812
80.54511866741812
80.54511866741812
80.54511866741812
80.54511866741812
80.54511866741812
80.54511866741812
80.54511866741812
80.54511866741812
80.54511866741812
80.54511866741812
80.54511866741812
80.54511866741812
80.54511866741812
80.54511866741812
80.54511866741812
80.54511866741812
80.54511866741812
80.54511866741812
80.54511866741812
80.54511866741812
80.54511866741812
80.54511866741812
80.54511866741812
80.54511866741812
80.54511866741812
80.54511866741812
80.54511866741812
80.54511866741812
80.54511866741812
80.54511866741812
80.54511866741812
80.54511866741812
80.54511866741812
80.54511866741812
80.54511866741812
80.54511866741812
80.54511866741812
80.54511866741812
80.54511866741812
80.54511866741812
80.54511866741812
80.54511866741812
80.54511866741812
80.54511866741812
80.54511866741812
80.54511866741812
80.54511866741812
80.54511866741812
80.54511866741812
80.54511866741812
80.54511866741812
80.54511866741812
80.54511866741812
80.54511866741812
80.54511866741812
80.54511866741812
80.54511866741812
80.54511866741812
80.54511866741812
80.5374001452433
80.5374001452433
80.5374001452433
80.5374001452433
80.5374001452433
80.5374001452433
80.5374001452433
80.5374001452433
80.5374001452433
80.5374001452433
80.5374001452433
80.5374001452433
80.5374001452433
80.5374001452433
80.5374001452433
80.89325024028771
80.89325024028771
80.89325024028771
80.89325024028771
80.89325024028771
80.89325024028771
80.89325024028771
80.89325024028771
80.89325024028771
80.89325024028771
80.89325024028771
80.89325024028771
80.90100145722879
80.90100145722879
80.90100145722879
80.90100145722879
80.90100145722879
80.90100145722879
80.90100145722879
80.90100145722879
80.90100145722879
80.90100145722879
80.91340340433447
80.91340340433447
80.91340340433447
80.91340340433447
80.91340340433447
80.91340340433447
80.91340340433447
80.91340340433447
80.91340340433447
80.91340340433447
80.91340340433447
80.91340340433447
80.91340340433447
80.91340340433447
80.95215948903977
80.95215948903977
80.95215948903977
80.95215948903977
80.95215948903977
80.95215948903977
80.95215948903977
80.95215948903977
80.95215948903977
80.95215948903977
80.95215948903977
80.95215948903977
80.95215948903977
80.95215948903977
80.95215948903977
80.95215948903977
80.95215948903977
80.95215948903977
80.95215948903977
80.95215948903977
80.95215948903977
80.95215948903977
80.95215948903977
80.95215948903977
80.95215948903977
80.95215948903977
80.95215948903977
80.95215948903977
80.95215948903977
80.95215948903977
80.98316435680401
80.98316435680401
80.98316435680401
80.98316435680401
80.98316435680401
80.98316435680401
80.98316435680401
80.95215948903977
80.94905900226335
80.92425510805195
80.92425510805195
80.92425510805195
80.92425510805195
80.92425510805195
80.92425510805195
80.92425510805195
80.0575085799091
80.0575085799091
80.0575085799091
80.30331138113347
80.30331138113347
80.30331138113347
80.0575085799091
80.0575085799091
80.0575085799091
80.05905450947655
80.05905450947655
80.05905450947655
80.07786534991929
80.07786534991929
80.07786534991929
80.07786534991929
80.07786534991929
80.07786534991929
80.07786534991929
80.07786534991929
80.07786534991929
80.07786534991929
80.07786534991929
80.07786534991929
80.07786534991929
80.07786534991929
80.07786534991929
80.07786534991929
80.07786534991929
80.07786534991929
80.07786534991929
80.07786534991929
80.07786534991929
80.07786534991929
80.07786534991929
80.07786534991929
80.07786534991929
80.07786534991929
80.07786534991929
80.07786534991929
80.07786534991929
80.18133892276423
80.18133892276423
80.17498729674797
80.17498729674797
80.17498729674797
80.17498729674797
80.17498729674797
80.07786534991929
80.07786534991929
80.07786534991929
80.07786534991929
80.10197638441623
80.07786534991929
80.07786534991929
80.07786534991929
80.07786534991929
80.07786534991929
80.07786534991929
80.07786534991929
80.07786534991929
80.07786534991929
80.07786534991929
80.07786534991929
80.07786534991929
80.07786534991929
80.09369164055329
80.1490836577723
80.1490836577723
80.1490836577723
80.1490836577723
80.1490836577723
80.1490836577723
80.1490836577723
80.1490836577723
80.1490836577723
77.49050134371235
77.15997899484138
77.15997899484138
77.0024403051926
77.04105272912612
77.04877521391283
77.12908905569456
77.12908905569456
78.00327433354956
77.12908905569456
77.12908905569456
77.04877521391283
76.2672597534983
76.2672597534983
76.2672597534983
76.2672597534983
76.2672597534983
76.2672597534983
76.2672597534983
76.2672597534983
76.2672597534983
76.2672597534983
76.2672597534983
76.2672597534983
76.2672597534983
76.2672597534983
76.2672597534983
76.2672597534983
76.2672597534983
76.2672597534983
76.2672597534983
76.2672597534983
76.2672597534983
76.2672597534983
76.2672597534983
76.2672597534983
76.2672597534983
76.2672597534983
76.2672597534983
76.2672597534983
76.2672597534983
76.2672597534983
76.2672597534983
76.2672597534983
76.2672597534983
76.7306088407006
76.7306088407006
76.7306088407006
76.7306088407006
76.95147190560034
77.10283260741977
77.10283260741977
77.10283260741977
77.12754455873723
77.12754455873723
77.12754455873723
77.12754455873723
77.12754455873723
77.12754455873723
77.12754455873723
76.52519074537423
76.2672597534983
76.2672597534983
76.2672597534983
76.2672597534983
76.77694374942082
76.77694374942082
76.77694374942082
77.29743922404474
77.29743922404474
77.29743922404474
77.29743922404474
77.58780465202484
77.58780465202484
77.58780465202484
77.58780465202484
77.58780465202484
77.58780465202484
77.58780465202484
77.58780465202484
77.58780465202484
77.58780465202484
77.59089364593952
77.59089364593952
77.59089364593952
77.59089364593952
77.59089364593952
77.59089364593952
77.59089364593952
77.59089364593952
77.59089364593952
77.59089364593952
77.59089364593952
77.59089364593952
77.59089364593952
77.60532493204845
77.60532493204845
77.60532493204845
77.60532493204845
77.60532493204845
77.60532493204845
77.75924381428969
77.75924381428969
77.75924381428969
77.60532493204845
77.60532493204845
77.60532493204845
77.60532493204845
77.60532493204845
77.60532493204845
77.60532493204845
77.61560559725697
77.61560559725697
77.61560559725697
77.61560559725697
77.61560559725697
78.18089148364378
78.18089148364378
78.18089148364378
78.18089148364378
78.18089148364378
78.18089148364378
78.18089148364378
78.18089148364378
78.18089148364378
78.22413739844932
78.22413739844932
78.22413739844932
78.22413739844932
78.92225002316745
78.92225002316745
78.92225002316745
78.92225002316745
78.92225002316745
78.92225002316745
78.92225002316745
78.92225002316745
78.92225002316745
78.92225002316745
78.92225002316745
78.92225002316745
78.92225002316745
