12000.0
12900.0
12360.0
12360.0
11800.0
11800.0
7780.0
7780.0
7780.0
7780.0
7780.0
7840.0
7480.0
7480.0
7480.0
7480.0
7480.0
7480.0
5400.0
5400.0
5400.0
5400.0
5400.0
5400.0
5400.0
5400.0
5400.0
5400.0
5400.0
5400.0
5280.0
5280.0
5280.0
5280.0
5280.0
5280.0
5280.0
5280.0
5280.0
4820.0
4820.0
4720.0
4720.0
4720.0
4720.0
4720.0
4720.0
4720.0
4720.0
4720.0
4720.0
4720.0
4720.0
4720.0
4720.0
4720.0
4720.0
4720.0
4720.0
4720.0
4720.0
4720.0
4720.0
4720.0
4720.0
4720.0
4720.0
4720.0
4720.0
4720.0
4720.0
4720.0
4720.0
4720.0
4720.0
4720.0
4720.0
4720.0
4720.0
4720.0
4720.0
4720.0
4720.0
4720.0
4720.0
4720.0
4720.0
4720.0
4720.0
4720.0
4720.0
4720.0
4720.0
4720.0
4720.0
4720.0
4720.0
4720.0
4720.0
4720.0
4720.0
4720.0
4720.0
4720.0
4720.0
4720.0
4720.0
4720.0
4720.0
4720.0
4720.0
4720.0
4720.0
4720.0
4720.0
4720.0
4720.0
4720.0
4720.0
4720.0
4720.0
4720.0
4720.0
4720.0
4720.0
4720.0
4720.0
4720.0
4720.0
4720.0
4720.0
4720.0
4720.0
4720.0
4720.0
4720.0
4720.0
4720.0
4720.0
4720.0
4720.0
4720.0
4720.0
4720.0
4720.0
4720.0
4720.0
4720.0
4720.0
4720.0
4720.0
4720.0
4720.0
4720.0
4720.0
4720.0
4720.0
4720.0
4720.0
4720.0
4720.0
4720.0
4720.0
4720.0
4720.0
4720.0
4720.0
4720.0
4720.0
4720.0
4720.0
4720.0
4720.0
4720.0
4720.0
4720.0
4720.0
4720.0
4720.0
4720.0
4720.0
4720.0
4720.0
4720.0
4720.0
4720.0
4720.0
4720.0
4720.0
4720.0
4720.0
4720.0
4720.0
4720.0
4720.0
4720.0
4720.0
4720.0
4720.0
4720.0
