50935.5
44582.25
43449.333333333336
36345.083333333336
34086.666666666664
38200.666666666664
37081.583333333336
39581.333333333336
37210.0
33167.583333333336
29098.333333333332
27959.0
30278.916666666668
29572.833333333332
31288.666666666668
30780.833333333332
29851.666666666668
29684.333333333332
28633.0
28864.333333333332
26979.0
27432.333333333332
27270.333333333332
27193.666666666668
26509.666666666668
26745.333333333332
27095.666666666668
26428.0
26420.666666666668
26096.0
26502.0
26660.333333333332
26567.666666666668
26507.333333333332
26652.0
26926.0
26593.666666666668
27850.333333333332
27827.0
27686.666666666668
27848.333333333332
27814.333333333332
27724.0
26846.666666666668
27696.333333333332
28223.0
28185.333333333332
27864.666666666668
27352.666666666668
28490.333333333332
27798.333333333332
27539.0
29008.666666666668
28578.666666666668
27657.833333333332
27720.333333333332
27866.666666666668
27599.0
27460.0
27336.666666666668
26980.666666666668
27866.833333333332
27108.5
27812.666666666668
27646.666666666668
27596.333333333332
27307.666666666668
27227.333333333332
27130.333333333332
27626.333333333332
27176.666666666668
27117.333333333332
25650.0
26611.0
26707.333333333332
26815.666666666668
26831.333333333332
26832.666666666668
27014.666666666668
27105.666666666668
27318.666666666668
27302.0
27302.0
26895.666666666668
26895.666666666668
27196.333333333332
27180.333333333332
27142.333333333332
27598.333333333332
27379.0
26511.333333333332
26748.666666666668
26669.666666666668
26613.666666666668
27584.666666666668
27107.333333333332
27092.333333333332
27092.333333333332
26810.666666666668
27326.333333333332
27111.0
26975.333333333332
27460.666666666668
27400.333333333332
27746.333333333332
27365.0
27820.0
27829.0
27708.333333333332
27877.0
27892.666666666668
28460.0
27481.333333333332
27845.666666666668
27710.0
27276.333333333332
26925.0
27178.333333333332
26186.0
26107.666666666668
26681.0
26730.666666666668
26666.666666666668
26631.0
26722.0
27005.333333333332
27002.666666666668
26940.0
27149.333333333332
27267.666666666668
27003.333333333332
26047.833333333332
26681.0
26983.0
26842.666666666668
26702.0
26680.0
26644.0
26658.666666666668
26594.0
26529.333333333332
26498.333333333332
26713.666666666668
26745.333333333332
27134.0
27123.0
27915.333333333332
27248.666666666668
27272.0
27172.666666666668
27615.333333333332
27510.333333333332
28038.166666666668
28029.333333333332
28169.0
27992.333333333332
27959.0
27950.333333333332
28068.333333333332
27904.666666666668
28440.0
28199.333333333332
28305.333333333332
28068.666666666668
27688.333333333332
27775.333333333332
28446.333333333332
28431.666666666668
28184.0
28307.0
27931.666666666668
27040.666666666668
27756.0
27729.0
27713.333333333332
27713.333333333332
27831.333333333332
27444.666666666668
27456.666666666668
27519.0
27533.333333333332
27533.333333333332
27663.5
27454.333333333332
27939.0
27746.0
28003.666666666668
27967.666666666668
27502.0
28003.333333333332
27942.0
28027.333333333332
27999.333333333332
27954.0
28143.666666666668
28130.0
27865.333333333332
27642.666666666668
27569.666666666668
27664.0
