1287645.0
1268680.0
984041.0
976935.0
987402.0
967118.0
1011695.0
920202.0
831942.0
835851.0
908118.0
885869.0
999450.0
836803.0
862045.0
844936.0
876934.0
960832.0
955177.0
928099.0
1001154.0
912372.0
894331.0
934977.0
887123.0
879745.0
847345.0
891402.0
867243.0
970570.0
975707.0
949301.0
891190.0
877187.0
1012478.0
893408.0
875998.0
928952.0
967435.0
880820.0
924751.0
854860.0
926981.0
852566.0
921789.0
903814.0
899334.0
982435.0
830672.0
862895.0
804880.0
927383.0
961868.0
888481.0
977024.0
927140.0
793001.0
836287.0
942732.0
1083737.0
865570.0
805811.0
985019.0
1025483.0
965200.0
918409.0
752758.0
979217.0
919236.0
946923.0
883398.0
913100.0
920752.0
1106049.0
926326.0
1002575.0
928695.0
1037504.0
1014373.0
752703.0
1041066.0
900117.0
860766.0
1044937.0
987528.0
859570.0
863265.0
859699.0
971193.0
947822.0
1047302.0
794696.0
935131.0
858780.0
948737.0
893498.0
902727.0
838905.0
854822.0
1035876.0
848027.0
860684.0
915890.0
813758.0
863455.0
1041858.0
984126.0
849947.0
866950.0
896332.0
838232.0
866755.0
1070949.0
978928.0
967335.0
907106.0
947937.0
855386.0
955107.0
812073.0
900686.0
852141.0
795693.0
900146.0
981499.0
853143.0
1050927.0
935694.0
801710.0
850124.0
841134.0
992971.0
965453.0
816703.0
901052.0
847772.0
1035933.0
880114.0
881773.0
889022.0
818685.0
885763.0
958834.0
863881.0
899883.0
949526.0
805217.0
938744.0
1092889.0
853734.0
1046946.0
797377.0
924616.0
897470.0
840178.0
886627.0
853131.0
845064.0
913716.0
897413.0
879127.0
979253.0
779713.0
938058.0
933795.0
874973.0
895521.0
884494.0
818042.0
1063607.0
918770.0
898522.0
838552.0
866761.0
784281.0
838073.0
827158.0
759106.0
795312.0
770699.0
988052.0
905322.0
852627.0
944748.0
845742.0
858879.0
885209.0
850845.0
805303.0
939597.0
797079.0
857771.0
852384.0
968232.0
823232.0
905512.0
867913.0
853023.0
922985.0
885692.0
834176.0
1009369.0
847228.0
795542.0
819191.0
845383.0
1047888.0
953520.0
935543.0
979747.0
859422.0
882562.0
863637.0
716882.0
797616.0
773993.0
981034.0
836857.0
883889.0
822591.0
859953.0
870219.0
889238.0
953543.0
848897.0
831283.0
936820.0
845309.0
798212.0
796267.0
768627.0
846942.0
882921.0
796297.0
884937.0
984157.0
753768.0
1021554.0
1021554.0
854130.0
935983.0
787252.0
773291.0
886622.0
803930.0
867621.0
876508.0
881764.0
863772.0
867323.0
937873.0
948334.0
912824.0
950511.0
922275.0
775017.0
902108.0
812415.0
840459.0
978390.0
844282.0
983597.0
813498.0
830988.0
846568.0
839435.0
989708.0
870867.0
864955.0
865242.0
877379.0
809676.0
897765.0
923181.0
825563.0
827437.0
841766.0
810911.0
855745.0
994720.0
993207.0
979394.0
828420.0
939240.0
812987.0
990657.0
887964.0
1019001.0
835273.0
868581.0
763266.0
938968.0
977724.0
944123.0
841715.0
857439.0
855661.0
815509.0
863985.0
881632.0
887587.0
765172.0
801060.0
991131.0
874217.0
830440.0
820591.0
906424.0
829730.0
858040.0
795987.0
861734.0
810727.0
781316.0
865229.0
749826.0
851927.0
867464.0
966514.0
847393.0
731092.0
812064.0
854473.0
805925.0
804672.0
910535.0
1032369.0
861249.0
868738.0
783383.0
928982.0
851587.0
883439.0
834228.0
820717.0
817177.0
978681.0
791135.0
889402.0
967246.0
797187.0
870984.0
859619.0
930087.0
819441.0
1005961.0
799143.0
791262.0
933545.0
847202.0
764582.0
996038.0
896077.0
820090.0
994134.0
958454.0
873859.0
815957.0
837061.0
1027925.0
883780.0
851479.0
894226.0
833678.0
825559.0
937625.0
782918.0
917251.0
847613.0
912178.0
1004156.0
918804.0
908670.0
820326.0
843305.0
841206.0
800658.0
939160.0
822911.0
942950.0
772448.0
955995.0
1002769.0
796561.0
917779.0
918698.0
830512.0
820275.0
1005772.0
925977.0
887696.0
820004.0
1005012.0
819771.0
775877.0
907607.0
1026669.0
924932.0
865647.0
919872.0
860614.0
752316.0
862241.0
831521.0
797178.0
934405.0
839007.0
773499.0
824455.0
782315.0
786949.0
881713.0
924602.0
780891.0
845300.0
782396.0
858341.0
865989.0
898650.0
836771.0
954728.0
822517.0
903085.0
903350.0
892553.0
847101.0
783490.0
788376.0
814287.0
868150.0
918366.0
826865.0
944939.0
964694.0
965382.0
913219.0
910909.0
991559.0
1000118.0
865214.0
1030069.0
965607.0
872928.0
815558.0
946082.0
1050299.0
850926.0
896724.0
879122.0
870785.0
810873.0
851892.0
998161.0
856683.0
827959.0
970012.0
1002204.0
817257.0
828843.0
914667.0
901120.0
1002204.0
781532.0
874268.0
853173.0
831551.0
921550.0
847902.0
795358.0
820906.0
985916.0
1030438.0
869359.0
851214.0
880067.0
886559.0
1011907.0
1005018.0
926582.0
981822.0
795248.0
835551.0
847812.0
902590.0
945780.0
896957.0
836383.0
838489.0
995088.0
860944.0
797599.0
874209.0
845533.0
795584.0
838404.0
770442.0
828540.0
852154.0
841942.0
848692.0
991350.0
