58.2341936803952
59.63841311667398
59.63841311667398
60.51072148573524
60.51072148573524
60.51072148573524
60.86221341734812
61.329514153810344
62.38939393939394
62.65026068821688
62.65026068821688
63.29390804293564
63.9564281515335
63.9564281515335
63.9564281515335
63.9564281515335
63.9564281515335
63.9564281515335
64.19156939097535
64.55709909965658
65.14429365054734
65.14429365054734
65.14429365054734
65.14429365054734
65.14429365054734
65.14429365054734
65.14429365054734
65.4208116216643
65.4208116216643
65.9263269495387
65.9263269495387
65.9263269495387
66.47754286982155
66.47754286982155
66.47754286982155
66.47754286982155
66.47754286982155
66.47754286982155
66.845910447223
67.10814290312199
67.10814290312199
67.10814290312199
67.10814290312199
67.10814290312199
67.10814290312199
67.10814290312199
67.66481723237598
67.88441812756435
67.88441812756435
67.88441812756435
67.91296823535978
67.91296823535978
68.171033438579
68.171033438579
68.171033438579
68.171033438579
68.171033438579
68.171033438579
68.171033438579
68.171033438579
68.18188176053711
68.18188176053711
68.18188176053711
68.18188176053711
68.18188176053711
68.18188176053711
68.52808397496261
68.83666611274212
68.83666611274212
68.83666611274212
68.83666611274212
68.83666611274212
68.83666611274212
68.83666611274212
68.83666611274212
68.83666611274212
68.83666611274212
68.83666611274212
68.83666611274212
68.83666611274212
68.83666611274212
68.83666611274212
68.83666611274212
68.89921342713123
68.89921342713123
68.89921342713123
68.89921342713123
68.89921342713123
68.89921342713123
68.89921342713123
68.89921342713123
68.89921342713123
68.89921342713123
68.89921342713123
68.91698517328606
68.91698517328606
68.91698517328606
68.91698517328606
68.91698517328606
68.91698517328606
68.91698517328606
68.91698517328606
68.96097538232003
68.96097538232003
68.96097538232003
68.96097538232003
69.0868612458038
69.0868612458038
69.0868612458038
69.0868612458038
69.0868612458038
69.0868612458038
69.0868612458038
69.13325251771727
69.13325251771727
69.13325251771727
69.13325251771727
69.13325251771727
69.13325251771727
69.13325251771727
69.13325251771727
69.13325251771727
69.13325251771727
69.13325251771727
69.13325251771727
69.13325251771727
69.27242633345766
69.27242633345766
69.27242633345766
69.27242633345766
69.27242633345766
69.27242633345766
69.27242633345766
69.27242633345766
69.27242633345766
69.31257962665485
69.31257962665485
69.31257962665485
69.31257962665485
69.31257962665485
69.31257962665485
69.31257962665485
69.31257962665485
69.31257962665485
69.31257962665485
69.3818201960893
69.3818201960893
69.3818201960893
69.3818201960893
69.42451854724054
69.42451854724054
69.42451854724054
69.42798057571227
69.42798057571227
69.42798057571227
69.45375826036003
69.45375826036003
69.45375826036003
69.45375826036003
69.45375826036003
69.45375826036003
69.45375826036003
69.45375826036003
69.45375826036003
69.45375826036003
69.45375826036003
69.45375826036003
69.45375826036003
69.45375826036003
69.45375826036003
69.45375826036003
69.45375826036003
69.45375826036003
69.45375826036003
69.45375826036003
69.85779363204705
69.85779363204705
69.85779363204705
69.85779363204705
69.85779363204705
69.85779363204705
70.1614885873364
70.1614885873364
70.1614885873364
70.1614885873364
70.1614885873364
70.1614885873364
70.1614885873364
70.1614885873364
70.1614885873364
70.1614885873364
70.1614885873364
70.1614885873364
70.1614885873364
70.1614885873364
70.1614885873364
70.1614885873364
70.1614885873364
70.1614885873364
70.1614885873364
70.22029935645593
70.22029935645593
70.22029935645593
70.3779885198497
70.3779885198497
70.3779885198497
70.3779885198497
70.3779885198497
70.3779885198497
70.3779885198497
70.39191110896864
70.39191110896864
70.39191110896864
70.39191110896864
70.39191110896864
70.39191110896864
70.41601388319796
70.41601388319796
70.41962929933236
70.41962929933236
70.41962929933236
70.45120393357276
70.87444864903951
70.87444864903951
70.87444864903951
70.90987972715659
70.9371756812203
70.9371756812203
71.05809378997418
71.05809378997418
71.20676755243404
71.22052470253179
71.22052470253179
71.22052470253179
71.22052470253179
71.22052470253179
71.22052470253179
71.22052470253179
71.22052470253179
71.33178867086622
71.35013153766322
71.35013153766322
71.35013153766322
71.36437139478194
71.36437139478194
71.36437139478194
71.36437139478194
71.36437139478194
71.36437139478194
71.36437139478194
71.36437139478194
71.4512586585572
71.4512586585572
71.4512586585572
71.4512586585572
71.62623995366013
71.62623995366013
71.62623995366013
71.62623995366013
71.62623995366013
71.62623995366013
71.65037530470882
71.65037530470882
71.65037530470882
71.65037530470882
71.65037530470882
71.65037530470882
71.65037530470882
71.65037530470882
71.65037530470882
71.65037530470882
71.65037530470882
71.65037530470882
71.77614088148492
71.77614088148492
71.77614088148492
71.77614088148492
71.77614088148492
71.77614088148492
71.77614088148492
71.77614088148492
71.77614088148492
71.77614088148492
71.77614088148492
71.77614088148492
71.81345886485038
71.81345886485038
71.86102100051221
71.86102100051221
71.86102100051221
71.86102100051221
71.86102100051221
71.86102100051221
72.06219630709427
72.06219630709427
72.06219630709427
72.06219630709427
72.06219630709427
72.06219630709427
72.06219630709427
72.23469387755101
72.23469387755101
72.23469387755101
72.23469387755101
72.23469387755101
72.23469387755101
72.23469387755101
72.23469387755101
72.23469387755101
72.23469387755101
72.23469387755101
72.23469387755101
72.23469387755101
72.23469387755101
72.23469387755101
72.23469387755101
72.23469387755101
72.23469387755101
72.23469387755101
72.23469387755101
72.23469387755101
72.23469387755101
72.23469387755101
72.23469387755101
72.23469387755101
72.23469387755101
72.23469387755101
72.23469387755101
72.4242967644379
72.4242967644379
72.4242967644379
72.4242967644379
72.4242967644379
72.4242967644379
72.4242967644379
72.4242967644379
72.4242967644379
72.4242967644379
72.4242967644379
72.4242967644379
72.4242967644379
72.4242967644379
72.4242967644379
72.4242967644379
72.4242967644379
72.4242967644379
72.4242967644379
72.4242967644379
72.4242967644379
72.4242967644379
72.4242967644379
72.4242967644379
72.4242967644379
72.4242967644379
72.4242967644379
72.4242967644379
72.4242967644379
72.43144024117477
72.43144024117477
72.43144024117477
72.43144024117477
72.43144024117477
72.53067871197877
72.53067871197877
72.53067871197877
72.53067871197877
72.53067871197877
72.53067871197877
72.53067871197877
72.53067871197877
72.53067871197877
72.53067871197877
72.53067871197877
72.53067871197877
72.53067871197877
72.53067871197877
72.53067871197877
72.53067871197877
72.53067871197877
72.53067871197877
72.53067871197877
72.53067871197877
72.53067871197877
72.53067871197877
72.53067871197877
72.53067871197877
72.53067871197877
72.53067871197877
72.53067871197877
72.53067871197877
72.53067871197877
72.53067871197877
72.53067871197877
72.53067871197877
72.53067871197877
72.53067871197877
72.53067871197877
72.55664689293009
72.55664689293009
72.55664689293009
72.55664689293009
72.55664689293009
72.55664689293009
72.55664689293009
72.55664689293009
72.55664689293009
72.55664689293009
72.55664689293009
72.55664689293009
72.55664689293009
72.55664689293009
72.55664689293009
72.55664689293009
72.55664689293009
72.55664689293009
72.5688028785374
72.5688028785374
72.5688028785374
72.5688028785374
72.5688028785374
72.5688028785374
72.5688028785374
72.5688028785374
72.5688028785374
72.5688028785374
72.5688028785374
72.5688028785374
72.5688028785374
72.5688028785374
72.5688028785374
72.5688028785374
72.5688028785374
72.5688028785374
72.5688028785374
72.5688028785374
72.5688028785374
72.5688028785374
72.5688028785374
72.5688028785374
72.5688028785374
72.5688028785374
72.68306914324613
72.76135369055723
72.76135369055723
72.76135369055723
72.76135369055723
72.76135369055723
72.76135369055723
72.76135369055723
72.76135369055723
72.76135369055723
72.76135369055723
72.76135369055723
72.76135369055723
72.78177574637752
72.78177574637752
72.78177574637752
72.78177574637752
72.78177574637752
72.78177574637752
72.78177574637752
72.78177574637752
72.78177574637752
72.78177574637752
72.78177574637752
72.78177574637752
72.78177574637752
72.78177574637752
72.78177574637752
72.78177574637752
72.78177574637752
72.78177574637752
72.81338130895654
72.81338130895654
72.81338130895654
72.81338130895654
72.81824370319946
72.81824370319946
72.81824370319946
72.81824370319946
72.81824370319946
72.81824370319946
72.81824370319946
72.81824370319946
72.81824370319946
72.81824370319946
72.81824370319946
72.81824370319946
72.81824370319946
72.84255567441407
72.84255567441407
72.84255567441407
72.84255567441407
72.84255567441407
72.84255567441407
72.84255567441407
72.84255567441407
72.84255567441407
72.84255567441407
72.84255567441407
72.84255567441407
