46.17202126442842
48.822312502774025
51.19730308850275
51.82503979439205
51.44491526781573
50.03696635146498
51.709676222262445
51.93846090882393
52.88602903293272
51.805376268655124
52.826350774505684
51.99905302421402
54.613250079359396
53.42903675795027
54.11081651725905
52.01007353519341
53.52374229771918
53.35833936793513
54.43124969613186
57.484162883067626
55.19273719873711
56.848341390762066
57.12423337932799
57.66094276142657
56.70282398738085
56.82972980490591
57.83592531342556
58.46114155173526
56.54605676961301
58.583615012718106
59.1267499324216
59.38086393207372
60.478397404911924
58.98509211495447
59.632035885836984
59.25992976578987
60.59012647560998
59.93559026385152
58.297169532694625
60.62685004956993
61.06139550762865
60.765865642945315
62.607593614897546
61.801852561237986
62.25936363470928
62.14368186971168
62.02726399309734
61.41623014920234
62.24021609982167
61.62792518136292
62.95113518542667
62.832013187318914
62.69325096330048
62.768646914923146
62.440128094790666
62.43066976302479
62.7201976549786
64.12376259786416
61.87566938695723
63.68058641578988
63.310852332776264
63.64772277679358
62.76576474241253
62.7996076570786
62.760404989777676
64.17498138628807
63.20095860299241
64.09633566866688
63.39365930213828
62.042219144643354
64.14254087811977
63.77654337777907
63.397341745162684
62.87188650895395
63.485099344981904
63.31728543243143
63.808627831245865
63.101824045819356
64.55165648004156
63.497238453898234
64.28703982642732
64.73102789910477
64.47752497358833
63.393828055503086
65.34514110753932
63.80436471710428
64.46429621637779
64.83331449581111
65.2175438316377
65.40177451786568
64.8582011488264
64.57961498972158
63.22638441475104
63.79307651852028
64.96858654091372
64.4932549851803
65.16904355240094
64.90404022948037
64.95104356259853
63.70718138828374
65.03759755435328
64.00969656477885
64.14050581215048
64.35737195440763
64.76405338065119
63.00128210074557
64.40126524687096
63.77049461495061
62.98738513680021
62.705620167819795
64.12101942006473
64.15459001510956
65.80412322860556
65.06347612228817
65.84831485510888
64.21430522426793
61.49688728101704
62.75958418919312
66.91581231351844
64.25441012758677
64.27289678609365
65.04524252197183
64.93989053784907
63.362461350140364
65.51217149027418
66.84737772507735
65.7434174816584
65.34495563998982
64.23325840814326
65.63223829216969
65.22257468258996
65.98960368943746
64.49733374191774
65.7247852019069
65.9739553467739
66.52747449764367
65.6147993174223
66.75931828346454
65.5662546638944
66.82292571104907
65.38523509164635
66.07906692765665
66.5824671428508
65.90800887090663
67.13872221086446
66.7317887954796
65.72511404024793
64.70123903295135
65.39188284070735
66.5814325414992
67.14820183257424
66.23754920832582
66.42038988165135
67.57540152724104
68.83047507738776
67.64685299741899
67.51173091152437
67.1060202383509
67.44864298693612
66.35672505555353
67.5245712016168
67.79153806373296
69.02590564891753
68.28876551373064
69.41712956632617
68.16832778222238
66.59586728944807
68.79981598263656
67.69617320690614
67.90558798084479
68.78740198694918
65.86269445299753
63.972363330783395
64.97421435024079
66.45968384315573
66.30185287971597
67.16744723818157
64.24670798493455
64.95980182144902
67.17045783183524
69.58946748073589
66.87962619873902
68.74994836862255
67.9406767965718
69.21362146748763
67.06045684510407
64.43538300678185
65.6752618547627
65.70501505224874
65.98977605836545
64.34637788958037
66.54380188075973
62.61080905861505
62.280896978284595
61.23057938544824
61.014990763292076
62.22183056648455
60.76498403616615
60.910330326664344
62.981401161007625
62.64863914449089
62.72459610372962
63.99555115014383
62.67741801312113
63.54084288608003
65.12965842595116
64.03599596817956
63.84268665126519
64.08098859511844
65.24741225916503
64.60585205390895
62.92055710693152
65.29342273110014
64.26502081253732
65.11424725618073
65.61788583364755
64.70486714071794
67.21497965697452
66.8225569186025
65.4284132596023
67.40185519159465
67.83818907506885
65.2569475933543
67.32828355657426
66.64811299824109
67.04990668901338
63.164488624656194
62.8867752455418
64.08668853078936
62.925465466344036
63.0980048060453
64.3835323896923
64.92565565949914
67.26832481587047
66.07037091062406
65.23062484687797
66.30381478172507
66.269739535939
65.19274557085107
65.469705019014
65.70750161709904
67.79328223733744
65.54146111364133
65.40566633205074
66.00904029988995
65.98144547055684
67.3628400635691
67.53983706902672
68.09054243174775
68.06886544975963
67.70973534673429
66.7428569014205
66.52729267794567
64.65072637691244
64.51475093070786
64.5943245922696
64.29472614975401
67.14493461774337
68.10891080915232
66.95174783395159
64.44749710470457
66.59568439383412
66.28864259967969
67.13281116488811
66.68441877301328
65.65773980113528
66.08511066934888
67.27480028401735
68.68095819140767
68.68019278386586
67.67430497433239
67.45254165610908
66.56355108708837
67.27132028069819
66.54639267973855
65.79218332712566
66.05775572255708
65.8938793842728
67.63383168151277
68.76246236986249
69.6470883639242
68.6283072162669
68.06717306323938
67.61899014411361
67.37893284327023
66.71762069068984
67.10498978939466
66.56020024117008
66.24289230923618
67.45711437508099
68.16460164291557
66.86432856991084
67.0241997321492
68.11747903069903
67.93881089093934
68.98394381054614
67.20691381901477
68.14341850328302
67.58318156178224
67.43601427515455
67.84526012672457
67.31961729765564
67.05843559668234
68.11187110901677
68.24516179501296
68.17077123880514
68.64563000981381
69.01974285462204
69.45437101273811
69.07984486801526
68.79513809072581
68.26030673223785
69.09628883048451
68.8597914938675
68.35133455889637
68.30605912523197
68.43071981451385
67.50066155267498
68.20484225394274
68.01598258458773
69.49692758683967
68.82615411266126
67.73996504298265
67.58922009378199
69.31448426996647
69.97197909688175
69.9139388095559
69.3039991655773
69.30894290109038
69.77220405879117
69.44088529808845
69.2971282414922
69.58692855107441
69.65901724276824
69.72398407907207
69.19579306879903
70.11301988708192
68.89947155277767
69.49717542901007
69.8584408573171
69.2575460144336
69.0837585427703
69.44838349591373
69.92291264882878
70.29125767586497
69.76697190421645
69.90124367630607
69.33605042187573
69.38718921521142
69.67020280800321
69.72035749198628
69.04167743165486
69.18559769646468
69.38757847502072
70.03668843204115
69.58790207448224
69.29515352124312
69.97310019940718
70.0649589213349
70.62792221405512
70.51989873047492
70.1338122232297
69.27700065301315
69.01355921415008
69.01159757893397
68.78364598085646
70.13466113570176
69.62511095732127
69.43155317306848
69.33389706494866
69.62599802438854
69.09835129609009
69.4603070575934
69.27007364548079
68.73465426074354
69.03187953766741
69.14325491294646
69.09196704903361
69.8362415390007
69.74818830481318
70.58573092686409
70.29404549566333
70.13202644217668
70.32697980689254
70.0412574956694
70.34036793671996
69.67004193708674
69.01842993657472
70.34120609533335
70.22850995527376
70.28121932047777
70.86761439133942
70.66458282244751
70.64719710485416
70.90808147400101
70.8326214773697
70.26034760213214
70.5473935477014
70.78682971964125
70.58424812639821
69.98318389664237
70.66493836335825
70.59035988050911
70.48916898156378
70.28605198324412
70.2517570977195
70.86307193494274
70.85673406881621
71.16626214706658
71.17786914509479
70.55524450589344
70.40539083394236
71.15314013630409
71.36882573230687
71.34301548436673
71.23248658181328
71.16571549402234
70.70409099305795
70.99804539328709
71.12418159856942
70.65580136332264
70.4364046660499
70.525942263951
71.21845221406463
71.39284285660065
71.43698002374308
70.72855152018451
71.11320475963984
71.83778396786039
71.8893507318982
71.51072396191782
70.58983723508604
70.1366552430793
71.15336219239218
71.38595842914658
71.35420391643513
71.14180569610389
71.58649245642547
71.32754609493806
71.05313612357305
71.57023612349964
71.79048049494823
71.88418483925253
71.47267546555963
72.02299871231342
71.98868071796419
71.67662816544888
71.88291451700755
71.80253626102127
71.62198983441125
70.9663179878364
71.13814030501567
71.0574145845222
71.01643098826607
71.14306931771483
71.13349412265627
71.52792218086894
70.87780871516897
70.57313456452405
70.52644975103962
70.61741658447588
71.21836852092186
71.2046022384735
71.66652637183407
71.22209867218125
71.15300879572398
71.88625816730354
71.02476789750456
69.90106960519029
70.49834224107661
69.86119809427574
71.0186891779792
71.07656041134386
70.24235246268945
70.23419665181555
70.14468862474047
69.98829978563906
69.50644958811996
69.85531651579122
69.49693197803693
67.39642017803784
68.91093596222328
69.6219235013634
68.2197828065263
67.98609047459362
69.58134179122234
70.68018848665555
68.42169712232153
71.0561594293333
69.5418735916908
69.560355333484
70.50795602649372
70.37451367820624
69.48068689937412
70.48213653738887
68.49155201064829
70.20707495279431
69.85872075186869
69.43554696813499
69.80313742095316
69.80637158658078
