39.75387666786874
41.01761771477586
45.12279425140985
44.81481108616646
46.41287411066031
45.21666919268465
43.26850500679314
38.5668316831683
39.643501417404
43.30055608300556
41.00212727465549
44.14756193739631
43.26420645226042
44.1095492917828
43.913372571025874
45.79167267954453
44.975729549632355
45.86802757632734
47.01919756922865
45.08440913604767
44.710257100551885
46.25492729249202
45.82079704407495
46.08195892329236
45.70483170397324
48.16982071713148
42.52586206896552
45.99350077855257
47.31018021580701
48.549229247328746
45.81129266094589
42.161650985180394
44.99102333931778
48.19272261839459
49.35027184152446
47.43496159511784
46.68060087003806
49.908305045739596
47.20664678874875
48.9323347992461
47.119521376714154
49.684788305864544
45.77355801892263
46.262528757822935
50.07516218247626
46.84818727371919
47.118724963777375
46.22326203208556
45.51486697965571
46.11633445294863
43.701861360718866
47.64449028708956
47.512831183243165
46.75122317120987
49.03603312580759
44.995004029008854
47.196016771488466
47.86463231964329
44.60457067302706
46.316060045239574
47.86463231964329
46.470563824489574
45.38203324808185
45.48166048728813
46.6315569242035
47.77173913043478
46.36898580823814
44.422080209329245
45.77005641256052
48.20710525224889
44.013875711574954
45.05462939215183
46.48842521301715
46.59804510457053
45.434793593047345
47.31164185992846
49.26614464035227
47.67539807619151
48.74195520080538
46.4523815989572
48.13886875557538
48.714941090605784
45.89869203329369
49.06769494430162
44.838080500346564
46.020128385051216
45.12883933845245
43.46096929337773
46.60773588591521
46.13987399654508
46.443880282541485
47.46478206792126
47.416489343736274
48.97925513600367
48.97055109714349
47.09681755553315
48.55199313103613
45.28300138953219
47.895909629470054
49.828023295649196
48.86040177051414
47.46441325889041
49.14374055725379
48.547527417926894
47.79672578444748
46.402714128388226
47.598551402678865
47.558471289699824
47.48010702007319
45.468746714251814
43.39157898078052
45.807206755288014
46.132978451143984
47.846322036545374
48.47182632230573
45.40794238035264
47.24153359030837
46.60993487489124
46.67963509525087
48.91981727368067
48.8943144188135
49.227732849205054
49.05517453168185
45.855513307984786
47.41850013415616
46.51831516511701
46.86866552659902
47.195350211801795
49.1431286626894
49.608248919870746
49.797034945287685
47.81645016992867
48.97411967907288
46.41193668716605
45.781083751329994
45.68457626265168
48.10765525185884
46.87995006309233
47.94755115111066
47.3852940681248
47.464016925051155
46.55285799471845
47.930175403157925
47.47256736465192
44.84483268712726
50.07797270955166
46.663596356565336
50.56762120782534
49.15945931948831
47.58806780558867
47.52247344047943
46.73222824893124
46.95419152593791
48.178909433835166
45.57612573522322
50.510466965021784
49.08301965704725
49.46309952713353
47.755581668625155
49.83960436998176
46.73531110884562
47.208789960103026
47.583667308593135
46.49695429818561
47.570693457485916
46.695303769176064
46.16540488004501
47.971088744195704
47.63566912539515
47.17502403481253
46.88200351019306
46.951188605605964
45.93145929757691
48.00441235459286
46.70771562851229
45.77025737569631
48.371016308983
47.39927483480794
45.57655436866612
46.43997224149896
46.3654363805777
46.91519511663397
48.72354117749369
48.02605522236054
48.16216487167736
45.676032374501105
46.01465857237081
45.72668664430637
48.222689674843124
48.69456214689266
47.46055774211995
48.80278086566795
45.660164799794
48.022559276501305
47.23222385039425
47.905830358660545
48.0667693685153
47.24853959059446
47.00146752670559
47.134379718389
45.95861102696153
49.49593346180005
47.819502395302116
45.39998627513366
46.97873443983403
50.94000115160936
49.196556624789835
46.497992419978225
48.45677992425995
45.86707528479447
48.12466572664948
46.94430914109433
49.486567164179114
46.35247603701181
47.390478976606055
46.03258383475845
48.659515626678115
46.92320181847704
46.884290096778024
48.303716221983244
49.33574237432246
42.424946865037185
46.22880357983984
46.55388965607944
46.37456666839137
50.24375574895634
47.59567542039838
49.37663455490449
48.25490064446832
45.457946275600825
44.45092682625673
47.1587485515643
48.281692894145245
49.01852758733268
45.52930556852491
48.272619815173
44.283765180195694
44.64972538470161
50.67199431717279
47.17765235503593
49.735334638532386
47.95574397683798
47.933055224473584
47.83749387488431
48.25479466609998
43.72745933996526
44.9024765497047
50.93459948800824
47.23305540613232
47.56593743610714
47.87519226543616
48.64577417522845
49.01572831960775
46.220036062791685
43.150447325178014
49.838369383748876
49.332664821196545
49.60171753758002
43.480378383441035
47.70145672664954
46.96221280699942
43.22065018465387
49.473665493082976
46.97455183495325
47.40978734092431
48.23160696151557
48.89497433777686
49.43565233376226
47.42083995760467
46.754297946350924
47.192529447136636
47.290056411551745
46.924159714354374
46.63183630149535
47.61172924743747
50.944697133780956
51.099257884972175
48.05124223602485
48.25140531678182
44.81739184216223
49.700224053994255
49.614434922688915
49.982996089100496
48.25313412330413
48.13354171515977
47.92869757793226
47.00503524672709
50.063929892612144
48.42310324856526
49.70326098353781
47.67679817498659
48.6455630513752
46.222807035032275
47.97228799438744
46.793497408022546
46.76757130687094
52.245884655231954
50.83029793592977
50.159939739705244
47.36587073821896
51.45691965558534
50.759850567420884
49.15684608217551
43.43213270113166
46.21562636403318
50.570641925020745
48.28570927397429
50.1542992914183
50.69881045605399
48.218773646092316
48.81340480618459
48.532718630736674
44.54780609312129
46.667328075136
48.07675612867036
49.345255343516726
46.74512221081962
48.83097532445831
49.403142378759796
46.65502212462987
48.754981325613386
45.02824822402965
46.86351371990022
42.293608008052516
44.662100456621005
50.38016788050015
50.025073746312685
49.70942568418024
49.3917354769326
51.42006802721088
46.01941747572816
48.41556487154681
45.001115680086706
52.115840578073836
49.86559422055148
50.91701964148482
43.76251991356331
46.99758307779741
49.026077885952716
49.042133876996246
44.34965175779398
47.99038325555084
45.448197520964875
49.81446009389671
47.450279220143045
43.70767662510782
45.51372420224879
46.880797266131346
47.51966439433665
46.741524001342746
49.117274836532374
45.00920076059621
45.009321260082174
44.60330645818063
47.36508263046012
50.26332235839278
44.58543889200825
47.464700996677735
47.08644466868482
47.06680405289369
46.98443995333629
49.56818306837559
47.42404404606036
45.76689081011848
46.66874902389505
48.43049481176572
49.816574506540675
47.70719034678425
48.00779643438299
48.058840242450486
48.5736707867373
46.757510478766925
49.567668290982695
48.92101940279926
50.42699281193005
48.11770361214119
47.261548524241675
44.35062098233789
52.82887337355502
48.35127192745235
45.90870831551945
48.5784286584353
50.55478608802708
48.47778322529098
50.57894551721712
48.36533490221248
47.109490051029155
51.78446290920012
49.22136116822184
48.57975539942753
46.29150495903407
47.95680749811387
48.935407031815906
44.40098779478692
43.188042976142576
48.80172511794464
47.885810077901596
46.93884063335652
49.72431347243135
49.931481886434874
47.23647457358505
50.977990572690494
48.07769447825608
46.29317468187076
51.7269544924154
46.08096136810076
51.52262615551304
46.46077210460773
49.060280736795384
48.398522717512684
52.21487186588974
44.43922390481341
48.3388048537234
45.87896425540943
48.533899429481224
45.12038423153693
47.750972762645915
46.976190476190474
45.30734585130678
47.745853772483066
53.00455672838438
49.81625570776256
49.00245846166596
45.796397096941426
48.02885183871349
48.42522721013494
46.3544295279432
49.83507210800859
46.09749510498954
47.46791922909302
49.88561197592879
48.55167046921702
47.437172719069515
44.36114649681528
50.696387108758245
51.33720602334894
48.03384751591923
49.30793924068793
48.19808949220714
48.17955720920414
48.58199189508639
50.847056800103196
50.639510109826674
47.83443009996483
44.50607401826914
49.46853830574761
42.7782802701399
46.44399066511085
47.53867366155501
49.464113614460025
43.49480386304849
43.750311115535865
49.47811447811447
46.98688468744678
50.40856324438414
48.453826774389725
50.88965946474616
46.23840856728935
46.42209072978304
50.28024461579367
49.259709408319985
50.13457837122579
50.082716464782415
48.56360959556595
49.55342225439964
47.62832358781995
45.03546785322758
47.05196601462162
50.81337256801602
50.733430525961644
48.67318813165432
47.20848032190497
46.639059404332734
45.799222200250476
47.36991744936046
50.241897519464054
48.27442942610237
44.27192038310948
48.603816940898454
46.902652200120556
49.7381541662183
51.04727623150615
46.92584738631391
49.33127352794943
47.23789293645429
40.45648401423571
44.93420173680695
47.93888369192392
50.48111111111111
47.448848776985784
47.05918090657934
47.78212452392781
45.28681120144535
49.79763818816877
49.34488037381928
48.00843617095447
47.89397808000278
44.671223644940795
47.34536498708011
47.08648877594241
45.83276492295853
