116290.0
79022.0
79022.0
77342.0
77342.0
77342.0
76430.0
76430.0
76430.0
73772.0
73200.0
65252.0
65252.0
64166.0
64166.0
59094.0
59094.0
59094.0
59094.0
59094.0
59094.0
59094.0
59094.0
59094.0
54662.0
54662.0
54662.0
54662.0
54662.0
54662.0
54662.0
54662.0
54662.0
54662.0
54662.0
54662.0
54662.0
54662.0
54662.0
49614.0
43740.0
43740.0
43740.0
43740.0
43740.0
43740.0
43740.0
43740.0
43740.0
43740.0
43740.0
43740.0
43740.0
43740.0
43740.0
43740.0
43740.0
43740.0
43080.0
43080.0
43080.0
43080.0
43080.0
42566.0
42566.0
42566.0
42566.0
42566.0
42566.0
42566.0
42566.0
42566.0
42566.0
42566.0
42566.0
42566.0
42566.0
42566.0
42566.0
39534.0
39534.0
39534.0
39534.0
39534.0
39534.0
39534.0
39534.0
39534.0
39534.0
39534.0
39534.0
39534.0
39534.0
39534.0
39534.0
39534.0
39534.0
39534.0
39534.0
39534.0
39534.0
39534.0
39534.0
39534.0
39534.0
39526.0
39526.0
39526.0
39526.0
39526.0
39526.0
39526.0
39526.0
39526.0
39526.0
39526.0
36864.0
36864.0
36848.0
36848.0
36214.0
36214.0
36214.0
36214.0
36214.0
36214.0
36214.0
36214.0
33703.0
33703.0
33703.0
33703.0
33703.0
33703.0
33703.0
33703.0
33703.0
33703.0
33703.0
33703.0
33602.0
33602.0
33602.0
33602.0
33602.0
33602.0
32032.0
32032.0
32032.0
32032.0
32032.0
32032.0
32032.0
31259.0
31259.0
31259.0
31259.0
31259.0
31259.0
31259.0
31259.0
31259.0
31259.0
31259.0
31259.0
31259.0
31259.0
31259.0
31259.0
31259.0
31259.0
30876.0
30876.0
30876.0
30876.0
30876.0
30876.0
30876.0
30876.0
30876.0
30876.0
30876.0
30876.0
30876.0
29196.0
29196.0
29196.0
29196.0
29196.0
29196.0
29196.0
29196.0
29196.0
29196.0
29196.0
29196.0
29196.0
29196.0
29196.0
29196.0
29196.0
29196.0
29196.0
29196.0
29196.0
29196.0
29196.0
29196.0
29196.0
29196.0
29196.0
29196.0
29196.0
29146.0
29146.0
28964.0
28964.0
28964.0
28964.0
28964.0
28964.0
28964.0
28964.0
28964.0
28964.0
28964.0
28964.0
28964.0
28964.0
28964.0
28964.0
28964.0
28964.0
28964.0
28964.0
28964.0
28964.0
28964.0
28964.0
28964.0
28964.0
28832.0
28832.0
28832.0
28832.0
28832.0
28832.0
28832.0
28832.0
28832.0
28832.0
28832.0
28832.0
28832.0
28832.0
28832.0
28832.0
28832.0
28832.0
28832.0
27802.0
27802.0
27802.0
27802.0
27802.0
27802.0
27802.0
27802.0
27802.0
27802.0
27802.0
27802.0
27802.0
27802.0
27802.0
27802.0
27802.0
27802.0
27698.0
27698.0
27698.0
27698.0
27698.0
27698.0
27698.0
27698.0
27698.0
27698.0
27698.0
25094.0
25094.0
25094.0
25094.0
25094.0
25094.0
25094.0
25094.0
25094.0
25094.0
25094.0
25094.0
25094.0
25094.0
25094.0
25094.0
25094.0
25094.0
25094.0
25094.0
25094.0
25094.0
25094.0
25094.0
25094.0
25094.0
25094.0
25094.0
25074.0
25074.0
25074.0
25074.0
25074.0
25074.0
25074.0
25074.0
25074.0
25074.0
25074.0
25074.0
25074.0
25074.0
25074.0
25074.0
25074.0
25074.0
25074.0
25074.0
25074.0
25074.0
25074.0
25074.0
25074.0
25074.0
25074.0
25074.0
25074.0
25074.0
25074.0
25074.0
25074.0
25074.0
25074.0
25074.0
25074.0
25074.0
25074.0
25074.0
25074.0
25074.0
25074.0
25074.0
25074.0
25074.0
25074.0
25074.0
25074.0
25074.0
25074.0
25074.0
25074.0
25074.0
25074.0
25074.0
25074.0
25074.0
25074.0
25074.0
25074.0
24470.0
24470.0
24470.0
24470.0
24470.0
23914.0
23914.0
23914.0
23914.0
23914.0
23914.0
23914.0
23914.0
23914.0
23914.0
23914.0
23914.0
23914.0
23914.0
23914.0
23914.0
23914.0
