70.19871794871796
70.2069385270846
73.77917359443315
73.77917359443315
74.19118106301917
74.19118106301917
74.19118106301917
74.19118106301917
74.19118106301917
74.19118106301917
74.2535109594435
74.2535109594435
74.53469489725813
74.99837461803523
74.99837461803523
75.00630080020161
75.00630080020161
75.89274056665361
76.42685290382946
76.42685290382946
76.42685290382946
76.42685290382946
76.42685290382946
76.42685290382946
76.42685290382946
76.42685290382946
76.42685290382946
76.42685290382946
76.43019447971663
76.43019447971663
76.43019447971663
76.85997455300341
76.85997455300341
76.85997455300341
76.85997455300341
76.85997455300341
76.85997455300341
76.85997455300341
76.85997455300341
76.85997455300341
76.85997455300341
76.85997455300341
76.85997455300341
76.85997455300341
76.85997455300341
76.85997455300341
76.98155450110272
76.98155450110272
76.98155450110272
76.98155450110272
76.98155450110272
76.98155450110272
77.03495089543617
77.03495089543617
77.03495089543617
77.03495089543617
77.03495089543617
77.03495089543617
77.16466885421549
77.16466885421549
77.29733342244202
77.29733342244202
77.29733342244202
77.29733342244202
77.29733342244202
77.29733342244202
77.29733342244202
77.29733342244202
77.29733342244202
77.29733342244202
77.29733342244202
77.43099645792957
77.43099645792957
77.43099645792957
77.43099645792957
77.43099645792957
77.43099645792957
77.43099645792957
77.43099645792957
77.44436276147832
77.44436276147832
77.44436276147832
77.44436276147832
77.44436276147832
77.44436276147832
77.53291452248881
77.53291452248881
77.57519297311686
77.57519297311686
77.57519297311686
77.90453460620525
77.90453460620525
77.90453460620525
77.90453460620525
77.90453460620525
77.90453460620525
77.90453460620525
77.90453460620525
77.90453460620525
78.83634893987438
78.83634893987438
78.83634893987438
78.83634893987438
78.83634893987438
78.83634893987438
78.83634893987438
78.83634893987438
78.83634893987438
78.83634893987438
78.83634893987438
78.83634893987438
78.83634893987438
78.83634893987438
78.83634893987438
78.83634893987438
78.83634893987438
79.15604243397236
79.15604243397236
79.15604243397236
79.15604243397236
79.15604243397236
79.15604243397236
79.15604243397236
79.15604243397236
79.54067376220526
79.54067376220526
79.54067376220526
79.54067376220526
79.54067376220526
79.54067376220526
79.54067376220526
79.54067376220526
79.54067376220526
79.54067376220526
79.54067376220526
79.54067376220526
79.6244394618834
79.93001629757454
79.93001629757454
79.93001629757454
79.93001629757454
79.93001629757454
79.93001629757454
79.93001629757454
79.93001629757454
79.93001629757454
79.93001629757454
79.93001629757454
79.93001629757454
79.93001629757454
79.93001629757454
79.93001629757454
79.93001629757454
79.93001629757454
79.93001629757454
80.6057402780447
80.6057402780447
80.6057402780447
80.6057402780447
80.6057402780447
80.6057402780447
80.6057402780447
80.6057402780447
80.62976487923633
80.62976487923633
80.62976487923633
80.62976487923633
80.62976487923633
80.65378948042796
80.65378948042796
80.65378948042796
80.65378948042796
80.65378948042796
80.65378948042796
80.65378948042796
80.65378948042796
80.65378948042796
80.65378948042796
80.65378948042796
80.65378948042796
80.65378948042796
80.65378948042796
80.65378948042796
80.65378948042796
80.65378948042796
80.65378948042796
80.65378948042796
80.65378948042796
80.65378948042796
80.65378948042796
80.65378948042796
80.65378948042796
80.65378948042796
80.65378948042796
80.65378948042796
80.65378948042796
80.65378948042796
80.65378948042796
80.65378948042796
80.65378948042796
80.65378948042796
80.65378948042796
80.65378948042796
80.65378948042796
80.65378948042796
80.65378948042796
80.65378948042796
80.65378948042796
80.65378948042796
80.65378948042796
80.65378948042796
80.65378948042796
80.65378948042796
80.65378948042796
80.65378948042796
80.65378948042796
80.65378948042796
80.65378948042796
80.65378948042796
80.65378948042796
80.65378948042796
80.65378948042796
80.65378948042796
80.65378948042796
80.65378948042796
80.65378948042796
80.65378948042796
80.65378948042796
80.65378948042796
80.65378948042796
80.65378948042796
80.65378948042796
80.65378948042796
80.65378948042796
80.67781408161956
80.67781408161956
80.67781408161956
80.67781408161956
80.67781408161956
80.67781408161956
80.67781408161956
80.67781408161956
80.67781408161956
80.67781408161956
80.67781408161956
80.69383048241399
80.69383048241399
80.69383048241399
80.69383048241399
80.69383048241399
80.69383048241399
80.69383048241399
80.69383048241399
80.69383048241399
80.69383048241399
80.69383048241399
80.69383048241399
80.69383048241399
80.69383048241399
80.69383048241399
80.69383048241399
80.69383048241399
80.69383048241399
80.69383048241399
80.69383048241399
80.69383048241399
80.69383048241399
80.69383048241399
80.69383048241399
80.69383048241399
80.69383048241399
80.69383048241399
80.69383048241399
80.69383048241399
80.69383048241399
80.69383048241399
80.69383048241399
80.69383048241399
80.69383048241399
80.69383048241399
80.69383048241399
80.69383048241399
80.69383048241399
80.69383048241399
80.69383048241399
80.69383048241399
80.69383048241399
80.87360189425803
80.87360189425803
80.87360189425803
80.88917967411284
80.88917967411284
80.88917967411284
80.88917967411284
80.88917967411284
80.88917967411284
80.88917967411284
80.88917967411284
80.88917967411284
80.88917967411284
80.88917967411284
80.88917967411284
80.88917967411284
80.88917967411284
80.88917967411284
80.88917967411284
80.9359130136773
80.9359130136773
80.9359130136773
80.9359130136773
80.9359130136773
80.9359130136773
80.9359130136773
80.9359130136773
80.9359130136773
80.9359130136773
80.9359130136773
80.9359130136773
80.9359130136773
80.9359130136773
80.9359130136773
80.9359130136773
80.9359130136773
80.9359130136773
80.9359130136773
80.9359130136773
80.9359130136773
80.9359130136773
80.9359130136773
80.9359130136773
80.9359130136773
80.9359130136773
80.9359130136773
80.9359130136773
80.9359130136773
80.9359130136773
80.9359130136773
80.9359130136773
81.07764705882353
81.07764705882353
81.07764705882353
81.07764705882353
81.07764705882353
81.07764705882353
81.07764705882353
81.07764705882353
81.07764705882353
81.07764705882353
81.07764705882353
81.07764705882353
81.07764705882353
81.07764705882353
81.07764705882353
81.07764705882353
81.07764705882353
81.07764705882353
81.07764705882353
81.07764705882353
81.07764705882353
81.07764705882353
81.08078431372549
81.08078431372549
81.08078431372549
81.08078431372549
81.08078431372549
81.08078431372549
81.08078431372549
81.08078431372549
81.08078431372549
81.08078431372549
81.08078431372549
81.15764705882354
81.15764705882354
81.15764705882354
81.15764705882354
81.15764705882354
81.15764705882354
81.15764705882354
81.15764705882354
81.15764705882354
81.15764705882354
81.15764705882354
81.23607843137255
81.23607843137255
81.2643137254902
81.2643137254902
81.2643137254902
81.2643137254902
81.2643137254902
81.2643137254902
81.2643137254902
81.2643137254902
81.2643137254902
81.2643137254902
81.2643137254902
81.2643137254902
81.2643137254902
81.2643137254902
81.2643137254902
81.2643137254902
