59.66102789668368
62.35520363622246
63.924882007754135
64.6664766960107
65.93856590505902
65.45010390732102
65.91668990017926
66.70693351661612
67.41220327153009
68.05634931007673
69.58152148769
69.90083033674705
70.17363737292901
68.71323293958477
69.15061451348721
69.69612059155723
70.03816382746987
69.55567287262681
69.17053992032928
69.07783145414533
69.15833428845202
69.45214347580226
69.92122212941672
70.11127909154013
69.7580210419502
69.8282015327705
70.1237691396557
69.19563840454958
70.58688730728049
70.32784789187323
69.9013544620773
70.81292448831766
70.45296092172035
70.48894210984027
70.3982107305601
70.35400580909203
70.52332871263637
70.75635692424046
70.75164726487345
71.15062591055509
70.94467702930964
71.2408604330194
71.43529226282543
71.63971164676546
71.52045791127458
71.25969436508811
70.83424962334414
72.02103526536686
72.16701515914906
72.11481268633536
72.21043628260814
72.11686832716424
71.53599850903097
71.55404538283413
70.81638108060308
71.19835823720236
70.93699195446479
70.07758848945048
70.53395332866278
71.10961721045025
71.17746980691719
70.94749219863448
70.99689680086271
71.2913712552906
71.35769131916923
70.84515991736292
70.46715877318498
70.17262068108485
70.27806214732223
71.02598503632672
71.7403633068897
71.98079435254509
72.17882700549228
73.21462508790663
73.7888868259029
73.055427356614
73.11509394989164
73.58923757459706
71.75436685356279
71.77113753611381
72.58577317498573
72.55182396597611
72.69313888330818
72.48489437206037
72.2852543702455
71.80813411164586
72.12561157568453
71.48618299661732
71.0709912025057
70.64726601240353
70.44028362323745
70.84501024478695
70.76915076806816
70.86843299109492
71.18200438211392
71.27165542196298
71.28123062863065
70.98860328505454
70.6950893698338
70.66382547551173
70.6900040389801
71.12890070400637
70.6731039509685
71.0396368171828
70.77501790457204
71.0305328575729
70.38082897556565
70.0617859476144
69.95763120949057
69.91319307559856
70.28207614525179
70.43401865418153
70.59785466411124
70.97648540752571
71.2961694182392
71.00356611252866
71.1054760698123
70.94151403405542
71.08196527297028
71.22734053458086
71.39991658608395
70.96676896423189
70.34855531217988
70.77280599439304
70.78565030736137
71.08257002549664
71.57837747541058
71.73496083236338
72.57228694383817
73.60055745451304
74.07184954047148
74.61818080962716
74.57701669078708
75.15751227953135
75.14250576802864
75.15259079130733
74.69471720783989
74.12483877021594
74.22310778308604
74.09749114032105
74.18768668081648
74.02265166200719
74.05319234059425
74.4710748448067
74.24869756198785
74.13968713236547
73.36153451698624
73.29869340538943
73.47221216085312
73.44239147306317
73.62756925543006
73.86578274333549
74.50024428477818
74.97976822666814
74.60398342089208
74.59022081031034
74.66387087485892
74.93659028676592
74.83205520967105
74.85154773257638
74.98551127443996
75.52976745743355
75.51639294958841
75.55838048777396
75.84333389617754
75.88818863633406
76.01025109945786
75.83291996713393
75.615579274931
75.13256266529541
75.15589785236419
75.11149342608726
74.55930482249552
74.55744096460815
74.69703735521016
74.41741823426067
74.74922474268364
75.31787324936403
75.33234196137322
75.62617255754817
75.56881482393864
75.50194198182176
75.67549790952913
75.92591793842897
75.62873053058692
76.12894422279464
76.72735689514742
76.41567757172236
76.14126446401927
75.7157669191425
75.5300829342091
75.82140861744658
76.10847159662445
76.14292357751317
75.89289650598305
75.82423336484818
75.95679983734819
75.9817835202417
75.31867009624078
75.37190182998035
75.35975063995475
75.17675348381094
75.31842690319263
75.49535670516231
75.38287097986397
75.50003515309017
75.50526139357343
75.90765129137245
75.71565377465134
75.94397506796346
75.99268592487071
75.86463894469138
75.74555398885407
75.96920065149199
75.98918612032318
76.74420154257324
76.81130585008792
76.22274254951627
76.14367215420435
75.56519403419041
75.48647742399413
75.50722448983689
75.63096117038604
75.54402257816426
75.51836290212657
75.81827175136556
75.9681922129527
75.88411012257613
75.32904214850971
75.20847388179475
75.40291050107966
75.5223080599346
75.64349312452053
75.799644645539
76.19943352972668
76.32074555347103
76.1960119524721
76.59068646455766
76.66111432526463
76.71746391983508
76.64867243657827
76.56719435160309
76.51803322416612
76.4759270863772
76.53575917098658
76.59250027041256
76.54035700657677
76.60616251315875
76.68871888856602
76.41293871252402
76.36593629426156
76.33811269876854
76.14446714283994
76.34914035812403
75.6542230934489
75.37348103492992
75.22962414552028
75.33921953404798
74.99088164446832
74.96770008201013
75.32833092717593
75.18324165522931
75.16227332376815
74.93555156181013
74.74378712730078
74.69174772771683
74.48087197064865
74.32781363287792
74.34964780623834
74.78002875942788
74.6418406022578
75.034460378407
74.52883996819894
74.31274235716073
74.09299037346402
74.32405853200662
74.32047780221957
74.32047780221957
74.56376948111252
74.89918055786057
74.57075371965232
74.64152026136094
74.7475056611246
74.72137307710545
74.54538495277453
74.61267693972785
74.54192826305491
74.12637093407943
74.22016634889967
74.40035873560267
74.27503811031902
74.59460799015936
74.66076997181595
74.85530485490393
74.95676406426954
75.28001472157807
75.24937619792215
75.25956367222877
75.57012846385292
75.6755071590693
75.48724637861694
75.36675902091345
75.09701030890056
74.70382440962346
74.52557503616019
73.90280209189739
73.57616639505085
73.6221558724528
73.84747049794133
73.8728760533519
73.90461115101976
73.90512044534736
74.18266278626191
74.21997759676537
74.89247368553099
75.27713631185271
74.89223545544192
74.94884517039404
74.98566874737642
75.32414309588799
75.83824425951802
75.74433739013189
75.67628413432551
75.57520578338665
75.52123148679698
75.41824470624543
75.62180046444702
76.25512655584527
76.18357259725593
75.98024783922659
75.62651745671266
75.93512821193654
75.853228660404
76.16840462765224
75.62401222446778
75.75954408323102
75.77139536073736
75.75812736729719
75.45931708889391
75.30998970308242
75.4577365270148
75.66132490185969
75.46198174154966
75.57401271985532
75.43636487138967
75.39979024114014
75.27794955183548
75.4310541157135
75.4709312391744
75.46162289826056
75.83966212240045
75.66738601453986
74.93552160000694
74.76957583376536
74.51833412395447
74.50337450952377
74.92784829411445
74.84304460057184
74.85982160554424
75.15500838720642
74.88055857866689
74.63602909916192
74.74317267791083
75.01063773078714
74.78389030555168
74.62160563792838
74.80279366268752
75.18468982064337
75.88823875217854
75.67478419641543
75.77951052811834
75.98831380962149
76.2281731587171
76.22488874845732
76.05412730291967
75.99635297310866
75.99630898328454
75.90069091131429
76.2881108159331
76.53605043502701
76.21560776545181
76.05639514414547
75.89840995578956
75.93787766620706
75.92604144454519
75.93486941675783
75.85812490128241
75.60570841088445
75.49950754566483
75.41328546628728
75.08957351234298
74.998973237769
75.36602860553681
75.04718225485787
75.23741524735617
75.23798930669831
75.0183219202961
74.98242051003756
74.67375568390646
74.67504620577832
