37.66450146069483
39.87124533556718
41.358437696574605
42.954571670255305
47.01201392218841
45.37487201713557
45.37487201713557
44.562027162519364
45.7060191397667
44.19874871726967
41.668433794553714
44.98208064044256
43.47513963088878
44.31941663584868
44.26233519929033
43.80758164437482
45.22501984891243
45.317756159650884
44.60905944115573
44.45789134145047
44.55104146056706
41.683187628637896
45.46120519254197
43.18461542959215
44.95570967957552
42.556700907034255
42.556700907034255
45.07312299581152
43.61484675602353
45.30516988667896
40.97518512206012
47.641205587198264
46.76986353938269
47.44431006652517
46.276898490846634
45.067531327709794
44.16294222984666
42.431109959062034
45.20302560172464
44.62865322527715
45.83482296760683
44.1570177915843
44.16438631285617
42.298613244144114
47.19491229483977
48.77313892881262
46.80111776391259
45.40080320289166
46.3668376402493
41.90061097650901
46.03447905774414
46.2255468372118
45.0580533596838
47.28429030730002
45.574976694633115
44.918845890474344
45.24195755749129
46.64354513170332
44.51254511227524
46.35989611297713
43.440358696648744
43.725204209330464
44.54210059727956
47.637344904825966
44.692615595709185
47.00076933605826
48.03117786750571
47.78863905124082
43.77794326098394
43.82247855757038
48.31832784039409
47.60050622768161
43.74860374649945
46.42813532282133
49.8005975753965
45.405612209191105
46.87846500140384
48.218650567022934
45.4361509341485
47.01802227168631
48.005850147696975
45.38732405576728
45.345523093848726
46.10384482203497
46.205874480156155
41.695725381565374
43.89383674608613
45.18816088919064
43.52690820222381
45.66617793978263
45.43157417974535
43.43036383528481
44.269967479520325
45.12144529737503
48.556801932163275
44.69529560873779
43.47386585253786
44.36043824954122
44.746503564009295
43.29151396802467
42.0955394957173
44.86549895743862
45.42442032054978
45.91946818846333
46.78225182894189
44.521044605006246
42.33889973028606
45.52343023050828
43.50645382806863
46.65606867997059
45.909022692738205
44.32458257895796
43.081729815512794
45.72945059413614
42.38339941532566
48.68165489265887
46.737769992986976
47.113653410464806
45.75097092212707
41.7938698168022
46.74720554042796
45.7139417288707
43.106177175342985
49.55836759142603
41.91115663712263
44.22956237971717
41.48171165993395
47.90718727726602
43.409058088067795
44.10241399291513
46.619491697517844
43.70346448499201
43.30838464371045
48.11461372315017
45.69807796414183
42.91261139524143
48.189864018419016
46.85851015470587
43.03958046549667
43.24991436606632
45.224127268625864
45.35460063758244
45.71626659392617
47.062943046097395
45.40579736919895
44.59797845222717
46.11515464173835
40.48125182160687
41.61833222401825
43.01080593880926
50.16568232368829
48.60207309858794
44.46745553269422
47.45848946117097
48.179430232760915
42.72724426748783
42.80239100870319
46.19736732162255
45.244271250463186
47.83820343730758
45.06719284916751
44.57179330632181
45.67165652042509
45.03376593046809
45.19901950746512
43.08452695499003
43.75240774552363
47.15864490169294
48.184740756751864
49.564624714850055
44.70328115843758
43.548020723215764
40.2750927181182
51.552427711188464
44.31232351493484
46.24482285550809
46.12250462927733
47.35269723039893
47.94559496416198
46.777051099021236
44.20774096526808
43.58154283527418
47.36990875145821
46.5954606141522
48.71371485361713
48.49960009719971
45.9717008815582
46.75538660586187
48.36590785702561
43.70409564668067
43.654083391262944
45.539130379147515
49.62176431188685
46.453562340966926
47.13078601606388
45.34103656461513
43.94630568594619
50.909427634026954
44.90364467347994
44.807095052056084
45.84419814930556
49.558910289779625
51.7767180502928
46.15600058157776
50.08972210585114
52.460179308099995
44.684545335049265
48.52784615280293
47.14073386597799
47.17595242860179
47.09162039965329
48.802287761317565
48.58435019186649
46.869505366058554
51.29863969407713
50.89879819349646
47.104985983504285
47.281770042964084
47.231086518787414
43.3456408885842
49.351583064357875
46.55849345054028
48.087152759120954
48.60036209537831
45.246350113681224
48.46176914644992
46.877328066798334
46.57954321716873
44.71587834842922
50.58184180991198
50.020278324410874
47.12242995148846
47.26783607016421
44.693234409064154
50.78773780426798
44.94286488032111
49.142124257246756
45.359984389556104
48.343570653773654
46.12522964354264
49.72067136454566
49.928103639795815
44.75617336271685
49.67529300277325
50.20644759984555
47.52036697494174
49.18871973025441
47.08098597506303
43.26500501554143
43.26500501554143
43.26500501554143
43.26500501554143
43.26500501554143
51.14298665975909
52.809475196612226
48.30271953181339
50.48150811443396
44.498856980658715
46.06258548095176
50.240394843211504
49.69522761095143
48.19270235626515
48.676815295824774
47.16218445801024
48.460961271845775
48.13393428995817
50.81471434267487
47.75879322735119
49.29981990933367
49.488009445869466
48.18060864256517
48.63076027902383
50.82491618981561
49.066416168051894
48.691284084869785
47.08571372091644
45.786716023462894
48.39040225734842
48.53774260179561
48.005981392696334
46.61935106271044
52.93466158574834
44.986984302279716
49.9802123420399
44.986984302279716
47.15231745230678
47.41406986776892
45.659139815258555
44.42598684973713
48.046251993620416
49.330272984039006
51.12774759654314
49.4450143619204
48.72456713531054
44.67426128644885
50.48582581565089
49.771149150905536
46.939050961186204
46.53108510241727
46.43320045576678
48.70288013553579
50.584859279628354
49.50770054635919
45.021491462792085
51.896713413368275
50.53142666416338
47.974368764746764
48.636882953157624
47.73749297358066
48.85025943450137
53.60622793178575
45.01881663430135
48.278622355183806
47.873261317481955
51.33715894326548
49.716910347486085
48.862216455209534
48.3092341825415
47.13292549080731
51.49876622679971
50.24789295091835
47.223492818589335
48.66065417036976
48.469717568342055
46.25903855356921
50.20416525375833
47.33250038033152
52.29786560152029
51.846368228531624
47.17442014707832
45.123998362734106
52.38992806815836
52.417505904467696
49.459443725300844
47.793223569621084
46.172977852484784
47.76618377064128
48.05374615215479
53.57425720169266
50.440590026156684
49.72651455850945
46.34709397066811
51.10275928360403
50.770387850435036
48.65548181430946
49.89773040838852
52.334229983389925
48.592612889441256
45.593021618363025
46.27299666527521
52.57144644092241
49.37914599476001
46.738932824288696
51.13811725162904
45.65945781297594
52.83541372271941
46.867723641627386
45.19712344034327
51.531669730786795
53.38260006110602
47.87856811514664
49.39139088321866
52.00542912390301
48.86779357362162
48.143234736289905
48.35284805808019
47.07131616260771
47.661877721371674
44.93390382136019
46.198804924448766
48.111258115554584
44.120509444365766
45.62607883820716
49.092030848329046
48.609590799751345
45.72829696076061
48.0352236071841
49.32062926924658
50.16774414732098
51.24473722415795
50.21597945929618
46.0716189460859
47.88287315240302
52.86204673038992
48.38628237670241
50.92452380451622
46.55888599660696
50.04695763070163
50.14759285226333
47.3827097786322
46.743921388743836
47.19424646214234
48.77717391304347
47.69902925255048
50.20496061672533
47.11928133273488
51.83745234901363
52.56942298353274
49.68060815518442
51.76077615147039
53.168123959076844
48.6886406112577
49.41432119205299
48.160480819566764
46.50742702174768
48.12789174745459
53.292737680996744
49.29793882703532
51.00477392125614
52.82619626606077
49.21898254410277
49.567680076432254
49.79780276290116
51.53480305193775
50.79631078499785
46.27166775888875
45.799065895014714
50.71499372690912
53.62247662918304
49.53823090517745
48.129265518362025
51.468434343434346
45.00304304568247
48.83155758498225
47.4968938846932
46.873494054363825
46.56156375002024
42.96217336590421
47.863095884907814
44.75789594423073
48.276199516572554
52.59918994242313
44.6490686133983
53.360571260306244
44.6426299273195
44.73307813652161
54.22813381700927
47.6985524256651
48.847755433678635
48.330291504477
49.115640728622616
51.40702951846606
51.84635168939153
48.2727815151396
50.33705278072972
49.83711062071495
48.75926300188629
50.780329232043364
49.05783236488969
49.61559975987776
45.18693672176045
52.22261551848738
43.168304127334075
52.133552197637464
43.73936021163575
47.45804871515221
50.42338214840874
47.574475934063805
46.23148447950497
48.62221691795626
46.549309893304425
46.549309893304425
43.53535095994494
49.21547978593759
51.870841374542735
47.4330712757587
49.134216744126135
53.374770759337935
46.86818666607938
46.83532914539981
51.76166982364947
47.356620132840156
52.904561960962326
50.90413807010591
46.26845707649043
51.06024955436718
48.97159790378223
47.779293006000955
45.17581070889895
43.364974046016776
45.18261579900891
44.387653409187465
50.51771532533467
55.87794067507672
46.99876830436567
46.356206341019224
50.1076027199074
46.36583223539745
46.16887359179055
51.2705185060636
45.35204515580298
48.85197051123054
45.25343166939507
45.27467019000335
52.72152076024006
46.56343502563955
48.794656735965496
47.706974865940204
48.009321311075915
48.65984274231551
48.86843082605888
