890971.7857142857
746325.8642857143
745518.2928571429
692667.2571428572
680096.2214285714
645488.8
588685.2928571429
624461.0642857143
568298.7071428571
586585.6714285715
603165.2857142857
569060.4642857143
589778.9857142858
552601.55
589491.9714285714
549770.6071428572
587762.4285714285
588729.0714285715
550143.6928571429
585417.1285714286
563125.6857142857
574429.0214285714
567532.1
523540.6
551802.1142857143
520781.3785714286
529781.4785714286
535927.6071428572
518541.64285714284
533066.6071428572
470213.64285714284
565910.35
562914.5
515369.3142857143
553856.4714285714
538285.0071428572
559172.6785714285
557213.7571428572
575153.5
562332.5357142857
499806.8714285714
557329.1357142857
529169.2642857142
538332.4785714286
496058.34285714285
519765.1285714286
459368.1142857143
497284.6357142857
454483.1642857143
519094.0571428572
517093.71428571426
482391.6214285714
581225.75
560317.1214285714
526028.4642857143
530848.0642857143
465577.85
529244.0642857143
496891.15
505680.89285714284
495564.15714285715
524040.04285714286
509074.84285714285
493184.9285714286
507024.1857142857
521388.6142857143
512639.5571428572
515808.97142857144
489355.5642857143
527462.1
477639.90714285715
466638.0642857143
512347.0571428572
470396.7
528978.4357142857
531126.2428571428
494678.8
450040.3
485040.92142857146
437377.3071428572
456647.4285714286
410462.27142857143
422079.1285714286
346373.02142857143
368880.3857142857
392600.82857142854
357421.9142857143
365100.6785714286
332902.3142857143
359794.85
413060.53571428574
412745.09285714285
343514.8857142857
354765.04285714286
348915.4285714286
408561.15
353826.77142857143
336135.1142857143
407197.8071428572
374186.0
358924.34285714285
407653.6142857143
341032.5142857143
423588.35714285716
426937.29285714286
430926.6857142857
434916.34285714285
469507.3642857143
455687.8142857143
436926.89285714284
424840.39285714284
375265.92142857146
425660.1285714286
388378.34285714285
428716.05
448513.8142857143
351248.3785714286
407034.0857142857
381043.97857142857
384493.1928571428
351809.8142857143
387343.22857142857
320932.14285714284
365526.15714285715
317768.9357142857
340922.9
319584.77142857143
368646.05
309573.21428571426
346875.5
296703.4928571429
360876.22857142857
363932.4857142857
368886.5857142857
375076.3071428572
341105.4142857143
355293.54285714286
327756.40714285715
306938.03571428574
247792.64285714287
352458.96428571426
327221.7357142857
357673.35
356751.97857142857
353883.6142857143
336629.95
366529.92142857146
332637.10714285716
328038.79285714286
415926.7571428571
352891.22857142857
354183.8642857143
355013.8071428572
344842.4
334568.6
374466.15
316794.6357142857
351562.46428571426
357660.4357142857
329537.3357142857
325463.6214285714
334311.96428571426
328116.5642857143
321447.4857142857
357049.5714285714
327871.7357142857
335783.8071428572
317338.3142857143
376317.8357142857
349205.10714285716
343157.0571428572
310894.6
328754.2428571429
334284.8357142857
332254.20714285714
368568.97142857144
366752.9428571428
305477.65
346422.4928571429
333470.8214285714
334598.9
371273.40714285715
355093.1642857143
363569.47142857144
392152.45714285714
358394.0
352737.27142857143
363030.85
372942.55
363791.34285714285
377417.46428571426
374236.3214285714
385904.2428571429
335454.0714285714
376148.9285714286
324183.85
382020.8
325883.4142857143
340202.6
344810.1
302907.65714285715
376801.42142857146
359306.78571428574
355570.21428571426
389297.0571428572
389239.5571428572
386077.97857142857
358362.7357142857
330177.3357142857
357399.57857142854
335412.5857142857
358662.6928571428
353561.3857142857
304682.02857142856
356756.5142857143
355775.42142857146
352174.34285714285
321479.1642857143
315196.8071428572
332550.0857142857
324109.1928571428
319956.52857142856
337368.60714285716
308776.77857142856
353454.27857142856
341818.1642857143
362732.84285714285
322466.5142857143
366515.29285714286
310228.4928571429
351831.0142857143
319948.47142857144
357930.7357142857
349401.4
369712.02142857143
325362.2357142857
376389.59285714285
367018.55
311509.34285714285
348536.78571428574
357548.65
370503.15714285715
363930.84285714285
360342.5857142857
365447.3071428572
363226.22142857144
321944.02857142856
362076.07857142854
347049.78571428574
346796.4928571429
347451.89285714284
354190.6785714286
345798.1928571428
342707.54285714286
347828.77142857143
332168.71428571426
331231.8714285714
360002.8142857143
318037.2642857143
296236.96428571426
349412.15
316857.8785714286
325817.6285714286
340745.6
353302.6928571428
363582.0714285714
339669.5071428571
333712.85
355106.22857142857
374909.32857142854
370437.21428571426
346497.40714285715
336026.77857142856
366216.6928571428
375350.53571428574
366002.71428571426
390264.39285714284
393647.8642857143
363502.42142857146
331492.3642857143
334686.85
343215.27857142856
349756.72857142857
356461.9857142857
331555.9357142857
304641.3071428572
345787.6642857143
325601.5071428571
347535.4357142857
360185.57857142854
330914.8714285714
364785.15714285715
366126.4285714286
364516.85
354476.6142857143
316087.9928571429
346531.75
372515.84285714285
347431.02857142856
319957.3
283318.21428571426
337959.7357142857
330621.8714285714
316784.4428571428
342779.3642857143
357913.46428571426
379297.9
317672.1928571428
369123.7642857143
362476.27857142856
380448.9428571428
331858.14285714284
370185.42142857146
350248.9428571428
349834.8714285714
356471.14285714284
315810.67142857146
326266.85714285716
348637.3857142857
323670.8714285714
350858.21428571426
350243.55
328838.5
341928.7571428571
349315.6785714286
333501.7428571429
334532.0714285714
326642.84285714285
356321.02142857143
304011.8357142857
332924.21428571426
350431.22142857144
341287.97142857144
352249.2428571429
343400.1285714286
321936.39285714284
336609.8857142857
388464.22857142857
371792.0714285714
306209.10714285716
348819.4285714286
357772.1214285714
352846.3714285714
343234.70714285714
368341.55
360475.47142857144
337924.9285714286
336531.0571428572
370217.02142857143
361628.4
370394.9
334231.5714285714
333322.27857142856
333091.22142857144
340999.8857142857
348334.6214285714
353192.8714285714
332919.6357142857
356850.1357142857
366649.6285714286
347181.9285714286
329972.09285714285
351776.84285714285
346347.77142857143
371199.6
388558.6
363242.4928571429
364230.7642857143
340920.14285714284
336434.5642857143
331069.27857142856
339903.65
343867.95
307379.2357142857
311153.0
290136.72857142857
307143.5714285714
317627.20714285714
326096.09285714285
320406.79285714286
347397.04285714286
321406.3785714286
334142.4142857143
351194.9857142857
351626.7571428571
316777.1214285714
333897.0857142857
356548.0142857143
364358.9928571429
335674.53571428574
344110.28571428574
309126.4
332664.15714285715
355036.4142857143
339152.97142857144
334672.75
360486.42142857146
319528.95714285714
348011.1785714286
354755.9428571428
346874.65714285715
391589.9357142857
349601.8214285714
351363.3785714286
344927.5142857143
332282.3071428572
390218.1142857143
364245.2642857143
353046.05
327732.1785714286
379038.25
362041.8857142857
355065.7357142857
378521.8142857143
392352.14285714284
343977.8857142857
332800.8785714286
374473.39285714284
349006.9928571429
367478.65714285715
322699.4428571428
361272.77857142856
374556.1785714286
313645.5071428571
341924.4428571428
368316.8642857143
330978.3357142857
332192.2357142857
317947.82857142854
326044.07857142854
337594.4357142857
358069.85
315002.9285714286
339176.5
308758.32857142854
369110.4
316950.97142857144
336227.8857142857
347693.4142857143
342044.7357142857
349317.95714285714
327385.8357142857
325772.8
310498.29285714286
323310.4928571429
322332.75
361163.1642857143
348863.6857142857
376701.0642857143
363817.59285714285
359437.5
395057.03571428574
326198.34285714285
320448.3142857143
383751.8357142857
370710.42142857146
370629.21428571426
359723.6357142857
355198.92142857146
384222.42142857146
359881.59285714285
357033.0714285714
359587.6285714286
381972.5642857143
389063.02857142856
375559.3714285714
355147.79285714286
377729.03571428574
373487.04285714286
370533.15
362308.25
379669.71428571426
378068.02142857143
365075.1642857143
376707.5571428572
384494.6357142857
349971.6642857143
380018.52857142856
365287.3857142857
323665.8214285714
354222.32857142854
352058.1642857143
330786.85714285716
330595.79285714286
360533.85
339459.47142857144
338353.65
309690.97857142857
356315.96428571426
359962.04285714286
339601.52857142856
346842.05
299182.71428571426
336757.55
316585.04285714286
332019.27142857143
336357.7357142857
287750.8357142857
307564.15
311614.4428571428
325912.0142857143
