1344000.0
1135690.0
1135690.0
883255.0
1012759.0
1103920.0
908156.0
1001354.0
970220.0
885992.0
1054343.0
1022386.0
1146347.0
1123159.0
1054882.0
1128007.0
883861.0
1058056.0
1157578.0
922039.0
1091202.0
964627.0
1009537.0
887547.0
1003869.0
859794.0
905498.0
1132737.0
950552.0
863268.0
1024121.0
881682.0
948599.0
930548.0
1091095.0
880303.0
1008329.0
1105446.0
965753.0
1002881.0
947486.0
1108267.0
947486.0
994031.0
1165833.0
1084040.0
957378.0
884531.0
955814.0
892025.0
1192575.0
847683.0
1129135.0
962306.0
917542.0
949172.0
866413.0
1082802.0
1091336.0
913084.0
860785.0
851902.0
987286.0
861314.0
944401.0
986706.0
897301.0
963608.0
902227.0
1091336.0
831011.0
919862.0
900613.0
1015462.0
964413.0
1048606.0
987286.0
889959.0
852331.0
847918.0
904400.0
981645.0
1093170.0
771292.0
994703.0
981086.0
826528.0
865748.0
878241.0
874098.0
851214.0
883225.0
847380.0
830976.0
820757.0
841696.0
871038.0
866198.0
954566.0
738704.0
752740.0
804922.0
805483.0
958807.0
817235.0
816559.0
889365.0
828197.0
760309.0
794025.0
842286.0
900406.0
887448.0
799156.0
892214.0
868756.0
835326.0
733367.0
754171.0
829932.0
787418.0
790607.0
660254.0
790706.0
701861.0
822191.0
790139.0
775539.0
704353.0
731928.0
715951.0
722575.0
745181.0
808618.0
834544.0
790648.0
886105.0
812044.0
879070.0
716595.0
810006.0
808596.0
887172.0
898896.0
846384.0
753723.0
872283.0
854525.0
893914.0
914324.0
867772.0
832129.0
864289.0
915851.0
792607.0
937485.0
845398.0
819824.0
891743.0
837503.0
816833.0
802522.0
932888.0
969989.0
828645.0
834273.0
812779.0
899738.0
799455.0
905725.0
962926.0
847040.0
811780.0
785861.0
730677.0
888656.0
839318.0
865032.0
848704.0
888027.0
750481.0
826935.0
860543.0
864284.0
852095.0
917604.0
860500.0
869842.0
821094.0
852619.0
843800.0
935912.0
910294.0
896445.0
813223.0
839328.0
824802.0
820924.0
891959.0
814358.0
838457.0
913516.0
846129.0
804077.0
848370.0
907174.0
824694.0
802517.0
856471.0
880553.0
828003.0
861192.0
831710.0
882863.0
934318.0
858549.0
857862.0
878047.0
886942.0
808416.0
857190.0
830417.0
836452.0
834942.0
811534.0
893671.0
864664.0
931775.0
877688.0
863584.0
834558.0
803222.0
918918.0
854644.0
884003.0
752108.0
830521.0
911342.0
808396.0
804795.0
820679.0
891271.0
831188.0
927967.0
871380.0
784096.0
849869.0
860556.0
831228.0
856260.0
837241.0
845042.0
809354.0
858861.0
843275.0
865370.0
804149.0
856308.0
923306.0
864389.0
875017.0
901893.0
864497.0
912701.0
928249.0
833779.0
884075.0
949956.0
794435.0
779079.0
834252.0
902905.0
834879.0
872390.0
868528.0
921158.0
905007.0
868286.0
907436.0
862847.0
815534.0
830002.0
848821.0
896520.0
846974.0
796630.0
817005.0
841986.0
818697.0
964826.0
806280.0
843890.0
893185.0
866672.0
833520.0
820498.0
822394.0
861480.0
879859.0
851317.0
790113.0
870521.0
811876.0
815565.0
923232.0
859320.0
938272.0
820344.0
947046.0
904129.0
944062.0
824161.0
853838.0
930037.0
828597.0
817944.0
747555.0
810878.0
931430.0
825797.0
840290.0
822753.0
833274.0
871840.0
872130.0
883437.0
823849.0
835890.0
888956.0
797285.0
850014.0
818603.0
854749.0
922767.0
884027.0
835138.0
827966.0
985522.0
833954.0
823849.0
832546.0
880597.0
873121.0
935277.0
881027.0
820607.0
799292.0
832763.0
889453.0
827754.0
847546.0
881550.0
844045.0
887417.0
875706.0
840166.0
865497.0
928248.0
858137.0
882703.0
890509.0
885268.0
900327.0
853526.0
812679.0
923681.0
859687.0
894095.0
884168.0
905761.0
773958.0
848093.0
874076.0
825860.0
827472.0
880668.0
802552.0
804797.0
872914.0
844679.0
888153.0
820900.0
838773.0
886514.0
843080.0
821019.0
873775.0
858627.0
906547.0
779638.0
877268.0
817188.0
858906.0
848682.0
783584.0
894277.0
863239.0
938929.0
890034.0
921844.0
863471.0
882525.0
865997.0
867230.0
809876.0
833454.0
946457.0
910587.0
844769.0
868121.0
934589.0
796128.0
880697.0
827670.0
827841.0
898772.0
888054.0
941905.0
843418.0
904348.0
836321.0
913390.0
898806.0
909729.0
805631.0
979985.0
853188.0
908669.0
863047.0
886522.0
997802.0
918264.0
858983.0
868823.0
853210.0
847814.0
787828.0
845348.0
969004.0
760216.0
877054.0
896025.0
829885.0
887639.0
842845.0
890209.0
776981.0
895659.0
865828.0
897456.0
765013.0
807804.0
790474.0
905532.0
920944.0
1061457.0
826858.0
857275.0
824403.0
961767.0
978125.0
860468.0
795568.0
918339.0
865122.0
893828.0
814307.0
918297.0
840574.0
847152.0
900753.0
803504.0
902761.0
920236.0
900816.0
906676.0
829541.0
822632.0
888866.0
815342.0
947557.0
872359.0
858861.0
778153.0
857822.0
942165.0
837442.0
871954.0
830929.0
826299.0
889742.0
795433.0
893035.0
869152.0
912725.0
853188.0
866455.0
811473.0
823732.0
831401.0
962023.0
