1135690.0
1135690.0
864694.0
851214.0
951629.0
872712.0
879872.0
824883.0
824883.0
824883.0
802892.0
802892.0
802892.0
802892.0
802892.0
802892.0
811024.0
827499.0
827499.0
827499.0
827499.0
827499.0
827499.0
827499.0
827499.0
836663.0
827499.0
827499.0
827499.0
827499.0
827499.0
811024.0
809430.0
809430.0
807516.0
807516.0
807516.0
807516.0
807516.0
805706.0
947486.0
947486.0
805706.0
707386.0
707386.0
707386.0
778500.0
778500.0
778500.0
778500.0
778500.0
778500.0
778500.0
743845.0
743845.0
743845.0
743845.0
743845.0
743845.0
743845.0
743845.0
694217.0
694217.0
694217.0
694217.0
694217.0
694217.0
694217.0
687441.0
687441.0
687441.0
687441.0
728071.0
687441.0
675076.0
675076.0
675076.0
675076.0
675076.0
687776.0
687776.0
675076.0
669706.0
669706.0
669706.0
669706.0
669706.0
619920.0
619920.0
619920.0
619920.0
596034.0
596034.0
596034.0
596034.0
596034.0
596034.0
596034.0
596034.0
596034.0
604539.0
604539.0
604539.0
604539.0
604539.0
604539.0
603819.0
603819.0
603819.0
603819.0
603819.0
603819.0
603819.0
603819.0
603819.0
601717.0
601717.0
532229.0
532229.0
532229.0
532229.0
532229.0
532229.0
530684.0
530684.0
530684.0
530684.0
530684.0
530684.0
530684.0
530684.0
530684.0
530684.0
530684.0
509474.0
509474.0
509474.0
520343.0
568413.0
568413.0
568413.0
568413.0
568413.0
568413.0
568413.0
567083.0
568413.0
570403.0
570403.0
570403.0
570403.0
570403.0
568975.0
586571.0
586571.0
593909.0
593909.0
586571.0
586571.0
586571.0
586571.0
586571.0
586571.0
586571.0
586571.0
586571.0
586571.0
586571.0
446707.0
446707.0
446707.0
446707.0
446707.0
446707.0
447077.0
447077.0
447077.0
447077.0
459717.0
586400.0
586400.0
462417.0
459717.0
459717.0
459717.0
459717.0
459717.0
459717.0
459717.0
459717.0
459717.0
459717.0
459867.0
459867.0
459867.0
459867.0
459867.0
485004.0
485004.0
485004.0
485004.0
485004.0
485004.0
485004.0
485004.0
485004.0
485004.0
485004.0
485004.0
485004.0
485004.0
485004.0
457452.0
457452.0
448807.0
448807.0
448807.0
448807.0
448807.0
448807.0
448807.0
448807.0
445223.0
445223.0
445223.0
445223.0
448428.0
448428.0
448428.0
445223.0
445223.0
445223.0
445223.0
445223.0
445223.0
445223.0
445223.0
445223.0
445223.0
445223.0
445223.0
445223.0
445223.0
445223.0
445223.0
445223.0
445223.0
445223.0
445223.0
445223.0
445223.0
445223.0
445223.0
445223.0
445223.0
445223.0
445223.0
445223.0
445223.0
445653.0
445653.0
445653.0
445653.0
445653.0
445653.0
445653.0
445653.0
445653.0
445653.0
445653.0
445653.0
445653.0
445653.0
445653.0
445653.0
445653.0
445653.0
445653.0
445653.0
450053.0
450053.0
450053.0
450053.0
450053.0
450053.0
450053.0
450053.0
450053.0
450053.0
450053.0
450053.0
450053.0
450053.0
450053.0
450053.0
450053.0
450053.0
450053.0
450053.0
445653.0
445653.0
445653.0
445653.0
445653.0
444208.0
444208.0
444208.0
444208.0
444208.0
444208.0
444208.0
444208.0
444208.0
444208.0
444208.0
444208.0
444208.0
444208.0
444208.0
444208.0
444208.0
444208.0
444208.0
444208.0
444208.0
444208.0
444208.0
444208.0
444208.0
444208.0
444208.0
444208.0
444208.0
444208.0
444208.0
444208.0
444208.0
444208.0
444208.0
444208.0
444208.0
444208.0
444208.0
444208.0
444208.0
444208.0
444208.0
444208.0
444208.0
444208.0
444208.0
443648.0
464636.0
464636.0
464636.0
464636.0
464636.0
464636.0
464636.0
464636.0
464636.0
464636.0
464636.0
464636.0
464636.0
464636.0
464636.0
464636.0
464636.0
464636.0
464636.0
464636.0
464636.0
464636.0
464636.0
464636.0
464636.0
464636.0
464636.0
464636.0
464636.0
464636.0
464636.0
464636.0
464636.0
464636.0
464636.0
464636.0
464636.0
464636.0
464636.0
464636.0
464636.0
464636.0
464636.0
464636.0
464636.0
464636.0
464636.0
464636.0
464636.0
464636.0
464636.0
464636.0
464636.0
464636.0
464636.0
464636.0
464636.0
464636.0
464636.0
464636.0
464636.0
464636.0
464636.0
464636.0
464636.0
464636.0
464636.0
464636.0
436063.0
436063.0
436063.0
436063.0
436063.0
436063.0
436063.0
436063.0
436063.0
436063.0
436063.0
436063.0
436063.0
436063.0
436063.0
436063.0
436063.0
436063.0
436063.0
436063.0
436063.0
436063.0
436063.0
436063.0
436063.0
436063.0
464302.0
436063.0
436063.0
436063.0
436063.0
436063.0
468607.0
468607.0
468607.0
468607.0
468607.0
468607.0
468607.0
468607.0
468607.0
468607.0
468607.0
468607.0
468607.0
468607.0
468607.0
468607.0
468607.0
468607.0
468607.0
468607.0
468607.0
468607.0
468607.0
468607.0
449463.0
449463.0
449463.0
449463.0
449463.0
449463.0
436733.0
436733.0
436733.0
436733.0
436733.0
436733.0
436733.0
436733.0
436733.0
421672.0
421672.0
421672.0
421672.0
421672.0
421672.0
421672.0
421672.0
421672.0
421672.0
