48.0982798927774
50.34016176553248
52.70608803080833
55.063212715853346
55.37744090530393
54.93216721897777
56.477899808458716
55.206831322111114
55.955646860476755
56.21308366063228
55.63552325435729
56.74168672739431
55.78725858971753
56.48579501198406
56.099940381180126
56.57420502809146
56.05452027727459
55.47358438990343
56.49363958662158
56.76991690613521
57.4831721252268
57.782460437244744
56.51314936460845
56.80918018738511
56.375023524143536
56.66062429498831
56.776224610238394
56.586602956792674
56.68375862137686
55.29522770215456
57.996084421258374
57.59095364046356
56.75675284456138
57.3803858542449
58.35872136391942
58.650314760120054
58.835016169035704
58.80658598817059
58.55079433474453
58.33353913618522
59.875664140097996
60.05547774917489
59.461146579938074
59.116738189700435
60.6530266596239
58.959247956983816
60.02920267117337
59.34694313379315
59.88722997770701
60.126271380560674
60.204508126715616
61.29478405169791
61.17074748839105
60.92019104494407
61.160523689035806
61.162487222022705
61.7126865128183
61.691720662081444
61.50598460987538
61.703806448775
61.7143836005663
61.4903191415287
61.33194558746482
61.37038665001366
61.208830535539406
61.69825548709267
61.64192929315719
61.72288085453366
61.2964024065852
61.23668670190741
61.20121023592809
61.572313394595525
61.408817246787955
61.80022786719577
61.83996259585364
61.65373401179409
61.64242925926077
61.824254180918125
61.61697412108961
60.95864146080188
60.51162975392836
60.34728303104882
59.65147649474454
60.12247156280877
60.02229833677244
59.7801783586496
59.49383515074559
59.0091063523089
60.140712862356274
60.3643422384659
59.39919788252907
58.91386771495767
59.62245806867656
59.6605399602574
59.81569850058438
59.233983893033745
59.46963754211209
59.74709881679237
59.80912763239733
60.234867435213495
60.80966976791631
60.42949208185999
60.88909981563107
60.780752435006164
60.670739870692664
61.2223439336537
61.576011177978664
61.53239880392662
61.5326385640628
61.545292869853405
61.569554538609154
62.10872169457759
61.96287162487543
62.08683845605932
62.175557532959594
61.359961209939726
62.06761246138215
60.59567759480909
60.78065474762175
60.57124403507679
60.76594404322634
60.30139099374484
60.616531953012945
60.62983338365798
60.684706652018214
60.47613980445387
60.87799415073369
60.647475587543596
60.77586773096455
60.83952832129933
61.39415917565699
61.29789998621275
61.42767183302249
61.487988751306716
61.34755212390519
61.67015446630683
61.843247796730154
62.047373889588485
61.916980738925695
62.70668965031807
62.15749158319469
62.7005140761988
62.90093176207943
63.201312881544744
63.39940044763753
63.135667765397855
63.45758592334633
64.05610579408864
64.19745546386622
63.68700546612147
63.54574873344021
63.48535312354457
64.14128072018038
64.40945230034554
65.05143822545934
63.95204545848321
64.25612177884925
64.12915204515738
63.7874511881792
64.6578657672628
64.61311941500948
64.24396185568455
64.45553725518995
64.84202844853253
64.39096528273365
64.6618322352333
64.11028638266528
64.43614836913932
64.18659487907162
64.5703956709905
64.58170259267997
64.85720634768023
64.70049298472458
64.44269411344281
64.7976648084861
64.33863047653145
64.42972905056246
64.57300426956773
65.07950747876923
65.6614857521921
65.69468022578366
66.073252801243
65.36014999341835
66.25291641836951
65.14634298619315
65.91637413918112
65.63324060862882
65.90412665968803
65.58310030323678
66.45965910022635
66.22310202054472
66.46768108499413
66.3615796233324
66.37920344068495
65.65433791875321
66.46089652081473
65.38722692234347
66.34198626510675
65.68882138125922
66.44929769467458
66.95313139368778
66.44120403034438
66.50321789081643
66.93183339898582
66.98405722115852
66.99058663274714
66.89820691368604
66.75526882403811
67.15636402588628
66.7450673398631
66.91466771766254
66.98843955153016
66.34978340564484
66.8978413951812
66.56792683217286
66.43225682599756
66.43601823338574
66.52585512128886
66.07886677369642
66.4770271088843
66.97916047740772
66.94186913068178
66.80624498731542
66.66220413025097
66.7664402651947
66.6196912330465
66.5281033114599
66.65780235920828
66.47903265310059
66.84832908735778
66.65393313635072
66.80342297998753
66.94078400756274
66.95276333456982
67.15110584740702
67.23800150040948
67.2209246678075
67.13365029338176
67.27337866138004
67.41491881952504
67.63625226974875
67.58095609448098
67.52834775832585
67.26283169805328
67.46898181888622
67.55351963948087
67.55617747964068
67.53109716848812
66.54741606577895
66.4512304340128
66.50443357283527
66.51253464612634
66.56555062449843
66.91253243377966
66.93811997088625
66.686476100383
67.31443315359331
66.61974735193472
66.95051964572448
67.24964216288198
67.00263175577433
67.13562552235909
66.91328860597149
66.9486407520326
67.02853450553114
67.08774704008545
67.2343373594139
67.16562996053388
67.16022778305725
66.99247378717631
67.10367055278881
67.19401695546281
67.52156163882238
67.4873555086094
67.67136893821048
67.78635195803525
67.94358458981966
67.95491216242793
67.81015317680276
67.8125761315477
67.75891930823221
67.68203704527247
67.7923334223042
67.75852235352407
67.5400292746972
67.74482327944744
67.80354774900204
67.93834648558284
67.88302375862618
67.98794896544642
68.33230509807832
68.29122557335955
68.24631320913284
68.09949309213627
68.01602472430076
67.66446715695287
67.6119555250484
67.29849554664756
67.75119773259932
67.56440012211107
67.92140417522586
67.62456672311534
67.85254635575211
68.07271397285088
67.96648343719629
68.16934113704785
68.17546867272729
68.40056847764835
68.38440108061755
68.34541568250557
68.41254584180031
68.46926573089874
68.77239526297947
68.63045894892964
68.37924640861907
68.25168269507137
68.04930471192418
68.05803411764828
68.05699313903712
68.01856673272158
67.9724991493672
67.8478359955644
67.8271957174051
67.9045351292803
67.89079588284352
67.90145293835961
68.0124538761311
68.06356620014252
68.11115976584989
68.06991623291023
68.28946063400781
68.1478936886504
68.16016562219303
68.13182906484862
67.9893190605086
68.2916680782634
68.50542297486308
68.5361990032616
68.57139872030747
68.65896130104616
68.71440392201029
68.75383385946029
68.6935267986186
68.84780460741284
68.85043340467487
68.85981643338707
68.81454709635616
68.9097882048288
69.00112090644254
68.94446443318137
68.91901975957404
68.71581346639985
68.74970390747062
68.79661722115029
68.44759624573177
68.43239870857332
68.64724490764206
68.70200827813022
68.54850828600416
68.62318858918486
68.66512678248849
68.66567348804084
68.53485213794767
68.77840124305911
68.67095448213409
68.67095448213409
68.78935743061818
68.5569835067613
68.4238763278326
68.52030578456068
68.57862942722055
68.64649483886554
68.54375214778067
68.55971691867549
68.66733901370664
68.57501137376518
68.6102086184919
68.4794586599225
68.6275764319235
68.61068490930114
68.6124681980925
68.78006635324381
68.8948994961419
68.79669647817445
68.70860446227383
68.69479409801451
68.78788355469912
68.93647337467367
68.94705441652516
68.91995613922668
68.85135635056649
68.8717877633748
69.07502515041824
68.93231881057476
68.44747927601969
68.93138391871133
68.94857897455964
69.17531119217148
68.99668242101342
69.07172990957288
68.9583503895191
68.93195997966546
69.23923379055438
69.11774869378293
68.95517773143018
69.19145443026454
69.01116550343531
69.30826914377032
69.1688526970876
69.31012488366748
69.03971408082771
69.12146229212883
69.24939915363666
69.37320012603182
69.25717077843726
69.39792312484333
68.67473803537216
69.18074662543833
68.88660890045723
68.96703763162701
69.11345892876228
68.88692935461897
69.03129492223863
69.14798225332531
69.04901783742693
69.07996947773266
69.24941932660712
69.24941932660714
69.27079100645379
69.25171193845523
69.17191784223172
69.1860306346796
68.87881166077786
68.61039825956861
68.95370476174253
68.95480051623295
69.09451508767579
69.0876073430882
69.16464387837848
69.20913543427469
69.21827169737328
69.0157884944726
69.11266113345079
69.12154113498201
69.24946251606096
69.1791250994898
69.4363655771603
69.8207404923888
69.88270770832449
69.73578215535456
69.86957032247682
69.82181185273596
69.98736342991181
69.99472890745457
70.04004301408229
70.04095852993696
69.81906532118008
70.07247807895966
69.9583167038751
70.13014657606904
69.72948772941662
70.22233689693505
70.10369086058695
70.2719543064613
70.33416269017242
70.37043318770657
70.34114827300165
70.31396015135708
69.98549008515754
70.04494025238728
70.22548017199706
70.4186865287945
70.33068312657916
70.11348263206546
70.28158380502796
70.00669409517765
70.20578061302449
70.32678008873326
69.94499857719283
70.0911393205269
70.00787395464702
69.97470098278183
69.77845323580992
69.76836468315359
69.79943691349635
69.70344484936304
69.61790142890935
70.14536846933973
69.95214362277939
70.08000750791464
70.03091420480992
69.5259005311431
70.07177569669032
70.01051806989105
69.72278334310785
69.83965402004375
69.60627722547557
69.90015536339615
69.90317262209724
69.91734260701944
69.66692223574883
