45.3998223614935
47.95302145806424
51.524720735512446
53.29475429070511
54.460139635902465
54.44914343379044
54.195247210827496
55.207670837920276
53.94647127224406
54.54359451499315
55.15324240033262
54.002949666240006
55.14965378421139
54.33336099194776
55.361345702846506
54.160062372445296
56.435805209169914
55.66933773287148
54.697527026927446
55.8358389132629
55.07531275959152
55.38731443217377
55.914890631016085
53.98236947685442
55.321197587837695
54.682596348673954
55.189903434419726
54.855831051472364
55.22250848471591
55.25288964464336
53.852748447874355
57.14004882107221
56.583786914501594
55.55666997869572
56.38296405966722
55.79640636897316
56.924564802074315
56.74269733747214
58.2114900665562
57.33049502213177
56.633919637666985
57.955304817671774
58.19790523126548
58.56825688007931
57.19890624692467
58.49866429708379
57.56866214860358
58.06497664573306
57.19074170261157
57.9642457043459
58.33056169183633
58.087652865037505
58.53253184747481
59.87991034913173
59.19639176128789
59.16930822082881
58.635890087851855
58.82379288163246
58.639859097363065
57.89265047919417
58.74324430622402
59.135831411940046
58.836299667980775
58.38826108494036
59.16939099730518
58.64022029540925
59.551962923951486
59.27548656218607
59.704580790301954
58.9067229535757
59.140531531917794
59.12594497002576
59.58731388981206
59.406085987374745
59.91772433451198
59.374322570547676
59.41954776315848
59.163167627640554
58.79185168296969
58.746255658067824
58.54183976968339
58.451234774026766
58.6902132472825
57.3324932469365
58.00782953740959
57.879794716166145
57.15130229089773
56.95821478581415
56.930660520115765
57.17653738684359
58.34472907339367
58.17685902222523
56.8334857809524
57.638399492631756
57.5349051331195
57.48997496305602
57.261447286307394
57.24927607664477
58.006101761468905
56.77712235852324
57.49961314086791
57.84454884854704
58.23065359564767
58.33310021455512
58.22763309369321
59.020964373619634
59.473076807591845
59.39443221061391
58.67498970581128
58.99630829323833
59.21839799217154
58.93984227303875
59.826495010881416
59.03960993284722
59.435581003764455
60.03279920946678
58.42621249373471
59.84432814793029
57.98575655623092
57.81040955793491
58.3221478017841
58.52283488382587
57.4725268072192
58.52673869282554
57.31144867538052
58.401236089043344
57.58688655813402
58.84737741561517
57.25679875682194
58.05962540445673
57.555738040396434
58.98850749202443
58.35595316447665
59.297843160650935
59.066548142074964
58.93780547861302
59.91528374327099
59.215557457452526
60.49390678199283
59.2796436827969
61.36888748537682
60.24038672376429
61.29899015611357
60.80250783773664
61.29077219521442
61.47500629880282
61.103218620956795
61.36693107792526
61.316384481366455
62.779715860714404
61.73764450199721
62.50474598977672
61.276682677056606
61.86193177054007
61.46615403760235
61.70019797126767
60.438818148879285
61.57943931291919
62.01065571084621
61.70877262382403
61.52419341483294
61.42157743978665
61.296246676044795
61.51818628863903
61.66642522790836
60.7000114336328
61.81516597431782
62.155084509646194
62.6137104710396
62.482214242450056
63.07571017877455
61.35238924846191
62.40995700307784
63.27481091112069
61.63234568716772
62.94406279268261
61.82437399312787
62.72252957646372
62.478440384175975
62.448733303449835
63.052733022930795
62.46748739219516
63.33491674785112
63.055617515437135
63.56688861079448
63.02406972681065
62.967739770023364
62.78830327745905
63.92246177217737
62.953609580644816
63.74917971634886
63.51961020980034
63.46281748271783
63.299864436365574
64.23087699335795
62.95088360825006
63.67354461629859
63.66045018113192
63.1995127324953
62.70585820286998
63.2916712723564
64.33599122962829
64.1679500881882
63.35318188656212
64.11902081115531
64.5206334905069
62.756753226417196
64.59616303165214
63.46071622614667
64.39768547621624
64.35807609608803
63.113913888849815
64.07774607062018
63.48727579288122
63.82111344001957
63.9942566058765
63.30906116773119
63.370600375865955
64.00475904981165
63.34665845924563
63.85890835844354
63.63814058293257
63.68261376175624
64.14163780478695
63.411533984094525
63.597675271371344
63.15329970729869
63.465881569692776
63.63087767227177
63.52951533235807
64.14825950825454
62.330096820026355
63.72536994325459
63.73036748167172
64.02971945434068
63.60925882828216
63.63047162047803
64.38643967969976
64.2600212908952
64.56125518959963
64.19376637655797
64.14973040021107
63.680260914854635
64.607649945475
64.15358633162906
64.71095563186476
63.79756151656174
64.49541821963466
64.12703615366395
63.955647540697115
64.03927201287135
63.81310147326783
63.72099684883568
63.80146707538258
64.86244978333923
64.24269678490558
63.881542591131804
64.12963698432638
63.63374803935143
64.66672969379289
64.37536804316893
63.75825454631726
64.36431619921929
65.0654651962882
64.31374616636684
63.899056043213584
64.25066768102228
64.093062650295
64.34929586686229
63.988623928566334
63.90757719239816
64.30318885896973
64.41431485787305
65.09130756479433
64.05773122197188
64.24337298909502
63.96439281107045
64.03979676469547
65.11597822777101
64.47702237130284
64.27597198889393
64.6552602795686
63.98241108919139
64.26164617933661
64.15097767433211
63.99149374401179
65.28212748559469
63.07112830887385
63.977636305683625
65.18738365195665
64.64828665105902
64.63238126569202
64.31932384045851
64.5978436400431
64.42022966705262
64.96737380327933
65.01440803776183
64.1306505753726
64.4559053716476
65.00195156746551
64.5298635977336
64.82278030475848
64.30266336981667
64.28794121005923
64.5957784794977
64.22099531389898
64.43429563549792
64.70620385197894
64.44596303945734
64.30207223161968
64.81795698792524
64.90717287400524
64.54875332858948
64.7196368724423
64.65431655602643
64.54851099742737
64.68103427756449
64.19154190774975
64.81749968681426
64.22579109310175
64.88607328004301
64.59855282684362
64.29228535596852
64.28949207936698
64.57727893270062
64.3018974861039
64.44338101008914
64.67724698244677
65.09131528109198
64.51650117056793
64.94755132695049
65.71400001569401
64.56169225123254
64.86131154741737
64.59277868956244
64.19513564760052
65.08338513862684
64.6364933023637
64.72009556974317
65.94359639043401
65.14438052490785
65.40498128863658
65.18605202182826
64.84855138097356
64.69177588360839
65.02869714671272
65.10400559866753
65.25127352778661
65.37279115388411
64.90919896505807
65.56236767820289
65.17752891818247
65.51516540575307
64.77486647311123
64.7217486879121
65.16973523075941
65.1653343209894
64.58677195391599
65.62645473761866
65.51747100634444
64.30152813537474
64.99387860533017
64.9203789156762
65.29852181956048
65.20885320061753
64.32857268315787
64.24806047536168
65.04871960907008
64.62411050643276
64.01942935287589
63.95827116773002
64.12524832931052
64.63152532322701
65.16078904535864
64.65689389957518
64.60284222280605
64.38525424360137
65.51594006167932
64.90217729153791
64.78420916434695
64.74413100637354
65.421251561708
65.16596807572202
65.00072602789541
64.91813756369162
65.72763448634943
65.27679682388202
65.5394964091019
65.11047437561902
64.69607854674551
65.17809141842379
65.32697565183655
64.44641042642957
65.27112769407583
65.33975906008692
65.20899083659621
65.50909867545224
65.45378596597335
65.15959209123665
65.03401511200998
65.51604442029499
64.56837672780141
64.6946801427908
65.54831536553277
65.35017318313076
65.71794930291047
65.41553446499945
65.21609975899237
66.30059663143483
66.16146940690284
65.61417859744414
65.55674664291938
65.887135012412
65.82993586466475
65.81361567468889
65.04787124204225
65.47358910009605
64.17770332484164
66.26726147364703
64.34072552383581
65.64440736901416
65.68010347279302
65.78464696851451
65.62747848904333
65.76099025668037
65.11280726906345
64.69505610708497
64.36285675795257
65.09280555233012
64.66349996291528
64.79149980147791
65.21448405589604
65.50385004888228
65.99117582419446
65.54050789932451
64.55328673183746
65.84959446819022
65.25753333178439
65.04778444683512
65.53191908014894
65.5124426294769
65.77112423606437
65.27733845820512
65.21240111046238
64.88584555352398
65.0356462907965
65.54924272508639
66.24880785753923
65.8685822282861
66.12731959181181
65.67635718231777
66.26149386316904
65.58718113938032
66.55675331210462
64.85158903824792
64.88367356047318
65.63078224522145
65.6624666166433
66.29908826498293
65.51286056826423
66.73387267281822
66.1731592680519
66.23198982044308
66.0377513707043
65.3991435490656
66.59130253192708
65.78601340811349
66.12245755999508
65.74308571128408
65.02933457244839
66.45977371511111
65.57442726671123
66.66944523841279
66.37903868978077
66.3170205653897
66.91786483165627
66.86524413007784
65.60810485468456
65.71315913139786
65.65379659858908
65.40912175789728
65.93413537601774
66.3433246777656
66.82915187770796
65.21011951922632
66.16880802346866
66.54499110683292
65.68575523536208
65.84335793165133
65.52070303610134
65.44408229877773
66.63481262969678
65.6043348372144
66.06915235581913
66.46816297279459
65.01060074728207
66.07699828668284
66.22715390518194
65.34125524774838
65.75709145209375
66.05861588107169
