30.896478121664884
31.933716247441737
36.15541228367832
40.61541998773759
40.61541998773759
38.85652973635806
38.85652973635806
41.66101119782831
44.16965352449223
44.16965352449223
44.394904458598724
47.430997876857745
47.430997876857745
43.599999999999994
43.599999999999994
43.599999999999994
43.599999999999994
43.599999999999994
43.599999999999994
48.34035827186512
48.34035827186512
48.34035827186512
48.34035827186512
48.34035827186512
49.32923076923076
49.32923076923076
49.32923076923076
49.32923076923076
49.32923076923076
52.51500600240096
52.51500600240096
52.51500600240096
52.51500600240096
52.51500600240096
52.51500600240096
52.51500600240096
52.51500600240096
52.51500600240096
52.51500600240096
52.51500600240096
52.51500600240096
52.51500600240096
52.51500600240096
52.51500600240096
52.51500600240096
52.51500600240096
52.51500600240096
52.51500600240096
52.51500600240096
52.51500600240096
52.51500600240096
52.51500600240096
52.51500600240096
52.51500600240096
52.51500600240096
52.51500600240096
52.51500600240096
52.51500600240096
52.51500600240096
52.51500600240096
52.51500600240096
52.51500600240096
52.51500600240096
52.51500600240096
54.27971188475391
54.27971188475391
54.27971188475391
54.27971188475391
54.27971188475391
54.27971188475391
54.27971188475391
54.27971188475391
54.27971188475391
54.27971188475391
54.27971188475391
54.27971188475391
54.27971188475391
54.27971188475391
54.27971188475391
54.27971188475391
54.27971188475391
54.27971188475391
54.27971188475391
54.27971188475391
54.27971188475391
54.27971188475391
54.27971188475391
54.27971188475391
54.27971188475391
54.27971188475391
54.27971188475391
54.27971188475391
54.27971188475391
54.27971188475391
54.27971188475391
54.27971188475391
54.27971188475391
54.27971188475391
54.27971188475391
54.27971188475391
54.27971188475391
54.27971188475391
54.27971188475391
54.27971188475391
54.27971188475391
54.27971188475391
54.27971188475391
54.27971188475391
54.27971188475391
54.27971188475391
54.27971188475391
54.27971188475391
54.27971188475391
54.27971188475391
54.27971188475391
54.27971188475391
54.27971188475391
54.27971188475391
54.27971188475391
54.27971188475391
54.27971188475391
54.27971188475391
54.27971188475391
54.27971188475391
54.27971188475391
54.27971188475391
54.27971188475391
54.27971188475391
54.27971188475391
54.27971188475391
54.27971188475391
54.27971188475391
54.27971188475391
54.27971188475391
54.27971188475391
54.27971188475391
54.27971188475391
54.27971188475391
54.27971188475391
54.27971188475391
54.27971188475391
54.27971188475391
54.27971188475391
54.27971188475391
54.27971188475391
54.27971188475391
54.27971188475391
54.27971188475391
54.27971188475391
54.27971188475391
54.27971188475391
54.27971188475391
54.27971188475391
54.27971188475391
54.27971188475391
54.27971188475391
54.27971188475391
54.27971188475391
54.27971188475391
54.27971188475391
54.27971188475391
54.27971188475391
54.27971188475391
54.27971188475391
54.27971188475391
54.27971188475391
54.27971188475391
54.27971188475391
54.27971188475391
54.27971188475391
54.27971188475391
54.27971188475391
54.27971188475391
54.27971188475391
54.27971188475391
54.27971188475391
54.27971188475391
54.27971188475391
54.27971188475391
54.27971188475391
54.27971188475391
54.27971188475391
54.27971188475391
54.27971188475391
54.27971188475391
54.27971188475391
54.27971188475391
54.27971188475391
54.27971188475391
54.27971188475391
54.27971188475391
54.27971188475391
54.27971188475391
54.27971188475391
54.27971188475391
54.27971188475391
54.27971188475391
54.27971188475391
54.27971188475391
54.27971188475391
