2099.0833333333335
1719.5833333333333
1692.6666666666667
1676.8333333333333
1584.3333333333333
1672.9166666666667
1621.6666666666667
1529.4166666666667
1571.9166666666667
1580.0
1511.9166666666667
1429.0
1596.75
1530.25
1382.75
1395.5
1537.1666666666667
1430.3333333333333
1513.0833333333333
1505.0
1546.25
1634.75
1770.25
1665.9166666666667
1581.75
1528.1666666666667
1566.25
1619.8333333333333
1531.5833333333333
1590.3333333333333
1586.25
1601.3333333333333
1632.0833333333333
1626.5
1632.0
1629.3333333333333
1626.5833333333333
1652.6666666666667
1696.9166666666667
1674.3333333333333
1660.1666666666667
1413.6666666666667
1395.5
1418.0833333333333
1420.0
1537.25
1884.3333333333333
1763.5
1667.1666666666667
1599.3333333333333
1459.0
1429.5
1566.1666666666667
1517.0833333333333
1570.0833333333333
1530.3333333333333
1475.25
1553.8333333333333
1561.9166666666667
1592.8333333333333
1597.4166666666667
1565.5833333333333
1530.0
1550.4166666666667
1615.8333333333333
1637.5833333333333
1599.9166666666667
1591.0
1688.6666666666667
1654.5833333333333
1479.3333333333333
1376.0833333333333
1398.5
1513.8333333333333
1546.5833333333333
1465.9166666666667
1510.75
1520.3333333333333
1501.0
1367.1666666666667
1421.0833333333333
1500.5
1541.6666666666667
1498.8333333333333
1507.3333333333333
1532.25
1573.6666666666667
1593.9166666666667
1594.4166666666667
1591.8333333333333
1587.5
1581.75
1546.4166666666667
1665.75
1501.75
1517.1666666666667
1549.0833333333333
1545.0
1451.75
1461.5
1544.75
1548.4166666666667
1471.6666666666667
1505.1666666666667
1521.0833333333333
1510.1666666666667
1519.6666666666667
1574.0833333333333
1490.4166666666667
1543.0
1499.4166666666667
1412.0833333333333
1524.8333333333333
1440.6666666666667
1574.5
1537.25
1578.4166666666667
1618.3333333333333
1546.75
1671.9166666666667
1599.75
1650.25
1704.5833333333333
1623.8333333333333
1577.1666666666667
1620.0833333333333
1582.3333333333333
1591.5
1632.5833333333333
1567.0
1624.0833333333333
1638.5
1545.0833333333333
1657.0
1595.25
1632.9166666666667
1605.5833333333333
1563.3333333333333
1601.25
1558.8333333333333
1566.25
1654.9166666666667
1659.1666666666667
1615.6666666666667
1565.0833333333333
1560.8333333333333
1591.3333333333333
1625.25
1585.3333333333333
1528.8333333333333
1596.25
1660.5
1567.9166666666667
1607.5833333333333
1636.8333333333333
1573.0
1654.0
1620.0833333333333
1642.0
1557.1666666666667
1632.8333333333333
1546.4166666666667
1559.8333333333333
1654.0
1680.75
1607.5833333333333
1645.9166666666667
1644.6666666666667
1559.25
1620.3333333333333
1601.1666666666667
1597.4166666666667
1538.6666666666667
1652.1666666666667
1581.3333333333333
1662.5
1582.8333333333333
1565.6666666666667
1590.8333333333333
1584.0
1659.75
1535.75
1569.5833333333333
1589.5833333333333
1670.6666666666667
1596.1666666666667
1615.5833333333333
1571.3333333333333
1653.9166666666667
1654.5
1621.1666666666667
1550.0
1552.3333333333333
1563.8333333333333
1578.75
1584.3333333333333
1591.4166666666667
1535.6666666666667
1581.8333333333333
1589.3333333333333
