53.80434782608695
59.54128440366972
61.205501618122966
61.58536585365854
61.68831168831169
64.6341463414634
64.6341463414634
64.93610223642173
64.93610223642173
64.93610223642173
65.36050156739812
65.36050156739812
65.36050156739812
65.36050156739812
65.36050156739812
65.36050156739812
65.36050156739812
65.36050156739812
66.25984251968504
66.29392971246007
66.29392971246007
66.29392971246007
66.29392971246007
66.29392971246007
66.29392971246007
66.29392971246007
66.29392971246007
66.33386581469648
66.33386581469648
66.33386581469648
66.33386581469648
66.33386581469648
66.33386581469648
66.33386581469648
66.33386581469648
66.33386581469648
66.33386581469648
66.33386581469648
66.33386581469648
66.33386581469648
66.33386581469648
66.33386581469648
66.33386581469648
66.33386581469648
66.33386581469648
66.33386581469648
66.33386581469648
66.33386581469648
66.33386581469648
66.33386581469648
66.33386581469648
66.33386581469648
66.33386581469648
66.33386581469648
66.33386581469648
66.33386581469648
66.33386581469648
66.33386581469648
66.33386581469648
66.33386581469648
66.33386581469648
66.33386581469648
66.33386581469648
66.33386581469648
66.33386581469648
66.33386581469648
66.33386581469648
66.33386581469648
66.33386581469648
66.33386581469648
66.33386581469648
66.33386581469648
66.33386581469648
66.33386581469648
66.33386581469648
66.33386581469648
66.33386581469648
66.33386581469648
66.33386581469648
66.33386581469648
66.33386581469648
66.33386581469648
66.33386581469648
66.33386581469648
66.33386581469648
66.33386581469648
66.33386581469648
66.33386581469648
66.33386581469648
66.33386581469648
66.33386581469648
66.33386581469648
66.33386581469648
66.33386581469648
66.33386581469648
66.33386581469648
66.33386581469648
66.33386581469648
66.33386581469648
66.33386581469648
66.33386581469648
66.33386581469648
66.33386581469648
66.33386581469648
66.33386581469648
66.33386581469648
66.33386581469648
66.33386581469648
66.33386581469648
66.33386581469648
66.33386581469648
66.33386581469648
66.33386581469648
66.33386581469648
66.33386581469648
66.33386581469648
66.33386581469648
66.33386581469648
66.33386581469648
66.33386581469648
66.33386581469648
66.33386581469648
66.33386581469648
66.33386581469648
66.33386581469648
66.33386581469648
66.33386581469648
66.33386581469648
66.33386581469648
66.33386581469648
66.33386581469648
66.33386581469648
66.33386581469648
66.33386581469648
66.33386581469648
66.33386581469648
66.33386581469648
66.33386581469648
66.33386581469648
66.33386581469648
66.33386581469648
66.33386581469648
66.33386581469648
66.33386581469648
66.33386581469648
66.33386581469648
66.33386581469648
66.33386581469648
66.33386581469648
66.33386581469648
66.33386581469648
66.33386581469648
66.33386581469648
66.33386581469648
66.33386581469648
66.33386581469648
66.33386581469648
66.33386581469648
66.33386581469648
66.33386581469648
66.33386581469648
66.33386581469648
66.33386581469648
66.33386581469648
66.33386581469648
66.33386581469648
66.33386581469648
66.33386581469648
66.33386581469648
66.33386581469648
66.33386581469648
66.33386581469648
66.33386581469648
66.33386581469648
66.33386581469648
66.33386581469648
66.33386581469648
66.33386581469648
66.33386581469648
66.33386581469648
66.33386581469648
66.33386581469648
66.33386581469648
66.33386581469648
66.33386581469648
66.33386581469648
66.33386581469648
66.33386581469648
66.33386581469648
66.33386581469648
66.33386581469648
66.33386581469648
66.33386581469648
66.33386581469648
66.33386581469648
66.33386581469648
66.33386581469648
66.33386581469648
66.33386581469648
66.33386581469648
