46.68370977324127
47.350991145960094
48.48885367950406
48.60676645742219
49.49869108362865
50.0160172110945
50.57931865970446
51.023518392943984
51.65821424435243
51.482299257070586
52.05811420010541
52.15397286436546
52.327874227848426
52.5572309539255
52.490153654545836
52.680349824009646
53.02293621057995
53.51963669988136
53.791562495563916
53.99658376486779
54.35477600387677
55.05212990435628
55.61968120365217
55.59424469108435
55.330822383190956
55.44764600922222
55.41642148752114
55.40578653209767
55.44273122483239
55.357770299736956
55.44977939343689
55.25240704155442
55.18347457844503
54.948035405588804
54.85680119654732
54.86661871118101
54.53601900315731
54.429372558533544
54.448729758493755
54.5506863179974
54.33718604140061
54.3308311081027
54.52329359126345
54.61817361870525
54.787056300889255
54.521324774309946
54.78222296980582
54.75646277039425
54.72529429596591
54.711030572871984
54.64534268111288
54.65158302336074
54.81452787624596
55.08858942311139
55.089359810683185
55.14389666159665
54.84051739209154
54.68279360364803
54.50860573548628
54.77631122251931
54.871440624416856
54.5632445416392
54.64201777219912
54.913260532696235
55.00006423734095
55.48099258994678
55.68074007821103
55.66343363144582
55.59074933378133
55.85839128837288
55.88027106621401
56.36991804662993
56.60005235708452
56.74465335155911
56.74465335155911
56.94384122755088
57.16259763436786
57.454681310141055
57.62962010243731
57.62026778126229
57.65765145974642
58.173254886444866
58.40421885978579
58.50642829149526
58.64541332983782
58.859254913482104
58.966902248605365
59.28900671299717
59.38514215164751
59.82358562478036
60.11473004054274
60.335978508781594
60.36217245756853
60.47007877577945
60.457400126537706
60.27309090951498
60.47314450677119
60.55881407159567
60.54017060466795
60.54017060466795
60.214022321341716
60.141284800667634
60.40892661653779
60.566470350510635
60.481688341529306
60.56801014798839
60.53409165031371
60.481226368579584
60.494944109722745
60.60775295352785
60.705973069207616
60.72575991416967
60.883328926402235
61.03224157688692
60.90806673939036
60.81581462489614
60.92697093015897
61.27348265299601
61.2195513958903
61.29464870139044
61.3878858451567
61.42205183132349
61.596459622398605
61.57252435502029
61.64966419542194
61.53686306556349
61.6202590550446
61.555580559622776
61.53422651214616
61.56880530101406
61.80885104999493
61.80885104999493
61.77190378955562
61.83045194001859
61.83601615002179
61.85246415840162
61.82143397906613
61.88118369193086
61.93937095539485
61.988675520433446
62.225221541691596
62.100510824496055
62.100510824496055
62.02372821710202
62.29217557155057
62.27250131461752
62.299794846309965
62.24442411836263
62.1954785442122
62.385942290954645
62.10147058669114
62.25851248387896
62.17284484833491
62.06814210298306
61.821679443512586
61.63395106843423
61.928485458902436
62.045012957207824
62.08736570008328
62.13994233331931
62.35146632003172
62.31573961951741
62.18649353602336
62.1951421594722
62.33806549332004
62.451677163106375
62.451677163106375
62.608050007021006
62.50879513639286
62.44060558725107
62.445053535128224
62.5823393927274
62.809783077158485
62.83283221638986
62.73922979688082
63.04412568105114
62.98413455119347
63.01325321895415
63.05671541636478
63.07770567855435
63.10796537060505
62.95632604735067
63.11566395077976
63.13572232247619
63.148438558592964
63.19933154960997
63.19933154960997
63.15249523282877
63.104572587996095
63.104572587996095
63.03541094941429
62.74320956813896
62.808881858641065
62.813537536076254
62.920193026293624
63.01260907623005
63.03595767739391
63.033190929863984
62.93848724584952
62.81544120838684
62.81544120838684
62.814614668541495
62.73893422775954
62.62127338818588
62.511972110921036
62.42890724223729
62.43203319515874
62.35012677405932
62.31015331137236
62.289666153361146
62.303457969266404
62.27773229287402
62.29378647684905
62.3420984829264
62.2915752824459
62.382942448558914
62.32580411305095
62.63247172341666
62.435613804159004
62.50353205240312
62.429736671994476
62.50997752280946
62.45424654859903
62.45424654859903
62.431407012973
62.37451815432278
62.4015339214768
62.55165750093691
62.55165750093691
62.52827324766048
62.47357018743535
62.47357018743535
62.366340310218334
62.18197864288091
61.952704386251675
62.006635966256354
62.21826100776459
62.18368818756369
62.253526472177874
62.253526472177874
62.17585882609508
62.11347250742564
62.13193956926663
62.299147995940054
62.28130809241209
62.06726312216341
62.197953071167
62.324783057794114
62.324783057794114
62.380144240537405
62.542353319233044
62.45063444237743
62.72656221089782
62.74410549274127
62.970469229468144
62.862152962330086
62.77560465303211
62.85753122546056
62.88638452206358
62.8500967866352
63.08547622683941
63.122824684793784
63.234011970485916
63.1633962103892
63.16625316743254
63.16625316743254
63.06077246731428
62.97398769972499
62.984011357141654
63.08577381196964
63.12283611264705
63.33789236498171
63.394590336694634
63.2461734050046
63.209345428936025
63.32413353891515
63.32413353891515
63.32413353891515
63.29969756970278
63.181817137583906
63.181817137583906
63.181817137583906
63.35718614010366
63.07976435012912
63.094600409676126
63.101993889421934
63.036449809440384
62.80583031459455
62.72659150160465
62.53786205296539
62.71205539823452
62.78578982185726
62.66051970520262
62.775783370845275
63.03341239383229
63.17752003909669
63.15195803487789
63.077027873925715
63.00413946195149
63.15634669280909
63.15634669280909
63.21589068521503
63.21191241952165
63.31442500547369
63.35722855311917
63.41975883823928
63.33376697895447
63.347745262225445
63.37114180020636
63.41488388384804
63.45917286226167
63.43033793854994
63.44491325941014
63.42378634768751
63.42378634768751
63.22157405225717
63.27302694982417
63.312719161394966
63.462264715418414
63.49759074725696
63.49759074725696
63.527430040333414
63.527430040333435
63.66912219603432
63.66912219603432
63.732815788367056
63.732815788367056
63.628354216786576
63.47284265482258
63.52678992986871
63.48798430481719
63.483291547547765
63.63393343283725
63.587751716386094
63.42817902911933
62.90049388475487
63.06006331547528
63.05864881305699
63.11981887635536
63.31868741905487
63.4272231299178
63.36557778031712
63.4761848135562
63.56179938923371
63.58478393884239
63.51186490366172
63.56109574244749
63.58257107774263
63.73346088403472
63.743590699380775
63.743590699380775
63.743590699380775
63.88007156531487
63.848594547495054
63.84859454749507
64.0448851972009
63.856898503044555
63.83245389162333
63.88000602599028
63.902747899343
63.902747899343
63.873224564834246
63.987582871807035
63.987582871807035
64.0731801379898
64.09079035451036
64.12985227445205
64.18575241295645
64.14641185828937
64.2891416708221
64.10758586735544
63.95385066687485
64.10479489321682
64.10043092391348
64.11661789910276
64.20005326052345
64.27797427069558
64.39422385194533
64.40911956197058
64.28147060134896
64.10767910156918
63.94782371836196
63.92073979941296
63.92073979941296
64.05732970223167
64.06758247156438
64.02777305440804
64.02005187612892
64.19204169572811
64.18380966557841
64.20191947787211
64.21508385759851
64.10143100369447
64.10143100369447
64.10864876255313
64.10864876255313
64.133950272255
64.25432419285553
64.39247498592616
64.39247498592616
