16380.0
16380.0
6820.0
5280.0
5280.0
4840.0
4840.0
4840.0
4840.0
4840.0
4840.0
4840.0
4840.0
4840.0
4840.0
4840.0
4840.0
4840.0
4840.0
4720.0
4720.0
4720.0
4720.0
4720.0
4720.0
4720.0
4720.0
4720.0
4720.0
4720.0
4720.0
4720.0
4720.0
4720.0
4720.0
4720.0
4720.0
4720.0
4720.0
4720.0
4720.0
4720.0
4720.0
4720.0
4720.0
4720.0
4720.0
4720.0
4720.0
4720.0
4720.0
4720.0
4720.0
4720.0
4720.0
4720.0
4720.0
4720.0
4720.0
4720.0
4720.0
4720.0
4720.0
4720.0
4720.0
4720.0
4720.0
4720.0
4720.0
4720.0
4720.0
4720.0
4720.0
4720.0
4720.0
4720.0
4720.0
4720.0
4720.0
4720.0
4720.0
4720.0
4720.0
4720.0
4720.0
4720.0
4720.0
4720.0
4720.0
4720.0
4720.0
4720.0
4720.0
4720.0
4720.0
4720.0
4720.0
4720.0
4720.0
4720.0
4720.0
4720.0
4720.0
4720.0
4720.0
4720.0
4720.0
4720.0
4720.0
4720.0
4720.0
4720.0
4720.0
4720.0
4720.0
4720.0
4720.0
4720.0
4720.0
4720.0
4720.0
4720.0
4720.0
4720.0
4720.0
4720.0
4720.0
4720.0
4720.0
4720.0
4720.0
4720.0
4720.0
4720.0
4720.0
4720.0
4720.0
4720.0
4720.0
4720.0
4720.0
4720.0
4720.0
4720.0
4720.0
4720.0
4720.0
4720.0
4720.0
4720.0
4720.0
4720.0
4720.0
4720.0
4720.0
4720.0
4720.0
4720.0
4720.0
4720.0
4720.0
4720.0
4720.0
4720.0
4720.0
4720.0
4720.0
4720.0
4720.0
4720.0
4720.0
4720.0
4720.0
4720.0
4720.0
4720.0
4720.0
4720.0
4720.0
4720.0
4720.0
4720.0
4720.0
4720.0
4720.0
4720.0
4720.0
4720.0
4720.0
4720.0
4720.0
4720.0
4720.0
4720.0
4720.0
4720.0
4720.0
4720.0
4720.0
4720.0
4720.0
