99400.0
100900.0
99400.0
76980.0
76740.0
67900.0
67900.0
67900.0
67900.0
61900.0
61900.0
61900.0
61900.0
61900.0
61900.0
61900.0
60420.0
62620.0
67360.0
62620.0
62620.0
62620.0
62620.0
62620.0
62620.0
62620.0
55380.0
53660.0
53660.0
53660.0
53660.0
62700.0
52740.0
52740.0
52740.0
52740.0
51940.0
51940.0
51940.0
51940.0
51940.0
51940.0
51940.0
54420.0
54420.0
54420.0
52940.0
52940.0
52940.0
52940.0
52940.0
52940.0
52940.0
52940.0
52940.0
52940.0
52940.0
52940.0
52940.0
52940.0
52940.0
52940.0
52940.0
53560.0
53560.0
53560.0
53560.0
45620.0
45620.0
45620.0
45620.0
45620.0
45620.0
45620.0
45620.0
45620.0
45620.0
45620.0
45620.0
45620.0
45620.0
45620.0
45620.0
45620.0
45620.0
45620.0
45620.0
45620.0
45620.0
45620.0
45620.0
45620.0
45620.0
45620.0
45620.0
45620.0
45620.0
45620.0
45620.0
45620.0
45620.0
45620.0
45620.0
45000.0
45000.0
45000.0
45000.0
45000.0
45000.0
45000.0
45000.0
45000.0
45000.0
45000.0
45000.0
45000.0
45000.0
45000.0
45000.0
45000.0
45000.0
45000.0
45000.0
45000.0
45000.0
45000.0
45000.0
45000.0
45000.0
45000.0
45000.0
45000.0
45000.0
45000.0
45000.0
45000.0
45000.0
45000.0
45000.0
45000.0
45000.0
45000.0
45000.0
45000.0
45000.0
45000.0
45000.0
45000.0
45000.0
45000.0
45000.0
45000.0
45000.0
45000.0
45000.0
45000.0
45000.0
45000.0
45000.0
45000.0
45000.0
45000.0
45000.0
45000.0
45000.0
45000.0
45000.0
45000.0
45000.0
45000.0
45000.0
45000.0
45000.0
45000.0
45000.0
45000.0
45000.0
45000.0
45000.0
45000.0
45000.0
45000.0
45000.0
45000.0
45000.0
45000.0
45000.0
45000.0
45000.0
45000.0
45000.0
45000.0
45000.0
45000.0
45000.0
45000.0
45000.0
45000.0
45000.0
45000.0
45000.0
