29.13143382352941
29.542118337850045
29.542118337850045
37.907037815126046
38.072189185451535
38.46038415366146
40.8417225950783
41.4390756302521
43.44113718755963
38.47604485219164
38.47604485219164
38.47604485219164
38.47604485219164
38.47604485219164
38.47604485219164
38.47604485219164
38.47604485219164
38.47604485219164
38.90516782099095
38.90516782099095
41.19920891765552
41.19920891765552
41.19920891765552
42.88924847177274
42.88924847177274
42.88924847177274
42.88924847177274
42.88924847177274
42.88924847177274
42.88924847177274
43.75894134477826
38.63447818151651
38.63447818151651
38.63447818151651
38.63447818151651
38.63447818151651
38.63447818151651
38.63447818151651
38.63447818151651
38.63447818151651
38.63447818151651
38.63447818151651
38.63447818151651
38.63447818151651
38.63447818151651
38.63447818151651
38.63447818151651
38.63447818151651
38.63447818151651
38.63447818151651
38.63447818151651
38.63447818151651
38.63447818151651
38.63447818151651
38.63447818151651
38.63447818151651
38.63447818151651
38.63447818151651
38.63447818151651
38.63447818151651
38.63447818151651
38.63447818151651
38.63447818151651
38.63447818151651
38.63447818151651
38.63447818151651
38.63447818151651
38.63447818151651
38.63447818151651
38.63447818151651
38.63447818151651
38.63447818151651
38.63447818151651
38.63447818151651
38.63447818151651
38.63447818151651
38.63447818151651
38.63447818151651
38.63447818151651
38.63447818151651
38.63447818151651
38.63447818151651
38.63447818151651
38.63447818151651
41.09627156371731
41.09627156371731
41.09627156371731
41.09627156371731
41.09627156371731
41.09627156371731
41.09627156371731
41.09627156371731
41.09627156371731
41.09627156371731
41.09627156371731
41.09627156371731
41.09627156371731
41.09627156371731
41.09627156371731
41.09627156371731
41.09627156371731
41.09627156371731
41.09627156371731
41.09627156371731
41.09627156371731
41.09627156371731
41.09627156371731
41.09627156371731
41.09627156371731
42.23706176961602
42.23706176961602
42.23706176961602
42.23706176961602
42.23706176961602
42.23706176961602
44.35483870967743
44.35483870967743
44.35483870967743
44.35483870967743
46.7328370554177
46.7328370554177
46.7328370554177
46.7328370554177
46.86724565756824
46.86724565756824
44.163728946337635
44.163728946337635
46.86724565756824
46.86724565756824
46.96410256410257
46.96410256410257
46.96410256410257
46.96410256410257
46.96410256410257
46.96410256410257
46.96410256410257
47.270471464019856
47.270471464019856
47.270471464019856
47.270471464019856
48.03556658395368
48.03556658395368
48.03556658395368
48.03556658395368
48.03556658395368
48.03556658395368
48.03556658395368
48.03556658395368
48.03556658395368
48.03556658395368
48.03556658395368
48.03556658395368
48.03556658395368
48.03556658395368
48.03556658395368
48.03556658395368
48.03556658395368
48.03556658395368
48.03556658395368
48.03556658395368
48.03556658395368
48.03556658395368
48.03556658395368
48.03556658395368
48.03556658395368
48.03556658395368
48.03556658395368
50.451004510045095
50.451004510045095
50.451004510045095
50.451004510045095
50.451004510045095
50.451004510045095
50.451004510045095
50.451004510045095
50.451004510045095
50.451004510045095
50.451004510045095
50.451004510045095
50.451004510045095
50.451004510045095
50.451004510045095
50.451004510045095
50.451004510045095
50.451004510045095
50.451004510045095
50.451004510045095
50.451004510045095
50.451004510045095
50.451004510045095
50.451004510045095
50.451004510045095
50.451004510045095
50.451004510045095
50.451004510045095
50.451004510045095
50.451004510045095
50.451004510045095
50.451004510045095
50.451004510045095
