40.39432176656152
41.38011195625895
41.809815950920246
42.80891731657596
40.802261407995694
45.533749803551785
45.533749803551785
45.533749803551785
45.60840012572686
43.46445221445222
42.325510746563374
41.837859795728875
41.837859795728875
41.837859795728875
41.837859795728875
41.837859795728875
41.837859795728875
41.837859795728875
44.821733395406575
46.675186627718276
46.675186627718276
46.675186627718276
47.02820222310684
47.02820222310684
47.02820222310684
47.02820222310684
47.02820222310684
48.302673999620716
49.52370970747159
49.52370970747159
49.52370970747159
49.52370970747159
51.92451420029896
51.92451420029896
51.92451420029896
51.92451420029896
51.92451420029896
51.92451420029896
51.92451420029896
51.92451420029896
57.02293202293203
56.68945181611044
55.095740523642036
55.095740523642036
52.57331013916501
56.50159744408947
56.50159744408947
57.98329853862212
58.78311375548944
58.78311375548944
58.78311375548944
58.85854341736695
58.85854341736695
58.85854341736695
58.85854341736695
58.85854341736695
58.85854341736695
55.859375000000014
55.859375000000014
55.859375000000014
55.859375000000014
58.96274343776461
59.71453287197231
59.71453287197231
59.71453287197231
59.72462514417531
59.72462514417531
59.75057670126874
58.01020408163265
58.01020408163265
58.01020408163265
58.01020408163265
58.01020408163265
58.01020408163265
59.864382583868654
59.864382583868654
58.11551433389544
59.864382583868654
60.112776588151306
60.112776588151306
60.112776588151306
60.19842969307636
60.19842969307636
60.19842969307636
60.20413990007137
60.20413990007137
60.226980728051394
60.226980728051394
60.226980728051394
60.226980728051394
60.226980728051394
60.226980728051394
60.226980728051394
60.226980728051394
60.226980728051394
60.226980728051394
60.226980728051394
60.242683797287654
60.242683797287654
59.21502663302496
60.242683797287654
60.242683797287654
60.242683797287654
60.242683797287654
60.242683797287654
60.242683797287654
60.242683797287654
60.242683797287654
60.242683797287654
60.321199143468945
60.321199143468945
60.321199143468945
60.32262669521769
60.32262669521769
60.32262669521769
60.635260528194145
60.635260528194145
60.635260528194145
60.635260528194145
60.635260528194145
60.635260528194145
60.646680942184155
60.646680942184155
60.646680942184155
60.41399000713776
59.34144391135481
60.41399000713776
57.63807285546416
59.183835182250384
57.827730525178886
57.827730525178886
57.827730525178886
57.827730525178886
57.827730525178886
60.41399000713776
60.41399000713776
60.41399000713776
60.41399000713776
60.41399000713776
60.41399000713776
60.41399000713776
60.41399000713776
60.41399000713776
60.41399000713776
60.41399000713776
60.41399000713776
60.41399000713776
60.41399000713776
58.901909722222214
58.901909722222214
58.901909722222214
58.901909722222214
58.901909722222214
58.901909722222214
58.901909722222214
58.901909722222214
58.901909722222214
62.15382344257454
62.15382344257454
62.15382344257454
62.15382344257454
62.240119313944824
62.240119313944824
62.240119313944824
62.28635346756152
62.008948545861294
62.008948545861294
62.008948545861294
62.008948545861294
61.24027657735522
62.008948545861294
62.008948545861294
62.008948545861294
62.008948545861294
62.008948545861294
62.008948545861294
62.008948545861294
62.008948545861294
61.45888594164456
61.53481481481481
62.008948545861294
62.20501138952165
62.20501138952165
62.20501138952165
62.20501138952165
62.20501138952165
62.20501138952165
62.20501138952165
62.20501138952165
62.406985573272586
62.4343204252088
62.4343204252088
62.4343204252088
62.504176157934694
62.50721336370539
62.50721336370539
62.39028094153379
62.39028094153379
62.39028094153379
62.39028094153379
62.39028094153379
62.39028094153379
62.39028094153379
60.64577817005002
62.39028094153379
62.39028094153379
62.39028094153379
62.39028094153379
62.39028094153379
62.39028094153379
62.39028094153379
62.39028094153379
62.39028094153379
62.39028094153379
62.39028094153379
62.39028094153379
62.39028094153379
62.39028094153379
62.39028094153379
62.39028094153379
62.39028094153379
62.39028094153379
62.39028094153379
62.39028094153379
62.43958048335613
62.43958048335613
62.43958048335613
62.43958048335613
62.43958048335613
62.43958048335613
62.43958048335613
62.43958048335613
62.43958048335613
62.43958048335613
62.43958048335613
62.43958048335613
62.43958048335613
62.43958048335613
62.45406226271829
62.45406226271829
62.45406226271829
62.45406226271829
62.45406226271829
61.90173847316704
61.90173847316704
61.90173847316704
61.90173847316704
61.90173847316704
61.90173847316704
61.90173847316704
61.90173847316704
61.90173847316704
61.90173847316704
61.90173847316704
61.90173847316704
61.90173847316704
62.670920692798546
62.670920692798546
62.670920692798546
62.670920692798546
62.670920692798546
62.670920692798546
62.670920692798546
62.670920692798546
62.65312131919905
62.670920692798546
62.670920692798546
62.670920692798546
62.91685666514668
62.91685666514668
62.91685666514668
62.91685666514668
62.91685666514668
63.170694634442924
63.170694634442924
63.170694634442924
63.170694634442924
63.170694634442924
63.170694634442924
63.170694634442924
63.170694634442924
63.170694634442924
63.170694634442924
63.170694634442924
63.170694634442924
63.170694634442924
63.170694634442924
63.21021431828545
63.21021431828545
63.21021431828545
63.21021431828545
63.21021431828545
63.21021431828545
63.21021431828545
63.21021431828545
63.21021431828545
63.21021431828545
63.21021431828545
63.21021431828545
63.21021431828545
63.27101383188934
63.27101383188934
63.27101383188934
63.27101383188934
63.27101383188934
63.27101383188934
63.27101383188934
63.27101383188934
63.27101383188934
63.27101383188934
63.27101383188934
63.27101383188934
63.27101383188934
63.27101383188934
63.27101383188934
63.27101383188934
63.27101383188934
63.27101383188934
63.27101383188934
63.27101383188934
63.337893296853615
63.337893296853615
63.337893296853615
63.337893296853615
63.337893296853615
63.337893296853615
63.337893296853615
63.337893296853615
63.337893296853615
63.30141358869129
63.30141358869129
63.30141358869129
63.30141358869129
63.30141358869129
63.30141358869129
63.30141358869129
63.30141358869129
63.30141358869129
63.012615899072806
63.012615899072806
63.012615899072806
63.012615899072806
62.9886104783599
62.9886104783599
63.012615899072806
63.012615899072806
63.012615899072806
63.012615899072806
63.015655874753
63.015655874753
64.69021065675341
64.69021065675341
64.69021065675341
64.85130111524164
64.85130111524164
64.88847583643123
64.88847583643123
64.2561448900388
64.67809170912459
64.88847583643123
64.88847583643123
64.88847583643123
64.88847583643123
64.88847583643123
64.88847583643123
64.88847583643123
64.88847583643123
64.88847583643123
64.88847583643123
65.34934840634324
65.7355942848171
65.7355942848171
65.7355942848171
65.7355942848171
65.7355942848171
65.7355942848171
65.7355942848171
56.93413978494623
65.7355942848171
63.258556226632145
63.258556226632145
63.258556226632145
63.258556226632145
60.89384660250802
60.89384660250802
60.89384660250802
60.89384660250802
65.7355942848171
65.7355942848171
65.74344481080233
65.74344481080233
65.74344481080233
65.74344481080233
65.64452818338829
65.64452818338829
65.64452818338829
65.64452818338829
65.64452818338829
65.64452818338829
65.64452818338829
65.35405872193436
65.35405872193436
65.35405872193436
65.35405872193436
65.35405872193436
65.35405872193436
65.35405872193436
65.35405872193436
65.35405872193436
65.35405872193436
65.35405872193436
65.35405872193436
65.35405872193436
65.35405872193436
65.35405872193436
65.35405872193436
65.35405872193436
65.35405872193436
65.35405872193436
65.35405872193436
65.35405872193436
65.35405872193436
65.35405872193436
65.34149788035799
65.34149788035799
65.34149788035799
65.27869367247605
65.27869367247605
65.27869367247605
65.27869367247605
65.27869367247605
65.27869367247605
65.35405872193436
65.35405872193436
65.35405872193436
65.35405872193436
65.35405872193436
65.09028104883026
65.35405872193436
65.35405872193436
65.35405872193436
65.35405872193436
65.35405872193436
65.35405872193436
65.35405872193436
65.35405872193436
65.35405872193436
65.35405872193436
65.35405872193436
65.35405872193436
65.35405872193436
65.44198461296907
65.44198461296907
65.44198461296907
65.44198461296907
64.28223844282238
65.44198461296907
65.44198461296907
65.44198461296907
65.44198461296907
65.44198461296907
65.44198461296907
65.44198461296907
65.44198461296907
60.64268785724244
65.44198461296907
65.3446915917337
65.3446915917337
65.3446915917337
65.44198461296907
65.44198461296907
65.44198461296907
65.44198461296907
65.5801538703093
65.5801538703093
65.5801538703093
65.5801538703093
65.5801538703093
65.5801538703093
65.5801538703093
65.5801538703093
65.5801538703093
65.5801538703093
65.5801538703093
66.25099538143017
66.25099538143017
66.25099538143017
66.25099538143017
66.25099538143017
66.25099538143017
66.25099538143017
66.25099538143017
66.25099538143017
66.25099538143017
66.25099538143017
66.25099538143017
66.25099538143017
66.25099538143017
66.25099538143017
66.25099538143017
