733891.5625
693090.8125
650975.25
608392.8125
602934.125
604705.125
595778.5
600620.6875
581570.875
567260.75
552866.25
544974.875
530312.3125
524164.0
528556.375
527272.25
521609.6875
495738.0625
483012.0
473951.5
490242.4375
482626.125
468602.3125
463969.75
441082.75
441181.4375
435428.125
425652.5
413309.5
408347.75
406057.4375
405745.75
410080.25
418146.125
415712.25
412053.4375
407175.5
401086.625
396645.5625
386335.4375
386227.1875
384131.8125
381088.6875
371111.9375
374249.9375
371613.1875
368316.25
368896.0625
369921.0625
369179.125
369628.3125
366562.6875
367247.6875
364097.4375
362543.375
363895.0
366084.3125
362443.4375
357390.1875
357024.1875
352232.1875
356753.6875
353658.375
347818.4375
348587.75
342890.1875
335583.5625
328433.1875
324349.375
322258.8125
322722.0
321202.8125
319505.3125
317770.8125
319156.8125
320097.5
330646.125
337337.25
337437.375
340572.1875
344832.625
348517.5
347619.0625
350323.375
354393.625
350260.4375
350347.1875
357736.875
355884.0625
352962.3125
350524.3125
349078.1875
346908.0
342656.8125
341012.5
349303.5
348867.375
351461.0625
354259.75
350965.375
350160.625
347409.6875
344699.125
344501.5
343642.5625
345863.6875
344735.375
341490.5625
330643.8125
329718.6875
333586.875
333904.0
336431.875
343248.6875
340286.0625
340410.9375
342678.8125
338399.25
335605.75
337602.375
338367.4375
339972.75
339844.6875
338569.625
338803.4375
342093.75
346092.75
339115.8125
340172.5
338774.4375
338619.6875
345090.3125
348023.0
346991.8125
343003.0625
339730.9375
343061.0625
344592.375
342942.0
340085.8125
339924.125
338678.5
336927.0
330306.0625
332473.0
333471.5625
328561.75
328518.8125
321003.75
319651.125
319639.6875
317871.25
318415.5625
320197.25
321634.0
321445.125
323177.25
325844.4375
325030.5625
324553.375
322465.1875
320574.375
329993.625
328038.25
329767.125
329061.875
333869.375
336443.1875
339179.25
335989.5
338964.625
344224.8125
343220.0625
334743.1875
335570.25
341317.0
341599.1875
340613.875
330548.875
321440.375
322445.625
324741.875
328235.4375
326753.0
327494.6875
333916.5625
335179.625
339504.3125
337238.25
335808.5625
336403.8125
333744.0625
332280.0
338724.8125
341436.375
343042.6875
344503.3125
347067.875
346251.0
340046.375
337691.9375
339374.4375
341973.5625
340641.5625
341216.0625
341465.125
343677.4375
343374.6875
342751.5
339284.625
331649.0
328076.125
329415.25
329174.25
321168.5625
316322.875
311502.875
316757.5625
312544.1875
315369.5
314071.4375
310844.0
307016.3125
306705.625
308577.875
306123.4375
306962.1875
302533.25
299817.9375
299492.625
293358.25
293024.1875
293284.875
289273.9375
290707.0
295231.6875
297563.0
297161.125
305395.5625
306494.5625
309728.25
310500.5
312028.25
311581.625
308927.25
311570.625
312976.125
314853.4375
320629.75
319699.875
323562.5
321872.0
321494.3125
314438.5
308657.25
301430.75
307767.375
311251.125
311488.6875
310117.125
306094.625
305336.8125
303902.3125
308941.125
317206.625
317400.0625
317114.125
319388.1875
314243.9375
308439.75
304633.5625
313852.3125
312295.4375
320120.0625
320346.25
327211.3125
327673.1875
323074.875
316126.875
314110.625
311966.4375
313180.625
314698.5
314899.9375
308226.3125
308954.3125
310738.0
310945.5
312056.625
314224.0
314155.25
313847.5625
306625.5625
303471.25
298658.0
296617.125
301568.0
298394.375
293386.4375
292356.0
291982.375
292761.0
292800.875
296022.375
296796.0625
300144.9375
300508.625
301206.9375
305012.5625
306675.5
306439.5
309223.9375
312832.75
315995.625
312953.9375
310070.9375
313447.0
322902.9375
327264.4375
325340.0625
328955.75
335302.6875
330762.25
321707.8125
319284.0625
319100.75
317411.625
318099.4375
320455.625
325335.8125
324865.125
328627.5625
330446.125
327157.75
326403.625
327131.5
324993.5
323278.6875
320681.8125
318870.1875
317904.6875
321889.75
323996.75
326826.5625
327311.625
322870.3125
320669.75
328383.125
332402.5
338587.6875
339206.0625
336165.25
336021.1875
337760.1875
341312.5
342790.625
342790.625
339558.8125
328127.25
323340.875
326584.75
321499.1875
319154.3125
312457.4375
315916.125
314253.25
315563.5
317301.5625
317119.5625
325909.75
327448.0
331672.0
337126.0625
337621.1875
339209.0625
340508.4375
340368.9375
331431.8125
332790.4375
330148.4375
330787.25
322979.0
323418.5
322791.6875
321612.4375
319159.0625
314923.125
315969.875
316686.375
319924.9375
316611.625
311655.0625
307779.3125
306743.625
305826.75
307246.3125
305780.75
309664.375
311864.375
317595.3125
320774.0
327028.875
326452.25
330890.125
334688.125
337926.75
332796.0
329391.875
330206.625
328906.875
326292.9375
326766.75
326574.25
327808.4375
325037.75
320086.75
319912.125
324594.875
323632.1875
323102.9375
323414.875
321879.125
321960.375
318882.1875
321133.25
318541.5625
308142.125
313135.75
315938.3125
312329.5625
313567.625
304960.25
308452.3125
308060.5625
303322.875
305184.375
302575.625
295892.6875
292986.25
291590.5625
288766.9375
289173.25
292272.0625
290227.125
292923.3125
295570.1875
296445.75
291311.375
288757.8125
282497.875
280248.1875
277630.9375
278076.3125
279160.25
278399.0
280427.125
279304.5625
280991.1875
280584.625
281601.9375
286765.625
295162.5625
294581.0625
289239.0625
292914.375
296296.6875
300804.625
303054.5
308508.5625
305888.375
311197.4375
309786.8125
312525.75
316459.5625
313378.3125
312984.25
316697.5
316592.875
310571.5625
301992.875
295593.9375
300086.9375
292311.375
293107.25
299081.1875
299753.6875
294446.25
295350.5
293235.5
291041.6875
291740.875
290014.625
291197.5
301993.4375
301300.6875
295861.0
290898.875
291133.625
291084.875
290899.3125
