33.48982785602504
37.13636363636363
37.13636363636363
37.13636363636363
37.13636363636363
37.13636363636363
37.13636363636363
37.13636363636363
37.13636363636363
48.301225919439574
48.301225919439574
50.79482439926063
54.22641509433962
54.22641509433962
54.22641509433962
54.07678244972577
52.40506329113924
50.443599493029154
50.443599493029154
50.443599493029154
50.443599493029154
50.443599493029154
50.443599493029154
50.443599493029154
50.443599493029154
50.443599493029154
50.443599493029154
50.443599493029154
50.443599493029154
50.443599493029154
50.443599493029154
50.443599493029154
50.443599493029154
50.443599493029154
50.443599493029154
50.443599493029154
50.443599493029154
50.443599493029154
50.443599493029154
50.443599493029154
50.443599493029154
50.443599493029154
50.443599493029154
50.443599493029154
50.443599493029154
50.443599493029154
52.11895910780669
52.11895910780669
52.11895910780669
52.11895910780669
52.11895910780669
52.11895910780669
52.11895910780669
52.11895910780669
52.11895910780669
47.750316856780735
47.750316856780735
47.750316856780735
47.750316856780735
47.750316856780735
48.31102613129382
48.31102613129382
48.31102613129382
48.31102613129382
48.31102613129382
48.31102613129382
48.31102613129382
48.31102613129382
48.31102613129382
48.31102613129382
48.31102613129382
48.31102613129382
48.31102613129382
48.31102613129382
48.31102613129382
48.31102613129382
49.87325728770596
49.87325728770596
49.87325728770596
49.87325728770596
49.87325728770596
49.87325728770596
49.87325728770596
49.87325728770596
49.87325728770596
49.87325728770596
49.87325728770596
49.87325728770596
49.87325728770596
49.87325728770596
49.87325728770596
49.87325728770596
49.87325728770596
49.87325728770596
49.87325728770596
49.87325728770596
49.87325728770596
49.87325728770596
49.87325728770596
49.87325728770596
49.87325728770596
47.9404309252218
47.9404309252218
47.9404309252218
58.585086042065015
49.93589743589743
49.93589743589743
49.93589743589743
49.93589743589743
49.93589743589743
49.93589743589743
49.93589743589743
47.916666666666664
47.916666666666664
53.53965183752418
53.53965183752418
53.53965183752418
53.53965183752418
53.53965183752418
53.53965183752418
53.53965183752418
53.53965183752418
53.53965183752418
53.53965183752418
53.53965183752418
53.53965183752418
56.782449725776964
55.06261180679786
56.050724637681164
58.585086042065015
58.585086042065015
58.585086042065015
58.585086042065015
58.585086042065015
56.82242990654206
58.585086042065015
58.585086042065015
58.585086042065015
58.585086042065015
58.585086042065015
58.585086042065015
58.585086042065015
58.585086042065015
58.585086042065015
58.585086042065015
55.75091575091575
58.43212237093691
58.43212237093691
58.43212237093691
58.43212237093691
58.43212237093691
58.32006369426752
56.82242990654206
56.82242990654206
55.94646271510517
55.94646271510517
55.94646271510517
55.94646271510517
55.94646271510517
55.94646271510517
55.94646271510517
55.94646271510517
55.94646271510517
55.94646271510517
55.94646271510517
55.94646271510517
55.94646271510517
55.94646271510517
55.94646271510517
55.94646271510517
55.94646271510517
55.94646271510517
55.94646271510517
55.94646271510517
55.94646271510517
55.94646271510517
55.94646271510517
55.94646271510517
55.94646271510517
55.94646271510517
55.94646271510517
55.94646271510517
55.94646271510517
55.94646271510517
55.94646271510517
55.94646271510517
55.94646271510517
55.94646271510517
55.94646271510517
55.94646271510517
58.58508604206501
55.94646271510517
55.94646271510517
55.94646271510517
55.94646271510517
55.94646271510517
55.94646271510517
55.94646271510517
55.94646271510517
55.94646271510517
