6340.0
2655.0
2640.0
2340.0
2275.0
2360.0
2530.0
2875.0
2720.0
2680.0
2680.0
2680.0
2270.0
2325.0
2380.0
2370.0
2490.0
2490.0
2445.0
2345.0
2345.0
2345.0
2370.0
2370.0
2370.0
2370.0
2370.0
2370.0
2370.0
2370.0
2370.0
2370.0
2370.0
2370.0
2370.0
2370.0
2370.0
2370.0
2370.0
2370.0
2370.0
2370.0
2370.0
2370.0
2370.0
2370.0
2370.0
2370.0
2370.0
2370.0
2370.0
2370.0
2370.0
2370.0
2370.0
2370.0
2370.0
2325.0
2325.0
2325.0
2325.0
2325.0
2325.0
2325.0
2325.0
2325.0
2325.0
2325.0
2325.0
2325.0
2325.0
2325.0
2370.0
2370.0
2370.0
2370.0
2370.0
2370.0
2370.0
2370.0
2370.0
2370.0
2370.0
2370.0
2370.0
2370.0
2370.0
2370.0
2370.0
2370.0
2370.0
2370.0
2370.0
2370.0
2370.0
2370.0
2370.0
2370.0
2370.0
2325.0
2325.0
2325.0
2325.0
2325.0
2325.0
2325.0
2325.0
2325.0
2325.0
2325.0
2325.0
2325.0
2325.0
2325.0
2325.0
2325.0
2325.0
2325.0
2325.0
2325.0
2325.0
2325.0
2325.0
2325.0
2325.0
2325.0
2325.0
2325.0
2325.0
2325.0
2325.0
2325.0
2325.0
2325.0
2325.0
2325.0
2325.0
2325.0
2325.0
2325.0
2325.0
2325.0
2325.0
2325.0
2325.0
2325.0
2325.0
2395.0
2395.0
2395.0
2395.0
2395.0
2365.0
2325.0
2325.0
2325.0
2325.0
2325.0
2325.0
2325.0
2325.0
2325.0
2325.0
2325.0
2355.0
2355.0
2355.0
2325.0
2325.0
2325.0
2325.0
2325.0
2325.0
2325.0
2325.0
2325.0
2325.0
2325.0
2325.0
2325.0
2370.0
2370.0
2370.0
2370.0
2370.0
2325.0
2325.0
2325.0
2325.0
2325.0
2325.0
2325.0
2325.0
2370.0
2370.0
2370.0
2370.0
2325.0
2325.0
2325.0
