44.840487125620015
48.167089611070374
49.62318660732615
51.217616395988564
52.44686925846733
54.037868116958315
56.02533946847822
57.11266840793335
58.095259512720105
58.74468610771007
58.72334747683468
59.65510483389259
60.2829695172884
60.836512258325
61.78642559875025
61.54705832845546
61.358711368832765
61.46837707575901
61.49566749789358
61.739731591226885
61.80850193369155
61.7430670361877
61.895763459568585
62.06742167917849
61.728734816357935
61.73702492643376
61.884960941947725
61.81979460670657
61.78111665947622
61.68850200099083
61.84043936829444
61.75209804344732
61.9899073346643
61.86998208875775
61.9122832177932
61.94414880764476
61.854309347302205
62.01754489962749
61.90997034486181
62.14512783913152
62.01763154326211
62.028258841945586
61.977089898913235
62.162159045334434
62.21596628339584
62.21251516228491
62.568894014311674
62.3366133627206
61.92043509729759
62.06996592975241
62.1468752483414
61.97446457341098
62.0896149682616
62.290085356988385
62.292060204180004
62.25817791899405
62.04677303184549
62.06137551493877
62.06137551493877
61.93368662109501
61.947654068327395
62.01478793548556
62.03678903911576
61.93690164417257
61.91542006088505
61.780057233314665
61.87997397197617
61.77580952180397
62.22131650663366
62.25463446986749
62.206845675572474
61.98811151870121
61.865952414521715
62.09388318995358
62.31849036537274
62.05516692291941
62.07642773417767
62.17994608351977
62.066677543346216
62.066677543346216
62.132655104661
62.148231428648536
62.178127191526364
62.121739940943264
62.12590062533239
62.13693270189353
62.06296550460952
62.00213551898316
62.13902312478977
62.14963883604243
61.75462844591769
61.98137182617314
61.907392828438496
61.84018867566988
61.92199506046926
61.968724121553045
61.9443109620396
62.03748483349174
61.95563592408705
62.01433035843693
62.10602049343986
62.0578831538528
62.212595440487426
61.975830251666416
62.438688746753094
62.29394824863544
62.233287541542275
62.1152762215719
62.33794887144718
62.44268363890311
62.37386589425191
62.33494337212041
62.28683835187506
62.40227591456058
62.32144432797072
62.169737869668396
62.05031111807603
62.058787283356125
62.029594077411325
62.04635712919411
62.042267984780736
62.09304424598938
62.3706108139991
62.104188435671
62.104188435671
62.021283947308596
62.26132370397197
62.16530266956099
62.224739393002174
62.242369278977236
62.29676868679588
62.351423237228495
62.36986823587448
62.34053689173119
62.13016098679672
62.25997511298002
62.246636404814964
62.51770768547361
62.5270114398146
62.407275735623145
62.18996198749539
62.1591954267519
62.304291758767974
62.409746670138375
62.33680549610729
62.046436653418745
62.436253078547935
62.46253377151278
62.291385001596716
62.10228175588981
62.41919778551171
62.20072085407475
62.22963312049759
62.32885295251846
62.32018621637936
62.35159254147707
62.065982194179625
62.39624419705951
62.37825918328625
62.230695497548304
62.431061014402914
62.22030070606187
62.19165490373236
62.21368625142189
62.27634679904069
62.24171667447906
61.91497860054794
62.06398675601549
62.15542485293364
62.00023941490903
62.36875957539505
62.36231736785109
62.078811628664845
62.129278918384465
62.21067313849808
62.218695951909034
62.17459669697512
62.033247156688155
62.093382047439505
62.00640750472368
62.34255533234121
62.38450361246982
62.604940750766694
62.383124204550334
62.06095906435654
62.04631017129186
62.111442540457354
62.22515992094039
62.050143722337666
62.06839933626483
62.11905857680026
62.17841114852237
62.15530574864307
62.06602863274663
61.98722546461722
62.25804238368967
62.31222542768443
62.18010857928011
62.18010857928011
62.183881278564414
