49225.333333333336
40593.083333333336
38942.416666666664
39684.083333333336
41288.0
45020.166666666664
42390.0
44723.666666666664
39273.666666666664
39710.166666666664
38225.666666666664
42221.333333333336
42749.333333333336
38749.333333333336
36296.0
32999.0
37212.333333333336
29711.833333333332
31643.666666666668
32059.5
30966.166666666668
31182.0
27766.0
33183.666666666664
33618.5
31125.333333333332
30199.666666666668
25153.0
22925.666666666668
25668.666666666668
25675.333333333332
30058.333333333332
31673.0
30052.0
29817.0
30506.666666666668
29765.666666666668
29696.666666666668
32770.333333333336
30568.0
34373.333333333336
33639.666666666664
30916.333333333332
28714.666666666668
27911.333333333332
25215.333333333332
23913.333333333332
21908.666666666668
24306.833333333332
26937.333333333332
30137.666666666668
29642.0
26293.333333333332
26625.666666666668
31414.0
31254.333333333332
31276.666666666668
28049.0
30131.333333333332
30017.666666666668
32622.666666666668
31109.333333333332
32072.0
30331.0
31404.666666666668
31879.333333333332
32987.333333333336
34737.666666666664
32425.0
34118.666666666664
35190.666666666664
33913.333333333336
34402.0
35765.333333333336
34865.666666666664
34120.333333333336
34525.0
30429.75
35043.75
36293.416666666664
37035.083333333336
36595.083333333336
32251.416666666668
33129.083333333336
34005.166666666664
33279.166666666664
35467.0
37351.0
35073.0
36008.083333333336
37028.416666666664
37766.083333333336
36750.083333333336
35797.75
33917.416666666664
32323.5
34839.833333333336
34705.166666666664
33969.5
30910.583333333332
29345.416666666668
25714.75
29290.666666666668
31135.25
31439.333333333332
30203.916666666668
34034.583333333336
31680.666666666668
33180.583333333336
32938.083333333336
34473.75
32253.75
33359.916666666664
31021.25
28650.5
30094.75
33415.916666666664
32617.25
31666.583333333332
33964.583333333336
33791.333333333336
32937.25
31942.333333333332
31461.416666666668
30675.916666666668
28125.583333333332
33483.583333333336
31924.916666666668
31271.25
32963.583333333336
31257.0
32156.083333333332
33385.916666666664
31382.666666666668
34161.666666666664
31318.916666666668
32332.916666666668
35375.916666666664
33441.583333333336
32324.916666666668
33828.666666666664
31809.666666666668
31230.75
32411.25
34580.0
34631.333333333336
34501.916666666664
33023.916666666664
34147.916666666664
34415.583333333336
30215.75
32335.75
31820.666666666668
30907.583333333332
30745.666666666668
31139.916666666668
32765.916666666668
30287.0
30724.166666666668
29655.75
34542.75
31212.416666666668
30380.416666666668
29142.5
30802.833333333332
31060.833333333332
31330.166666666668
32725.333333333332
33030.25
31463.416666666668
29525.25
29699.083333333332
29321.0
30091.916666666668
28994.583333333332
27323.583333333332
27521.75
30761.916666666668
29464.916666666668
27582.333333333332
28483.416666666668
31909.25
30195.083333333332
31641.25
31375.583333333332
31699.916666666668
31239.5
30951.166666666668
30335.25
31281.916666666668
30216.083333333332
31558.75
29139.583333333332
30119.583333333332
29600.833333333332
29106.833333333332
28803.833333333332
29205.25
30535.25
30391.916666666668
