43.05430150906027
44.84737166539575
47.867052439169825
51.304275375210985
52.908836002391936
54.61983833736426
54.47112921041416
55.23299824785857
55.00327012243851
56.50166362011901
57.49501090308596
59.43465428204192
59.72594196444962
58.62779393613689
58.06017247885557
57.246526892663546
58.922618545172476
56.062382158836236
56.98634995920375
57.4203209923892
57.41756255385053
57.86779489145777
56.89918954123718
58.731243770327396
59.32632570535506
58.45203118531674
57.7397901508386
55.745856187276914
55.598991012404134
56.575870097079935
56.666338948079996
58.31852587334139
58.73881956714461
58.079773427213304
58.04045050714959
58.54841865167812
58.306560295238405
58.3158688842519
59.83082380133827
59.324503257169404
60.31432314845008
59.843627280417465
59.14825594840136
58.517193891017904
58.251797502973105
57.394386566361966
57.12007871545062
56.31203612141368
56.5446767112077
57.13723910824392
58.56130580418798
58.34246570854973
57.11010192011953
57.3196732139032
59.41678466770531
59.147200950911234
59.19720632529956
58.26134485657261
58.84964681078241
58.69142426728363
60.06264098456847
59.62369293278818
59.60027199769578
59.495782521671096
59.84329480433582
59.35634645436065
60.03775498511724
60.855199665231034
60.006833984706006
60.61256211022574
60.08848996513116
60.3115576481092
60.38197107382782
60.84159030393353
60.367542793893
59.93817568428371
60.5807338413387
59.669197722504414
61.11137896765068
61.43894240348955
61.78644588555356
61.718750910618446
60.31031149033693
60.78625893611703
61.05859665081065
61.073848717011664
61.68320351138869
61.91054487300595
61.49041956300314
61.69097931701545
61.85230481071927
62.33388074087711
62.1299132579219
61.542434910088524
61.18549011819719
60.487817478669676
61.31421377007705
61.27624368347708
60.970226760333524
60.617093565099125
60.26513577673276
59.03730962598282
60.01983943499727
60.81038061779429
60.52032780231088
60.135349505778706
61.39507717689199
60.42653716359189
60.93633732495451
60.894865455049306
61.36315340158628
60.54672304658387
61.24647622798225
60.603788944858785
60.00799591527182
60.27574331830756
60.75305042318232
60.68094694173458
60.5713132863156
60.7752688281776
60.98938736747614
60.69881228667426
60.97388126113247
60.6656555425453
60.36238569243297
59.55496752079454
60.93312662736464
60.70798628938146
60.500765675659494
60.797868515001944
60.70395922239272
61.07230779757668
61.08112228596903
60.390442694130876
61.54538116320539
60.56868281642233
60.87804493147438
62.03218846480102
60.923162833909345
60.7415158430906
60.88778777756978
60.24772463108636
60.28841165199682
60.65198028971299
61.38384105700426
61.684489992872514
61.35626769801999
61.15001740738228
61.414199344253575
61.55229285608114
60.36196135996595
60.90132641289027
60.64626423826073
60.1411745971496
60.21666322658196
60.50234147217507
61.24206415009686
60.458178337850406
60.388679961829396
60.01141261495412
61.48674885386966
60.78679316350098
60.337524660949725
60.05823129643107
60.43992331919284
60.739783698623945
60.55714297488609
60.97931982654709
60.955732333332435
60.641484731054156
60.35247923596067
60.406027772566134
60.328330835246746
60.520339851508815
60.22988237205829
59.76440373393768
59.7070491116647
60.3065855854508
59.998352403731936
59.566291489439884
60.03171182662397
61.110600935761255
60.60433084329928
60.88120483551613
60.740674163008926
60.88850722391077
60.777061729577284
60.43127270828992
60.33327607834885
60.75595059225012
60.542241221062916
60.888437910814204
60.05744369033832
60.435014961374556
60.51649887625126
60.32830865953583
60.17801042241069
60.319159044011855
60.61470701612104
60.39716379267516
