503620.0
447636.0
447636.0
447636.0
370370.0
382928.0
302494.0
379798.0
301924.0
344320.0
210210.0
350726.0
225970.0
308928.0
305612.0
309978.0
313866.0
280042.0
226780.0
297848.0
295734.0
307290.0
261480.0
312262.0
283798.0
296428.0
306400.0
296842.0
304862.0
297906.0
298496.0
300278.0
247554.0
229332.0
317478.0
308460.0
297848.0
313332.0
303056.0
317914.0
305282.0
284730.0
205066.0
289042.0
309948.0
246048.0
300750.0
316350.0
324542.0
319498.0
299550.0
320986.0
299758.0
303166.0
300850.0
315796.0
301498.0
304566.0
279986.0
298330.0
322538.0
306756.0
261048.0
287546.0
304740.0
316508.0
310708.0
318756.0
300072.0
300742.0
297308.0
305132.0
222208.0
303640.0
268692.0
302526.0
300284.0
211080.0
306100.0
232824.0
300164.0
283646.0
299454.0
304694.0
291166.0
273272.0
312968.0
296202.0
312116.0
305036.0
287188.0
329218.0
323544.0
267136.0
300782.0
293636.0
301298.0
260608.0
306916.0
295822.0
228860.0
311560.0
297286.0
298932.0
310580.0
304510.0
323262.0
296082.0
316774.0
310566.0
295288.0
309110.0
276972.0
297944.0
329792.0
314408.0
292944.0
327826.0
305732.0
337246.0
273512.0
297188.0
296366.0
314656.0
248344.0
290272.0
304336.0
268072.0
304948.0
317052.0
315218.0
302818.0
257404.0
311534.0
313522.0
307032.0
237984.0
300106.0
257380.0
308974.0
252070.0
316018.0
306242.0
312694.0
233802.0
309188.0
254400.0
242530.0
324144.0
311550.0
318528.0
311822.0
318210.0
286468.0
300912.0
316846.0
319248.0
306524.0
319806.0
250438.0
296370.0
313034.0
310158.0
321424.0
318940.0
296466.0
324576.0
257454.0
298062.0
310692.0
292448.0
297070.0
302048.0
246010.0
309128.0
311912.0
310456.0
333486.0
276624.0
301154.0
304500.0
320438.0
323172.0
313252.0
299140.0
318328.0
275974.0
299070.0
317100.0
274306.0
304078.0
317466.0
315688.0
306866.0
304370.0
311354.0
314958.0
320678.0
312818.0
293520.0
320128.0
271396.0
304308.0
334274.0
302782.0
308368.0
304942.0
318660.0
287498.0
269612.0
290122.0
304442.0
296444.0
303604.0
319792.0
291998.0
301008.0
315080.0
303320.0
294476.0
203284.0
319716.0
321998.0
321820.0
301662.0
296644.0
305290.0
316664.0
274478.0
312588.0
292108.0
317414.0
313898.0
323858.0
316664.0
319318.0
320538.0
311564.0
308730.0
314184.0
347180.0
305478.0
286882.0
314108.0
312516.0
276742.0
314066.0
347038.0
314178.0
334138.0
312362.0
318136.0
312312.0
306834.0
292080.0
255042.0
291050.0
321150.0
318574.0
273218.0
269046.0
303288.0
307392.0
314570.0
307660.0
314844.0
301048.0
270790.0
312204.0
295494.0
323542.0
313158.0
295414.0
212572.0
285016.0
302764.0
314574.0
298952.0
310642.0
343808.0
303346.0
303706.0
310302.0
280398.0
304264.0
305308.0
298210.0
318116.0
323944.0
263850.0
333016.0
313282.0
314552.0
309388.0
225752.0
260498.0
313244.0
299564.0
308176.0
288634.0
298040.0
308686.0
297256.0
303338.0
281388.0
301056.0
350268.0
309024.0
302222.0
311680.0
306332.0
305668.0
284574.0
235594.0
294442.0
301644.0
280396.0
288342.0
308172.0
308240.0
297778.0
300078.0
298670.0
303584.0
269084.0
315490.0
247946.0
304264.0
290052.0
310270.0
194288.0
333958.0
297772.0
296828.0
311216.0
306956.0
279118.0
289172.0
265282.0
264210.0
294666.0
294078.0
308088.0
297998.0
272964.0
302030.0
302230.0
266510.0
287786.0
304308.0
325508.0
317312.0
308434.0
242646.0
307586.0
286578.0
297640.0
298804.0
310974.0
304338.0
307946.0
224282.0
298094.0
266960.0
271562.0
310970.0
332082.0
254248.0
264450.0
314322.0
225642.0
307930.0
294450.0
304052.0
218648.0
300066.0
340994.0
310302.0
258652.0
312350.0
307136.0
303562.0
249544.0
260064.0
305468.0
298728.0
266192.0
304494.0
302226.0
310334.0
274152.0
292974.0
304658.0
222094.0
216230.0
211696.0
285920.0
273244.0
299570.0
338172.0
230448.0
