447636.0
447636.0
447636.0
222654.0
222654.0
215344.0
215344.0
197238.0
213004.0
196640.0
196640.0
183744.0
183744.0
171574.0
171574.0
171574.0
159396.0
159396.0
153434.0
150478.0
151264.0
157916.0
152418.0
152418.0
153118.0
153118.0
152418.0
152418.0
150958.0
150958.0
150368.0
150716.0
150716.0
150716.0
150716.0
150716.0
150716.0
150716.0
150716.0
150716.0
150716.0
150716.0
150716.0
150716.0
140348.0
140348.0
140348.0
140348.0
140348.0
140348.0
140348.0
140348.0
140348.0
140348.0
140348.0
141458.0
141458.0
141458.0
141458.0
141458.0
142562.0
142562.0
142562.0
142562.0
152500.0
152500.0
152500.0
152500.0
152500.0
152500.0
152500.0
152500.0
152500.0
152500.0
152500.0
152500.0
152500.0
152500.0
152500.0
141458.0
141458.0
141458.0
141458.0
141458.0
141458.0
138262.0
138262.0
138262.0
148252.0
148252.0
148252.0
148252.0
148252.0
148252.0
148252.0
132196.0
132196.0
149202.0
132196.0
132196.0
134816.0
134816.0
134816.0
134816.0
135996.0
135996.0
136490.0
136490.0
136490.0
136490.0
136490.0
136490.0
136490.0
136490.0
136490.0
136490.0
137668.0
137668.0
135808.0
135808.0
125462.0
125462.0
125462.0
125334.0
125334.0
125334.0
125334.0
125334.0
125334.0
125334.0
125334.0
125334.0
125334.0
125334.0
125334.0
125334.0
125334.0
123354.0
123354.0
123354.0
123354.0
121276.0
121276.0
121276.0
148460.0
153570.0
153570.0
153570.0
153570.0
153670.0
153850.0
153850.0
153850.0
153850.0
153850.0
153850.0
153850.0
153850.0
153850.0
153850.0
154180.0
154180.0
154180.0
154180.0
154180.0
154180.0
154550.0
154550.0
154550.0
154550.0
154550.0
154550.0
154550.0
154550.0
154550.0
154180.0
154180.0
154180.0
154180.0
154180.0
154180.0
154180.0
154180.0
153682.0
153682.0
153682.0
153682.0
153682.0
153682.0
153682.0
153682.0
153682.0
153434.0
153434.0
153434.0
153434.0
153434.0
152502.0
152502.0
152502.0
152502.0
152502.0
152502.0
151814.0
151814.0
151814.0
151814.0
151814.0
151814.0
151814.0
151814.0
151814.0
151814.0
151814.0
151814.0
151814.0
153422.0
153422.0
153422.0
153422.0
153422.0
153422.0
153422.0
152552.0
152552.0
152552.0
152552.0
152552.0
152552.0
152552.0
152028.0
152028.0
152028.0
152028.0
152028.0
152028.0
152028.0
152028.0
152028.0
152028.0
152028.0
152028.0
152028.0
152028.0
152028.0
152028.0
152028.0
152028.0
152028.0
152028.0
152028.0
152028.0
152028.0
151298.0
151298.0
151298.0
151298.0
151298.0
151298.0
151298.0
151298.0
151298.0
151298.0
151298.0
151298.0
151298.0
151298.0
151298.0
150926.0
150926.0
150926.0
150926.0
150926.0
150926.0
150926.0
150926.0
150926.0
150926.0
149304.0
149304.0
149304.0
149304.0
149304.0
149304.0
149304.0
149304.0
149304.0
149304.0
149304.0
149304.0
148710.0
148710.0
148710.0
148710.0
148710.0
148710.0
148710.0
148710.0
148710.0
148710.0
148710.0
148710.0
148710.0
148710.0
148710.0
148710.0
148710.0
148710.0
148710.0
148710.0
148710.0
148710.0
148710.0
148710.0
148710.0
148710.0
148710.0
148710.0
148710.0
148710.0
148710.0
148710.0
148710.0
148710.0
148710.0
148710.0
148710.0
148710.0
148710.0
148710.0
148710.0
148710.0
148710.0
148710.0
139526.0
139526.0
139526.0
139526.0
139526.0
139526.0
139526.0
139526.0
139526.0
139526.0
139526.0
144002.0
139526.0
139526.0
139526.0
139526.0
139274.0
139274.0
139274.0
139274.0
139274.0
139274.0
139274.0
139274.0
139274.0
139274.0
139274.0
139274.0
113380.0
113380.0
113380.0
111572.0
111572.0
111572.0
111572.0
111572.0
111572.0
111572.0
111572.0
111572.0
111572.0
111572.0
111572.0
111572.0
111024.0
111024.0
111024.0
111024.0
111024.0
102616.0
103186.0
102894.0
102720.0
102720.0
102720.0
103450.0
103450.0
103450.0
102720.0
102720.0
102720.0
102350.0
102350.0
102350.0
102350.0
102350.0
102350.0
