58.61056365856714
62.79327338495681
62.82289718100645
62.8653439067238
65.3346306226276
64.50358710110238
66.52667886268566
66.01642485429628
67.69787007461228
66.46781326601511
68.32329064742822
67.15838231688282
68.86599672960088
68.57032455442226
69.65786012536462
71.70887735187388
71.50235766936171
71.71892070186469
71.29710847008265
71.28974240458442
71.23149068553762
72.26009785616473
72.12729744469858
72.05558378514996
73.06978919732265
73.36408990481135
73.23845721095468
73.39456496349322
73.9351859422188
73.90219560112965
73.6629378530545
74.10884762269914
74.01787958678045
74.15167646003077
74.04657943533083
73.99503868387929
73.96614608654792
74.11498786874931
74.11673871326647
73.87893944216282
73.70252981831655
73.55340489354136
73.71176769554344
73.88722743065776
73.6193154415586
73.60440129197141
73.705929621947
73.86875024219225
73.84672358996133
73.79089643991186
73.79497025484471
73.69580648591408
74.00505503029186
73.89703515449133
73.94680858465794
73.98545097103583
73.87792260726825
73.81034733771602
73.73908911016797
73.75365686650333
73.94636386293567
73.97146449250863
73.82031000965026
74.1473394899678
74.2738926191299
73.95810414914432
74.13433464721015
74.24563557128498
74.22456966584322
74.24482155695922
74.07471585134881
74.24354393098875
74.46546879595675
74.4466212681655
74.58398400519488
74.64655411210119
74.91036809321858
75.1523690844099
75.20159800183072
74.87839679337864
75.0022049597183
75.20095594222067
75.08135722626876
74.8102921147701
74.94137504640655
75.12514902612035
74.8348968022609
74.62241971502682
74.64804186637816
74.69118320607322
74.76380074109547
74.81368542983982
75.17200501593814
75.35245655215412
75.40166828260858
75.11305260754965
75.09342159886583
75.19587042395577
74.89242610429092
75.10569046580598
74.9696462434576
74.96974999862647
75.28484512348588
75.19226373124607
75.58422755860346
75.51027638799255
75.51148743890283
75.68512410833205
75.72210001358297
75.74469789212928
75.67847552988833
75.7137868145116
75.84591649667182
75.68010194152988
75.9886526814667
75.97675510448866
76.0110511746928
75.948051042998
75.99551675915728
76.17331096859043
75.86985664901925
75.82908597567423
75.57688802185723
75.67129197768013
75.57346298119948
75.4924553575392
75.48755438299153
75.45035066856899
75.23394008755986
75.49891019748684
75.73938931856142
75.84572535659184
75.87140446097128
75.87130363052668
75.79027277928967
75.97540918544043
76.13575056002198
75.96028537853466
76.26444587949753
76.01980145848863
76.08472955853435
75.99845460624877
76.36228103799547
76.35733087524135
76.53384011761669
76.41925232262108
76.38080682266825
76.37900980997932
76.43402777055121
76.77091775887541
76.56759313431438
76.61534018906212
77.16830822145884
77.23209175212256
77.28505134862574
77.24007774114388
77.2087372721784
77.52688613203358
77.53079323955575
77.49859532650933
77.6024904223067
77.67364112369071
77.65343605034188
77.39158105269955
77.49554883522612
77.39786963924124
77.81588190418438
77.57364891390985
77.44275252925665
77.5379288040285
77.48856640287968
77.76799179267445
77.6776924035566
77.98465410659283
78.00476357683596
77.93772672735687
78.03683414648488
78.03683414648488
77.8671395695572
78.04625847449834
78.10176160974127
78.07736368716468
77.97562068160791
77.95605322323375
77.93359567818844
77.87404677039389
77.97652251278049
78.00713177492315
78.19959677287163
78.53627049798325
78.4688845011142
78.2201125095335
78.23434847777968
78.17694783065366
78.22598503825026
78.20098585067323
78.21578037395525
78.10176273821877
78.05442589799942
77.97030084582727
77.90845140185544
78.00164314755281
78.04234568112518
77.68018010706477
77.68683774677852
77.47732170030274
77.67100067720573
77.65248029760572
77.59466908140384
77.7124309215082
77.58607697068722
77.73812210821957
77.69641821265627
77.73261816571706
77.81979825830291
78.02011381317631
78.0791871187127
78.20457527761472
78.18437335651066
78.4436978921289
78.56284385461274
78.24318309722297
78.31703526303893
78.28557294835119
78.39872235403813
78.2706316735911
78.38362473123442
78.41592163782657
77.99945387158641
77.94520817849549
77.70269169281936
77.60351642282107
77.9067109681319
77.90336961764572
77.76447186868812
77.85131235793219
77.86544112581304
77.82780458636854
78.03981917755817
78.04463669893366
77.96542727131865
77.97820066890561
78.04373551626551
78.04373551626556
78.1194619220143
78.72521671070578
78.9232384314428
78.8592074315702
78.47773556020881
78.44790720033318
78.00579254523795
78.10653871994583
78.28884976803873
78.07089828612786
78.03668188594617
78.41850694350897
78.19102588228881
78.26992670507296
78.19201261205781
78.06624750672306
78.1898279145502
78.37881375459996
77.99449105188617
78.1091730927257
77.74597610935099
78.04337597632308
77.63672578933803
77.52634483877016
77.577202277246
77.95262317619735
78.26728561842934
78.51153055922313
78.37064989120267
78.29706098710575
78.50374934928556
78.44192009064653
78.27103390868095
78.49013604407173
78.36342252238144
78.43790004993006
78.44857590663142
78.32303403566387
78.9143841061619
78.94213766238835
78.91599498896102
78.91478502315462
78.73772481571706
78.72447847806924
78.6224196313697
78.49527591132046
78.3840253849144
78.2745157756925
78.28366344665645
78.30214489708284
78.05887623145706
77.88274663931655
77.79129685968937
78.0665731637766
78.06401382058355
77.79381273978703
78.27191614243483
78.11860947695756
77.87980848677263
77.93017037845246
77.64815416164464
77.68758196776479
77.69505198481917
77.9048038770312
77.84102152714048
77.8866813849546
77.94768859849373
77.71311128399405
77.78957332526858
78.1561712222205
78.14915585518598
77.75652484943139
78.15632296613715
78.14439830121982
78.19842062113732
78.19531301815059
78.21699804493007
78.25910566026296
78.15613249512108
78.01484963620487
78.08603139688526
78.00958026089555
77.9431979470842
78.06928271931079
78.06099927443299
78.03438900655347
78.63283133284204
78.5853219978122
78.68203138048392
78.68216048337374
78.49766212224883
78.54051727917661
78.86333269456786
78.92015317009643
79.1668427574444
79.19195585313028
79.38863400130167
79.40349175094265
79.46060388895049
79.46390395526781
79.3286516978464
79.429415739701
79.43362445114668
79.08061310037779
79.22789958368166
79.21021993826538
78.88321099745492
79.02252551555928
78.5197419543056
78.83828384249595
78.90400819473594
78.71116980627478
79.03251509815155
78.8526400814221
78.86121433998566
78.62084279221384
78.19716659959495
78.21231460083585
78.03071277977794
78.29094545183146
78.30946722654309
78.3039959506273
78.41793677444234
78.13744885457443
78.13884034555342
78.12020098963121
78.47130629712078
78.46654373669479
78.57875180073388
78.4234081562215
78.51801831343077
78.63328865756888
78.51264356186486
78.48379198439653
78.35389542125864
78.21627049575521
78.18639895739464
78.40135405410689
78.07099666271442
78.03604115007853
77.66144837593932
78.29675428685852
78.26693359624008
78.06492640123356
77.81642948028576
77.82827892160735
77.76044208475797
77.47575438885981
77.47704365995023
77.90212721838627
77.75942597131295
77.74155732828882
77.84670260494377
77.97862020479192
78.02573310086473
77.75729315294876
78.28261814270208
