39.03369304856573
40.872657538575105
40.21763623115034
40.21763623115034
40.21763623115034
38.61149526548603
38.61149526548603
38.61149526548603
38.61149526548603
38.61149526548603
38.61149526548603
38.61149526548603
41.064450180318175
41.937210132001425
41.86634992770089
41.86634992770089
41.86634992770089
41.86634992770089
41.86634992770089
41.937210132001425
41.937210132001425
41.937210132001425
41.937210132001425
41.937210132001425
41.937210132001425
41.937210132001425
41.937210132001425
41.937210132001425
43.169547301245366
43.169547301245366
43.169547301245366
43.169547301245366
39.539004207877845
39.539004207877845
39.539004207877845
38.32492931683257
38.32492931683257
38.32492931683257
38.32492931683257
38.32492931683257
38.32492931683257
38.32492931683257
41.81248191929057
41.81248191929057
41.81248191929057
41.81248191929057
41.81248191929057
40.12930487119053
42.6666262953515
42.6666262953515
42.6666262953515
39.7288536060587
39.7288536060587
39.7288536060587
39.7288536060587
39.7288536060587
39.7288536060587
38.72520426075654
38.72520426075654
38.72520426075654
38.72520426075654
38.72520426075654
38.72520426075654
38.72520426075654
38.72520426075654
38.72520426075654
41.47207407291552
40.270382338642804
40.270382338642804
40.270382338642804
40.270382338642804
40.270382338642804
40.337144254707326
40.337144254707326
40.337144254707326
40.337144254707326
40.33746215100805
40.33746215100805
39.684806192040554
40.33746215100805
40.33746215100805
42.44542478668571
42.44542478668571
42.19597076138727
42.19597076138727
38.24725929147027
42.19597076138727
42.19597076138727
42.19597076138727
42.19597076138727
42.19597076138727
42.19597076138727
38.847575470272204
42.19597076138727
41.81263792926414
41.81263792926414
42.424407129202436
42.424407129202436
42.424407129202436
42.424407129202436
42.424407129202436
43.31539370771823
43.31539370771823
43.59140406910948
43.59140406910948
44.26984119733162
44.26984119733162
44.26984119733162
44.26984119733162
44.26984119733162
44.26984119733162
44.26984119733162
44.40717722054236
44.40717722054236
44.40717722054236
44.48827781419188
44.48827781419188
44.48827781419188
44.48827781419188
47.200309780423254
47.200309780423254
47.200309780423254
47.200309780423254
47.200309780423254
47.200309780423254
47.200309780423254
47.200309780423254
47.200309780423254
47.200309780423254
47.200309780423254
47.200309780423254
47.200309780423254
47.200309780423254
47.200309780423254
47.200309780423254
47.200309780423254
47.200309780423254
47.48816588047333
47.48816588047333
47.48816588047333
47.48816588047333
47.48816588047333
47.48816588047333
47.48816588047333
47.48816588047333
43.076459134660695
47.48816588047333
47.48816588047333
47.48816588047333
47.48816588047333
47.48816588047333
47.48816588047333
47.48816588047333
47.48816588047333
47.48816588047333
47.48816588047333
47.48816588047333
47.48816588047333
47.48816588047333
46.65723370429252
47.629903073349176
47.629903073349176
47.629903073349176
47.629903073349176
47.629903073349176
47.629903073349176
47.629903073349176
47.629903073349176
47.629903073349176
47.629903073349176
47.629903073349176
47.629903073349176
47.629903073349176
47.629903073349176
47.629903073349176
47.629903073349176
47.629903073349176
47.629903073349176
47.629903073349176
47.629903073349176
47.629903073349176
46.41671551636253
46.41671551636253
47.629903073349176
47.629903073349176
47.629903073349176
47.629903073349176
47.629903073349176
47.629903073349176
47.629903073349176
47.629903073349176
47.629903073349176
47.629903073349176
47.629903073349176
47.629903073349176
47.82055995871455
47.82055995871455
48.074956845040504
50.66972980709824
50.66972980709824
50.66972980709824
50.66972980709824
50.66972980709824
50.66972980709824
50.68186882970763
50.68186882970763
50.68186882970763
50.68186882970763
51.18965870801578
51.18965870801578
51.18965870801578
49.01747254117093
47.18398732133948
51.18965870801578
51.18965870801578
51.18965870801578
51.18965870801578
51.18965870801578
51.18965870801578
51.448734292478605
51.448734292478605
51.55063985510749
51.55063985510749
51.55063985510749
51.55063985510749
51.70967385702716
51.70967385702716
51.70967385702716
52.22222642108367
52.22222642108367
52.22222642108367
52.278583052073294
52.278583052073294
52.278583052073294
48.9994632046328
48.9994632046328
48.9994632046328
48.9994632046328
52.278583052073294
51.185228478985614
51.185228478985614
51.185228478985614
51.589273498936635
51.589273498936635
51.589273498936635
51.589273498936635
51.589273498936635
52.278583052073294
52.873446991666405
50.319899076127854
52.873446991666405
53.29793218897076
53.29793218897076
53.29793218897076
53.86281685592809
53.86281685592809
54.11658636139533
54.11658636139533
54.11658636139533
54.11658636139533
54.11658636139533
54.386082451203706
54.386082451203706
54.386082451203706
55.17454790010272
55.17454790010272
55.17454790010272
55.17454790010272
55.17454790010272
55.17454790010272
55.17454790010272
55.17454790010272
55.17454790010272
53.12529974102375
54.5681392369674
55.17454790010272
55.17454790010272
55.17454790010272
55.17454790010272
55.17454790010272
55.17454790010272
55.17454790010272
55.17454790010272
55.17454790010272
55.43014989540741
55.43014989540741
55.43014989540741
55.43014989540741
55.43014989540741
55.43014989540741
55.43014989540741
55.43014989540741
55.43014989540741
55.43014989540741
55.43014989540741
55.43014989540741
55.43014989540741
55.43014989540741
55.43014989540741
55.43014989540741
55.43014989540741
55.43014989540741
55.43014989540741
55.43014989540741
55.43014989540741
55.43014989540741
55.43014989540741
55.43014989540741
55.43014989540741
55.43014989540741
55.43014989540741
55.43014989540741
55.43014989540741
55.43014989540741
55.43014989540741
55.43014989540741
55.43014989540741
55.43014989540741
55.43014989540741
55.43014989540741
55.43014989540741
55.43014989540741
55.43014989540741
55.86835079625532
55.86835079625532
55.86835079625532
55.86835079625532
55.86835079625532
55.86835079625532
53.12051767640206
53.505472522463734
55.660179911855266
55.660179911855266
55.660179911855266
55.660179911855266
55.660179911855266
55.660179911855266
55.660179911855266
55.660179911855266
55.660179911855266
55.660179911855266
55.660179911855266
55.660179911855266
55.660179911855266
55.660179911855266
55.660179911855266
55.660179911855266
55.660179911855266
55.660179911855266
55.660179911855266
55.660179911855266
55.660179911855266
55.660179911855266
55.660179911855266
55.660179911855266
55.85195530726258
55.85195530726258
55.85195530726258
55.85195530726258
55.86835079625532
55.86835079625532
55.86835079625532
55.86835079625532
55.86835079625532
55.86835079625532
55.86835079625532
55.86835079625532
48.460647804530474
48.460647804530474
48.460647804530474
48.460647804530474
48.460647804530474
55.86835079625532
55.86835079625532
55.86835079625532
55.86835079625532
55.86835079625532
55.86835079625532
55.86835079625532
55.86835079625532
55.86835079625532
55.86835079625532
55.86835079625532
55.86835079625532
55.86835079625532
55.86835079625532
55.86835079625532
55.86835079625532
55.86835079625532
55.86835079625532
55.880178816572226
55.880178816572226
55.880178816572226
55.880178816572226
55.880178816572226
55.880178816572226
55.880178816572226
55.880178816572226
55.880178816572226
55.880178816572226
55.880178816572226
55.880178816572226
55.880178816572226
55.880178816572226
55.880178816572226
55.880178816572226
55.880178816572226
56.08671541242196
56.08671541242196
56.08671541242196
56.08671541242196
56.08671541242196
56.08671541242196
56.309352532751
56.309352532751
45.81861791383037
49.34057568462852
49.34057568462852
56.309352532751
56.309352532751
56.309352532751
50.47624402994415
50.47624402994415
50.47624402994415
52.70263346168226
56.309352532751
56.309352532751
56.32679784170742
56.32679784170742
56.32679784170742
56.32679784170742
56.32679784170742
56.32679784170742
56.32679784170742
56.32679784170742
56.32679784170742
56.32679784170742
56.32679784170742
56.32679784170742
56.32679784170742
56.32679784170742
57.735020856420135
57.85157815465783
57.85157815465783
57.85157815465783
57.85157815465783
57.85157815465783
57.8691563481857
57.8691563481857
57.8691563481857
57.8691563481857
57.8691563481857
57.8691563481857
57.8691563481857
57.8691563481857
57.8691563481857
57.8691563481857
57.8874970796752
57.9011225662684
57.9011225662684
57.9011225662684
50.65509490794441
50.65509490794441
50.65509490794441
50.65509490794441
56.16401391465871
56.16401391465871
57.22558342388217
57.22558342388217
57.22558342388217
57.22558342388217
57.22558342388217
57.22558342388217
57.22558342388217
57.22558342388217
57.22558342388217
45.726929606249904
45.726929606249904
45.726929606249904
50.00456805753142
53.653765069570305
53.653765069570305
53.653765069570305
53.653765069570305
57.22558342388217
57.22558342388217
57.22558342388217
57.22558342388217
57.22558342388217
57.22558342388217
57.22558342388217
57.22558342388217
52.36068111455109
52.36068111455109
52.36068111455109
52.36068111455109
52.36068111455109
57.22558342388217
57.22558342388217
57.22558342388217
