1274289.0
1049070.0
1049070.0
1049070.0
1049070.0
1049070.0
1049070.0
1049070.0
922451.0
969571.0
969571.0
969571.0
969571.0
874988.0
874988.0
874988.0
874988.0
906208.0
906208.0
906208.0
906208.0
906271.0
906271.0
906271.0
874988.0
874988.0
874988.0
874988.0
759352.0
759352.0
759352.0
759352.0
759352.0
759352.0
759352.0
759352.0
751042.0
751042.0
714953.0
714953.0
714953.0
714953.0
714953.0
714953.0
714953.0
708496.0
708496.0
708496.0
708496.0
708496.0
708496.0
708496.0
708496.0
708496.0
708496.0
708496.0
708496.0
708496.0
708496.0
708496.0
595573.0
595573.0
595573.0
595573.0
627349.0
627349.0
627349.0
627349.0
627349.0
627349.0
627349.0
627349.0
627349.0
627349.0
627349.0
627349.0
627349.0
627349.0
627349.0
627349.0
627349.0
627349.0
627349.0
627349.0
627349.0
627349.0
627349.0
627349.0
627349.0
627349.0
627349.0
627349.0
627349.0
627349.0
627349.0
627349.0
627349.0
627349.0
627349.0
627349.0
627349.0
627349.0
627349.0
627349.0
644276.0
644276.0
644276.0
644276.0
644276.0
644276.0
644276.0
644276.0
644276.0
644276.0
644276.0
644276.0
644276.0
644276.0
644276.0
644276.0
644276.0
644276.0
644276.0
644276.0
644276.0
644276.0
644276.0
644276.0
644276.0
644276.0
644276.0
644276.0
644276.0
644276.0
644276.0
644276.0
644276.0
644276.0
644276.0
709156.0
709156.0
709156.0
627349.0
627349.0
627349.0
654748.0
654748.0
627349.0
627349.0
627349.0
627349.0
627349.0
627349.0
627349.0
627349.0
627349.0
627349.0
627349.0
627349.0
627349.0
627349.0
627349.0
627349.0
627349.0
627349.0
627349.0
627349.0
627349.0
627349.0
627349.0
627349.0
627349.0
627349.0
627349.0
627349.0
627349.0
627349.0
627349.0
627349.0
627349.0
627349.0
627349.0
627349.0
627349.0
627349.0
627349.0
627349.0
627349.0
627349.0
627349.0
627349.0
627349.0
627349.0
627349.0
627349.0
627349.0
627349.0
627349.0
627349.0
627349.0
627349.0
627349.0
627349.0
627349.0
627349.0
627349.0
616004.0
616004.0
616004.0
616889.0
616889.0
629699.0
616889.0
616889.0
616889.0
618757.0
618757.0
618757.0
618757.0
618757.0
618757.0
618757.0
618757.0
616889.0
616889.0
616889.0
616889.0
616889.0
616889.0
616889.0
616889.0
616889.0
616889.0
616889.0
616889.0
616889.0
616889.0
616889.0
616889.0
616889.0
616889.0
616889.0
616889.0
616889.0
616889.0
616889.0
616889.0
616889.0
616889.0
616889.0
616889.0
616889.0
616889.0
616889.0
616889.0
616889.0
616889.0
616889.0
616889.0
616889.0
616889.0
616889.0
616889.0
616889.0
616889.0
616889.0
616889.0
616889.0
616889.0
616889.0
616889.0
616889.0
616889.0
616889.0
616889.0
616889.0
616889.0
616889.0
616889.0
616889.0
616889.0
616889.0
616889.0
616889.0
616889.0
616889.0
616889.0
616889.0
616889.0
616889.0
616889.0
616889.0
616889.0
616889.0
616889.0
616889.0
616889.0
616889.0
616889.0
616889.0
616889.0
616889.0
648410.0
648410.0
648410.0
648410.0
648410.0
648410.0
648410.0
648410.0
648410.0
648410.0
648410.0
648410.0
648410.0
648410.0
648410.0
648410.0
648410.0
648410.0
648410.0
648410.0
648410.0
648410.0
648410.0
648410.0
648410.0
648410.0
648410.0
648410.0
648410.0
648410.0
648410.0
648410.0
648410.0
648410.0
648410.0
648410.0
648410.0
648410.0
648410.0
648410.0
648410.0
648410.0
648410.0
648410.0
648410.0
648410.0
648410.0
648410.0
648410.0
648410.0
648410.0
648410.0
648410.0
648410.0
648410.0
648410.0
648410.0
648410.0
648410.0
648410.0
648410.0
648410.0
648410.0
648410.0
648410.0
555234.0
555234.0
555234.0
555234.0
555234.0
555234.0
555234.0
555234.0
555234.0
555234.0
555234.0
555234.0
555234.0
555234.0
555234.0
555234.0
555234.0
555234.0
555234.0
555234.0
555234.0
555234.0
555234.0
555234.0
555234.0
555234.0
555234.0
555234.0
555234.0
555234.0
555234.0
555234.0
555234.0
555234.0
555234.0
555234.0
555234.0
555234.0
555234.0
555234.0
555234.0
555234.0
555234.0
555234.0
555234.0
555234.0
555234.0
439738.0
439738.0
439738.0
439738.0
439738.0
439738.0
439738.0
439738.0
439738.0
443546.0
443546.0
443546.0
443546.0
532066.0
532066.0
532066.0
532066.0
532066.0
532066.0
532066.0
532066.0
532066.0
532066.0
532066.0
532066.0
532066.0
532066.0
532066.0
532066.0
532066.0
532066.0
532066.0
532066.0
532066.0
532066.0
532066.0
532066.0
532066.0
532066.0
532066.0
532066.0
532066.0
532066.0
443546.0
443546.0
443546.0
443546.0
443546.0
443546.0
443546.0
439738.0
439738.0
439738.0
439738.0
439738.0
439738.0
439738.0
439738.0
439738.0
439738.0
439738.0
439738.0
439738.0
439738.0
439738.0
439738.0
439738.0
439738.0
439738.0
439738.0
439738.0
439738.0
439738.0
395826.0
395826.0
395826.0
395826.0
395826.0
395826.0
395826.0
395826.0
440643.0
440643.0
440643.0
440643.0
440643.0
