55.005697003062785
55.005697003062785
55.005697003062785
55.005697003062785
55.005697003062785
56.60890841905523
56.60890841905523
60.655676048392145
60.655676048392145
60.655676048392145
60.655676048392145
60.655676048392145
61.00944163543214
61.370691554345
61.370691554345
61.370691554345
61.370691554345
61.370691554345
62.052732640967925
62.052732640967925
62.052732640967925
62.052732640967925
62.052732640967925
62.052732640967925
62.052732640967925
62.052732640967925
62.052732640967925
62.052732640967925
62.052732640967925
62.052732640967925
62.4347555172399
62.4347555172399
62.4347555172399
62.4347555172399
62.478248749831074
62.478248749831074
62.478248749831074
62.478248749831074
62.69109119662625
62.69109119662625
62.69109119662625
62.69109119662625
62.69109119662625
63.07855780041565
63.07855780041565
63.07855780041565
63.07855780041565
63.67553230236574
63.67553230236574
63.67553230236574
63.67553230236574
63.67553230236574
63.67553230236574
63.67553230236574
64.546972226438
64.546972226438
64.546972226438
64.546972226438
64.546972226438
64.546972226438
64.8701863540341
64.8701863540341
64.8701863540341
64.8701863540341
65.7895409304049
65.7895409304049
65.7895409304049
65.7895409304049
65.7895409304049
65.7895409304049
65.7895409304049
65.7895409304049
65.7895409304049
65.7895409304049
65.7895409304049
65.7895409304049
65.7895409304049
65.7895409304049
65.7895409304049
65.7895409304049
65.7895409304049
65.7895409304049
65.7895409304049
65.7895409304049
65.7895409304049
65.7895409304049
65.7895409304049
65.7895409304049
65.7895409304049
65.7895409304049
65.7895409304049
65.7895409304049
65.7895409304049
65.7895409304049
65.7895409304049
65.7895409304049
65.7895409304049
65.7895409304049
65.7895409304049
65.7895409304049
65.7895409304049
65.7895409304049
65.7895409304049
65.7895409304049
65.7895409304049
65.7895409304049
65.7895409304049
65.7895409304049
65.7895409304049
65.7895409304049
65.7895409304049
65.7895409304049
65.7895409304049
65.7895409304049
65.7895409304049
65.7895409304049
65.7895409304049
65.7895409304049
65.7895409304049
65.7895409304049
65.7895409304049
65.7895409304049
65.7895409304049
65.7895409304049
65.7895409304049
65.7895409304049
65.7895409304049
65.7895409304049
65.7895409304049
65.7895409304049
65.7895409304049
65.7895409304049
65.7895409304049
66.10015277254665
66.10015277254665
66.10015277254665
66.10015277254665
66.10015277254665
66.10015277254665
66.10015277254665
66.10015277254665
66.10015277254665
66.10015277254665
66.10015277254665
66.10015277254665
66.10015277254665
66.10015277254665
66.10015277254665
66.10015277254665
66.10015277254665
66.10015277254665
66.10015277254665
66.10015277254665
66.10015277254665
66.10015277254665
66.10015277254665
66.10015277254665
66.10015277254665
66.10015277254665
66.10015277254665
66.10015277254665
66.10015277254665
66.10015277254665
66.10015277254665
66.21309108564273
66.21309108564273
66.21309108564273
66.21309108564273
66.21309108564273
66.21309108564273
66.21309108564273
66.21309108564273
66.21309108564273
66.21309108564273
66.21309108564273
66.21309108564273
66.21309108564273
66.21309108564273
66.21309108564273
66.21309108564273
66.21309108564273
66.21309108564273
66.21309108564273
66.21309108564273
66.21309108564273
66.21309108564273
66.21309108564273
66.21309108564273
66.21309108564273
66.21309108564273
66.21309108564273
66.21309108564273
66.21309108564273
66.21309108564273
66.21309108564273
66.21309108564273
66.21309108564273
66.21309108564273
66.21309108564273
66.21309108564273
66.21309108564273
66.21309108564273
66.21309108564273
66.21309108564273
66.21309108564273
66.21309108564273
66.67634030853827
66.67634030853827
66.67634030853827
66.67634030853827
66.67634030853827
66.67634030853827
66.67634030853827
66.67634030853827
66.67634030853827
66.67634030853827
66.67634030853827
66.67634030853827
66.67634030853827
66.67634030853827
66.67634030853827
66.67634030853827
66.67634030853827
66.67634030853827
66.67634030853827
66.67634030853827
66.67634030853827
66.67634030853827
66.67634030853827
66.67634030853827
66.67634030853827
66.67634030853827
66.67634030853827
66.67634030853827
66.67634030853827
66.67634030853827
66.67634030853827
66.67634030853827
66.67634030853827
66.73559706014068
66.73559706014068
66.73559706014068
66.73559706014068
66.73559706014068
66.73559706014068
66.73559706014068
66.73559706014068
66.73559706014068
66.73559706014068
66.73559706014068
66.73559706014068
66.73559706014068
66.73559706014068
66.73559706014068
66.73559706014068
66.73559706014068
66.73559706014068
66.73559706014068
66.73559706014068
66.73559706014068
66.73559706014068
66.73559706014068
66.73559706014068
66.73559706014068
66.73559706014068
66.95503330866026
66.95503330866026
66.95503330866026
66.95503330866026
66.95503330866026
66.95503330866026
66.95503330866026
66.95503330866026
66.95503330866026
66.95503330866026
66.95503330866026
66.95503330866026
66.95503330866026
66.95503330866026
66.95503330866026
66.95503330866026
66.95503330866026
66.95503330866026
66.95503330866026
66.95503330866026
66.95503330866026
66.95503330866026
66.95503330866026
66.95503330866026
66.95503330866026
66.95503330866026
66.95503330866026
66.95503330866026
66.95503330866026
66.95503330866026
66.95503330866026
67.62071446117136
67.62071446117136
67.62071446117136
67.62071446117136
67.62071446117136
67.62071446117136
67.62071446117136
67.62071446117136
67.62071446117136
67.62071446117136
67.62071446117136
67.62071446117136
67.62071446117136
67.62071446117136
67.62071446117136
67.62071446117136
67.62071446117136
67.62071446117136
67.62071446117136
67.62071446117136
67.62071446117136
67.62071446117136
67.62071446117136
67.62071446117136
67.62071446117136
67.62071446117136
67.62071446117136
67.62071446117136
67.62071446117136
67.62071446117136
67.62071446117136
67.62071446117136
67.62071446117136
67.62071446117136
67.62071446117136
67.62071446117136
67.62071446117136
67.62071446117136
67.62071446117136
67.62071446117136
67.62071446117136
67.62071446117136
67.62071446117136
67.62071446117136
67.62071446117136
67.62071446117136
67.62071446117136
67.62071446117136
67.62071446117136
67.62071446117136
67.62071446117136
67.62071446117136
67.62071446117136
67.62071446117136
67.62071446117136
67.62071446117136
67.62071446117136
67.62071446117136
67.62071446117136
67.62071446117136
67.62071446117136
67.62071446117136
67.62071446117136
67.62071446117136
67.62071446117136
67.62071446117136
67.62071446117136
67.62071446117136
67.62071446117136
67.62071446117136
67.62071446117136
67.64978214685941
67.64978214685941
67.64978214685941
67.64978214685941
67.64978214685941
67.64978214685941
67.64978214685941
67.64978214685941
67.64978214685941
67.64978214685941
67.64978214685941
67.64978214685941
67.64978214685941
67.64978214685941
67.81955796713267
67.81955796713267
67.81955796713267
67.81955796713267
67.81955796713267
67.81955796713267
68.07061306725511
68.07061306725511
68.07061306725511
68.07061306725511
68.07061306725511
68.07061306725511
68.07061306725511
68.07061306725511
68.07061306725511
68.07061306725511
68.07061306725511
68.07061306725511
68.07061306725511
68.07061306725511
68.07061306725511
68.07061306725511
68.07061306725511
68.07061306725511
68.07061306725511
68.07061306725511
68.07061306725511
68.07061306725511
68.07061306725511
68.07061306725511
68.07061306725511
68.07061306725511
68.07061306725511
68.07061306725511
68.07061306725511
68.07061306725511
68.07061306725511
68.07061306725511
68.07061306725511
68.07061306725511
68.07061306725511
68.07061306725511
68.07061306725511
68.07061306725511
68.07061306725511
68.07061306725511
68.07061306725511
68.07061306725511
68.07061306725511
68.07061306725511
68.07061306725511
68.07061306725511
68.07061306725511
68.07061306725511
68.07061306725511
68.07061306725511
68.07061306725511
68.07061306725511
68.07061306725511
68.07061306725511
68.07061306725511
68.07061306725511
68.07061306725511
68.07061306725511
68.07061306725511
68.07061306725511
68.07061306725511
68.07061306725511
68.07061306725511
68.07061306725511
68.07061306725511
68.07061306725511
68.07061306725511
68.07061306725511
68.07061306725511
68.07061306725511
68.07061306725511
68.16012031910721
68.16012031910721
68.16012031910721
68.28212904264437
68.28212904264437
68.28212904264437
68.28212904264437
68.28212904264437
68.28212904264437
68.28212904264437
68.28212904264437
68.28212904264437
68.28212904264437
68.28212904264437
68.28212904264437
68.28212904264437
68.72897911943993
68.72897911943993
68.72897911943993
68.72897911943993
68.72897911943993
68.72897911943993
68.72897911943993
68.72897911943993
68.72897911943993
68.72897911943993
68.72897911943993
68.72897911943993
68.72897911943993
68.72897911943993
68.72897911943993
68.72897911943993
68.72897911943993
68.72897911943993
68.72897911943993
68.72897911943993
68.72897911943993
68.72897911943993
68.72897911943993
68.72897911943993
68.72897911943993
68.72897911943993
