1124406.0
1124406.0
964830.0
892552.0
882913.0
848075.0
848075.0
848075.0
848075.0
659020.0
659020.0
659020.0
659020.0
659020.0
659030.0
659030.0
659030.0
659030.0
659020.0
659020.0
659020.0
659020.0
526349.0
526349.0
526349.0
540470.0
540470.0
540470.0
526349.0
529029.0
526349.0
526349.0
539021.0
539021.0
592886.0
592886.0
592886.0
569995.0
601075.0
569995.0
569995.0
569995.0
569995.0
514559.0
514559.0
514559.0
514559.0
514559.0
514559.0
514559.0
514559.0
514559.0
514559.0
514559.0
514559.0
514559.0
514559.0
514559.0
505903.0
505903.0
505903.0
505903.0
505903.0
505903.0
505903.0
505903.0
505903.0
505903.0
505903.0
505903.0
505903.0
505903.0
505903.0
505903.0
505903.0
462619.0
462619.0
462619.0
462619.0
462619.0
462619.0
462619.0
462619.0
466619.0
466619.0
466619.0
466619.0
466619.0
466619.0
466619.0
466619.0
464015.0
464015.0
464015.0
464015.0
464015.0
464015.0
464015.0
464015.0
464015.0
464015.0
464015.0
464015.0
464015.0
464015.0
464015.0
464015.0
464015.0
431823.0
431823.0
431823.0
431823.0
431823.0
431823.0
431823.0
431823.0
431823.0
431823.0
431823.0
431823.0
431823.0
431823.0
431823.0
431823.0
431823.0
431823.0
431823.0
431823.0
431823.0
431823.0
431823.0
431823.0
431823.0
431823.0
431823.0
431823.0
431823.0
431823.0
431823.0
431823.0
431823.0
431823.0
431823.0
431823.0
431823.0
431823.0
431823.0
431823.0
431823.0
431823.0
431823.0
424946.0
424946.0
424946.0
424946.0
394526.0
394526.0
394526.0
394526.0
394526.0
394526.0
434402.0
434962.0
434962.0
434962.0
434962.0
434962.0
434962.0
434962.0
434962.0
434962.0
434402.0
432606.0
432606.0
432606.0
432606.0
432606.0
432606.0
432606.0
432606.0
432606.0
432606.0
432606.0
432606.0
432606.0
432606.0
432606.0
432606.0
432606.0
432606.0
432606.0
432606.0
432606.0
432606.0
432606.0
433936.0
432606.0
437926.0
437926.0
437926.0
437926.0
437926.0
432606.0
425900.0
425900.0
425900.0
425900.0
425900.0
425900.0
424570.0
424570.0
424570.0
424570.0
424570.0
424570.0
424570.0
424570.0
424570.0
424570.0
424570.0
424570.0
424570.0
424570.0
424570.0
424570.0
424570.0
424570.0
424570.0
424570.0
424570.0
424570.0
424570.0
424570.0
424570.0
424570.0
424570.0
424560.0
424560.0
424560.0
424560.0
424560.0
425089.0
425089.0
424560.0
424560.0
424560.0
424130.0
424130.0
424130.0
424130.0
424130.0
424130.0
424130.0
424130.0
424130.0
424130.0
424130.0
424130.0
424130.0
424130.0
424130.0
424130.0
424130.0
424130.0
424130.0
424130.0
424130.0
424130.0
424130.0
424130.0
424130.0
424130.0
424130.0
424130.0
424130.0
424130.0
424130.0
424130.0
424340.0
424340.0
424340.0
424340.0
424340.0
424340.0
424340.0
424340.0
424340.0
424340.0
424340.0
424340.0
424340.0
424340.0
424340.0
424186.0
424186.0
424186.0
423960.0
424671.0
424671.0
424671.0
423960.0
423960.0
423960.0
423960.0
423960.0
423960.0
423960.0
423960.0
424840.0
424840.0
424840.0
424840.0
424840.0
424840.0
424840.0
424840.0
424840.0
424840.0
424840.0
424840.0
424840.0
424400.0
424400.0
424400.0
424400.0
424400.0
424400.0
424400.0
424400.0
424400.0
424400.0
424400.0
424400.0
424400.0
424400.0
424400.0
424400.0
424400.0
424400.0
424400.0
424400.0
424400.0
424400.0
423400.0
423400.0
423400.0
423960.0
423960.0
423960.0
423960.0
423960.0
423960.0
423960.0
423960.0
423960.0
423960.0
423960.0
423960.0
423960.0
423960.0
423960.0
423960.0
451042.0
423960.0
423960.0
423960.0
423451.0
423451.0
423451.0
423451.0
423451.0
423451.0
423451.0
423451.0
423451.0
423451.0
423451.0
423451.0
423451.0
423451.0
423451.0
423451.0
423451.0
423451.0
423451.0
423451.0
423451.0
423451.0
423451.0
423451.0
423451.0
423451.0
423451.0
423451.0
423451.0
423451.0
423451.0
423451.0
423451.0
423451.0
