52.51318067359144
52.51318067359144
53.92248000087151
54.16786156307544
55.467730082566035
55.467730082566035
55.467730082566035
58.23979154523948
58.23979154523948
58.26965726958868
58.26965726958868
58.26965726958868
58.26965726958868
58.26965726958868
58.26965726958868
58.26965726958868
59.96222786896504
59.96222786896504
59.96222786896504
59.96222786896504
59.96222786896504
59.96222786896504
59.96222786896504
59.96222786896504
59.96222786896504
59.96222786896504
59.96222786896504
60.089556077771164
60.089556077771164
60.089556077771164
62.06320897785868
62.06320897785868
62.06320897785868
62.06320897785868
62.06320897785868
62.06320897785868
62.06320897785868
62.06320897785868
62.06320897785868
62.06320897785868
62.06320897785868
62.06320897785868
62.06320897785868
62.38471337579619
62.38471337579619
62.38471337579619
62.38471337579619
62.38471337579619
62.38471337579619
62.38471337579619
62.38471337579619
62.38471337579619
62.38471337579619
62.38471337579619
62.38471337579619
62.38471337579619
62.38471337579619
62.38471337579619
62.38471337579619
62.38471337579619
62.38471337579619
62.38471337579619
62.38471337579619
62.38471337579619
62.57787143341569
62.57787143341569
62.57787143341569
62.57787143341569
62.57787143341569
63.078928744366216
63.078928744366216
63.078928744366216
63.078928744366216
63.078928744366216
63.078928744366216
63.078928744366216
63.078928744366216
63.078928744366216
63.078928744366216
63.078928744366216
63.078928744366216
63.078928744366216
63.078928744366216
63.078928744366216
63.078928744366216
63.078928744366216
63.23890780725717
63.23890780725717
63.352329869259144
63.352329869259144
63.352329869259144
63.352329869259144
63.352329869259144
63.352329869259144
63.352329869259144
63.352329869259144
64.13907160308214
64.13907160308214
64.13907160308214
64.13907160308214
64.13907160308214
64.13907160308214
64.13907160308214
64.13907160308214
64.13907160308214
64.13907160308214
64.13907160308214
64.13907160308214
64.16438012904842
64.16438012904842
64.16438012904842
64.16438012904842
64.16438012904842
64.16438012904842
64.16438012904842
64.16438012904842
64.16438012904842
64.16438012904842
64.16438012904842
64.16438012904842
64.16438012904842
64.16438012904842
64.16438012904842
64.16438012904842
64.16438012904842
64.16438012904842
64.16438012904842
64.16438012904842
64.16438012904842
64.16438012904842
64.16438012904842
64.16438012904842
64.16438012904842
64.16438012904842
64.16438012904842
64.16438012904842
64.16438012904842
64.16438012904842
64.16438012904842
64.16438012904842
64.16438012904842
64.16438012904842
64.16438012904842
64.16438012904842
64.16438012904842
64.16438012904842
64.18567306486013
64.18567306486013
64.47384669665696
64.47384669665696
64.47384669665696
64.47384669665696
64.47384669665696
64.47384669665696
64.47384669665696
64.47384669665696
64.47384669665696
64.47384669665696
64.47384669665696
64.47384669665696
64.47384669665696
64.66974000545271
64.66974000545271
64.78969935806875
64.78969935806875
64.78969935806875
64.78969935806875
64.78969935806875
64.78969935806875
64.78969935806875
64.78969935806875
64.78969935806875
64.78969935806875
64.78969935806875
64.93840929932831
64.93840929932831
64.93840929932831
65.28292066324633
65.28292066324633
65.28292066324633
65.28292066324633
65.28292066324633
65.28292066324633
65.28292066324633
65.28292066324633
65.28292066324633
65.28292066324633
65.28292066324633
65.28292066324633
65.28292066324633
65.53622326319181
65.53622326319181
65.53622326319181
65.53622326319181
65.53622326319181
65.53622326319181
65.53622326319181
65.61272193450019
65.61272193450019
65.61272193450019
65.61272193450019
65.61272193450019
65.61272193450019
65.61272193450019
65.61272193450019
65.61272193450019
65.61272193450019
65.61272193450019
65.61272193450019
65.66867022013885
65.66867022013885
65.66867022013885
65.66867022013885
65.66867022013885
65.66867022013885
65.66867022013885
65.66867022013885
65.66867022013885
65.66867022013885
65.66867022013885
65.66867022013885
65.66867022013885
65.66867022013885
65.66867022013885
65.66867022013885
65.66867022013885
65.66867022013885
65.66867022013885
65.66867022013885
65.66867022013885
65.66867022013885
65.66867022013885
65.66867022013885
65.66867022013885
65.66867022013885
65.66867022013885
65.67572676066986
65.67572676066986
65.67572676066986
65.67572676066986
65.67572676066986
65.67572676066986
65.67572676066986
65.75511284164367
65.75511284164367
65.75511284164367
65.75511284164367
65.75511284164367
65.75511284164367
65.75511284164367
65.75511284164367
65.75511284164367
65.88742297659999
65.88742297659999
65.88742297659999
65.88742297659999
65.88742297659999
65.88742297659999
65.88742297659999
65.88742297659999
65.88742297659999
65.88742297659999
65.88742297659999
65.88742297659999
65.88742297659999
65.88742297659999
65.88742297659999
65.88742297659999
65.88742297659999
65.88742297659999
65.88742297659999
65.88742297659999
65.88742297659999
65.88742297659999
65.92724202673922
65.92724202673922
65.92724202673922
65.92724202673922
66.00209176022882
66.00209176022882
66.00209176022882
66.00209176022882
66.01721291850956
66.01721291850956
66.01721291850956
66.01721291850956
66.01721291850956
66.01721291850956
66.01721291850956
66.01721291850956
66.01721291850956
66.01721291850956
66.19635287330372
66.19635287330372
66.19635287330372
66.19635287330372
66.4095617929616
66.4095617929616
66.4095617929616
66.4095617929616
66.4514510748238
66.4514510748238
66.4514510748238
66.4514510748238
66.4514510748238
66.4514510748238
66.4514510748238
66.4514510748238
66.49108285047785
66.49108285047785
66.49108285047785
66.49108285047785
66.49108285047785
66.49108285047785
66.49108285047785
66.49609953094038
66.49609953094038
66.49609953094038
66.49609953094038
66.49609953094038
66.49609953094038
66.50362455163418
66.50362455163418
66.50362455163418
66.50362455163418
66.50362455163418
66.50362455163418
66.50362455163418
66.50362455163418
66.50362455163418
66.50362455163418
66.50362455163418
66.50362455163418
66.50362455163418
66.50362455163418
66.50362455163418
66.50362455163418
66.50362455163418
66.50362455163418
66.50362455163418
66.50362455163418
66.50362455163418
66.50362455163418
66.50362455163418
66.50362455163418
66.50362455163418
66.5048787217498
66.5048787217498
66.5048787217498
66.5048787217498
66.5048787217498
66.5048787217498
66.5048787217498
66.5048787217498
66.5048787217498
66.5048787217498
66.68422504828555
66.68422504828555
66.68422504828555
66.68422504828555
66.68422504828555
66.68422504828555
66.68422504828555
66.68422504828555
66.68422504828555
66.68422504828555
66.68422504828555
66.68422504828555
66.68422504828555
66.68422504828555
66.68422504828555
66.68422504828555
66.68422504828555
66.68422504828555
66.68422504828555
66.68422504828555
66.68422504828555
66.68422504828555
66.68422504828555
66.68422504828555
66.68422504828555
66.68547921840118
66.68547921840118
66.68547921840118
66.68547921840118
66.68547921840118
66.68547921840118
66.68547921840118
66.68547921840118
66.68547921840118
66.68547921840118
66.68547921840118
66.68547921840118
66.68547921840118
66.76449193568615
66.76449193568615
66.76449193568615
66.76449193568615
66.76449193568615
66.76449193568615
