42.054222031718815
44.91844074693017
45.715870594528205
46.00595913734393
48.12104539202201
47.03594683792703
46.930968527212656
51.54582894358778
52.62369384233184
53.058212685280935
52.91880949775686
46.66684935510979
51.09395845244901
49.62864973759068
50.55189390931469
54.61798252709917
54.71113863576041
54.816872254139916
47.895351295698774
53.61163934921066
50.42314081891919
53.20990846563583
48.222707423580786
50.0207525038347
48.84026448581869
49.707888920918606
46.3022145028224
50.260624772974936
51.30410342889263
44.898570572626895
51.19118412250056
51.49239606696382
50.93904539645497
54.165857448048165
53.219448094612346
51.79409940639674
48.5204646017699
51.03305995101476
48.96458583433373
50.39903855181868
51.69991570665918
51.41154734411085
51.7716496768998
53.20090918074909
52.04064923180658
57.89635395329783
52.12255341401464
54.32574077806894
51.34652762203783
50.54886561954624
49.498093149169094
49.842493013803036
50.17938594119026
55.365085345305744
50.78472513638271
53.3864042070729
55.67866161616161
51.53442733885974
50.405590572759664
44.960705553615085
53.14751109935021
48.204419889502766
49.19332037462449
46.75741110371849
50.69057484402534
51.9903147699758
48.28500642319692
52.18453059673128
51.27433547622305
48.46724690792488
53.375127232349406
51.74040670089837
51.90719036115834
54.373070108833204
53.64556713190486
53.4765969973506
52.85460611278519
49.30535663133773
50.53295548039126
51.08064945435187
51.422301836094945
52.574555458097436
55.167303225555656
46.78531860905614
53.20718098010675
52.559739655973964
47.23225642330196
50.63340479438706
52.38137789294969
53.109194845460706
51.26449098879688
48.21517634485215
52.67492584191241
50.053451294811545
51.50974010388163
48.739558195656215
52.88454004074597
49.01604891096676
49.76732380065996
50.95397413871055
50.790642850666416
48.16694915254237
54.39124330210035
47.693007108613
51.497624269005854
53.4508343175555
50.03641800199341
53.114747789611414
54.30250107805089
52.59642712139667
50.57484177807738
49.09286803444089
53.402475045350506
51.191793817693096
48.07741935483871
50.917704489544896
51.727091596372645
56.30963951228132
53.283004935680694
53.04883492545308
47.408712088667414
51.918183597572906
53.14686658977316
49.54529212077898
53.82930173248579
52.288520013957424
51.40756829003425
50.62505830767795
52.23572416518475
48.736119888056336
52.06324385370515
50.310974386410756
51.22483639208991
54.769679930795846
45.81454829200624
48.54631909654411
52.45693367786391
53.40318542363608
52.21665899324739
54.81934281238226
54.35011124038129
52.61660353881905
54.028424867052564
51.028294720850745
50.78931924882629
52.54901375073434
53.947562233024016
52.66989119626186
50.23680438711286
55.30215899919289
60.07371430539768
50.48137215180105
49.25546582627536
48.92170143592522
52.97343188174191
53.03857824013872
49.104061100095464
53.76499390512481
53.34703908502292
52.39755257339709
53.879674179117075
52.49797042753286
52.65518104455198
53.18656636945389
45.04320225709752
51.073583716112765
50.67335138695748
50.09347614410906
55.052498618457406
52.62294920042276
49.77854174056188
52.113138333816
42.68976483387731
54.25633409394917
53.3737447954935
52.89400555776102
51.332810092729865
58.90071533224167
53.00739399426588
53.138917935014135
54.22880529734843
55.19451468585878
52.09624568787416
55.083544871598825
57.27987929733807
56.06446417689562
53.71218400331537
54.35500765450005
54.886652615746925
50.75217808623745
55.501719882990784
51.74189328100177
49.5856790992259
54.20128791026174
56.4124990889118
55.05789890806622
51.73382173382173
55.585903417928
55.859543300301596
53.31529818917404
56.97276069518716
53.278586204436834
57.88677614520311
55.843274451326764
53.99930833456844
56.175269058056806
60.30683820734615
57.94660678642715
57.56282750507968
51.93418013856813
56.61434287473069
51.58068994980241
54.13567633837352
53.988770616446374
51.95041352828238
52.38477329804196
54.65198863636364
55.67627944760358
57.03457698790255
54.76533810155544
48.30968645997547
53.24425691514299
52.1429987819042
52.731524607980134
54.66481597739936
55.05942965607629
55.876049895250716
53.25049701789265
54.91642824875772
54.225883968417435
58.05771706561244
54.58228905597327
56.508212030777344
56.70336884194193
51.85280567716828
54.99003054471407
49.246188594014676
50.844845021747034
50.15984015984016
51.02454155642733
48.354756871035946
53.63884024129208
54.961274525258254
50.8760902019329
50.94770887539752
52.48147078640869
52.86917788321874
53.2435810043172
56.815272500025195
53.69840026848641
53.40508115737473
55.88458951185985
55.151082560076134
54.30681376506114
53.080651701131636
53.24469358442387
48.967674083914545
53.95175544307865
52.98152551673679
53.61508668208115
50.618034961430894
51.58288709555774
50.20829951847644
52.441786463012875
52.228815971160834
54.83100586925724
53.395005926193775
54.77263667862509
57.08092485549133
53.461967121760935
52.27949418523189
55.621539698741145
52.66132005899705
52.29226620332663
53.4335576726976
53.95706097904726
50.72634454345977
49.212115828744004
57.46996694348141
50.72984847126334
53.97553516819572
56.677129474806144
55.518253457703445
54.61790055719506
51.731972658130346
55.660701995870625
51.430501470237616
54.99179204506092
52.86716010907675
54.95760133850483
58.58109291531658
53.97715472481827
54.17226525450522
53.573142814946095
54.1658708720999
52.946675252913444
56.26674055601737
54.57959889278768
51.93183501184834
53.60168336585951
55.160650535501794
52.092735478235554
55.01280759217267
55.926590863754235
59.80465734625611
56.87215017469058
56.17992525360384
50.745640935775
57.2481713329206
56.95193460023969
51.86024880827811
54.83805994199162
55.297891842346466
49.536389962271734
56.624610543850444
55.801554217487514
53.37105837505802
52.35857664233578
54.09469844306845
49.98225658840889
54.71288686359075
54.680398414079875
52.5827904451683
51.21105464845052
54.135802469135804
54.42819255806477
50.65702961920789
55.30983708401717
51.227980335927896
54.00921658986175
52.74647951677312
53.49626424027223
55.269510016345464
52.57415176271436
58.135262006414756
56.38315561929704
56.427124379438546
52.330626542472736
49.49109097112992
52.579195001619134
53.959452927293924
55.88329798856114
50.1739114085884
50.02699992285736
47.26941747572815
54.90299659219209
54.02298850574712
54.194991231699866
50.11581261026839
56.592877767083735
55.620866247848895
51.685292802860964
56.91216223006039
53.45074455899198
54.537527593818986
51.85235683677443
54.290050948886766
51.61031042128603
56.65340206807152
51.2976825072776
53.46236769894159
54.186791236432434
53.32266566265061
52.301441531697
51.82166681759183
54.18273479553305
49.57784773898111
51.14811456415612
54.84247701621945
54.01109686723821
54.93137807858621
53.25045553400341
50.980430528375734
54.08944897454906
53.73304024861669
53.353582424898065
54.30295080747191
51.51233749005041
56.3994156189127
51.79020339757752
54.592830554280766
57.71375962145786
55.076286826873826
56.85313427466498
51.08811557113318
49.63622679377823
48.274843573899176
54.12762915302706
58.376323019672846
54.611593059936915
54.87800271944403
54.12348470573457
51.4659845766206
55.64673100170058
54.68370756278626
50.86321019893731
56.73264947180983
53.82776049766718
52.04114957544088
57.967219474347786
53.86494064046963
