131796.0
131796.0
131796.0
131796.0
129680.0
129680.0
129680.0
112402.0
112402.0
112402.0
112402.0
112402.0
112402.0
112402.0
112402.0
112402.0
109182.0
94250.0
94250.0
94250.0
92128.0
87037.0
87037.0
69236.0
69236.0
69236.0
69236.0
69236.0
69236.0
69236.0
69236.0
69236.0
69236.0
69236.0
69150.0
69150.0
58362.0
58362.0
58362.0
58362.0
58362.0
58362.0
58362.0
58362.0
58362.0
58362.0
58362.0
58362.0
58362.0
57198.0
57198.0
57198.0
57198.0
57198.0
57198.0
57198.0
57198.0
57198.0
57198.0
57198.0
57198.0
57198.0
57198.0
57198.0
57198.0
57198.0
57198.0
57198.0
57198.0
57198.0
57198.0
56818.0
56818.0
56818.0
56818.0
56818.0
52090.0
52090.0
52090.0
52090.0
52090.0
52090.0
52090.0
52090.0
52090.0
52090.0
52090.0
52090.0
52090.0
52090.0
52090.0
52090.0
52090.0
52090.0
52090.0
52090.0
52090.0
52090.0
52090.0
51118.0
51118.0
51118.0
51118.0
51118.0
51118.0
51118.0
51118.0
51118.0
51118.0
51118.0
51118.0
51118.0
51118.0
51118.0
51118.0
51118.0
51118.0
51118.0
51118.0
51118.0
51118.0
51118.0
51118.0
51118.0
51118.0
51118.0
51118.0
51118.0
51118.0
51118.0
51118.0
51118.0
51118.0
51118.0
51118.0
51118.0
51118.0
51118.0
51118.0
51118.0
51118.0
51118.0
51118.0
51118.0
51118.0
51118.0
51118.0
51118.0
51118.0
51118.0
51118.0
51118.0
51118.0
51118.0
51118.0
51118.0
51118.0
51118.0
51118.0
51118.0
51118.0
51118.0
51118.0
51118.0
51118.0
51118.0
51118.0
51118.0
51118.0
51118.0
51118.0
51118.0
51118.0
51118.0
51118.0
51118.0
51118.0
51118.0
51118.0
51118.0
51118.0
51118.0
51118.0
51118.0
51118.0
51118.0
51118.0
51118.0
51118.0
51118.0
51118.0
51118.0
51118.0
51118.0
51118.0
51118.0
51118.0
51118.0
51118.0
51006.0
51006.0
51006.0
51006.0
51006.0
51006.0
51006.0
51006.0
51006.0
51006.0
51006.0
51006.0
51006.0
51006.0
51006.0
51006.0
51006.0
51006.0
51006.0
51006.0
51006.0
51006.0
51006.0
51006.0
51006.0
51006.0
51006.0
51006.0
51006.0
51006.0
51006.0
51006.0
51006.0
51006.0
51006.0
51006.0
51006.0
51006.0
51006.0
51006.0
51006.0
51006.0
51006.0
51006.0
51006.0
51006.0
51006.0
51006.0
51006.0
51006.0
51006.0
51006.0
51006.0
51006.0
51006.0
51006.0
51006.0
51006.0
51006.0
51006.0
51006.0
51006.0
51006.0
51006.0
51006.0
51006.0
51006.0
51006.0
51006.0
51006.0
51006.0
51006.0
51006.0
51006.0
51006.0
51006.0
51006.0
51006.0
51006.0
51006.0
51006.0
51006.0
51006.0
51006.0
51006.0
51006.0
51006.0
51006.0
51006.0
51006.0
51006.0
51006.0
51006.0
51006.0
51006.0
51006.0
51006.0
51006.0
51006.0
51006.0
51006.0
51006.0
51006.0
51006.0
51006.0
51006.0
51006.0
51006.0
51006.0
51006.0
51006.0
51006.0
51006.0
51006.0
51006.0
51006.0
51006.0
51006.0
51006.0
51006.0
51006.0
51006.0
51006.0
51006.0
51006.0
51006.0
51006.0
51006.0
51006.0
51006.0
51006.0
51006.0
51006.0
51006.0
51006.0
51006.0
51006.0
51006.0
47606.0
47606.0
47606.0
47606.0
47606.0
47606.0
47606.0
47606.0
47606.0
47606.0
47606.0
47606.0
47606.0
47606.0
47606.0
47606.0
47606.0
47606.0
47606.0
47606.0
47606.0
47606.0
47606.0
47606.0
47606.0
47606.0
47606.0
47606.0
47606.0
47606.0
47606.0
47606.0
47606.0
47606.0
47606.0
47606.0
47606.0
47606.0
47606.0
47606.0
47606.0
47606.0
47606.0
47606.0
47606.0
47606.0
47606.0
47606.0
47606.0
47606.0
47606.0
47606.0
47606.0
47606.0
47606.0
47606.0
47606.0
47606.0
47606.0
47606.0
47606.0
47606.0
47606.0
47606.0
