41.44856327430759
42.054222031718815
44.91844074693017
45.01479032538716
46.00595913734393
47.03594683792703
46.930968527212656
46.930968527212656
46.830416754515426
52.62369384233184
50.84360554699538
46.62864713845445
46.66684935510979
49.62864973759068
49.62864973759068
50.55189390931469
53.090432018116886
52.204523453313385
47.895351295698774
47.895351295698774
50.42314081891919
49.78354978354979
48.222707423580786
48.222707423580786
48.410619786527946
47.14893464893464
46.3022145028224
46.3022145028224
48.627917620137296
44.898570572626895
44.898570572626895
51.19118412250056
48.74369636379722
47.00346921075456
50.31411642998213
51.28795021685837
48.5204646017699
48.5204646017699
48.92448221695586
48.96458583433373
50.39903855181868
45.58763890015411
51.41154734411085
51.7716496768998
50.07937276159132
50.59741121805509
52.12255341401464
52.06410139231636
51.34652762203783
50.54886561954624
49.498093149169094
49.18664840874438
49.842493013803036
50.17938594119026
50.78472513638271
47.87267956546261
53.3864042070729
50.90012440021326
50.405590572759664
44.960705553615085
44.960705553615085
48.204419889502766
48.204419889502766
46.75741110371849
46.75741110371849
50.69057484402534
48.28500642319692
48.28500642319692
49.79556924129672
48.46724690792488
48.46724690792488
47.73534720243184
51.74040670089837
48.96680309231469
52.06008282445427
53.4765969973506
52.85460611278519
49.30535663133773
49.30535663133773
50.53295548039126
51.08064945435187
51.13146654010442
52.574555458097436
46.78531860905614
46.78531860905614
51.25377409262148
47.23225642330196
47.23225642330196
50.63340479438706
52.38137789294969
51.26449098879688
44.4449834263077
48.21517634485215
50.053451294811545
50.053451294811545
48.739558195656215
48.739558195656215
49.01604891096676
49.01604891096676
49.76732380065996
50.790642850666416
48.16694915254237
48.16694915254237
47.693007108613
47.693007108613
51.497624269005854
50.03641800199341
50.03641800199341
49.61772257041456
52.59642712139667
50.57484177807738
49.09286803444089
49.09286803444089
51.191793817693096
48.07741935483871
48.07741935483871
50.917704489544896
51.63959903644417
53.283004935680694
52.32262103505843
47.408712088667414
47.408712088667414
51.124905231235786
49.54529212077898
49.54529212077898
52.288520013957424
51.40756829003425
50.62505830767795
50.62505830767795
47.542441390460795
44.98938094863525
50.310974386410756
50.310974386410756
51.22483639208991
45.81454829200624
45.81454829200624
48.54631909654411
52.04153860482445
52.21665899324739
49.824592435364515
54.35011124038129
52.61660353881905
52.61660353881905
51.028294720850745
50.55363723154616
50.78931924882629
52.54901375073434
52.66989119626186
50.23680438711286
50.23680438711286
55.30215899919289
50.48137215180105
49.25546582627536
48.92170143592522
48.92170143592522
52.97343188174191
49.104061100095464
49.104061100095464
53.148313936138464
52.39755257339709
52.39755257339709
52.40191896676665
48.95875119909305
49.076560084614755
45.04320225709752
45.04320225709752
50.67335138695748
50.09347614410906
50.09347614410906
49.58587036317313
49.77854174056188
49.77854174056188
42.68976483387731
42.68976483387731
53.3737447954935
52.89400555776102
51.332810092729865
51.332810092729865
52.999157122316426
53.00739399426588
53.138917935014135
54.22880529734843
52.09624568787416
52.09624568787416
45.447412501102
50.553160522485676
52.255496033488484
53.71218400331537
54.35500765450005
50.75217808623745
50.75217808623745
49.67944007642002
49.5856790992259
49.5856790992259
54.20128791026174
53.059807256235835
48.99868464320947
51.73382173382173
55.585903417928
53.31529818917404
53.31529818917404
53.278586204436834
53.278586204436834
52.217639363325816
51.40090699475033
53.99930833456844
56.02842783263791
55.55633352004482
54.86924866448389
51.93418013856813
51.93418013856813
51.58068994980241
50.864000943618784
53.13660861909773
51.95041352828238
51.95041352828238
52.38477329804196
54.65198863636364
55.67627944760358
54.76533810155544
48.30968645997547
43.78880983182406
52.1429987819042
52.1429987819042
52.05963987615105
54.66481597739936
54.27239102768056
49.43841999275381
53.25049701789265
54.225883968417435
53.62307999202075
54.5111665478736
54.58228905597327
52.72935822944285
51.85280567716828
51.85280567716828
49.246188594014676
48.041963982330955
50.15984015984016
50.15984015984016
48.354756871035946
48.354756871035946
53.63884024129208
50.8760902019329
50.8760902019329
50.94770887539752
52.48147078640869
52.86917788321874
53.2435810043172
51.48018109581447
53.40508115737473
53.40508115737473
55.151082560076134
52.06840974212034
53.080651701131636
53.080651701131636
48.967674083914545
48.967674083914545
52.88868323638287
52.62104164904267
50.618034961430894
50.618034961430894
50.20829951847644
50.20829951847644
52.228815971160834
52.228815971160834
53.395005926193775
53.395005926193775
54.77263667862509
53.461967121760935
50.21892965807325
52.27949418523189
52.66132005899705
52.29226620332663
52.29226620332663
53.4335576726976
50.72634454345977
49.212115828744004
49.212115828744004
50.72984847126334
50.72984847126334
53.97553516819572
55.518253457703445
52.21388620822048
51.731972658130346
51.731972658130346
49.34898902892375
51.430501470237616
52.86716010907675
52.86716010907675
54.95760133850483
53.017348387801505
53.97715472481827
52.05345691966888
53.20569087850194
52.946675252913444
52.946675252913444
54.57959889278768
51.93183501184834
51.93183501184834
53.60168336585951
52.092735478235554
52.092735478235554
55.01280759217267
55.926590863754235
53.366377529946305
55.99478714161599
50.745640935775
50.745640935775
56.419457735247214
51.86024880827811
51.86024880827811
54.59229795696981
49.536389962271734
49.536389962271734
55.801554217487514
49.06893004115226
52.35857664233578
52.35857664233578
49.98225658840889
49.98225658840889
54.680398414079875
52.5827904451683
51.21105464845052
51.21105464845052
50.21424349881797
50.65702961920789
50.65702961920789
51.227980335927896
51.227980335927896
52.74647951677312
51.285661422937025
53.49626424027223
46.623437317443624
52.57415176271436
54.7925026108943
56.38315561929704
52.330626542472736
49.49109097112992
49.49109097112992
52.579195001619134
50.97234676593933
50.1739114085884
50.02699992285736
47.26941747572815
47.26941747572815
54.02298850574712
54.02298850574712
50.11581261026839
50.11581261026839
48.330685028248595
51.685292802860964
51.685292802860964
49.376332622601275
53.45074455899198
51.85235683677443
51.85235683677443
51.61031042128603
51.61031042128603
49.867201523976995
47.26604891894148
53.46236769894159
52.28623881136509
52.301441531697
51.270828534131915
51.82166681759183
49.57784773898111
49.57784773898111
51.14811456415612
54.01109686723821
54.01109686723821
53.25045553400341
50.980430528375734
50.78796252320711
53.73304024861669
47.1621782751631
53.353582424898065
51.51233749005041
51.51233749005041
51.070234113712374
51.79020339757752
53.62339260386433
55.076286826873826
55.076286826873826
51.08811557113318
49.63622679377823
48.274843573899176
48.274843573899176
52.4643300248139
51.66439344521536
46.408806647819766
54.12348470573457
51.4659845766206
51.4659845766206
52.24131267024957
50.86321019893731
49.726268090812404
51.05333333333333
52.04114957544088
52.04114957544088
53.86494064046963
