293478.9727272727
278995.85
234171.6
211449.55
196106.725
192341.8
184046.475
190736.3
185563.15
178149.5
183824.125
193049.15
193988.225
188088.3875
184840.4875
184550.575
179062.6
181712.6625
177007.4875
164115.8125
158835.9375
159893.55
167631.0375
165892.8875
164744.6125
151167.6625
154403.7875
150735.0375
152851.1125
145682.525
144853.4875
145207.125
143512.25
140321.4125
135547.3625
128355.225
136366.825
145735.9375
162854.1625
170199.7875
165712.0875
151361.375
148106.5875
165966.1875
164049.625
148695.7125
149572.325
160360.9125
144737.025
123592.325
136204.6875
138430.475
136022.4
130632.3875
130315.9625
140562.3875
129097.8875
119425.45
126335.625
129143.2
119533.775
120660.9375
123276.3125
127931.475
122448.825
130861.7625
139997.3625
134601.2375
132377.225
122227.825
124766.775
124882.65
128116.6125
125601.7375
116145.15
122052.6375
127467.1625
134573.2375
137217.8625
130173.7125
120978.3
117778.95
120798.475
127115.9625
123466.25
126854.7625
128512.725
133209.975
136904.4875
128000.2375
133904.3125
135160.325
126939.8625
130830.725
132665.875
134819.675
127982.3625
129735.275
132575.8125
125068.525
141303.775
151114.125
130439.325
125769.05
137806.7625
136829.7375
131662.225
125859.3125
133834.0125
127205.1375
140116.6125
147381.6
144550.15
136094.525
130387.25
119248.9875
122613.2875
134089.9
130255.2625
132414.2625
130843.5875
132907.6
129990.3875
136084.4
141734.1875
150558.0625
146590.35
143090.8375
138432.675
132343.1375
144792.1125
142645.8375
133848.6125
132855.1875
128291.075
119603.95
122556.5125
132949.625
138326.05
135825.6125
132600.4875
132581.125
124814.625
123898.575
132705.6
128925.525
133967.4
130272.25
133445.4875
128556.375
132498.6875
134158.4
132541.8125
129999.0625
129567.9375
128067.1625
126234.45
125564.4875
132943.275
130950.225
130250.0
139542.4625
139898.0125
138420.1125
141149.9375
138594.75
127898.9625
131789.9
140434.6125
135724.725
118774.8625
110206.7375
122080.3125
132975.25
127718.3625
129251.5375
132851.5125
126414.4
130105.925
130585.325
131798.0875
138072.625
137136.1
131807.975
132276.8875
125520.35
123690.775
128695.65
128991.7
127663.275
122002.775
125009.175
126048.5625
120794.8875
117823.45
123131.925
129538.65
131243.5
122852.125
124841.65
135454.8625
137441.5
134849.175
139067.1
136384.025
139075.225
142047.65
147648.775
138619.525
131150.35
137942.75
140557.125
132848.85
136933.1625
142513.3375
140107.325
137799.175
137528.1375
138709.1375
130816.3875
127027.25
123012.475
134078.4375
139382.2
155293.7875
146304.0
144589.3
141898.875
137437.075
132970.975
135192.6125
129538.675
123871.5625
128038.025
129031.625
139429.9375
132481.975
126253.2
134769.025
138462.325
142462.9625
136984.9125
148740.3375
158204.0875
161694.275
148046.325
128214.625
135369.0
152608.5125
158632.05
147424.3625
135793.075
139445.8
139710.175
147759.325
147945.775
148446.775
141304.7375
137919.9375
137032.35
141946.1125
130141.65
128902.775
138441.4125
151028.1875
150220.5125
139838.7875
132869.8125
139562.25
145737.575
152546.1875
137325.9375
136396.325
133202.6375
145404.0
146616.1625
137252.1125
140382.625
140102.05
133678.4875
135849.7125
136100.95
147401.825
147603.3875
130755.4125
133908.1
138550.25
136183.05
145559.1
134803.9625
120858.4
131791.425
133978.125
141268.325
134928.5375
131823.575
135370.3875
140345.9625
146243.1375
139488.3875
139473.2125
134860.5
135808.9
140347.85
140633.95
141435.5125
134371.375
133029.0375
135124.775
131841.675
131731.4
133364.1625
128971.55
134287.5
141635.8625
138669.3125
137455.425
131474.0125
123533.5
136705.1125
142066.725
138354.75
132820.05
130149.1
135857.1375
148402.4875
152214.375
152662.8875
149185.6125
145191.9125
142123.6875
141621.0125
143393.7375
141615.475
141584.975
143419.15
141419.7125
136389.25
132629.9375
144966.975
147686.7125
138947.075
141483.475
144641.475
150482.2
137986.9
132687.1
127729.1125
129295.5
131673.25
133642.4375
135957.45
146062.2625
155562.2375
155203.425
140330.5125
135340.8125
142522.6375
135952.2125
130861.5625
136181.675
132615.8125
133138.15
124294.15
130834.9375
145566.7
132299.4875
133135.9375
133714.575
131354.95
130708.825
120228.575
117948.25
136797.3625
133919.025
128424.4625
136983.4625
139597.8375
133592.525
136355.275
140799.125
146290.625
142456.6625
136785.2875
137804.125
140926.2375
134157.525
140117.95
140255.1625
139452.3
133236.8375
130994.075
143926.625
146054.6375
138427.8375
134123.075
134832.2125
131989.1375
130590.175
132644.9625
133587.375
