54.301905028152014
56.009562204562904
57.99950184127265
58.65526763315611
59.255596830199764
59.89035784472119
60.60710534668832
61.6930393838835
61.024812113676546
60.927410523835796
60.82876060356157
61.054147254298165
61.53797466041267
60.996709102067804
61.197278409244475
61.74891132163293
61.70009315287596
63.066336055635986
64.13931657632807
63.41433598749809
61.89662148449808
62.05591509907877
61.60405368644557
61.82128188546225
61.29357212499523
62.02494309531718
62.53739602787199
62.01449651699431
63.774170167047316
63.34538321301926
63.89698075774017
63.847204051832975
63.070853484716864
63.64236278102197
63.50932250382075
61.526366366337
61.1649570707992
62.40860767793366
63.13256010945578
64.14424394009333
63.34940940088903
62.111438733875886
63.490615595388796
65.40261414603836
65.72932503980357
66.80212427717657
65.98966765781432
65.70507478735964
65.35804294497903
63.46537050464732
64.13857199125252
63.8696298775191
63.40218533912124
64.08246583081305
62.07320090516413
63.16799034236474
64.38126899818066
63.22101732801657
64.06287217661875
63.70551151457553
64.10937748647893
63.76279510283564
63.24941630172037
62.68484108924794
62.177936049967855
64.61613844231337
63.8584040935573
64.01407157018673
64.0839362162176
63.156320284097504
62.77038425035194
63.379623826578396
63.69356487559694
62.9577088064269
62.506427571392045
65.4404113492001
63.870680561060524
63.760725075889276
63.7995808403654
64.71011699771499
63.160885457300765
63.06631637931442
65.1188143116722
63.24865547485082
63.1612015764821
63.33198059198353
63.75250234319061
63.54603911169735
63.829862574539405
63.36800354401238
62.940258040267715
62.91959348717571
63.38957320112704
62.46783290893639
61.2845811794445
61.29269368632081
61.8410817442669
60.64827159207048
62.09056747102439
62.37068509384217
62.91425991595528
63.185971426447466
62.616096462193696
61.49025632376838
62.01187212836278
63.19787699244284
62.9323600137184
62.24954912078108
62.105778436508125
61.51600642620319
61.34279173063802
61.52473369151636
61.41020757552135
61.66183305827011
61.554175874099904
61.75586370867781
61.80680498220647
62.13048076326788
62.69439425099631
62.282166616654216
62.35352582647624
62.26663881052826
63.18711345594049
62.613383846823965
62.447416665616664
63.09400472171414
63.65670642903584
63.281727727799215
62.97010424150293
62.21549920150461
62.71809683262852
64.17427311852948
64.4616993360388
64.26366259344405
64.57145603029856
62.922520360412406
62.67660075910718
63.378086968220906
62.76068841796807
63.18522400963103
62.71684218457134
62.83432033773455
62.98802766177788
64.01713943722925
63.33682033984145
64.15935494020195
64.23998423763615
65.07441197591297
65.1639116155079
64.74720784386217
66.63761704454458
65.35999973935186
63.559985136486205
63.35299093033353
64.81115010414905
65.31189792865753
64.36821777307928
64.49071287044409
63.507864341288396
63.08673493901516
62.75299012220245
63.53342703348196
63.315889839817046
63.14811130590523
63.24873137665331
62.84629900737353
64.26783421960823
63.781720048010335
63.69805766765975
64.39707738601653
62.726470436775955
63.36311628729398
62.49487669818168
63.06886317577651
63.32047516864695
63.584091631943224
63.8032535653536
65.21963754718502
64.62574058525635
65.15970776979484
64.45060029438909
63.75985889163328
64.34411923267112
64.40480724113601
65.24852089816694
64.73803747894257
63.562664690831426
63.780913588666124
63.87537424519998
63.54613491756513
64.21552247368116
64.68846721370845
64.81450508832788
63.7732586174418
64.17003207098747
65.10506311114594
64.59011908426582
65.10104277354517
65.54967487660743
65.12260985304184
66.18571153076815
66.46847041385026
66.68162703923846
65.86967280389256
66.251145713932
66.24453291461622
68.08301661673882
68.71359049711688
67.41823124213742
67.17572772804101
66.27610791568557
66.99467478101784
66.67909132985395
65.41156123662671
65.0647446395583
67.31391868895766
67.6062644312718
67.6245752686665
67.49960870675955
68.3518959705379
66.8997471830397
65.13436090872302
66.22743351491644
67.60698482233725
67.31489961686978
67.76331175633703
66.63743569575009
66.17898500391104
66.37263172497534
66.10436433985761
66.91891867971178
68.16484250564827
66.65416818050478
65.02218065128203
64.6079571914105
65.00835739840684
65.7951102260314
66.13871032321315
65.45229246617873
65.44602324024918
64.78218222247374
65.16463424253072
65.16076019147064
64.66844459197418
65.41787703818713
66.92762221607518
64.80665946837871
65.72044896933495
68.7858401934499
68.08581709773667
68.02984124865517
67.68895028601487
68.44948063298317
66.52101736657715
66.00365461469963
64.94085023039045
65.19786291705915
65.79930877310305
67.02291093413025
66.94642488689604
64.71095930772184
65.34783127604278
65.60135518272031
65.64207524575758
66.46015901506726
67.65580599463914
67.70158508739884
66.2530593979836
67.38648844922412
68.03612237673141
66.69410746143248
66.45136351952485
66.31112710805664
64.65879955795418
66.22633445443637
66.6819487372914
64.49786045424844
64.5073780718669
65.24404510035751
66.3825228526799
67.03379126423727
67.30421235150315
67.12281636396786
68.0601759998789
68.56869387755405
68.98379345248985
66.73754146354736
66.59376641124017
65.1880647194231
66.54641011154804
68.23664955559319
66.56898612328158
66.29560093936871
67.44997220329182
67.29039667789708
67.64298184025922
68.77058801267654
67.98676813101073
66.98989402881179
67.89348824460706
68.17795301258283
66.04301602034347
65.33648398686832
67.48559880360871
68.30461306067245
68.81666408517208
67.2352070311303
66.98903965201579
68.16508429907172
68.77603876719586
68.0184961489285
68.16702762420542
68.89932276424138
67.41804640082921
67.83096701929308
67.73415245834173
67.35968764312251
68.51866404101371
68.80529044738519
65.96534436548792
66.14698417790899
67.7995919671122
67.65474275751912
66.22448292659092
64.95908004311738
64.27023176446153
63.662658654022096
64.70662927167655
65.642317806605
65.71483150381484
66.07793156164334
64.92083218282802
65.61291802746382
64.59620493121037
66.23566107402543
68.16476910874148
67.27986539057041
66.07636855429595
65.10592113474902
65.47390023282625
65.73292296565512
65.44072856180496
65.29764644391828
65.55043449022762
65.95199829319876
65.51354537566637
65.386721563219
66.20395809151874
65.44691340799841
65.74518559921898
65.22013316994943
66.28908643051663
68.03172293097458
67.37396831320436
66.27296448258627
64.78944153094909
65.99971507274337
65.39469922087032
65.50920633032419
66.34817835188281
67.03990837931899
67.70478981575707
65.05733844913478
63.435025845574856
64.9685328598831
67.24187496399189
66.17111874135098
65.47772641425607
65.95730004863293
66.82677550219297
67.89677378211998
65.58563625321774
64.47146384529029
65.14123649619044
65.26177535292
64.63952727031335
65.03705289527034
66.14868715489887
67.00202913811594
68.0290533268457
67.16120360218815
67.29136271463221
67.44782351718729
67.02493478530296
67.37954021272326
66.26495269879698
66.54057405131746
66.6362686908067
66.59741392418441
67.65636611348631
66.97357954466021
68.19811947859625
67.07495905946882
67.10593825050547
67.35813458803173
66.29851899429009
66.08611015289671
66.10507626534215
65.60722364067907
66.27128549679205
68.45474709205727
