478358.0
414837.0
344480.0
212519.0
212519.0
190370.0
81507.0
81507.0
25147.0
25147.0
25147.0
25147.0
17007.0
17007.0
12551.0
12551.0
12551.0
12551.0
12551.0
12551.0
12551.0
12551.0
12551.0
12551.0
11749.0
11335.0
11335.0
11335.0
11335.0
10378.0
10378.0
10378.0
10378.0
10378.0
10378.0
6121.0
6121.0
3696.0
3696.0
3696.0
3696.0
1980.0
1980.0
1980.0
1600.0
1475.0
1475.0
1475.0
1475.0
1475.0
1475.0
1475.0
1475.0
1475.0
1475.0
1475.0
1475.0
1475.0
1475.0
1475.0
1475.0
1475.0
1475.0
1475.0
1475.0
1295.0
995.0
995.0
995.0
995.0
995.0
995.0
995.0
995.0
995.0
995.0
995.0
995.0
995.0
995.0
995.0
995.0
995.0
995.0
995.0
995.0
995.0
995.0
995.0
995.0
995.0
995.0
995.0
995.0
995.0
995.0
995.0
995.0
995.0
995.0
995.0
995.0
995.0
995.0
995.0
995.0
705.0
705.0
705.0
705.0
705.0
705.0
705.0
705.0
705.0
705.0
705.0
705.0
705.0
705.0
705.0
705.0
705.0
705.0
705.0
705.0
705.0
705.0
705.0
705.0
705.0
705.0
705.0
705.0
705.0
705.0
705.0
705.0
705.0
705.0
705.0
705.0
705.0
705.0
705.0
705.0
705.0
705.0
705.0
705.0
705.0
705.0
275.0
275.0
275.0
275.0
275.0
275.0
275.0
275.0
275.0
275.0
275.0
275.0
275.0
275.0
275.0
275.0
275.0
275.0
275.0
275.0
275.0
275.0
275.0
275.0
275.0
275.0
275.0
275.0
275.0
275.0
275.0
275.0
275.0
275.0
275.0
275.0
275.0
275.0
275.0
275.0
275.0
275.0
275.0
275.0
275.0
275.0
275.0
275.0
275.0
275.0
275.0
275.0
275.0
275.0
275.0
275.0
275.0
275.0
275.0
275.0
275.0
275.0
275.0
275.0
275.0
275.0
275.0
275.0
275.0
275.0
275.0
275.0
275.0
275.0
275.0
275.0
275.0
275.0
275.0
275.0
275.0
275.0
275.0
275.0
275.0
275.0
275.0
275.0
275.0
275.0
275.0
275.0
275.0
275.0
275.0
275.0
275.0
275.0
275.0
275.0
275.0
275.0
275.0
275.0
275.0
275.0
275.0
275.0
275.0
275.0
275.0
275.0
275.0
275.0
275.0
275.0
275.0
275.0
275.0
275.0
275.0
275.0
275.0
275.0
275.0
275.0
275.0
275.0
275.0
275.0
275.0
275.0
275.0
275.0
275.0
275.0
275.0
275.0
275.0
275.0
275.0
275.0
275.0
275.0
275.0
275.0
275.0
275.0
275.0
275.0
275.0
275.0
275.0
275.0
275.0
275.0
275.0
275.0
275.0
275.0
275.0
275.0
275.0
275.0
275.0
275.0
275.0
275.0
275.0
275.0
275.0
275.0
275.0
275.0
275.0
275.0
275.0
275.0
275.0
275.0
275.0
275.0
275.0
275.0
275.0
275.0
275.0
275.0
275.0
275.0
275.0
275.0
275.0
275.0
275.0
275.0
275.0
275.0
275.0
185.0
185.0
185.0
185.0
185.0
185.0
185.0
0.0
0.0
0.0
0.0
0.0
0.0
0.0
0.0
0.0
0.0
0.0
0.0
0.0
0.0
0.0
0.0
0.0
0.0
0.0
0.0
0.0
0.0
0.0
0.0
0.0
0.0
0.0
0.0
0.0
0.0
0.0
0.0
0.0
0.0
0.0
0.0
0.0
0.0
0.0
0.0
0.0
0.0
0.0
0.0
0.0
0.0
0.0
0.0
0.0
0.0
0.0
0.0
0.0
0.0
0.0
0.0
0.0
0.0
0.0
0.0
0.0
0.0
0.0
0.0
0.0
0.0
0.0
0.0
0.0
0.0
0.0
0.0
0.0
0.0
0.0
0.0
0.0
0.0
0.0
0.0
0.0
0.0
0.0
0.0
0.0
0.0
0.0
0.0
0.0
0.0
0.0
0.0
0.0
0.0
0.0
0.0
0.0
0.0
0.0
0.0
0.0
0.0
0.0
0.0
0.0
0.0
0.0
0.0
0.0
0.0
0.0
0.0
0.0
0.0
0.0
0.0
0.0
0.0
0.0
0.0
0.0
0.0
0.0
0.0
0.0
0.0
0.0
0.0
0.0
0.0
0.0
0.0
0.0
0.0
0.0
0.0
0.0
0.0
0.0
0.0
0.0
0.0
0.0
