783417.6333333333
645381.55
566700.8333333334
557566.5166666667
508819.9
472785.2833333333
502758.06666666665
436188.4666666667
476715.7
429567.43333333335
457449.68333333335
414528.7833333333
435625.2166666667
345158.88333333336
356918.48333333334
400916.15
400185.8
349983.36666666664
370702.88333333336
396620.75
386958.1666666667
389647.4666666667
410028.3333333333
432983.9666666667
402304.4166666667
425541.85
395237.26666666666
404538.9
403588.4166666667
411367.1
401476.05
399700.15
434213.81666666665
383962.1
443825.93333333335
408194.7166666667
405570.0833333333
403275.06666666665
410777.4166666667
375464.1
440535.7
444002.05
363328.45
311864.13333333336
351681.0833333333
355502.65
397076.13333333336
411084.18333333335
383270.88333333336
384702.45
383795.88333333336
341574.35
397693.2833333333
398893.31666666665
411281.88333333336
386488.6666666667
381960.11666666664
342892.76666666666
369552.61666666664
336342.06666666665
348679.68333333335
347870.5833333333
382816.73333333334
364089.06666666665
367256.9666666667
358571.18333333335
376371.6
349841.9
403660.13333333336
399657.5333333333
375016.7166666667
356508.9666666667
389195.55
378066.48333333334
414190.6
423623.75
418911.8
404221.68333333335
403494.76666666666
371393.31666666665
412816.0
378810.25
375068.7833333333
381134.81666666665
386008.31666666665
407824.01666666666
410074.86666666664
414318.3
417993.13333333336
432738.81666666665
432212.2833333333
434130.01666666666
417507.55
420238.2166666667
426919.81666666665
437469.31666666665
447419.61666666664
407051.5333333333
403573.01666666666
437554.38333333336
423295.68333333335
427350.15
438059.7166666667
425123.9
437011.85
442345.25
426666.0833333333
438046.73333333334
436562.31666666665
431298.11666666664
432185.06666666665
421743.01666666666
419457.55
396931.88333333336
397805.11666666664
408617.9
435471.51666666666
387164.7
405169.2166666667
405389.0833333333
408092.7833333333
390836.13333333336
403886.6666666667
400851.18333333335
424587.7833333333
421549.35
399389.5833333333
338740.45
367972.05
365001.86666666664
348412.56666666665
339427.01666666666
330100.2833333333
362636.9666666667
342169.2833333333
353487.2833333333
378877.36666666664
368569.5
353628.63333333336
348591.36666666664
363456.2166666667
350315.0
355745.36666666664
342034.8
349756.95
371590.5833333333
356220.88333333336
350643.7
364859.56666666665
366307.01666666666
372676.55
384142.85
395088.15
396445.2833333333
392833.36666666664
386160.5333333333
410501.86666666664
398607.36666666664
403136.11666666664
373375.11666666664
370843.06666666665
358928.76666666666
400909.3333333333
413556.76666666666
374916.11666666664
374156.9666666667
367769.86666666664
392197.81666666665
394564.5833333333
403553.4
380387.5333333333
405861.5833333333
394351.2166666667
383754.01666666666
374370.1
417630.9666666667
406060.4
387689.36666666664
410631.73333333334
397884.85
409692.26666666666
406392.2833333333
405677.9
407185.1
413470.05
427196.5333333333
426430.01666666666
434533.48333333334
427546.6666666667
396452.6666666667
407130.31666666665
408543.6
400481.15
398021.5833333333
402639.63333333336
390634.98333333334
381973.68333333335
380945.7833333333
385536.9
391942.4
394340.5833333333
397727.23333333334
397315.85
375499.4
380382.7
381815.88333333336
373553.13333333336
374743.9666666667
378110.35
382749.26666666666
393403.9166666667
401501.3
396621.4666666667
374897.93333333335
374702.4
383150.65
364672.51666666666
369643.5333333333
380748.4166666667
385687.7
380249.4
363066.18333333335
369604.3
358549.36666666664
364691.26666666666
367599.95
367965.7166666667
369191.98333333334
376228.65
354884.75
358928.2
355231.4666666667
370820.98333333334
360393.88333333336
358616.01666666666
360385.0333333333
344216.5333333333
344037.1
341121.01666666666
343247.48333333334
357585.7833333333
377666.18333333335
370561.3
371418.73333333334
359278.6666666667
365317.15
365193.86666666664
359879.86666666664
365269.95
356416.0833333333
368958.0
364595.68333333335
370489.56666666665
374245.3
365725.36666666664
378506.1666666667
363272.88333333336
363243.45
366479.48333333334
361434.9166666667
354219.3333333333
373678.0333333333
375920.3333333333
384100.23333333334
380539.9666666667
382559.9166666667
374885.4166666667
359116.85
363333.36666666664
358042.48333333334
376560.0
374700.0333333333
382053.1
375853.13333333336
380634.7833333333
429466.0
412563.6666666667
420411.73333333334
418968.5
424626.7833333333
430998.0833333333
427973.51666666666
430593.55
421708.06666666665
410208.23333333334
370273.76666666666
379578.93333333335
379472.81666666665
379327.81666666665
380810.18333333335
389322.18333333335
388845.15
394304.45
374804.9666666667
376325.68333333335
386856.85
370805.1666666667
399854.4166666667
366237.05
366237.05
378927.0333333333
384850.06666666665
392981.1666666667
390881.55
401496.15
402830.36666666664
411437.06666666665
423418.8333333333
432077.0833333333
411115.73333333334
382705.75
395000.7
389630.5833333333
411012.06666666665
396672.68333333335
410512.88333333336
422029.86666666664
422282.9166666667
421114.43333333335
407888.95
391894.98333333334
397291.7
391819.31666666665
392796.86666666664
378821.25
394413.95
381797.23333333334
367487.45
378833.55
373537.3333333333
384221.9666666667
369348.36666666664
350504.93333333335
366325.86666666664
372235.26666666666
358021.2833333333
374945.01666666666
383903.9
374085.7
366410.9166666667
377595.51666666666
386072.25
407874.1666666667
388636.88333333336
392787.8333333333
370561.35
402843.01666666666
377138.1666666667
348278.76666666666
331899.15
344353.06666666665
350081.98333333334
353652.65
361094.2
361866.93333333335
316766.61666666664
348118.5333333333
347751.55
371436.0333333333
360370.65
367418.81666666665
345380.8
339766.4
348700.63333333336
367245.5833333333
347481.48333333334
357786.0833333333
354738.5833333333
359386.93333333335
362792.4666666667
375392.0
376670.26666666666
384573.7833333333
396838.6
390343.2
395792.0
403998.23333333334
394538.1
405648.8333333333
409638.1666666667
421008.4666666667
392415.13333333336
374867.06666666665
378969.85
421019.6
410142.25
402323.56666666665
409340.73333333334
435309.9666666667
434403.4166666667
428935.7166666667
444751.05
434485.9
434525.7833333333
434435.11666666664
448221.8333333333
448173.7833333333
441072.0
433221.4166666667
463996.35
464679.23333333334
475163.5333333333
474423.43333333335
475140.3333333333
474457.8
473263.81666666665
453334.7166666667
472483.8333333333
455770.06666666665
466726.7
468927.8
448248.81666666665
446856.1666666667
428691.0
428691.0
426247.7833333333
439222.11666666664
428615.48333333334
430315.86666666664
425713.73333333334
444415.93333333335
428499.0
428785.2166666667
427741.45
431948.01666666666
429370.4166666667
429475.23333333334
440170.85
428992.1666666667
431127.0333333333
374263.76666666666
384649.98333333334
395255.2833333333
420241.6666666667
420461.85
418849.88333333336
416740.88333333336
445654.11666666664
463852.0833333333
430517.0333333333
433580.1
442761.86666666664
447544.98333333334
453620.5833333333
429185.98333333334
450090.6666666667
461358.85
450463.63333333336
476026.88333333336
485587.7166666667
485454.86666666664
491959.38333333336
485194.51666666666
484830.2166666667
483733.56666666665
473191.76666666666
464995.13333333336
458242.5833333333
449093.4666666667
439236.9
432326.81666666665
436236.8
451241.63333333336
462309.43333333335
445947.55
443787.65
441233.05
441162.7833333333
441060.68333333335
431556.2
440685.35
447814.6666666667
438760.48333333334
432415.2833333333
442602.4166666667
435431.31666666665
439653.88333333336
428521.0833333333
418954.73333333334
440341.8333333333
423665.93333333335
439865.0333333333
438018.55
445230.5333333333
425156.4
392006.31666666665
394215.4666666667
383404.0
393872.01666666666
383847.68333333335
411127.8333333333
436414.65
450637.93333333335
454291.4
433232.43333333335
444214.3333333333
465214.98333333334
476195.85
465140.7166666667
464707.9
471837.4
