879872.6642857143
734166.6714285715
614027.55
583624.8285714285
550734.7928571429
520546.7428571429
488476.9285714286
532840.0571428571
432100.47857142857
543776.8285714285
477906.2357142857
519374.82857142854
455390.3
465974.89285714284
451858.64285714284
423688.3357142857
433810.45714285714
493619.9428571428
471206.6
466051.29285714286
497231.39285714284
445127.9357142857
460340.5071428571
451860.65714285715
488729.7642857143
447532.02142857143
488196.67142857146
399552.8071428572
480587.2642857143
471274.6142857143
492548.5142857143
444249.54285714286
462074.3714285714
507768.07857142854
451856.3357142857
480993.6142857143
516910.2571428571
439038.8785714286
477018.1857142857
495043.5142857143
440145.95
472996.40714285715
484144.0071428571
448094.2
389992.4142857143
411976.46428571426
420395.27142857143
436868.6642857143
445062.8857142857
434134.15
471028.8642857143
476076.5
420296.7357142857
445001.29285714286
426159.0642857143
458623.1928571428
424888.72857142857
437796.4
446911.77142857143
486468.0642857143
450134.14285714284
434423.57857142854
449235.9142857143
497194.89285714284
453378.3642857143
451191.27857142856
423150.2
464874.03571428574
402430.4
435234.8214285714
470925.79285714286
423764.20714285714
450617.6142857143
467067.9142857143
442214.10714285716
427776.97857142857
488916.09285714285
486718.1
464796.0071428571
498027.1
419503.4285714286
457017.92142857146
469144.22142857144
472046.2357142857
444053.54285714286
433520.5142857143
492312.15714285715
434369.45
484278.7357142857
502108.1
474771.03571428574
502414.03571428574
506504.52857142856
498785.22142857144
516058.7
477256.14285714284
460380.8214285714
512204.6857142857
468732.3857142857
459754.4357142857
477541.95
475345.8714285714
480750.79285714286
513416.6857142857
478729.1142857143
519833.1642857143
459880.47142857144
477971.3142857143
475537.9928571429
494134.0642857143
473429.75
458054.03571428574
474321.1214285714
480345.9
479788.4857142857
449795.65
494213.5714285714
463906.3
463426.6857142857
455578.6357142857
468293.6642857143
447276.95
464768.3214285714
456543.14285714284
454065.4857142857
498662.0571428572
482920.7357142857
468892.95714285714
415788.97142857144
422273.1857142857
446636.8071428572
444449.65714285715
443839.2428571429
382812.2
423498.70714285714
379754.8785714286
442002.29285714286
460329.42142857146
401540.8
447011.97857142857
416761.21428571426
419508.8857142857
396290.2
413360.6
422985.2428571429
384336.4
451632.75
403119.9357142857
409381.77857142856
395856.3714285714
420932.3071428572
422721.46428571426
463548.8785714286
448597.6285714286
496142.1785714286
437874.85
422064.97857142857
474212.03571428574
438546.97857142857
493310.46428571426
418508.0714285714
469845.7
429199.0571428572
469376.46428571426
465563.71428571426
410595.5857142857
412506.22857142857
419367.9142857143
446389.21428571426
422860.8785714286
463495.90714285715
428430.6214285714
439445.82857142854
467103.57857142854
461344.04285714286
415154.15
485442.95
495087.32857142854
455360.55
482914.3357142857
460248.04285714286
461853.15
457796.8714285714
492309.85
487551.78571428574
455892.97857142857
471889.34285714285
484586.27142857143
460968.2642857143
463752.7571428571
447310.1285714286
436103.3785714286
478941.95714285714
442489.3714285714
417733.7357142857
424717.57857142854
463896.7642857143
485290.52142857143
430128.1142857143
431976.3142857143
435105.27142857143
413301.3357142857
446858.7
463731.8714285714
403528.52142857143
431704.5571428572
459787.21428571426
479516.6214285714
448938.6357142857
457540.8714285714
453417.8857142857
442406.75
441647.47857142857
452060.3357142857
426989.4285714286
439680.65
442414.47857142857
469068.1642857143
456830.57857142854
415173.9357142857
438101.4928571429
481703.5714285714
447195.1
475629.46428571426
416301.0071428571
442610.6785714286
441308.8214285714
434110.5071428571
429734.3357142857
450640.85714285716
423854.65
418497.9857142857
418948.59285714285
387683.20714285714
440447.17142857146
413702.6928571428
424803.15
464155.8071428572
429432.22142857144
430913.8857142857
389042.35
444069.4357142857
447449.07857142854
414316.1857142857
420800.5071428571
376670.8857142857
433713.6285714286
440984.46428571426
436062.14285714284
407729.77142857143
405867.65
427296.71428571426
431338.4357142857
395792.4285714286
453214.46428571426
461323.35
442940.57857142854
406988.71428571426
397692.21428571426
473373.45
424668.05
394220.32857142854
436649.5
416995.7357142857
474328.0571428572
432868.9928571429
471008.6642857143
411487.45714285714
459169.75
447945.10714285716
409271.5642857143
441816.60714285716
487918.3714285714
445502.8857142857
430920.1642857143
415622.52857142856
470031.6
461815.14285714284
465985.29285714286
474302.7571428571
465033.3785714286
484228.67142857146
523691.6642857143
459439.1857142857
454220.4142857143
457830.04285714286
424504.5071428571
422686.96428571426
451021.22857142857
445084.15714285715
436979.3357142857
486292.53571428574
432092.7
453282.96428571426
403957.34285714285
460179.6214285714
480426.14285714284
454822.65714285715
450622.22857142857
454711.34285714285
431118.0142857143
450867.79285714286
444747.78571428574
458220.3714285714
478353.95
452846.97142857144
481598.9928571429
447656.3071428572
486043.6857142857
475058.95714285714
500833.07857142854
493529.4357142857
510821.42142857146
472864.3714285714
461026.7
456018.21428571426
434474.77142857143
483433.5
494317.10714285716
433182.34285714285
449571.1857142857
416034.92142857146
440153.8142857143
429363.90714285715
471330.25
439228.70714285714
430615.4
476972.3642857143
418041.1928571428
445676.5142857143
444141.53571428574
403562.6928571428
428945.60714285716
414795.6285714286
430734.6214285714
433985.59285714285
427713.64285714284
418168.40714285715
453841.85714285716
454198.7357142857
413552.1214285714
463079.32857142854
442878.8714285714
483107.5142857143
441239.0642857143
477917.9857142857
412587.6857142857
489624.47857142857
452476.1642857143
362712.3642857143
404650.3714285714
414317.4142857143
403222.0
413747.2357142857
392834.45714285714
410803.4857142857
375176.21428571426
414828.6785714286
402095.0142857143
502791.22857142857
408499.59285714285
418933.10714285716
432489.9857142857
489981.8642857143
439229.2571428571
467053.4285714286
439940.0142857143
434171.15714285715
443973.1857142857
426401.72142857144
444118.9285714286
450959.6214285714
440082.6642857143
451153.1928571428
468198.8214285714
484965.5714285714
450921.72142857144
504341.9357142857
467248.8357142857
503554.3857142857
438722.85
451724.77142857143
436525.82857142854
456005.39285714284
440032.82857142854
530725.6928571429
474254.8785714286
509362.7357142857
473136.0714285714
492475.04285714286
516145.4
469607.39285714284
515656.3357142857
500433.1642857143
529836.3714285714
486548.79285714286
534193.7642857142
509772.65
472697.0857142857
504105.3714285714
532812.9642857143
544733.6571428571
483129.6928571428
544777.9928571428
531804.1571428571
507304.65
544400.5714285715
531783.0642857143
523127.0071428571
485783.3142857143
490069.15
471461.1142857143
495815.54285714286
505041.20714285714
467560.03571428574
511791.02857142856
510966.6642857143
499881.85714285716
480891.6785714286
484810.5571428572
455533.77857142856
479321.7642857143
487940.42142857146
486896.5071428571
511681.0571428572
509074.7357142857
509837.77857142856
507046.97857142857
519918.6642857143
511544.84285714285
510013.72142857144
492447.4142857143
470365.15
461702.4142857143
506188.65
511254.02857142856
491833.17142857146
475622.17142857146
452665.27142857143
494073.25
486909.9142857143
495074.65714285715
523412.5857142857
482114.1
519539.5642857143
489007.34285714285
511608.15
566291.7071428571
499186.3357142857
543626.1785714285
561659.0642857143
481918.3857142857
528292.6357142857
525520.1785714285
506047.4928571429
534692.55
534501.1785714285
522230.97142857144
543204.0285714286
532187.4642857143
533104.9428571429
491244.1928571428
491981.9357142857
528076.6214285714
507807.6857142857
473983.17142857146
527122.0142857142
546328.9071428571
517730.7571428571
547732.0571428571
478867.0571428572
529423.9357142857
452322.5571428572
504913.42142857146
509891.95714285714
477392.27857142856
531288.1785714285
524501.6571428571
521457.6285714286
465274.85714285716
478743.54285714286
457630.1142857143
490044.2642857143
499211.70714285714
514291.4
487027.17142857146
443241.7
472386.22857142857
449894.4
486000.47142857144
412485.4
459570.85714285716
495208.42142857146
485191.92142857146
533607.7357142858
493377.45714285714
455796.3857142857
481539.72857142857
524492.0214285714
537941.1071428572
527154.9785714286
