1312007.0
1222889.0
985096.0
905668.0
828712.0
869931.0
874348.0
839201.0
822626.0
876026.0
856476.0
885218.0
821236.0
856052.0
858078.0
911756.0
961689.0
893075.0
985782.0
863371.0
832749.0
862853.0
856797.0
803099.0
925624.0
814500.0
854000.0
908709.0
875791.0
834466.0
843052.0
858191.0
908530.0
878015.0
783599.0
820006.0
899208.0
939462.0
961570.0
839772.0
838764.0
827063.0
824110.0
962860.0
835340.0
817495.0
845572.0
852133.0
842200.0
805266.0
818276.0
895041.0
834346.0
870716.0
837023.0
967742.0
807063.0
1013811.0
924321.0
961677.0
841059.0
910070.0
894094.0
891302.0
937535.0
932130.0
802849.0
920176.0
898752.0
855936.0
912894.0
837152.0
985644.0
891631.0
816941.0
907565.0
851001.0
915759.0
910078.0
843593.0
827843.0
906979.0
849643.0
934314.0
862098.0
850573.0
915945.0
772568.0
859265.0
812605.0
858733.0
954406.0
874954.0
914185.0
905723.0
828677.0
986864.0
776267.0
916426.0
807692.0
906821.0
854274.0
905613.0
798265.0
843469.0
905209.0
958435.0
1005672.0
914258.0
849960.0
869031.0
885855.0
794678.0
985610.0
920830.0
833088.0
893984.0
896685.0
769725.0
930878.0
855470.0
749098.0
859252.0
797686.0
906376.0
915015.0
871448.0
979736.0
757076.0
833252.0
865400.0
878813.0
890903.0
863662.0
867833.0
829875.0
797014.0
908447.0
926821.0
873200.0
1001987.0
903677.0
825097.0
864573.0
969774.0
930049.0
825194.0
958790.0
888551.0
762022.0
785196.0
883832.0
919929.0
867810.0
872087.0
910151.0
743492.0
897576.0
922592.0
847491.0
818705.0
875838.0
957407.0
934705.0
865274.0
794046.0
782421.0
891134.0
968192.0
829038.0
820928.0
779205.0
854599.0
888645.0
863225.0
853524.0
831430.0
895238.0
789016.0
948597.0
874037.0
923719.0
925254.0
979226.0
999961.0
888140.0
955688.0
826924.0
790457.0
858132.0
854244.0
807010.0
894187.0
906462.0
904751.0
837107.0
908481.0
884878.0
894187.0
829950.0
836868.0
829509.0
923208.0
883762.0
812056.0
893511.0
799652.0
861432.0
932220.0
884080.0
859018.0
839608.0
866653.0
892138.0
851786.0
834574.0
814464.0
865991.0
932930.0
845499.0
895668.0
847438.0
790475.0
922658.0
840059.0
854482.0
901270.0
905116.0
940291.0
831634.0
866015.0
870209.0
844748.0
900275.0
896041.0
890547.0
866305.0
914509.0
882952.0
845792.0
790256.0
837794.0
860849.0
838693.0
842221.0
847171.0
860160.0
858786.0
860256.0
934691.0
824273.0
825441.0
871237.0
836641.0
859909.0
957836.0
992575.0
891412.0
768523.0
796815.0
845189.0
817813.0
891578.0
860112.0
824390.0
825931.0
1056559.0
977778.0
905434.0
845224.0
872255.0
940994.0
856866.0
941359.0
807239.0
920731.0
946778.0
824574.0
867149.0
826198.0
908479.0
841607.0
934115.0
881577.0
1006127.0
943261.0
832854.0
848655.0
941338.0
832052.0
902491.0
868801.0
960827.0
862320.0
890919.0
907738.0
942071.0
980708.0
964072.0
927971.0
920147.0
876476.0
909503.0
883999.0
840352.0
800202.0
910733.0
1019056.0
868801.0
832169.0
895862.0
1025121.0
967879.0
936848.0
894761.0
895575.0
936515.0
895848.0
827149.0
972824.0
890498.0
834744.0
867083.0
844942.0
993201.0
814864.0
851584.0
938796.0
827732.0
814629.0
830020.0
895571.0
979243.0
828854.0
904086.0
893173.0
869799.0
921700.0
810117.0
936072.0
965590.0
880564.0
856497.0
942903.0
897121.0
955722.0
890513.0
930622.0
860063.0
816800.0
908429.0
844058.0
872679.0
921196.0
883975.0
891650.0
921895.0
891828.0
862868.0
861173.0
940055.0
867083.0
910331.0
997083.0
839985.0
898331.0
965934.0
864484.0
917253.0
919757.0
899076.0
862857.0
971138.0
952826.0
944876.0
909885.0
941779.0
872891.0
927741.0
986453.0
881993.0
791547.0
824246.0
907133.0
907286.0
876478.0
895170.0
834477.0
881209.0
857737.0
989692.0
839339.0
865785.0
910635.0
974495.0
949295.0
937117.0
865094.0
855302.0
841982.0
872891.0
849959.0
919089.0
935060.0
871314.0
825325.0
957049.0
988474.0
834377.0
935156.0
976850.0
899072.0
975142.0
925769.0
817668.0
852964.0
976100.0
883348.0
858199.0
901562.0
833227.0
943091.0
935093.0
942930.0
891673.0
965934.0
907470.0
983100.0
908512.0
924000.0
909161.0
953923.0
836928.0
879532.0
912413.0
983176.0
927585.0
868434.0
910689.0
895137.0
798367.0
948768.0
969348.0
1052568.0
929747.0
970722.0
906885.0
864619.0
968303.0
921482.0
941159.0
961177.0
965934.0
909813.0
878506.0
856133.0
861760.0
901015.0
911498.0
945138.0
896585.0
915152.0
973537.0
939283.0
782506.0
892115.0
819602.0
882463.0
871672.0
936568.0
925183.0
837162.0
888635.0
945615.0
985700.0
866984.0
959365.0
967943.0
904817.0
988298.0
915314.0
953423.0
893288.0
991475.0
966057.0
883718.0
920679.0
860534.0
839281.0
911066.0
975166.0
922003.0
884564.0
960858.0
911776.0
841573.0
868569.0
858772.0
962303.0
860506.0
956212.0
