28.44688237008771
28.53952520802741
35.60217809096733
38.06058806058805
37.29980781550288
39.127754661735246
39.127754661735246
39.57816377171216
39.57816377171216
39.57816377171216
41.137894363700816
41.137894363700816
41.19106699751861
41.74051754696916
41.74051754696916
41.74051754696916
41.74051754696916
41.74051754696916
41.74051754696916
41.74051754696916
41.74051754696916
41.74051754696916
41.74051754696916
41.74051754696916
41.74051754696916
41.74051754696916
41.74051754696916
41.74051754696916
51.097852028639615
51.097852028639615
51.097852028639615
51.097852028639615
51.097852028639615
51.097852028639615
51.097852028639615
51.097852028639615
51.097852028639615
52.315035799522676
52.315035799522676
46.37526652452025
52.315035799522676
52.315035799522676
52.315035799522676
52.315035799522676
52.315035799522676
52.315035799522676
52.315035799522676
52.315035799522676
52.315035799522676
52.315035799522676
52.315035799522676
52.315035799522676
52.315035799522676
52.315035799522676
55.178147268408544
55.178147268408544
55.178147268408544
52.315035799522676
52.315035799522676
52.315035799522676
52.315035799522676
52.315035799522676
52.315035799522676
52.315035799522676
52.315035799522676
52.315035799522676
52.315035799522676
52.315035799522676
52.315035799522676
52.315035799522676
52.315035799522676
52.315035799522676
52.315035799522676
52.315035799522676
52.315035799522676
52.315035799522676
52.315035799522676
52.315035799522676
52.315035799522676
52.315035799522676
52.315035799522676
52.315035799522676
52.315035799522676
52.315035799522676
52.315035799522676
52.315035799522676
52.6715945089757
52.315035799522676
55.178147268408544
52.315035799522676
52.315035799522676
52.315035799522676
52.315035799522676
52.315035799522676
52.315035799522676
52.315035799522676
52.315035799522676
52.315035799522676
52.315035799522676
52.315035799522676
52.315035799522676
52.315035799522676
52.315035799522676
52.315035799522676
52.315035799522676
52.315035799522676
52.315035799522676
52.315035799522676
52.315035799522676
52.315035799522676
52.315035799522676
52.315035799522676
52.315035799522676
52.315035799522676
52.315035799522676
52.315035799522676
52.315035799522676
52.315035799522676
52.315035799522676
52.315035799522676
52.315035799522676
52.315035799522676
52.315035799522676
52.315035799522676
52.315035799522676
52.315035799522676
52.315035799522676
52.315035799522676
52.315035799522676
52.315035799522676
52.315035799522676
52.315035799522676
52.315035799522676
52.315035799522676
52.315035799522676
52.315035799522676
52.315035799522676
52.315035799522676
52.315035799522676
52.315035799522676
52.315035799522676
52.315035799522676
52.315035799522676
52.315035799522676
50.70754716981132
50.70754716981132
50.70754716981132
50.70754716981132
50.70754716981132
51.50943396226414
51.50943396226414
51.50943396226414
51.50943396226414
51.50943396226414
51.50943396226414
51.50943396226414
51.50943396226414
51.50943396226414
51.50943396226414
51.50943396226414
51.50943396226414
51.50943396226414
51.50943396226414
51.50943396226414
51.50943396226414
51.50943396226414
51.50943396226414
51.50943396226414
51.50943396226414
51.50943396226414
51.50943396226414
51.50943396226414
51.50943396226414
52.7122641509434
46.37526652452025
52.315035799522676
52.315035799522676
52.315035799522676
52.315035799522676
52.315035799522676
52.315035799522676
52.315035799522676
52.315035799522676
52.315035799522676
52.315035799522676
52.315035799522676
52.315035799522676
52.315035799522676
52.315035799522676
52.315035799522676
52.315035799522676
52.315035799522676
52.315035799522676
52.315035799522676
52.315035799522676
52.315035799522676
52.315035799522676
52.315035799522676
52.315035799522676
52.315035799522676
52.315035799522676
