27.77777777777778
28.44688237008771
28.53952520802741
34.360986547085204
34.5181621035511
36.846357226792
39.00582176444245
35.75517993456925
35.114934423917646
35.76881134133043
35.114934423917646
38.03359531514871
38.35758835758835
31.947843377179563
41.4050822122571
36.232279171210465
37.52402306213965
36.08799887180934
33.31515812431843
41.74051754696916
41.54555122297057
38.35721991061797
41.74051754696916
41.74051754696916
41.74051754696916
38.52093852093852
40.918866080156405
40.777486286668264
40.777486286668264
46.064481747934984
45.56297709923665
44.03398243604429
42.09081309398099
43.397117883297895
39.049394221808015
41.96009389671362
41.47158863545419
38.13140726933831
40.27493010251631
43.0623020063358
42.51867662753468
45.86134453781513
43.79429789501732
40.87370242214533
43.26943556975505
42.6022176022176
43.79429789501732
41.89714894750866
39.683002722676
43.39405560882071
45.64377682403433
41.89714894750866
44.630281690140855
43.79429789501732
44.815618221258134
47.59389671361502
42.706552706552706
44.97261345852895
41.55970439517697
43.729235880398676
42.561436672967865
42.7498001598721
40.406427221172024
42.645956079271556
43.07892628205128
43.573667711598745
45.20992366412214
43.33706606942889
43.52142110762801
41.301044634377966
42.04589653831194
42.645956079271556
41.301044634377966
43.2672737011248
40.406427221172024
40.406427221172024
44.007561436672965
44.39638027048529
41.89714894750866
42.027281279397926
42.027281279397926
44.12596987676859
42.926013380558835
42.89224952741021
40.406427221172024
40.406427221172024
40.406427221172024
43.381843381843375
44.26439232409382
44.92385786802031
44.16844349680171
45.16196447230929
44.637526652452024
44.82758620689655
45.5808325266215
44.637526652452024
40.406427221172024
43.39751069622715
41.41293532338308
43.37366892545983
42.7784336875246
43.37366892545983
43.37366892545983
44.190419635787805
44.88974113135187
44.75877192982456
44.12596987676859
45.21945088940449
44.54890788224122
45.718287314925966
43.08831036242981
44.54890788224122
42.70373921380632
45.46318527410964
43.37366892545983
43.78958828186857
42.70373921380632
39.79968883702839
42.22632984185664
43.48747591522158
42.58868648130393
43.742911153119096
42.58868648130393
44.472934472934476
43.76890502117362
43.77486077963405
42.70373921380632
44.06520882584712
45.123879810226676
44.75496152288377
44.04558404558405
45.35905680600214
43.33652924256951
46.097046413502106
44.729344729344724
39.566115702479344
43.64060676779463
42.81101614434947
45.598591549295776
44.53425332676195
44.54890788224122
43.840653728294185
44.93838429940666
43.64063969896519
41.965552178318134
44.48779511804722
45.0650759219089
44.63517214397496
43.77912867274569
44.05043341213553
42.81101614434947
44.97625830959164
43.622848200312994
44.93838429940666
43.79890453834116
43.960914677143144
41.11300639658849
44.07801418439717
45.29712711530893
42.56410256410256
49.69465648854962
46.097046413502106
46.097046413502106
44.90405117270789
45.35905680600214
44.90405117270789
42.30769230769231
41.71150841867732
43.2856865033061
41.03989242492156
43.66683095120749
43.66683095120749
43.66683095120749
43.694087903539476
41.6715003866976
43.774168600154674
45.30245746691871
45.27718550106609
45.92190889370933
45.94882729211087
44.38934266822249
43.2089552238806
39.17917917917918
41.257088846880904
42.70373921380632
41.98009950248757
45.069605568445475
45.630970336852684
42.70373921380632
40.918866080156405
45.27718550106609
40.918866080156405
42.84713885554222
40.918866080156405
42.81101614434947
41.06549364613881
41.06549364613881
44.54890788224122
41.06549364613881
41.95678271308523
42.228739002932556
