62666.03571428572
45351.17857142857
42487.392857142855
37939.642857142855
37539.96428571428
27617.214285714286
36246.53571428572
31988.5
35725.67857142857
33565.607142857145
34733.92857142857
37445.82142857143
34929.107142857145
43383.53571428572
38372.96428571428
37508.78571428572
35718.28571428572
37182.857142857145
37182.96428571428
41868.28571428572
40720.57142857143
42010.75
43196.96428571428
45193.392857142855
44474.32142857143
38250.607142857145
36662.25
33707.392857142855
32796.42857142857
40373.78571428572
40107.03571428572
38920.107142857145
39083.57142857143
40669.892857142855
35972.17857142857
34174.0
28586.75
35032.03571428572
32346.071428571428
37037.392857142855
31648.39285714286
40119.71428571428
39670.142857142855
39675.57142857143
40029.607142857145
37541.642857142855
34213.5
33678.607142857145
29258.178571428572
32661.10714285714
35027.92857142857
33455.75
32123.714285714286
33981.0
34929.53571428572
39836.96428571428
40406.92857142857
38892.03571428572
37821.42857142857
36774.46428571428
35591.21428571428
35452.82142857143
35632.75
38983.03571428572
39853.67857142857
37951.0
40743.71428571428
35724.07142857143
34709.71428571428
36547.42857142857
32191.428571428572
32122.25
29132.964285714286
28790.928571428572
31871.428571428572
35161.25
34673.5
34357.107142857145
37547.392857142855
34200.142857142855
29414.321428571428
29457.178571428572
27530.75
27324.071428571428
30219.571428571428
28608.464285714286
31426.714285714286
33228.21428571428
28936.178571428572
34286.892857142855
35694.42857142857
35322.107142857145
35853.5
34777.892857142855
33199.07142857143
32362.071428571428
28263.25
27145.10714285714
28943.35714285714
28427.0
29468.535714285714
29863.10714285714
30334.678571428572
27968.0
30918.714285714286
27794.321428571428
31067.678571428572
28377.714285714286
31062.428571428572
33651.92857142857
32296.14285714286
30217.928571428572
31857.178571428572
27158.25
29378.85714285714
33772.96428571428
34969.5
32545.464285714286
28002.321428571428
34931.607142857145
33574.82142857143
32362.64285714286
29389.35714285714
29202.25
28222.464285714286
28679.75
24421.678571428572
29031.714285714286
29853.821428571428
31373.714285714286
28059.0
32505.25
36693.392857142855
35070.5
33787.53571428572
30828.821428571428
33135.82142857143
31268.85714285714
31492.5
30202.035714285714
34078.82142857143
31631.928571428572
36349.75
33402.142857142855
26488.25
26371.428571428572
29299.928571428572
26487.785714285714
30879.035714285714
27381.428571428572
29659.60714285714
33006.71428571428
32521.39285714286
34845.392857142855
32529.14285714286
29710.535714285714
29366.821428571428
30256.321428571428
34740.03571428572
35377.28571428572
40754.857142857145
39250.07142857143
39310.71428571428
36259.07142857143
36526.607142857145
33785.857142857145
30063.464285714286
29967.035714285714
26995.785714285714
28241.89285714286
31497.464285714286
27666.178571428572
26789.89285714286
30686.464285714286
31505.678571428572
34368.892857142855
35380.607142857145
36427.07142857143
34467.642857142855
28741.928571428572
26750.214285714286
29347.785714285714
31284.964285714286
29584.14285714286
26841.89285714286
27950.25
31309.678571428572
30524.285714285714
25866.464285714286
27533.428571428572
30840.64285714286
31532.214285714286
30998.89285714286
30902.464285714286
33136.46428571428
28850.071428571428
32114.678571428572
30183.35714285714
25969.178571428572
25990.214285714286
26848.0
