39.99684325078711
39.198839180905175
44.37307761896145
45.236761869205395
45.236761869205395
42.59385665529011
44.987216563980056
44.57972556320615
44.80120540487995
42.612950111568296
42.612950111568296
46.895263845290195
46.895263845290195
46.895263845290195
46.895263845290195
45.39107332624867
45.39107332624867
45.39107332624867
46.6971032745592
46.6971032745592
46.6971032745592
46.485807860262
47.32515629394077
47.32515629394077
48.71537396121884
50.83252662149081
50.83252662149081
50.83252662149081
51.04169144053085
50.1772383679985
51.04169144053085
51.04169144053085
51.157311830568574
51.157311830568574
51.157311830568574
51.157311830568574
49.49901612647863
49.49901612647863
49.49901612647863
49.49901612647863
49.49901612647863
49.49901612647863
49.49901612647863
49.49901612647863
49.49901612647863
49.51937213036889
49.51937213036889
49.51937213036889
49.51937213036889
49.51937213036889
49.51937213036889
49.51937213036889
49.51937213036889
49.51937213036889
49.51937213036889
50.88611909051074
50.88611909051074
52.246888170146036
52.2481133000098
54.06194913120121
54.06194913120121
54.06194913120121
54.06194913120121
54.18282548476454
54.2205993452531
54.2205993452531
54.27977839335181
54.27977839335181
53.695597165991906
54.27977839335181
54.27977839335181
54.27977839335181
54.29488793754722
54.449971648023094
54.449971648023094
54.449971648023094
54.449971648023094
54.449971648023094
54.449971648023094
56.07127030056568
56.07127030056568
56.07127030056568
56.49694064721714
56.49694064721714
56.49694064721714
56.49694064721714
56.561207138936126
55.46648650755499
56.52657763812516
56.561207138936126
56.561207138936126
56.561207138936126
56.561207138936126
52.3468622580494
52.3468622580494
56.561207138936126
56.561207138936126
56.561207138936126
56.561207138936126
58.20060622761092
58.20060622761092
58.20060622761092
58.20060622761092
58.20060622761092
58.20060622761092
58.20060622761092
54.30833721471821
54.30833721471821
58.20060622761092
57.76798015982366
57.17304625199362
57.577038451049894
57.577038451049894
57.577038451049894
57.76798015982366
57.91819611955951
57.91819611955951
57.91819611955951
57.91819611955951
57.91819611955951
57.91819611955951
58.463279330996606
53.669301176023254
58.463279330996606
58.463279330996606
57.558675266952136
58.463279330996606
56.65247579269684
56.65247579269684
56.65247579269684
56.65247579269684
58.463279330996606
58.463279330996606
58.463279330996606
58.463279330996606
58.463279330996606
58.463279330996606
58.463279330996606
58.463279330996606
58.463279330996606
58.463279330996606
58.463279330996606
58.463279330996606
58.463279330996606
58.463279330996606
58.463279330996606
58.87450666519472
54.45914673945292
54.243404998587245
58.87450666519472
58.87450666519472
58.87450666519472
58.7365109154638
58.7365109154638
58.7365109154638
58.7365109154638
58.7365109154638
58.7365109154638
58.76411006540997
58.87450666519472
58.87450666519472
58.87450666519472
58.87450666519472
58.87450666519472
58.89796594264896
58.89796594264896
58.89796594264896
58.60541495321943
58.44162739762396
58.44162739762396
58.44162739762396
58.44162739762396
58.526581270325885
58.526581270325885
58.526581270325885
58.526581270325885
58.257118205349435
58.257118205349435
58.257118205349435
58.257118205349435
58.257118205349435
58.257118205349435
58.257118205349435
58.257118205349435
58.16685471560363
58.16685471560363
58.257118205349435
58.257118205349435
58.257118205349435
58.257118205349435
58.257118205349435
58.257118205349435
58.257118205349435
58.257118205349435
58.257118205349435
58.257118205349435
58.257118205349435
58.257118205349435
58.257118205349435
60.39866457187745
60.28834646107601
60.28834646107601
60.28834646107601
60.28834646107601
60.28834646107601
60.28834646107601
60.28834646107601
60.28834646107601
60.13732384617515
60.28834646107601
60.28834646107601
60.28834646107601
60.28834646107601
60.28834646107601
60.28834646107601
60.28834646107601
60.28834646107601
60.28834646107601
60.28834646107601
60.28834646107601
60.28834646107601
60.28834646107601
60.28834646107601
60.28834646107601
60.772192092618084
60.772192092618084
60.772192092618084
60.772192092618084
60.772192092618084
60.772192092618084
60.772192092618084
60.805912271335025
60.52912580436677
60.52912580436677
60.52912580436677
60.52912580436677
60.52912580436677
60.52912580436677
60.52912580436677
60.52912580436677
60.52912580436677
60.50664568522213
60.50664568522213
59.91956358373459
60.50664568522213
60.50664568522213
60.50664568522213
60.50664568522213
60.50664568522213
60.52912580436677
60.52912580436677
60.52912580436677
60.52912580436677
60.52912580436677
60.57268103520949
60.57268103520949
60.57268103520949
60.57268103520949
60.57268103520949
60.57268103520949
60.57268103520949
60.57268103520949
60.57268103520949
60.57268103520949
60.57268103520949
60.57268103520949
60.57268103520949
60.57268103520949
60.57268103520949
60.57268103520949
60.59516115435412
60.59516115435412
60.59516115435412
60.59516115435412
60.59516115435412
58.25785185979205
60.59516115435412
61.78588710825198
60.39305352934574
61.78588710825198
61.78588710825198
61.78588710825198
61.78588710825198
61.78588710825198
61.78588710825198
61.78588710825198
61.78588710825198
61.78588710825198
61.78588710825198
61.78588710825198
61.78588710825198
61.78588710825198
61.78588710825198
61.8314309299479
55.087975975051016
58.83741234891271
58.83741234891271
58.83741234891271
58.83741234891271
58.83741234891271
58.83741234891271
58.81012726488351
58.81012726488351
58.81012726488351
58.83741234891271
58.83741234891271
58.83741234891271
58.83741234891271
58.83741234891271
58.83741234891271
58.83741234891271
58.83741234891271
58.83741234891271
58.83741234891271
61.67772053172411
61.8314309299479
61.8314309299479
61.8314309299479
61.8314309299479
61.8314309299479
61.8314309299479
61.8314309299479
61.8314309299479
61.8314309299479
61.8314309299479
61.8314309299479
61.8314309299479
61.8314309299479
61.8314309299479
61.8314309299479
61.8314309299479
61.8314309299479
61.8314309299479
61.83427741880391
61.83427741880391
61.83427741880391
61.83427741880391
61.83427741880391
54.92407310438192
54.92407310438192
54.92407310438192
61.035223428001856
61.035223428001856
61.66633457630014
61.66633457630014
61.66633457630014
61.66633457630014
61.66633457630014
61.66633457630014
61.66633457630014
61.66633457630014
61.743189775412034
61.743189775412034
61.743189775412034
61.743189775412034
61.743189775412034
61.743189775412034
61.743189775412034
61.743189775412034
61.743189775412034
61.743189775412034
61.743189775412034
61.743189775412034
61.743189775412034
61.743189775412034
61.743189775412034
61.743189775412034
61.743189775412034
61.743189775412034
61.743189775412034
61.743189775412034
59.29439866877801
61.743189775412034
61.743189775412034
61.743189775412034
61.743189775412034
61.743189775412034
61.743189775412034
61.743189775412034
61.743189775412034
61.743189775412034
61.731803819988045
61.56614509246088
61.56614509246088
61.56614509246088
61.56614509246088
61.56614509246088
61.56614509246088
61.56614509246088
61.56614509246088
61.56614509246088
61.56614509246088
61.56614509246088
61.72468759784806
61.72468759784806
61.72468759784806
61.72468759784806
61.72468759784806
61.72468759784806
61.72468759784806
61.72468759784806
61.72468759784806
61.72468759784806
61.72468759784806
56.36037435231426
60.75191973544083
60.75191973544083
61.72468759784806
61.72468759784806
61.72468759784806
61.72468759784806
61.373652932980754
61.72468759784806
61.72468759784806
61.72468759784806
61.72468759784806
61.689106487148116
61.689106487148116
61.689106487148116
61.689106487148116
61.689106487148116
61.689106487148116
61.689106487148116
61.689106487148116
61.689106487148116
61.689106487148116
61.689106487148116
61.689106487148116
61.689106487148116
61.689106487148116
61.13688764908485
61.13688764908485
61.13688764908485
61.13688764908485
61.13688764908485
61.13688764908485
61.36318351313653
61.36318351313653
61.804389285815944
61.88124448492784
61.88124448492784
61.88124448492784
61.88124448492784
61.88124448492784
61.88124448492784
61.88124448492784
61.88124448492784
61.88124448492784
61.88124448492784
61.88124448492784
61.88124448492784
61.88124448492784
61.88124448492784
61.88124448492784
61.88124448492784
61.88124448492784
61.88124448492784
61.88124448492784
61.88124448492784
61.88124448492784
61.88124448492784
61.88124448492784
61.88124448492784
61.88124448492784
61.88124448492784
61.88124448492784
61.88124448492784
61.88124448492784
61.88124448492784
61.88124448492784
61.88124448492784
61.88124448492784
61.93532777319176
61.93532777319176
61.93532777319176
61.98371808374369
61.98371808374369
61.98371808374369
61.98371808374369
61.98371808374369
61.98371808374369
61.98371808374369
61.98371808374369
61.79869630810395
61.79869630810395
61.98371808374369
62.00648999459166
60.92869360401537
62.00648999459166
62.00648999459166
62.01929919444365
62.01929919444365
62.01929919444365
61.36791524995083
62.01929919444365
62.03353163872363
62.03353163872363
62.03353163872363
62.03353163872363
62.05630354957159
