747870.25
712281.0625
676435.5
651067.5
628229.375
596717.625
563361.25
521705.3125
514582.5625
497268.875
482312.875
469505.625
449291.9375
441287.125
434571.875
429432.4375
406311.6875
399252.8125
391497.0
387575.5625
379638.3125
369633.375
356425.5
354667.5625
342940.0
346156.375
337794.25
333945.375
334673.0
342746.375
336242.0625
332173.4375
341947.625
344486.9375
334407.0625
345359.4375
338425.5
339524.5
341010.8125
341654.875
346138.25
338588.0625
338967.25
320626.375
318012.5
323212.1875
325572.5
334012.125
328127.6875
329659.25
327090.125
329251.6875
333397.6875
336498.1875
343742.625
338718.4375
332693.75
326030.4375
330994.5625
336324.5625
334699.4375
337916.25
324119.9375
313729.875
307606.375
300763.5625
303108.1875
298803.875
300030.1875
306621.4375
298317.4375
294080.5
293801.875
309030.1875
306231.0
305745.8125
306970.5
308511.1875
312077.25
316335.1875
326318.3125
321241.5625
319747.8125
324779.0625
320353.625
321086.8125
321981.25
314279.375
311124.0
316339.4375
318607.9375
323121.6875
320250.125
319736.375
316913.125
316973.8125
312022.3125
311291.6875
311491.5625
310306.3125
307398.9375
307773.6875
308611.3125
305827.0625
307842.4375
307030.875
298304.875
293501.875
293139.1875
287881.25
298355.0
295961.25
293248.625
295764.125
295136.25
291612.75
280744.5
271624.0
269424.0625
270228.375
281995.75
295288.1875
290704.625
289359.375
296033.375
292054.875
288374.4375
287282.875
285072.6875
273018.3125
265228.8125
264885.1875
265672.0625
271501.1875
276230.8125
273850.1875
271299.375
271604.625
265981.125
264016.8125
261758.375
261839.1875
265127.625
267334.0
272224.375
273116.1875
278131.875
271929.0625
278736.75
271984.625
271681.5
267766.5625
269443.25
272385.3125
268425.625
268875.75
266526.4375
260236.5
264594.875
273582.875
274459.125
273572.6875
274958.5625
274487.1875
274694.0625
278109.0625
277175.75
285925.4375
286194.25
282162.25
284321.8125
281153.4375
282331.5
276376.625
278568.0
280418.25
282872.9375
280933.8125
288305.1875
286641.75
279725.4375
274471.4375
273465.5625
270561.625
270827.1875
272242.0625
272721.0625
273090.9375
274546.1875
274984.5
274163.125
269553.0625
272544.0
269056.5625
266449.9375
273157.8125
271141.0625
276590.0625
284075.25
280234.5625
284366.6875
289837.6875
289774.875
292695.5625
297165.375
297814.0
299708.625
301677.9375
299805.0
298829.9375
300499.0
300987.625
298085.4375
297973.75
301280.8125
298987.75
298485.0625
299953.3125
302850.1875
300475.125
292055.8125
293061.875
290241.0
279652.6875
281151.5
279943.5625
278754.75
273264.375
273311.1875
276239.0625
281612.0
280015.75
280727.125
278075.1875
277103.6875
276305.4375
270839.625
277489.375
274554.1875
274730.1875
275142.9375
271878.3125
270916.3125
265605.25
257198.5625
254416.9375
253580.8125
253297.5
258078.75
259117.4375
257029.125
259962.125
254327.0625
254208.0
253162.6875
259795.125
262713.25
271941.5
273577.375
274551.3125
274218.5
270063.125
270478.8125
272487.5625
269742.625
270193.75
266198.875
261106.0625
260925.6875
271419.5
279328.25
277884.0
278461.4375
278212.6875
275234.625
272637.375
279041.625
289832.75
286128.0
296328.4375
295596.9375
292355.625
284831.3125
285760.375
282444.5
279984.0
277454.3125
273991.5625
272838.5
272115.5625
274895.75
273215.6875
273826.0
273324.0625
275219.8125
276321.0
279303.9375
284269.0625
282648.75
276345.125
273694.25
270782.875
266432.5625
268485.6875
264516.8125
260799.9375
263416.8125
266753.5
274695.8125
277646.1875
274541.25
272073.625
272051.5625
273791.4375
272596.625
279707.0625
283415.5625
286114.4375
286168.625
284044.8125
282601.125
283119.25
281850.25
282400.25
280867.5625
275549.5
265642.0625
261476.625
261613.125
252957.625
260078.6875
271436.6875
270375.375
270146.5625
267096.0
267605.25
271394.125
279461.1875
269578.1875
267034.875
259003.0
254452.4375
258395.75
263726.9375
260093.25
261844.875
259098.625
254149.6875
256414.4375
255097.0
263295.875
274510.625
273178.3125
271286.5625
267582.5625
258465.3125
270041.3125
286992.125
290899.8125
290452.75
292371.625
297732.375
299442.5625
298677.25
296586.875
292834.875
291396.3125
289525.125
290102.1875
287976.875
287716.375
284786.9375
284679.9375
282188.375
281959.0
283640.375
284505.6875
282618.4375
283473.1875
283594.0
283557.8125
280166.4375
276434.9375
273168.0625
272426.625
273222.1875
274786.1875
274782.625
273997.6875
277159.5
274154.4375
274408.3125
274263.9375
280635.9375
284980.9375
286610.5625
288575.1875
292722.125
290071.3125
284449.6875
281626.625
275719.1875
270391.75
270097.4375
270782.5625
268393.25
274230.875
276716.0625
278780.5
279471.375
283605.125
275901.9375
271592.4375
268899.75
274731.0625
273676.4375
267557.5625
264385.875
264194.1875
262159.5625
262901.0625
259968.75
256579.3125
255310.5625
246922.9375
242185.0625
248490.1875
249862.0625
249413.4375
260022.875
256019.1875
257394.625
246896.75
243785.1875
232656.3125
228420.9375
230250.1875
231346.125
237544.3125
233585.8125
238125.3125
243036.125
252080.625
249147.1875
242731.8125
236076.5
239293.375
239722.375
240998.1875
252624.0
253376.75
252207.0625
251324.125
254593.1875
258052.6875
252087.9375
245978.0
249818.25
249874.75
248663.8125
244874.125
239976.0625
235135.875
236477.75
241200.4375
240664.5625
240896.5
247342.625
245484.3125
239321.5
234924.6875
233612.0
232816.4375
230785.125
230470.0625
228723.25
229104.0625
230752.25
233729.8125
243556.0625
247502.25
253668.0
248987.75
245557.1875
245360.1875
247157.5
250599.625
241589.1875
244868.25
242401.125
250101.125
251574.75
249122.4375
254428.125
250378.0
255235.625
252530.3125
252412.5
252412.5
255938.875
