47.049430783011914
49.68427310552624
51.59343751533079
52.50488194113952
53.38754826285956
53.623658105164125
53.95162713013392
53.39281407237102
54.04454870190737
54.356766283901756
54.5394982648255
55.37315053271273
55.72974219892094
56.68978265594974
57.568354735096044
58.33036710708366
57.82045534987261
58.40379472703936
58.97917220269791
58.979657182266216
58.78979395118078
58.6674915846066
58.14261742314248
58.416448483429974
58.034998253341676
58.71922693868354
58.668006685994214
58.70730577785631
58.906716588512765
59.53039066564143
59.46678495817707
59.412344287173575
60.250840813696755
60.72746283180506
60.505799074187735
61.40241526417269
61.05610359764328
61.22812131059592
61.381908492848495
61.55768585222031
61.965140543760526
61.66288745443046
61.74529613770918
60.725951465013544
60.690294461840494
61.30936764858685
61.72063687765181
62.590383882761714
62.627561581719
62.76641275885436
62.76204505405004
62.970430456123474
63.14674245003166
63.55587289915909
64.29897530869327
63.97160611120789
63.39920675092333
63.06320662986756
63.63089433866892
64.21212546435194
64.21429745227663
64.59445693190769
63.60568785890678
62.91471620776416
62.963844779531904
62.59410872987983
62.906337124883486
62.742604784619104
62.96056798334786
63.617942300174846
63.118186330761056
62.892312676539404
63.25128428103814
64.45073194561908
64.60878932381044
64.8377054950509
64.93100122624615
65.00158304583309
65.34000160123655
65.68175999666389
66.39976659145927
66.40515982220239
66.68710253256171
67.15235678110267
66.95085964104985
67.07666866845004
67.33255382349734
66.44586291778646
66.30746406430532
66.81214335355091
67.05047339327825
67.44507572529217
67.2219071640209
67.32134170175006
67.24100087001402
67.35964436894915
67.04805636479665
67.00220060523601
67.14227878279144
67.09635321762173
66.89861097027128
66.99272692253156
67.27764018617252
67.11372171973305
67.3805307746965
67.34820901230941
66.59805566902484
66.35592948190795
66.43464832958661
66.09016839532882
66.66446307440019
66.56540477212243
66.49200202048705
66.7155362494025
66.71624294110333
66.55835571681958
65.85686821124939
65.33126743754448
65.2072926719446
65.28159898404161
66.05634742931042
67.02637102916754
66.65215934279105
66.67855413964058
67.11785276454926
66.73825066754208
66.71740973429087
66.66882725655694
66.52691512799973
65.73727741285305
65.35832739834146
65.47104671255755
65.53527695588679
65.95320583179151
66.26535010831824
66.1798142781233
66.03867665635957
66.08993903088519
65.74977386994638
65.66052614498818
65.54544533031444
65.55615737320576
65.77376855330286
65.91798764956219
66.2902317860945
66.36570244278427
66.79978913066262
66.32605579646832
66.73306113287829
66.44026078483343
66.42181058759465
66.11634057785761
66.24228615455301
66.46295596105992
66.26803847272143
66.30938949692826
66.12703416933608
65.72721324253311
66.03817229719161
66.689549623381
66.73364280850753
66.74232779495406
66.86652023929163
66.83918869333792
66.91847903216345
67.15824913524798
67.10508902853412
67.69362983882233
67.83574694034931
67.57129759152204
67.71374509505591
67.51337083669071
67.61790368059029
67.27413656398188
67.38973284297616
67.511370312588
67.56167504699705
67.48766198955441
67.96940398166808
67.87377278980449
67.40970509564285
67.10644303062368
67.05579477354337
66.89258164771931
66.8835918571937
67.0083841479149
67.08651583821849
67.11164899543999
67.19870068177578
67.23279248919539
67.20039683259884
66.92856255982939
67.1710600306333
66.89853697187738
66.79534639366584
67.28721470972488
67.21459288999998
67.70812226883606
68.26936044038612
68.02274647909765
68.34480429142536
68.69150243742082
68.71608088984138
68.93564219368781
69.248171804728
69.28511587722801
69.422491279318
69.56763865965198
69.45937023904494
69.37740872775464
69.50102087319142
69.54584984606886
69.34791198818877
69.3345748231178
69.56279420955114
69.42567615696646
69.44051212221463
69.54593684462155
69.80059530142879
69.60811471924157
69.08876158409255
69.29295189982498
69.09229348732536
68.3759801881296
68.47488966191591
68.42186846928249
68.3423054052914
67.95862692313719
67.92816648785798
68.11744871344436
68.47136981846317
68.34646526921912
68.41603722414494
68.42344532579229
68.44895951232009
68.39368691091319
68.00707624715949
68.41351385944604
68.22278921912593
68.28687849331297
68.37810731878825
68.20056570483682
68.1259158631908
67.78044625908379
67.26759796544248
67.10846757461329
67.0613417527
67.06061763693332
67.37408660087078
67.49625018273406
67.35778129202168
67.57838092001764
67.22779931868055
67.26088008643767
67.20445826117493
67.6255676186585
67.78506262698237
68.37046472400068
68.45223380142
68.45701570790749
68.51151211107015
68.30422192835015
68.36784777939748
68.50845280941492
68.305084242587
68.33124294497772
68.09865351343987
67.76242593011129
67.7527190699108
68.42477700921135
69.00217941092414
68.90436023708489
68.97165053453932
68.9722848653408
68.810218643845
68.6089332348517
69.08081040606304
69.76958661769888
69.53910076218679
70.21181381307507
70.10318529264049
69.8979096163362
69.43352690606689
69.55699584933164
69.33750669520717
69.16516280582461
69.0762859448293
68.82239094733123
68.72523192949579
68.73667184599317
69.00832650327061
68.99973776986823
69.033745029977
69.04504369151486
68.97922416475782
68.98133736984593
69.3558266783058
69.55977823043428
69.42993773929884
69.06277078010696
68.88516816563421
68.73275141776074
68.47602312052658
68.6428789196327
68.41230643339777
68.08239775165399
68.23613841219351
68.47302399263474
68.99339467040659
69.29421948005337
69.18605274782223
69.03109108297949
69.0315380605011
69.11335651015636
69.14842300132662
69.57839668094358
69.8847505479076
70.08142535422742
70.11345190845056
69.98556135968671
69.87891958059123
69.94038364241192
69.82115951216784
69.84744699492374
69.7631111227478
69.3231100792476
68.66038521544401
68.4532398897533
68.45999436838406
67.898179078898
68.29782159910008
68.88919603354766
68.87864069536052
68.85678053154653
68.62307541418122
68.61840049845561
68.95471507497878
69.56067528217454
68.80789017922993
68.61961500595781
68.14586991968578
68.06038636725118
68.35515807957697
68.74082711053242
68.53845420179366
68.67164421695345
68.57040952177407
68.33058060651065
68.42561076524161
68.34532936737048
68.67554602826782
69.33451332096392
69.28765721751385
69.1448743483973
68.87201465808002
68.25092849561057
69.09542041369626
70.38380419915708
70.69244863769919
70.71625528865147
70.90755500881235
71.218717987179
71.31757127893502
71.27860044071117
71.09309324843568
70.87318444339743
70.80310086159136
70.7158633404157
70.73782429321668
70.62462655208924
70.57836111240488
70.42734461766057
70.51588917723366
70.44923081957243
70.5323328599894
70.67831384042155
70.64452803516579
70.52994620196851
70.53330674050434
70.51143896258054
70.50771612169328
70.33034911228957
70.10512822782593
69.97277219728505
69.93429356239406
69.99077154939793
70.07301837249449
70.07814397716676
70.01496834141882
70.15732601711743
69.94600295136385
69.96920508187665
70.03270710750927
70.45032191100606
70.63270849716164
70.78496289014852
70.89405631945434
71.14414860114775
70.99502095543964
70.68530203950635
70.51023971974931
70.14572269516368
69.88216531052215
69.82117260848258
69.76674914081877
69.71741505991835
69.9149196224007
70.19378107692806
70.32858167165341
70.38782209247681
70.63312212021401
70.14714391186784
69.97827463495216
69.65003175014068
70.01013900913611
69.8957050891756
69.5115924426809
69.35222527928818
69.33200362471133
69.20111016090803
69.27278317916034
69.10824669782193
68.9695273954143
68.93456343469077
68.55059555341083
68.31206211949385
68.76836620604192
68.84610208087385
68.78618129753121
69.30354204519708
68.99818001825811
69.12916439741512
68.54241151109979
68.43212639169914
67.80573565875065
67.57292739995749
67.65253562446603
67.5848509558418
68.06584382032388
67.76813806830754
67.89859935731221
68.26539605895336
68.87437682693593
68.702860994786
68.28266570618004
67.81712342406854
67.85575236300828
67.95848745152576
68.01167724080096
68.66879037233869
68.76508996906166
68.77538670056737
68.67461627259897
68.8680354764169
69.07672445909759
68.7348161424997
68.49298718206504
68.663670437116
68.72091842041047
68.68358486849962
68.48489013943309
68.22936320032804
68.03073333984545
68.08338681488846
68.3412307295983
68.19419189191419
68.27614505419011
68.70836912923991
68.6249487992464
68.27019624621089
67.99062038393706
68.02464064222382
68.00665243191341
67.90383472507543
67.85995080511711
67.77808314830335
67.83884515293867
67.97739672368097
68.15179909834278
68.83919388940134
69.15010882337408
69.6015583328119
69.21261540254372
68.88430531863546
68.96846642733348
69.182669960151
69.43845201191098
68.73642921745291
69.05459488247644
69.01123025518329
69.54878686271097
69.63457374163724
69.48779012604724
69.61507983825707
69.32481650539883
69.63059485476143
69.50129073091793
69.48458231390848
69.48458231390848
69.72944894505085
