817242.4666666667
656508.7666666667
658495.7833333333
654374.2
589859.0166666667
559652.3333333334
529273.4333333333
470310.63333333336
453999.36666666664
464252.4666666667
410561.8333333333
438249.0
405488.5
474464.93333333335
423562.0
430172.0333333333
534332.9333333333
442655.7166666667
427085.5833333333
405162.51666666666
367127.7
367845.01666666666
381453.1666666667
393041.31666666665
315091.2166666667
344780.5833333333
315259.45
267130.5833333333
356588.5333333333
366453.2166666667
298611.06666666665
372962.38333333336
334192.05
368929.13333333336
309892.05
312495.05
287420.0333333333
327976.8
315399.3
306231.2166666667
238440.15
311528.0
328255.23333333334
334675.0333333333
342824.56666666665
295440.73333333334
378065.5333333333
308962.26666666666
309417.93333333335
333909.85
271110.9666666667
266522.45
250570.98333333334
337740.85
333721.85
323453.56666666665
291359.06666666665
312347.65
277641.6666666667
326579.36666666664
346162.4666666667
283669.8333333333
263876.0333333333
328234.8333333333
331861.7
324293.8333333333
348594.06666666665
336483.05
311630.68333333335
305451.93333333335
286678.63333333336
202347.01666666666
295773.8333333333
290724.7166666667
253777.36666666667
306819.13333333336
294693.7166666667
287654.7833333333
274441.93333333335
266408.63333333336
236558.7
303192.5833333333
262569.56666666665
234266.35
301876.6666666667
273966.36666666664
255028.21666666667
212124.88333333333
264969.3333333333
238145.83333333334
275533.9666666667
260877.48333333334
267904.8333333333
281326.06666666665
281137.7833333333
265186.23333333334
285118.2833333333
283237.85
268162.4
300981.56666666665
282476.25
264264.7
204831.5
214165.26666666666
278905.5833333333
255620.98333333334
251501.43333333332
248527.96666666667
239120.63333333333
256896.55
222357.4
244157.3
251880.55
223665.93333333332
226172.95
245128.01666666666
225810.43333333332
224142.98333333334
259520.83333333334
238184.43333333332
241068.38333333333
278901.35
232782.4
183844.55
294239.45
279013.68333333335
277834.7833333333
243724.33333333334
252450.03333333333
245117.66666666666
258092.81666666668
254427.0
242768.55
214888.38333333333
243757.45
203105.36666666667
231237.36666666667
213950.91666666666
188304.75
134188.9
234681.13333333333
214439.23333333334
212565.48333333334
205808.38333333333
192623.61666666667
181188.9
112360.98333333334
207322.81666666668
187972.26666666666
190494.03333333333
210606.23333333334
216494.93333333332
196267.36666666667
218760.95
215903.56666666668
207658.31666666668
183067.65
206707.6
185256.61666666667
229180.45
206770.0
218346.98333333334
228374.43333333332
207212.21666666667
204057.05
181752.43333333332
215599.58333333334
194134.88333333333
221955.33333333334
183705.96666666667
180640.01666666666
163638.4
225402.91666666666
212330.61666666667
225847.9
222599.66666666666
222534.78333333333
204163.9
204868.41666666666
211929.51666666666
197190.8
225376.86666666667
207728.95
177712.55
119183.53333333334
220323.88333333333
218050.28333333333
215017.25
205289.45
221376.45
220442.8
214412.65
226107.78333333333
196091.65
219631.56666666668
217126.36666666667
197572.81666666668
155797.35
222774.31666666668
204575.0
140085.3
189701.75
179541.96666666667
211483.26666666666
190760.36666666667
135971.73333333334
217612.58333333334
216908.66666666666
204121.9
209357.23333333334
195404.26666666666
209970.35
181498.21666666667
115475.36666666667
169191.61666666667
231350.0
230052.63333333333
218021.16666666666
203647.98333333334
222633.53333333333
222554.23333333334
215496.45
201250.56666666668
162950.61666666667
237102.2
229554.88333333333
218502.66666666666
238188.58333333334
236217.71666666667
238305.66666666666
236955.75
218058.76666666666
208578.33333333334
173692.06666666668
131539.21666666667
221975.01666666666
224161.55
218800.7
200399.13333333333
212518.15
209647.06666666668
212013.56666666668
206650.25
195724.1
216517.2
198151.3
228365.06666666668
217545.0
207034.7
183952.75
181448.68333333332
134104.3
143142.28333333333
135130.35
226035.91666666666
226006.41666666666
205454.05
159370.18333333332
129523.5
212855.33333333334
211684.38333333333
214681.8
210690.06666666668
201357.75
171664.23333333334
166502.01666666666
218613.71666666667
214550.71666666667
191901.88333333333
161827.13333333333
142174.78333333333
99877.51666666666
115887.18333333333
108764.01666666666
188200.78333333333
197260.05
185650.13333333333
221461.16666666666
202489.03333333333
194138.18333333332
188419.35
170443.83333333334
153989.23333333334
219045.9
222327.3
214323.58333333334
184363.21666666667
169872.4
207843.96666666667
204389.88333333333
193188.21666666667
207504.26666666666
183884.95
151761.8
201414.65
210170.1
154880.91666666666
107155.83333333333
137216.38333333333
215497.53333333333
216987.68333333332
180959.01666666666
199506.5
193787.38333333333
171633.6
190092.43333333332
166561.13333333333
99205.85
128134.83333333333
107697.75
197246.33333333334
154500.06666666668
144016.16666666666
157046.53333333333
166613.91666666666
155073.05
155245.0
122868.56666666667
146992.96666666667
182207.35
176514.21666666667
156655.9
192729.0
204891.1
198515.53333333333
180835.76666666666
118512.3
205011.18333333332
198700.3
191780.6
146514.66666666666
121018.85
93615.81666666667
152514.46666666667
189024.11666666667
164016.35
154157.38333333333
193312.95
197444.06666666668
190962.7
178307.05
187813.25
175770.21666666667
134752.43333333332
86923.75
183504.41666666666
186438.73333333334
183887.76666666666
184198.51666666666
145700.06666666668
94242.16666666667
120056.51666666666
93972.5
180162.73333333334
176087.63333333333
178730.88333333333
172028.03333333333
144758.91666666666
127238.43333333333
171824.28333333333
133726.98333333334
120993.5
189869.51666666666
166459.06666666668
122708.31666666667
62409.53333333333
128094.2
124887.31666666667
108564.73333333334
187509.18333333332
187471.26666666666
174430.06666666668
112012.4
177384.8
121643.63333333333
101814.86666666667
183865.66666666666
177314.56666666668
157523.38333333333
134622.58333333334
187013.53333333333
180705.83333333334
157651.0
101765.01666666666
88594.03333333334
177232.08333333334
160872.41666666666
170898.65
194098.16666666666
187514.33333333334
174320.36666666667
138087.83333333334
114980.5
187352.23333333334
174193.83333333334
141469.75
108316.03333333334
154092.43333333332
141325.1
164245.53333333333
191006.46666666667
191747.3
187739.3
171255.0
138874.33333333334
116674.45
118901.86666666667
192651.6
183768.3
185433.2
158887.46666666667
148042.96666666667
197598.83333333334
189447.1
194974.63333333333
161349.4
190474.9
176572.3
181010.56666666668
164445.66666666666
141695.66666666666
82811.2
149144.26666666666
152977.86666666667
150180.46666666667
149147.9
180976.13333333333
151963.5
149968.3
138859.7
119862.35
168009.4
145920.23333333334
77363.06666666667
126427.83333333333
136035.63333333333
173750.03333333333
120794.01666666666
73647.13333333333
23235.6
57536.7
105257.9
166236.73333333334
104038.93333333333
167740.81666666668
142456.0
138357.96666666667
77165.2
74560.73333333334
151560.2
124653.7
85794.08333333333
56101.433333333334
104861.55
114553.56666666667
112028.55
121195.01666666666
121339.68333333333
106956.85
123751.18333333333
121751.13333333333
133982.65
121325.05
89842.1
55589.01666666667
116219.25
132953.81666666668
125364.56666666667
103028.45
72675.88333333333
19402.433333333334
36568.75
78009.18333333333
133644.61666666667
121788.85
87799.73333333334
65578.86666666667
138260.03333333333
139840.63333333333
133550.26666666666
119146.01666666666
92543.46666666666
55117.71666666667
74389.21666666666
80059.8
133196.2
111355.31666666667
141063.23333333334
139398.38333333333
128527.88333333333
103274.13333333333
77364.96666666666
111623.48333333334
121455.51666666666
129753.6
109415.66666666667
78624.3
48063.23333333333
47620.73333333333
12090.6
