866714.775
765302.5214285714
666865.3142857143
688401.5857142857
670886.9785714286
570476.7785714286
540220.0357142857
500503.7642857143
481351.17142857146
461326.85714285716
491076.3357142857
394010.82857142854
443619.7
448465.8857142857
505792.3857142857
447622.29285714286
422969.77142857143
520461.2
444491.82857142854
405321.9142857143
406051.34285714285
391796.28571428574
377855.35714285716
389834.53571428574
437576.45714285714
357031.95714285714
342055.95
343687.92142857146
315418.6214285714
354388.1642857143
399947.22857142857
353460.71428571426
416996.2571428571
343285.4285714286
388514.0142857143
313704.5857142857
314577.8642857143
318470.70714285714
369249.0857142857
326848.3142857143
321021.47857142857
216493.85714285713
348772.42142857146
341176.5714285714
356960.0714285714
335857.04285714286
284504.35714285716
404448.14285714284
280075.4928571429
277074.0571428572
346817.92142857146
303678.8714285714
327825.03571428574
299482.6785714286
348247.0571428572
325458.2571428571
334815.8714285714
327303.60714285716
325908.85
288367.9285714286
358166.65
339632.3142857143
312455.35
331189.5142857143
354483.04285714286
344472.02857142856
349035.1357142857
367354.72857142857
354717.1928571428
309744.3357142857
321576.0571428572
275471.5642857143
277061.46428571426
327171.3642857143
304100.5857142857
251450.36428571428
347923.67142857146
307969.9285714286
309085.2357142857
298532.67142857146
302903.0857142857
261461.87142857144
318549.29285714286
270021.53571428574
268832.0642857143
311113.0714285714
297237.04285714286
301776.8714285714
260444.37142857144
276628.35
247994.1857142857
306231.60714285716
307245.28571428574
309524.17142857146
306934.3357142857
274369.82857142854
310069.47857142857
311623.71428571426
306999.57857142854
235311.7857142857
341030.6642857143
300471.1857142857
269186.9285714286
209325.25
279482.9928571429
304175.1642857143
286006.72857142857
283371.6214285714
280641.3785714286
264831.39285714284
295621.0142857143
226890.76428571428
261747.67142857143
262017.9357142857
258672.70714285714
262011.27142857143
280978.4285714286
241031.00714285715
252099.57142857142
282414.7428571429
261481.1
287865.5142857143
282762.1285714286
254059.82142857142
194938.1
331532.5142857143
307928.8714285714
292050.7357142857
279195.85714285716
277792.21428571426
283724.96428571426
281198.60714285716
281278.89285714284
253050.41428571427
254821.8
270044.32857142854
234641.97857142857
249683.91428571427
229210.72857142857
213329.73571428572
163975.23571428572
261218.9642857143
252883.99285714285
227488.42142857143
248906.15714285715
228876.85
168147.55
186576.67857142858
250706.36428571428
204515.84285714285
234945.95714285714
237008.61428571428
240637.62857142856
247596.32142857142
254638.07857142857
232666.67142857143
244867.8142857143
195706.5357142857
244424.1857142857
202762.34285714285
245691.62857142856
248083.0357142857
243763.50714285715
256030.4
241062.20714285714
221023.39285714287
219642.94285714286
244779.63571428572
222661.48571428572
232131.2857142857
210842.58571428573
234791.09285714285
203169.1
249644.2857142857
246421.32857142857
234124.26428571428
248435.04285714286
256176.91428571427
234216.64285714287
254319.0
249581.15
222962.32857142857
245801.37857142856
229842.50714285715
190709.39285714287
166728.64285714287
239180.88571428572
250113.11428571428
259857.2785714286
226591.0642857143
253228.65714285715
258946.95714285714
255502.04285714286
247184.44285714286
225996.36428571428
255300.9357142857
245626.60714285713
205863.67142857143
171991.77142857143
241258.66428571427
204341.3
173113.16428571427
246535.88571428572
233831.99285714285
243593.17142857143
185333.05714285714
133941.73571428572
261854.00714285715
252890.47857142857
235613.49285714285
248731.52142857143
209044.5285714286
214776.72857142857
186337.97857142857
139069.90714285715
224376.37142857144
276818.52857142856
270663.1928571428
251246.67142857143
245165.2
263988.1928571428
258914.42857142858
242280.2214285714
215743.59285714285
195175.33571428573
263154.5142857143
266173.6285714286
239934.24285714285
271726.2642857143
264509.27857142856
271460.97857142857
268663.1
256966.45714285714
232471.2214285714
195494.49285714285
158344.88571428572
256811.5
243659.26428571428
249241.0642857143
224704.5642857143
253934.76428571428
257809.37142857144
245434.52142857143
239584.4714285714
212358.49285714285
240070.7857142857
224354.37142857144
255282.70714285714
241931.70714285714
232929.7
234207.7214285714
209742.41428571427
173507.02142857143
207984.5
188178.95
255932.45
250048.35714285713
200791.99285714285
203680.16428571427
194076.0
254287.99285714285
222411.87857142856
250900.4
218692.7785714286
228289.9357142857
221725.89285714287
208818.74285714285
241690.84285714285
231501.20714285714
206873.95
208600.09285714285
188689.67142857143
140584.8142857143
173669.9
135382.57142857142
212064.76428571428
218548.98571428572
221305.57142857142
237287.45714285714
198421.45
242372.09285714285
223539.60714285713
207270.72857142857
219660.22857142857
251620.57142857142
246848.09285714285
229416.88571428572
192943.62142857144
229157.37857142856
248880.07142857142
231094.22857142857
215854.09285714285
230740.49285714285
192264.3142857143
209167.62857142856
234886.72857142857
205810.61428571428
179781.73571428572
113003.25
199029.5285714286
254414.83571428573
228472.83571428573
180811.20714285714
258683.47857142857
229400.47857142857
199350.5642857143
214831.3
155339.3
75559.68571428572
188687.52142857143
164082.35
224581.70714285714
177629.37857142856
155750.00714285715
223736.5285714286
188514.98571428572
185455.58571428573
186930.7214285714
147951.95714285714
197085.14285714287
209104.7857142857
217130.49285714285
198251.7
229555.17142857143
247671.61428571428
222292.83571428573
178482.88571428572
151909.57857142857
233032.40714285715
215559.54285714286
189884.7857142857
171529.42857142858
168940.00714285715
107775.11428571428
208783.29285714286
217051.65
194481.15714285715
190293.26428571428
241759.25714285715
236299.44285714286
225693.8142857143
223790.5285714286
214805.74285714285
176104.40714285715
143556.82142857142
153747.8
227622.00714285715
227742.41428571427
205756.7142857143
199233.95
156804.57857142857
111119.72142857143
182440.07142857142
147636.87857142856
220602.38571428572
188595.88571428572
209196.13571428572
215794.47857142857
189707.75
176758.61428571428
186138.49285714285
180413.14285714287
183353.17857142858
203753.15714285715
182493.61428571428
110412.63571428572
106399.64285714286
157069.33571428573
131366.14285714287
169360.9357142857
231662.44285714286
221652.09285714285
176124.49285714285
156320.49285714285
180867.59285714285
122088.2642857143
165600.38571428572
220236.92857142858
198317.44285714286
148062.2214285714
207428.91428571427
226805.84285714285
200979.73571428572
157857.8142857143
109810.32857142857
153308.84285714285
211086.73571428572
200534.12857142856
186081.1
225110.66428571427
210777.41428571427
179332.08571428573
139864.2214285714
169095.1
215680.12142857144
207382.7785714286
144397.15
151101.5
212431.72857142857
175164.65
193699.75714285715
229428.5
224439.5285714286
222995.64285714287
180072.23571428572
195924.85
125148.47857142857
175270.92142857143
235995.8142857143
212543.57857142857
208276.02142857143
217044.91428571427
151905.42857142858
235503.35
228355.95714285714
214764.16428571427
192295.0
229615.37142857144
211607.1
213067.82857142857
192269.98571428572
141629.1857142857
113961.10714285714
217705.47857142857
193814.30714285714
188756.73571428572
168419.0357142857
208021.95
178865.20714285714
182221.9357142857
170079.80714285714
177442.22857142857
183661.2785714286
125123.7642857143
87546.8
175579.89285714287
192252.92857142858
179904.9714285714
117419.64285714286
82575.04285714286
39026.05
82838.99285714286
153838.92142857143
164215.47857142857
114251.99285714286
209435.80714285714
174144.79285714286
142864.2214285714
85074.7642857143
126076.15
186330.7785714286
136562.6857142857
78058.19285714286
103430.42857142857
145232.34285714285
144427.45
143044.65714285715
159465.2214285714
167542.07142857142
132675.7214285714
154534.62857142856
161712.89285714287
159582.01428571428
132943.47857142857
99803.25
95801.79285714286
166537.61428571428
158667.50714285715
146780.0
131670.2142857143
69000.79285714286
29972.72142857143
67887.57857142857
133490.55714285714
164452.92857142858
132804.4642857143
93569.66428571429
127322.34285714285
181551.4
155742.45
163510.32857142857
137420.62142857144
111662.65
52207.91428571429
130165.04285714286
106158.57857142857
152725.98571428572
138359.02142857143
169145.41428571427
168130.7785714286
141277.32142857142
128775.79285714286
75927.95
158823.34285714285
158548.32142857142
149036.34285714285
137549.62857142856
97857.7357142857
87045.05
97524.55714285714
