46.907855840210615
49.32173225548787
52.23945497407183
52.57757894497526
53.03745392663769
52.142994534434486
53.72450582042901
53.60491770091857
54.32901885265183
55.3876382469387
54.52968411651621
55.04452595323557
55.69933289359724
56.4883784209688
56.01741470938647
56.66347091034458
57.61030185646978
56.90536354535265
56.91073640408449
56.96423845634925
56.795009439497335
57.050166862563984
57.34773496391884
57.81463829982579
57.50531618334212
57.34451896932954
57.168921120797584
56.667541460597974
57.47866762157254
57.734691427075305
57.383451284371034
58.05089588850967
57.827775064731824
58.414227548134754
57.949890162936214
58.041645567126146
58.08618787410871
58.352916093310455
58.505175654561235
58.40632368851267
57.71665290249343
58.66720668049452
58.82240853474427
59.13160676711205
59.14547534318627
58.69040740753662
59.55636970613947
58.90980542212211
59.24863624925265
59.8569557465872
59.531958046706016
59.555030240959326
59.427960575760636
60.253900538616584
60.23309427802708
60.2259732746858
60.04470652163195
60.315415545327895
60.12956572938903
60.58947625368039
60.80064327663881
60.272002321168124
60.2227090421658
60.68700395824831
60.824334737075404
60.855342886212576
61.05108535688749
60.96432685862079
60.791082589349614
60.768255076795
60.771018756441684
60.26220557597615
60.860110237053505
60.95475912464959
60.65074115117822
61.07550169110612
61.086667073654475
60.94900437787623
60.813690896549524
61.0164685041215
60.91502023561243
61.44624199370169
61.13892339898821
61.06648945168568
61.58711199248546
61.37813518538307
61.232797064559
60.90377939402617
61.33222135691758
61.292719434069234
61.531188822535896
61.48355675667116
61.45571684141268
61.63115998816364
61.79846402968367
61.60565418053511
61.713818423462904
61.8808426393332
61.828774311442345
62.053940401050404
61.87723230106384
61.98367203245446
61.46612186761575
61.76363831806246
62.334679529439214
62.1229321310998
62.15151026906553
62.10913795284737
62.041262944958895
62.326299480528036
61.9324319464288
62.276653468328824
62.220889831945755
62.230631014383626
62.25503083390353
62.25859706331903
62.254452991390195
62.41328661054908
62.591948012416914
62.37145521135202
62.38389059435054
62.90384939088393
62.69450169964793
62.10970108607207
62.99478776364526
62.790330456453106
63.12060582227672
62.60016285733859
62.64604136532282
62.88107085423952
63.080832535139436
62.889202768528456
62.845402625293474
62.70566023355142
62.92482691376396
62.74287197349263
63.28773298275596
63.201724695912525
62.95234094980182
62.544839889542644
63.460526441538185
63.05862880377132
63.39607797340993
63.38618347867938
63.327409010280384
63.3912344101705
62.66864622314214
63.47888539919287
63.29172351994215
63.46014363911745
63.491788268771124
63.70406431526907
63.58657126312109
63.75603172630903
63.83439269999886
63.81317236682292
63.66274481760847
63.92573130382903
63.928296982632894
64.44750239565201
64.19714475605333
64.481756082652
64.53055806119525
64.32205850036569
64.26640692046674
64.32177151624515
64.65827097363665
64.59561698667302
64.68183002824405
64.31658702183282
64.63303747059088
64.33649147478582
64.5809370249423
64.97894416439316
65.09849510802113
65.13610129818876
65.02568173501581
64.98681634081008
64.99789949754837
65.19536097159045
64.94896111453197
65.06363651980305
65.18598707558809
65.02264034046019
64.70456220518454
65.16301522027175
65.13816565396895
65.08300841711407
65.00373351570096
65.21038282546043
65.02483246111304
65.13874188526214
65.32488351088585
64.95974402497338
64.9545229427012
65.29281324625828
65.2586745453483
65.12911742808986
65.65691859552379
65.7174930177256
65.1572373632827
65.37229660074694
65.41368783839032
65.62288962219796
65.5253219859232
65.19967181820327
65.67074694219949
65.62960366914659
65.50431595317177
65.8739937134142
65.82588523696619
65.77393099443366
65.72341053278369
65.26970128777617
65.71707195267383
66.14112244483645
66.1199364329862
66.06069076798995
65.99542402711126
66.12497706984229
65.93102914384022
65.93118978064585
66.05781612563582
65.8855041418073
66.45216113685392
66.41296337026702
66.21286581247581
66.38668602174305
66.41009193248705
66.50935941575266
66.35563228065438
65.98301847145707
66.3430438977064
66.17350112689812
65.58469012037159
66.21516248338047
66.46584314183421
66.4291568157816
66.14304767101561
66.16942683145936
66.30211961516255
66.23069037113696
66.29363002813334
66.30036747474416
66.33482532458231
66.13437952211402
66.3852656237091
66.16312959940744
66.22331172349658
66.47885417487848
66.40697236259571
66.04543110011802
66.0542664199467
66.16251690322592
67.07189781205733
67.1273309587856
66.75963558346164
66.17274522952559
66.02360483218054
66.73010308109794
66.94028424488995
66.92420027968492
66.97597023955456
66.87895898207965
66.34456446791054
66.51504879258711
66.92893321096734
66.71467484896573
66.60010119190969
66.55093596145004
66.51366085055318
66.09779720643179
66.16276778991657
65.930028964014
66.33867136891284
66.46278130107184
66.7239981390044
67.18014783191401
66.8357099466287
66.7184775561089
66.74632860994592
66.57453605990064
66.57640154341418
67.02918573017423
67.22944885294353
67.14916930030604
66.81039063420695
66.90795623120546
67.16431787703607
67.18690000220244
67.027947369915
66.97191679976717
66.6923534600497
66.72366234073297
67.22563829066212
67.3470066391402
66.80634140129682
66.45920946183024
66.72404072273972
67.25273936958838
67.23246011190363
67.12208153293047
67.34459281731456
67.33674962104408
67.1411616649629
67.34812155675807
67.16644323654391
66.66029401459153
66.87652946432141
66.79423854525443
67.54242676508814
66.67770199202202
67.09241550129747
67.28167439229097
67.34724675373761
67.29405140625094
67.30138646169245
67.0649136069535
67.27063203386585
67.51169239630563
67.3857591914636
67.30525305947914
67.62388531533323
67.70545692359457
67.64235939416434
67.69416729325216
67.11586038345011
67.8594606224888
67.86488229276279
67.74694243119662
67.3718623977126
67.052182641541
67.04709031232916
67.51158196551663
67.87186227123775
67.5647065015493
67.69027915486541
67.92890896435966
67.75231140718661
67.46049834998263
67.28887035767941
67.70016643890987
67.64651919394082
67.53864731521209
67.14765544358085
67.7958870390679
67.74421825468039
67.96048530578031
67.85694063904153
67.37591123091417
67.22167530731608
67.5539795697578
67.25441634483114
67.84660172327914
67.92883429545995
67.83120229292976
67.8775560330386
67.59704730020454
67.6515740186301
67.95686733524045
67.66020586498865
67.7269283105765
68.31734646219306
68.07119529207681
67.6009250462558
67.16704564691551
67.65465302912294
67.82072531986864
67.91528615124153
68.68924240059202
68.67592445102879
68.24601481737652
66.84925789487086
68.49958533814745
68.0708111550203
67.8855478265459
68.56562656370656
68.55968312176363
68.39577134777501
68.2759090750608
68.67129812605889
68.74356037282809
68.56674183436809
67.95287638214947
67.83649490053998
68.69362550684869
68.64023706916822
68.86393328332474
69.18644096555298
69.11202656477181
68.9544319592246
68.54227490581756
68.2534754209653
68.98190770805198
68.86211736271592
68.0358326465536
68.23874453249037
68.70228742851461
68.63784717629275
68.86649590726321
69.22235279307314
69.17997731623629
68.93846823105609
68.94431530975675
68.58362651934628
68.35764636133588
68.43302955752691
69.27980727558604
69.21260600592902
69.24644930432375
68.9055591747095
68.81865608384354
69.36585153727953
69.33738728573658
69.40877401816742
69.03844865282684
69.36289063519078
69.22576802141809
69.28110454558683
69.14966964955332
68.96907688741199
68.26667998935636
69.04618149892606
69.13754887428709
69.2600679578711
69.27601721149985
69.54047593478737
69.3176742297926
69.45842891459621
69.32774290133976
68.47680102406851
69.57238013441868
69.31910316997008
68.53763394885749
69.14592788139271
69.18786139548241
69.56614264071393
69.1997551983234
68.53586672976063
67.84364424140267
68.25884895219326
68.8486526368612
69.50502023207837
68.89128794735166
69.70122753592483
69.18026117648627
69.2949108776571
68.62111343374492
68.40987649067839
69.12894401220238
68.59867550390491
68.74956215814899
68.05765063609714
68.22335623939186
68.3183463067573
68.53528420553556
68.52430960024827
68.17744228146196
68.03520114045237
68.431714682228
68.60920813336088
69.1664894596661
68.63948573351294
68.2737037910635
68.19997230552403
68.66180229705905
68.83140996094656
68.36913009363067
68.25069341080882
68.39926358373505
68.09039042704275
68.33250467784829
68.74965643688401
69.12471176532502
68.97253686067663
68.91456390796377
68.40807357471856
68.8826317828062
68.51332340191662
68.70428763346848
68.7962871093203
69.00396368781482
68.26129813368243
68.36442033668595
68.57965430976817
68.99521898691752
68.92735760228265
69.38698463055806
69.82325627382508
69.0253973925712
68.64292658933316
68.60958763411766
68.92579684654486
69.34459893503698
69.87575179414013
69.30573037869172
68.56026463365396
68.46644147489855
68.42320404964502
68.36385969147094
