27.749445676274945
30.84045584045584
34.080779944289695
31.96908863273324
31.96908863273324
37.676962676962674
39.450907398790136
39.450907398790136
39.450907398790136
39.450907398790136
36.87541787385781
36.87541787385781
36.87541787385781
36.87541787385781
36.87541787385781
36.87541787385781
39.450907398790136
39.450907398790136
41.19147659063625
41.19147659063625
41.19147659063625
42.1739573773835
42.1739573773835
42.1739573773835
42.39902080783354
42.39902080783354
42.39902080783354
42.39902080783354
42.39902080783354
42.39902080783354
42.39902080783354
42.39902080783354
42.39902080783354
42.39902080783354
42.39902080783354
42.39902080783354
42.39902080783354
42.39902080783354
42.39902080783354
42.39902080783354
42.39902080783354
42.39902080783354
42.39902080783354
42.39902080783354
42.39902080783354
42.39902080783354
42.39902080783354
42.39902080783354
45.81395348837209
45.81395348837209
45.81395348837209
45.81395348837209
45.81395348837209
45.81395348837209
45.81395348837209
45.81395348837209
45.81395348837209
45.81395348837209
45.81395348837209
46.84914841849148
46.84914841849148
46.84914841849148
46.84914841849148
46.84914841849148
46.84914841849148
46.84914841849148
50.1779359430605
50.1779359430605
51.375291375291376
51.375291375291376
51.375291375291376
51.375291375291376
51.375291375291376
51.375291375291376
51.375291375291376
51.375291375291376
51.375291375291376
51.81494661921708
51.81494661921708
51.81494661921708
51.81494661921708
51.81494661921708
51.81494661921708
51.81494661921708
51.81494661921708
51.81494661921708
51.81494661921708
51.81494661921708
51.81494661921708
51.81494661921708
51.81494661921708
51.81494661921708
51.81494661921708
51.81494661921708
37.70678246484698
37.70678246484698
40.08478081058726
40.08478081058726
40.08478081058726
40.08478081058726
41.01530190239868
41.01530190239868
41.01530190239868
41.01530190239868
41.01530190239868
41.01530190239868
41.01530190239868
41.01530190239868
41.01530190239868
41.01530190239868
41.01530190239868
41.01530190239868
41.01530190239868
41.01530190239868
45.47146401985112
45.47146401985112
45.47146401985112
45.47146401985112
45.47146401985112
45.47146401985112
45.47146401985112
45.47146401985112
45.47146401985112
45.47146401985112
45.47146401985112
45.47146401985112
45.47146401985112
45.47146401985112
45.47146401985112
45.47146401985112
45.47146401985112
45.47146401985112
45.47146401985112
45.47146401985112
45.47146401985112
45.47146401985112
45.47146401985112
45.47146401985112
45.47146401985112
45.47146401985112
45.47146401985112
45.47146401985112
45.47146401985112
45.47146401985112
45.47146401985112
45.47146401985112
45.47146401985112
45.47146401985112
45.47146401985112
45.47146401985112
47.07154088050314
47.07154088050314
47.07154088050314
47.07154088050314
47.07154088050314
47.07154088050314
47.07154088050314
47.07154088050314
47.07154088050314
47.07154088050314
47.07154088050314
46.93961952026468
46.93961952026468
46.93961952026468
47.07154088050314
47.07154088050314
47.07154088050314
47.07154088050314
47.07154088050314
47.07154088050314
47.07154088050314
47.07154088050314
47.07154088050314
47.07154088050314
47.07154088050314
47.07154088050314
47.07154088050314
47.07154088050314
47.07154088050314
47.07154088050314
47.07154088050314
47.07154088050314
47.07154088050314
47.07154088050314
47.07154088050314
47.07154088050314
47.07154088050314
48.3560794044665
48.3560794044665
48.3560794044665
48.3560794044665
48.3560794044665
48.3560794044665
48.3560794044665
48.3560794044665
48.3560794044665
48.3560794044665
48.3560794044665
48.3560794044665
48.3560794044665
48.3560794044665
