119000.0
107800.0
96960.0
94580.0
96400.0
92180.0
118620.0
113740.0
114060.0
91690.0
107960.0
94050.0
95880.0
103450.0
113320.0
109120.0
107970.0
94820.0
92220.0
104760.0
99990.0
101700.0
100800.0
101610.0
99400.0
103670.0
119040.0
102100.0
113550.0
108625.0
99460.0
117550.0
109570.0
109690.0
119450.0
89210.0
111830.0
99690.0
98100.0
99680.0
122510.0
96730.0
85920.0
127770.0
109850.0
92640.0
97450.0
112530.0
109850.0
110410.0
110410.0
114050.0
101950.0
110450.0
101590.0
109850.0
101700.0
102850.0
124650.0
106910.0
106910.0
108130.0
106910.0
109365.0
94310.0
113450.0
118650.0
106290.0
99810.0
113450.0
111010.0
117050.0
103660.0
103330.0
102400.0
109850.0
118610.0
117430.0
106850.0
106850.0
100930.0
117650.0
108730.0
106910.0
107210.0
104790.0
107210.0
109850.0
106250.0
113410.0
110410.0
114050.0
111670.0
102310.0
110410.0
114050.0
105100.0
117650.0
106910.0
120760.0
105790.0
106910.0
114050.0
120215.0
111210.0
116790.0
101730.0
104410.0
97150.0
110450.0
103810.0
106910.0
94310.0
103110.0
118650.0
113630.0
102350.0
119250.0
108110.0
115965.0
110980.0
103110.0
113865.0
113410.0
102900.0
101700.0
101870.0
119450.0
106910.0
102110.0
106910.0
104100.0
110410.0
96280.0
105410.0
103110.0
111540.0
106250.0
101700.0
113410.0
109970.0
101700.0
104590.0
117040.0
113410.0
105210.0
108110.0
105610.0
96050.0
103110.0
122270.0
106810.0
113410.0
113410.0
121860.0
110410.0
110190.0
103110.0
105770.0
128570.0
98750.0
120050.0
110410.0
109850.0
108110.0
106910.0
108510.0
112360.0
98100.0
102750.0
98750.0
100930.0
117050.0
110410.0
119290.0
105210.0
113450.0
109330.0
117530.0
103110.0
106910.0
118650.0
113010.0
104210.0
109560.0
110410.0
125250.0
110210.0
105900.0
109875.0
112850.0
122330.0
109530.0
102650.0
108110.0
105010.0
97290.0
117530.0
102900.0
96700.0
119670.0
