107020.0
84940.0
84940.0
75770.0
75770.0
74700.0
62160.0
62160.0
62160.0
62080.0
62080.0
54840.0
54840.0
54840.0
53230.0
53230.0
53230.0
53230.0
53230.0
53230.0
53230.0
53230.0
53230.0
53230.0
53230.0
54630.0
54630.0
54630.0
53230.0
53230.0
53230.0
53230.0
53230.0
53230.0
53230.0
53230.0
53230.0
53230.0
53230.0
59780.0
59780.0
59780.0
59780.0
59780.0
54830.0
55630.0
55630.0
55630.0
55630.0
55630.0
55630.0
55630.0
55630.0
55630.0
55630.0
55630.0
55630.0
60480.0
60480.0
60480.0
60480.0
60480.0
60480.0
54740.0
54740.0
54740.0
54740.0
54740.0
54740.0
54740.0
54740.0
54740.0
54740.0
54740.0
54740.0
54740.0
54740.0
54740.0
48140.0
48140.0
48140.0
48140.0
48140.0
48140.0
48140.0
48140.0
48140.0
48140.0
48140.0
48140.0
48140.0
48140.0
48140.0
48140.0
48140.0
48140.0
48140.0
48140.0
48140.0
48140.0
48140.0
48140.0
48140.0
48140.0
48140.0
48140.0
48140.0
48140.0
47420.0
47420.0
47420.0
47420.0
47420.0
47420.0
47420.0
47420.0
47420.0
47420.0
47420.0
47420.0
47420.0
47420.0
47420.0
47420.0
47420.0
47420.0
47420.0
47420.0
47420.0
47420.0
47420.0
47420.0
47420.0
47420.0
47420.0
47420.0
47420.0
47420.0
47420.0
47420.0
47420.0
47420.0
47420.0
47420.0
47420.0
47420.0
47420.0
47420.0
47420.0
47420.0
47420.0
47420.0
47420.0
47420.0
47420.0
47420.0
47420.0
47420.0
46700.0
46700.0
46700.0
46700.0
46700.0
46700.0
46700.0
46700.0
46700.0
46700.0
46700.0
46700.0
46700.0
46700.0
46700.0
46700.0
46700.0
46700.0
46700.0
46700.0
46700.0
46700.0
46700.0
46700.0
46700.0
46700.0
46700.0
46700.0
46700.0
46700.0
46700.0
46700.0
46700.0
46700.0
46700.0
46700.0
46700.0
46700.0
46700.0
46700.0
46700.0
46700.0
46700.0
