38.84479077329031
44.671336299181995
45.07957412354519
47.4555876707759
46.96054863408588
48.43684544685641
47.34078582170674
48.52135460118875
47.978462236886934
48.897123670466904
48.281647078481996
51.46330473857127
49.02973125792578
50.09921380998627
51.523569423884155
50.43983547043212
51.50022730488839
51.34920261572895
50.917922468645635
51.92168330736738
52.42093220036643
52.02348574389361
52.47983486314925
52.64125360967027
52.22640085986562
53.50553980342373
52.89149963015277
53.08883397691696
52.63131799192097
53.58930135895608
53.53439117895239
53.78377628285531
54.56286156062401
53.55671207907104
53.94311519590911
53.833188082013486
55.02834528381164
53.66455476745823
54.597063007220655
54.21176974784915
53.67817150324012
54.46843292219011
54.8386872693672
54.35068462617601
55.211816814402574
54.95949919698595
54.465492613836034
54.93031510646906
55.2150978482774
56.07972400349765
55.804549542669605
55.63468567523281
55.56005035264805
55.66201815308131
55.433152869092694
55.86519527622776
56.610876668411606
56.05946105721276
55.50648793206912
55.92187758839023
56.346863477551075
55.93543963984096
55.334267789297684
55.965662888437215
55.62664992818035
56.73354587204093
56.16663334196755
55.91854844352581
56.35409232473061
55.83227556078677
55.93847223314725
56.96289324560474
55.94235987997335
56.078597064671676
55.93087736265213
56.311489532357385
56.62936433357236
56.3926154327163
56.72643975488795
56.69641869965867
56.69688555150608
56.64561163589241
56.38710337019904
56.487664126770994
56.35482895216218
56.42830657093588
56.71701245359692
56.6241757336782
56.704288707372264
56.774778782589905
56.65823983267838
56.540056130663224
56.63352017106448
56.11852252059366
55.07674118590021
56.338377924593175
55.53815453952676
56.367380498277306
56.28550436183441
55.944636491194714
56.01353176800905
55.516898931276465
56.7668051859834
55.93356512198229
56.23542779866426
56.05250644437757
56.56142108822571
56.36542655492077
56.323463515545455
56.297087518580156
56.34769137956243
55.635476750473586
57.22944220824644
55.63466692709507
56.54756232148614
56.12985726054291
56.009829302885066
56.092923309208125
56.05575307624637
55.74395928221165
56.73174010933861
55.78110709929348
55.66847095168177
56.71775736775968
56.4340008750284
55.66734522829388
55.8285885097398
55.932698982220934
56.5522128885707
56.34758848695217
56.34728439037193
55.924805245076485
55.81652386903163
56.367281861530465
56.14207796845886
55.71836152593128
56.39217381378819
55.77355604919763
56.88305555525931
55.86796546020085
55.575804992715234
57.08265457039244
55.675572448160594
56.49159633010159
55.939863312496136
56.24675136912126
56.55827982756331
56.21574720422373
55.92623320929767
55.98971399832983
56.54028417001598
55.54193788227595
55.80827149601216
55.55306352845534
56.65984490854192
56.083791119934986
56.26967628013514
56.24679284255835
56.08315215698023
56.30781154068081
56.12874309370286
55.744185084261154
55.07393814158024
55.64877196286242
56.94333312729656
55.83039949636747
56.62397746075311
56.16330494694412
56.31821980885801
55.780960064918844
56.21377302936798
56.19447156350943
55.55849589722283
55.933638826935756
55.04275212155031
56.390286432267445
56.287785120075526
55.15011610565354
55.84896978166957
56.662093976175
56.26729809537652
56.17672828584441
56.49625447917396
55.78546739733504
56.730127095349864
56.62797558252867
56.54889218070135
55.707688321208934
57.46546497078624
55.96238879684852
56.3561323800281
56.259227627282556
56.26795353581364
56.215086100911094
56.63407152540938
56.84467888267541
55.408598399420114
56.73361059201234
56.29981236739959
56.322299461936026
56.063953396722965
