128546.0
112570.0
112570.0
80944.0
80944.0
80944.0
80944.0
80944.0
80944.0
80944.0
80944.0
80944.0
80944.0
80944.0
80944.0
80944.0
80944.0
80944.0
80944.0
80944.0
80944.0
80944.0
72892.0
72892.0
72892.0
68458.0
68458.0
68458.0
68458.0
68054.0
68054.0
68054.0
68054.0
64955.0
64955.0
64955.0
64955.0
64955.0
64955.0
64955.0
56787.0
56787.0
56787.0
56787.0
56787.0
56787.0
56787.0
56787.0
56787.0
56787.0
56787.0
56787.0
56787.0
56787.0
56787.0
56787.0
56787.0
56787.0
56787.0
56787.0
56787.0
56787.0
56787.0
56787.0
56787.0
56787.0
56787.0
56787.0
56787.0
56787.0
55650.0
55650.0
55650.0
55650.0
50133.0
44908.0
44908.0
44908.0
44908.0
44908.0
44908.0
44908.0
44908.0
44908.0
44908.0
44908.0
44908.0
44908.0
39608.0
39608.0
39608.0
39608.0
39608.0
39608.0
39608.0
39608.0
39608.0
39608.0
39608.0
39608.0
39608.0
39608.0
39608.0
39608.0
39608.0
39608.0
39608.0
39608.0
39608.0
39608.0
39608.0
39608.0
39608.0
39608.0
39608.0
39608.0
39608.0
39608.0
39608.0
39608.0
39608.0
39608.0
39608.0
39608.0
39608.0
39608.0
39608.0
39608.0
39608.0
39608.0
39608.0
34936.0
34936.0
34936.0
34936.0
34936.0
34936.0
34936.0
34610.0
34610.0
34610.0
34610.0
34610.0
34610.0
34610.0
34610.0
34610.0
34610.0
34610.0
34610.0
34610.0
34610.0
33590.0
33590.0
33590.0
33590.0
33590.0
33590.0
33590.0
29380.0
29380.0
29380.0
29380.0
29380.0
29380.0
29380.0
29380.0
29380.0
29380.0
29380.0
29380.0
29380.0
29380.0
29380.0
29380.0
29380.0
29380.0
29380.0
29380.0
29380.0
29380.0
29380.0
29380.0
29380.0
29380.0
29380.0
29380.0
29380.0
29380.0
29380.0
29380.0
29380.0
29380.0
29380.0
29380.0
29380.0
29380.0
29380.0
29380.0
29380.0
29380.0
29380.0
29380.0
29380.0
29380.0
29380.0
29380.0
29380.0
29380.0
29380.0
29380.0
29380.0
29380.0
29380.0
29380.0
29380.0
29380.0
29380.0
29380.0
29380.0
29380.0
29380.0
29380.0
29380.0
29380.0
29380.0
29380.0
29380.0
29380.0
29380.0
29380.0
29380.0
29380.0
29380.0
29380.0
29380.0
29380.0
29380.0
29380.0
29380.0
29380.0
29380.0
29380.0
29380.0
29380.0
29380.0
29380.0
29380.0
29380.0
29380.0
29380.0
29380.0
29380.0
29380.0
29380.0
29380.0
29380.0
29380.0
29380.0
29380.0
29380.0
29380.0
29380.0
29380.0
29380.0
29380.0
29380.0
29380.0
29380.0
29380.0
29380.0
29110.0
29110.0
29110.0
29110.0
29110.0
29110.0
29110.0
29110.0
29110.0
29110.0
29110.0
29110.0
29110.0
29110.0
29110.0
29110.0
29110.0
29110.0
29110.0
29110.0
29110.0
29110.0
29110.0
29110.0
29110.0
29110.0
29110.0
29110.0
29110.0
29110.0
29110.0
29110.0
29110.0
29110.0
29110.0
29110.0
29110.0
29110.0
29110.0
29110.0
29110.0
29110.0
29110.0
29110.0
29110.0
29110.0
29110.0
29110.0
29110.0
29110.0
29110.0
29110.0
29110.0
29110.0
29110.0
29110.0
29110.0
29110.0
29110.0
29110.0
29110.0
29110.0
29110.0
29110.0
29110.0
29110.0
29110.0
29110.0
29110.0
29110.0
29110.0
29110.0
29110.0
29110.0
29110.0
29110.0
29110.0
29110.0
29110.0
29110.0
29110.0
29110.0
29110.0
29110.0
29110.0
29110.0
29110.0
29110.0
29110.0
29110.0
29110.0
29110.0
29110.0
29110.0
29110.0
29110.0
29110.0
29110.0
29110.0
29110.0
29110.0
29110.0
29110.0
29110.0
29110.0
29110.0
29110.0
29110.0
29110.0
29110.0
29110.0
29110.0
29110.0
29110.0
29110.0
29110.0
29110.0
29110.0
29110.0
29110.0
29110.0
29110.0
29110.0
29110.0
29110.0
29110.0
29110.0
29110.0
29110.0
29110.0
