274176.8
238321.35
237306.95
201878.15
208883.55
181437.25
169066.05
161449.7
167632.85
166935.9
157541.85
149614.15
154090.5
151599.475
151322.4
145722.2
150478.15
136143.95
130496.25
148667.875
145678.85
150870.375
150402.425
146574.6
140250.55
136244.15
130215.9
142446.0
147265.475
141533.4
149213.45
143970.6
142321.8
143190.575
145880.0
146511.825
145213.525
136965.65
128970.775
124027.775
141456.575
143080.025
148012.475
150120.525
141366.725
148277.85
141703.625
158164.975
147314.7
148793.975
146872.25
143356.85
136925.725
144881.425
147013.575
130464.875
128300.175
135805.875
132099.625
126525.875
139006.875
130631.825
131595.625
123989.925
121125.375
122526.275
126137.825
123770.425
127501.825
122300.475
129402.55
147517.725
108166.825
121279.925
123210.2
126287.0
110627.725
103289.3
129559.875
133608.875
119031.55
105821.375
107114.125
111104.65
113645.75
128063.15
118540.875
119551.675
113014.875
120918.1
124427.925
129874.475
126846.3
122660.75
123591.15
119479.375
120135.95
128063.55
120567.425
117990.875
127234.875
124852.5
118748.275
115241.3
109315.25
115429.55
112149.85
104023.25
121005.0
140056.25
127265.55
111655.425
120637.95
129966.25
113465.575
103247.475
123517.7
113934.75
116152.3
118836.4
117200.9
114948.15
129704.575
111326.7
121955.925
110895.675
121528.25
116827.975
112916.575
117210.275
117697.8
101751.775
103382.925
108067.275
110930.75
115266.575
111681.9
103325.925
96028.8
94744.4
96365.525
101127.7
102659.625
106207.675
108033.075
104747.7
111411.7
109416.0
94433.575
87801.6
98256.8
86979.225
97051.75
87309.175
86008.625
88382.675
89235.55
87560.45
85669.325
102905.55
115425.825
111416.025
116379.35
115587.2
116363.325
105474.4
109455.35
94127.2
116161.875
113174.1
116127.7
98260.225
120890.725
105393.95
110393.875
105060.3
94968.975
109307.625
114212.95
122431.175
112835.2
109689.35
99021.0
113075.025
115923.8
120720.075
99663.975
111388.5
107464.95
110061.15
103525.6
108502.0
113425.925
117485.125
114538.275
117024.775
112746.95
107121.3
101030.15
107203.35
119774.15
111468.275
113792.975
123912.425
112894.55
103437.525
108606.025
117659.725
116983.95
120207.575
118741.75
118975.125
109602.55
101724.5
120605.725
135400.3
114629.675
117352.475
107226.15
91583.675
90856.275
89783.1
105600.925
96027.575
108590.525
100477.45
95962.275
87603.275
118199.075
113219.075
96854.575
95531.1
103152.175
107777.125
90489.3
99565.875
109785.575
107503.05
96642.075
107054.95
95503.725
100728.225
96069.975
92643.525
97578.075
101378.875
98132.95
101598.75
109615.775
99582.5
114141.625
108903.2
97935.975
97322.725
98415.575
100641.25
100573.95
108049.575
108088.775
97593.025
101422.275
97751.0
97894.375
104646.575
105574.875
104281.175
110115.5
115649.85
109016.75
112427.5
120822.675
116228.925
108934.275
103737.125
95369.025
98867.375
101813.0
108349.9
90166.275
103474.75
111391.825
101203.2
110987.625
123768.45
107823.075
111318.85
100538.2
101003.6
98643.475
96680.675
99011.825
100200.725
99419.475
104743.575
97116.75
101391.55
108680.175
111021.65
110344.325
121020.875
110842.725
102677.65
99794.6
90341.5
97388.775
106166.4
98628.475
86083.3
86737.775
101056.575
105923.025
100016.3
93465.25
108831.95
92133.4
96509.125
90688.275
95812.1
88083.075
100609.0
104005.625
96351.425
93938.675
103759.65
98090.875
98533.425
97712.55
97029.975
94278.875
96295.35
96188.95
93458.525
95140.175
98931.925
108504.05
95601.025
98519.875
95584.875
95207.025
110530.925
95227.275
97553.1
103285.575
93802.4
102578.975
106911.525
89951.75
93931.575
91469.575
96560.8
87511.475
102736.95
97028.475
91764.325
92933.575
95215.825
95737.825
88891.25
94958.125
83041.325
89958.125
92271.875
102050.825
110862.675
87156.1
96192.275
89983.025
82992.2
99648.95
99192.425
91400.625
89189.25
98122.525
103163.875
98506.125
103908.475
103312.425
90004.825
106493.275
99704.65
91746.475
106275.225
99242.1
96343.925
106459.875
93451.025
93688.8
100651.575
104636.475
92074.325
94844.0
91184.575
86237.425
93342.5
95543.15
106320.125
101348.175
91321.125
91647.475
90025.9
86234.95
