286921.6909090909
252746.925
235973.6
229541.975
214580.825
198983.325
182681.8
174053.1
172491.7
172845.55
171870.425
163308.725
161491.2
165082.0875
162029.7125
156899.175
161373.075
153150.275
139700.975
157046.9125
156798.025
160345.4125
164373.1
157382.3125
157551.5
150313.775
140588.25
143216.425
154280.3125
154093.8625
150598.4
158144.8
152141.4
152521.0875
154488.9
158500.45
159301.6125
153188.825
145883.7125
138753.625
135892.425
147711.7125
149090.6375
156788.4
158694.3125
151373.025
157902.25
161154.4625
160929.225
154113.875
158184.8125
153500.0875
152214.7
155239.4625
163280.625
144681.6375
135439.3375
141337.2375
149006.975
137744.3125
150669.5625
145070.4875
139141.1875
137870.1125
134105.2125
139100.975
138217.4125
142279.6875
136007.8125
137910.3125
136588.525
157654.6375
134660.6625
129223.6
137500.05
138749.525
131998.2625
119814.8875
126034.65
142495.775
143654.4375
121555.3625
116546.925
125115.6125
130125.775
133312.3875
135121.925
132596.95
121158.725
122984.1625
137398.7125
142391.925
145294.8125
131600.775
130181.325
127575.3625
127389.5375
133791.5875
130448.4375
134097.95
135358.325
138937.0625
131907.1125
123190.6375
127325.375
125649.5375
127739.575
115955.3
131142.8
146921.175
143624.0
128180.5125
123907.7375
134940.0125
135886.7375
121588.725
127592.4375
132270.2875
127471.05
134075.65
134530.4
125414.175
131895.1375
136285.525
130879.45
126510.4125
138039.7375
138464.9875
136580.8375
131783.425
134068.5125
127572.2875
118811.7875
118663.25
119918.0125
126629.3125
133151.1
115838.3625
118055.6125
114005.925
117040.9
125360.75
122075.0125
120393.05
118392.425
119330.6625
129573.175
124205.6125
118245.7875
107907.6
105232.525
105154.75
109757.3875
103480.4
99663.925
104676.175
105019.125
108729.125
110853.5125
104341.4125
119993.9375
122696.1
122848.925
127853.15
126974.6125
120791.7375
121879.875
113556.95
119413.7375
125650.15
123517.1
113798.675
121732.4
124065.2
121477.8
117442.8375
110573.8625
114471.7625
125691.25
133795.9625
122275.0375
124152.0125
114221.7125
113807.875
125073.625
132167.7125
122590.0625
114905.3
118321.825
119516.25
117001.9125
116253.1625
120598.85
122661.7125
125360.2875
129962.975
124243.4
121262.6375
119328.025
116102.7
123738.6375
130939.175
129153.0875
131109.0
128847.025
120698.975
120768.475
120868.075
129349.0375
133181.8375
135947.9125
134096.925
124509.775
120045.6375
120494.0625
141199.3375
143055.325
129031.9875
129085.3875
116953.0875
110437.9125
105907.6375
119910.8875
110185.2625
117144.0625
118985.2625
114480.1875
103685.475
120347.425
139019.6875
120983.3125
108090.5
113526.625
119839.8375
110094.325
104729.9125
127049.525
126316.3375
115808.75
119833.6125
120144.6125
112992.4375
121386.0875
111626.65
107334.6
116143.8
111964.3
117819.375
124295.35
120289.875
125710.65
130493.9875
125073.975
121589.8875
115197.25
108763.4
118007.6625
117294.7625
124625.4625
122694.575
112525.9375
117258.9625
108307.025
119963.7625
121571.2375
110796.4125
121899.6625
127055.2875
120937.0
124911.8375
127650.825
131825.1375
127561.6625
120749.575
116158.475
115032.9875
112307.95
122733.0375
110505.55
117234.95
115961.725
123330.025
125425.5375
138719.925
136832.95
124723.125
121484.7
119584.9125
119646.1
113614.975
116212.9875
116683.175
124330.2875
120671.5125
118628.725
117073.0875
124028.525
133055.9
126668.875
137453.05
132028.1
126489.45
120620.8375
112985.8875
109885.1125
124297.85
124960.7125
108562.1
99946.45
110018.1125
127297.3625
125087.475
113452.85
125052.8125
123819.4125
114807.75
117623.3125
110523.075
112877.875
111719.225
123910.475
122232.75
114269.6
113254.5125
122049.3125
115836.075
115626.7
114221.1875
114757.55
121146.1125
117310.6375
115088.125
121515.1125
118258.7875
124101.6625
126792.1125
112737.225
118017.425
109071.8125
126197.9125
123136.0125
116981.65
127769.8875
117288.9125
121586.575
123826.6875
117604.75
109465.8125
122950.625
121158.575
114433.725
111938.7875
123660.2
120002.0375
112654.8375
110577.1625
114258.5
119462.2125
116471.45
108311.4375
103010.6625
107012.2375
119459.9375
136846.25
120608.975
115481.975
119386.0
103397.15
114089.225
116767.9125
121200.0625
106474.55
108503.6875
113616.8875
118262.375
115038.8
127447.325
116614.7125
120479.3875
124295.15
115053.775
113460.4875
122104.8375
119447.275
119019.775
114975.5875
111498.6
120013.675
117729.2125
118128.4875
111953.9
109077.225
101341.3875
117859.2
114961.8125
126133.9
124214.8375
113465.3875
111520.825
112640.8125
102776.925
