68.92910385953287
68.92910385953287
68.92910385953287
71.16594678184823
71.16594678184823
71.16594678184823
71.16594678184823
71.16594678184823
71.16594678184823
72.1801111731695
72.1801111731695
72.1801111731695
72.1801111731695
72.81417318420092
74.70581432330066
74.70581432330066
74.70581432330066
74.70581432330066
74.70581432330066
74.70581432330066
74.70581432330066
74.70581432330066
74.70581432330066
74.70581432330066
74.70581432330066
74.70581432330066
74.70581432330066
74.70581432330066
74.70581432330066
74.70581432330066
74.70581432330066
74.70581432330066
75.30519811632023
75.30519811632023
75.92894935752078
75.92894935752078
75.92894935752078
75.92894935752078
75.92894935752078
75.92894935752078
76.68278735894394
77.2629058631161
77.2629058631161
77.2629058631161
77.2629058631161
77.2629058631161
77.2629058631161
77.2629058631161
77.2629058631161
77.2629058631161
77.2629058631161
77.2629058631161
77.2629058631161
77.2629058631161
77.2629058631161
77.2629058631161
77.96066252587993
77.96066252587993
77.96066252587993
77.96066252587993
77.96066252587993
77.96066252587993
77.96066252587993
77.96066252587993
77.96066252587993
77.96066252587993
77.96066252587993
77.96066252587993
77.96066252587993
78.47448425624322
79.8125609334214
79.8125609334214
79.8125609334214
79.8125609334214
79.8125609334214
79.8125609334214
79.8125609334214
79.8125609334214
79.8125609334214
79.8125609334214
79.8125609334214
79.8125609334214
79.8125609334214
79.8125609334214
79.8125609334214
79.8125609334214
79.8125609334214
79.8125609334214
79.8125609334214
79.8125609334214
79.8125609334214
79.8125609334214
79.8125609334214
79.8125609334214
79.8125609334214
79.8125609334214
79.8125609334214
79.8125609334214
79.8125609334214
79.8125609334214
79.8125609334214
79.8125609334214
79.8125609334214
79.8125609334214
79.8125609334214
79.8125609334214
79.8125609334214
79.8125609334214
79.8125609334214
79.8125609334214
79.8125609334214
79.8125609334214
79.8125609334214
79.8125609334214
79.8125609334214
79.8125609334214
79.8125609334214
79.8125609334214
79.8125609334214
79.8125609334214
79.8125609334214
79.8125609334214
79.8125609334214
79.8125609334214
79.8125609334214
79.8125609334214
79.8125609334214
79.8125609334214
79.8125609334214
79.8125609334214
79.8125609334214
79.8125609334214
79.8125609334214
79.8125609334214
79.8125609334214
79.8125609334214
79.8125609334214
79.8125609334214
79.8125609334214
79.8125609334214
79.8125609334214
79.8125609334214
79.8125609334214
79.8125609334214
79.8125609334214
79.8125609334214
79.8125609334214
79.8125609334214
79.8125609334214
79.8125609334214
79.8125609334214
79.8125609334214
79.8125609334214
79.8125609334214
79.8125609334214
79.8125609334214
79.8125609334214
79.8125609334214
79.8125609334214
79.8125609334214
79.8125609334214
79.8125609334214
79.8125609334214
79.8125609334214
79.8125609334214
79.8125609334214
79.8125609334214
79.8125609334214
79.8125609334214
79.8125609334214
79.8125609334214
79.8125609334214
79.8125609334214
79.8125609334214
79.8125609334214
79.8125609334214
79.8125609334214
79.8125609334214
79.8125609334214
79.8125609334214
79.8125609334214
79.8125609334214
79.8125609334214
79.8125609334214
79.8125609334214
79.8125609334214
79.8125609334214
79.8125609334214
79.8125609334214
79.8125609334214
79.8125609334214
79.8125609334214
79.8125609334214
79.8125609334214
79.8125609334214
79.8125609334214
79.8125609334214
79.8125609334214
79.8125609334214
79.8125609334214
79.8125609334214
79.8125609334214
79.8125609334214
79.8125609334214
79.8125609334214
79.8125609334214
79.8125609334214
79.8125609334214
79.8125609334214
79.8125609334214
79.8125609334214
79.8125609334214
79.8125609334214
79.8125609334214
79.8125609334214
79.8125609334214
79.8125609334214
79.8125609334214
79.8125609334214
79.8125609334214
79.8125609334214
79.8125609334214
79.8125609334214
79.8125609334214
80.31161473087819
80.31161473087819
80.31161473087819
80.31161473087819
80.31161473087819
80.31161473087819
80.31161473087819
80.31161473087819
80.31161473087819
80.31161473087819
80.31161473087819
80.31161473087819
80.31161473087819
80.31161473087819
80.31161473087819
80.31161473087819
80.31161473087819
80.31161473087819
80.31161473087819
80.31161473087819
80.31161473087819
80.31161473087819
80.31161473087819
80.31161473087819
80.31161473087819
80.31161473087819
80.31161473087819
80.31161473087819
80.31161473087819
80.31161473087819
80.31161473087819
80.31161473087819
80.31161473087819
80.31161473087819
80.31161473087819
80.31161473087819
80.31161473087819
80.31161473087819
80.31161473087819
80.31161473087819
80.31161473087819
80.31161473087819
80.31161473087819
80.31161473087819
80.31161473087819
80.31161473087819
80.31161473087819
80.31161473087819
80.31161473087819
80.31161473087819
80.31161473087819
80.31161473087819
80.31161473087819
80.31161473087819
80.31161473087819
80.31161473087819
80.31161473087819
80.31161473087819
80.31161473087819
80.31161473087819
80.31161473087819
80.31161473087819
80.31161473087819
80.31161473087819
80.31161473087819
80.31161473087819
80.31161473087819
80.31161473087819
80.31161473087819
80.31161473087819
80.31161473087819
80.31161473087819
80.31161473087819
80.31161473087819
80.31161473087819
80.31161473087819
80.31161473087819
80.31161473087819
80.31161473087819
80.31161473087819
80.31161473087819
80.31161473087819
80.31161473087819
80.31161473087819
80.31161473087819
80.31161473087819
80.31161473087819
80.31161473087819
80.31161473087819
80.31161473087819
80.31161473087819
80.31161473087819
80.31161473087819
80.31161473087819
80.31161473087819
80.31161473087819
80.31161473087819
80.31161473087819
80.31161473087819
80.31161473087819
80.31161473087819
80.31161473087819
80.31161473087819
80.31161473087819
80.31161473087819
80.31161473087819
80.31161473087819
80.31161473087819
80.31161473087819
80.31161473087819
80.31161473087819
80.31161473087819
80.31161473087819
80.31161473087819
80.31161473087819
80.31161473087819
80.31161473087819
80.31161473087819
80.31161473087819
80.31161473087819
80.31161473087819
80.31161473087819
80.31161473087819
80.31161473087819
80.31161473087819
80.31161473087819
80.31161473087819
80.31161473087819
80.31161473087819
80.31161473087819
80.31161473087819
80.31161473087819
80.31161473087819
80.31161473087819
80.31161473087819
80.31161473087819
80.31161473087819
80.31161473087819
80.31161473087819
80.31161473087819
80.31161473087819
80.31161473087819
80.31161473087819
80.31161473087819
80.31161473087819
80.31161473087819
80.31161473087819
80.31161473087819
80.31161473087819
80.31161473087819
80.31161473087819
80.6411468178954
80.6411468178954
80.6411468178954
80.6411468178954
80.6411468178954
80.6411468178954
80.6411468178954
80.6411468178954
80.6411468178954
80.6411468178954
80.6411468178954
80.6411468178954
80.6411468178954
80.6411468178954
80.6411468178954
80.6411468178954
80.6411468178954
80.6411468178954
80.6411468178954
80.6411468178954
80.6411468178954
80.6411468178954
80.6411468178954
80.6411468178954
80.6411468178954
80.6411468178954
