56.147319823249084
59.53016912766905
60.474543852564224
61.5820698694572
63.06079640505811
62.313739092779166
62.481469497376295
63.27970964846744
62.88621256674353
64.36491542866466
62.70999352704704
61.79197359150967
64.72770757389692
64.0604230169685
62.748513897484656
63.77389281395284
64.0238836014964
64.7913672140724
65.65337328419037
65.18525503036531
64.74346133931952
64.50765611598737
65.32091011523038
65.75882039891356
65.46153772291791
64.02161690370063
65.0920851434545
65.3826708511953
64.54419637087766
66.01874624763073
65.98836654532344
64.8743347152758
66.61438145623781
66.80028103247872
66.11490341954023
66.2575443631643
66.51941536980483
65.50158540786181
64.3570061927517
63.64568006188641
64.1947262957078
65.67098115165018
67.9195593946948
67.93859026948085
66.41528249106076
66.04083175667554
67.03595316613692
68.18755846359284
67.29328356785616
66.36738144279256
67.40136735947718
68.20539133308144
69.24636514140956
68.60565008238586
68.23416291441211
67.00459709912145
66.97474223179641
67.64503392999201
68.3250944115784
68.71593695450066
67.69766396715949
67.84684594215734
68.11334923545355
68.86188945373542
69.89073193085667
68.30442353044087
68.53617356847685
68.59900838585547
68.50306152052545
68.76596334866028
67.11244896166062
67.12467053899964
64.32977343485793
64.03993278012209
67.60419740070782
67.31060544500014
64.7347180305521
66.34140539767776
67.76948007153685
68.59691337008269
64.31789614453233
64.971152838122
66.46617749073171
66.61306294016757
66.850195687428
67.33733719360427
66.58933744481871
67.43597388809873
68.12679259534787
66.82663136553982
65.94887058166108
68.38486223169247
67.4382363819789
66.1468263139621
66.51057196751603
66.09776251230019
67.64661495615249
66.28534318634124
65.20952138761785
66.85825066254074
66.80535503709605
66.41380111319297
67.74090359200613
68.29606506905684
67.43069727053538
67.43322959209608
65.4732166735971
65.95492989038067
65.94567887732467
67.18516060976312
67.98846120512518
67.89568244167718
66.98813237935467
66.81134453877544
67.61325644792954
67.28818682237112
67.04731224912061
68.4484158804049
68.11163801450398
66.50714972252567
67.09502596629977
67.29185079667776
66.81151357991305
68.11020377811394
67.65772770330719
68.17039176982783
69.00342127179474
68.88922448531225
68.06096356903178
68.78254232896118
68.1943419406539
68.42250192297891
68.03466696991464
67.19933236774831
66.24696389223396
66.97154764011493
67.61222118748016
66.41779923843936
65.67909679960117
67.53123620250514
66.17300767382764
66.99340499998661
65.49675936776124
63.05581728876946
62.60470235402429
62.25811665219086
62.69183001024204
62.82533603215675
63.92321261826214
62.87427762219794
62.643615931030396
63.070189220299326
62.931592404782215
62.64675580608898
62.57507278254701
63.92991120737929
61.95334070009667
62.50291469809895
62.20947706011642
62.530280919514226
62.654582851073755
62.67306932722299
63.93903556857809
63.16891493208535
64.41068147397036
65.8898670371586
66.43068801471905
64.98852377619912
63.39424628542755
64.23110109280591
63.54688545710727
63.697351502541736
63.49955532747059
63.54559150499928
64.5207699511509
64.75675731756901
63.899546024074255
64.94484118964222
66.14467824162062
64.9575517479442
65.72322617969252
66.02835591956375
64.4101400630618
63.081033300614386
64.45768904886762
64.04612701939163
65.19981836231332
65.74828385202795
64.83903085663506
66.37748766769508
65.11102633857014
65.09939041825523
65.89918707190833
66.2607553192693
66.29662495061135
67.19002396969117
64.93753235446394
66.9416031265483
66.04876539941576
66.93933017124085
66.43410060660639
67.80642338755295
67.9516507218583
69.09269705829014
66.5267885993321
65.69367091621359
65.97450463687694
66.90302920527543
67.50613273695492
68.30960854012847
67.81190025846482
67.00841362188176
68.20806448586872
67.9148947925527
67.36437701228155
69.67608641672848
66.65074854492408
65.70700136450698
67.77379406835908
66.79493147356438
67.65938215181782
67.50274271255468
67.11012690863853
66.5674812366734
66.09406730370446
68.96751572311653
66.33589418483807
67.04022439914745
67.1863576058611
66.6194440228374
64.85818498791534
66.14562179407321
66.63850702579684
67.19305154411863
67.92868080359287
67.15625332458109
67.46656645617358
68.16575448419405
67.05857991506495
67.17928034189225
67.47445422811613
68.19035207441057
67.95887169206915
68.15976485446654
68.86927690580589
69.22619161889777
67.58444669128929
69.90873330303405
70.54529679241368
67.99740694844044
69.83879665929966
69.47263456978833
70.65086808073124
69.1371474279565
68.97321157964264
68.47709249944015
68.56945150018441
68.52359343253359
69.42395055818442
69.03672432723995
69.56417467937622
68.44016519535245
68.2359109124325
67.64400965256843
68.71696881710173
68.11426171860737
69.93401400893359
70.77888401813684
68.96576548129897
69.2255002551888
70.09817810155769
69.54748261407727
67.94068526956255
68.93640437925765
69.4019166050422
69.08595975355912
69.4093292396177
69.48845476100784
69.09218402461022
69.58166551240443
69.05522495424297
68.94797719763602
69.73526080881668
66.72946360183929
69.24625801932127
68.97168325095507
68.93707514176549
69.31770828332454
68.88786723668179
70.34466322490889
69.17843389165446
67.70676509694115
68.61301784895362
69.9701792331463
67.54452688487224
67.92926481371282
69.60260797574132
68.02431504286396
68.80825030381149
68.30827250694094
68.40666346889864
69.3450911522943
68.33603089596212
67.77775937484952
70.11504235164267
70.16468574237497
69.37897751776259
67.2549927852077
67.54847908117483
69.07278629627088
68.83270540008105
68.34940343348757
68.98441158449177
69.96496425686888
68.72359187023372
68.0944924454803
68.46154214812249
69.66659993233652
69.81663221691484
69.01328329920862
69.53255722733323
69.73938186544402
69.08604624094559
69.62557691291995
69.40807601052089
68.47740843037637
69.04291214740712
69.732412376073
70.55612176034818
68.85221576072495
69.90790712349556
69.51912642475494
68.48980467744867
68.9857049756495
68.21047243547734
68.79324051001556
68.23938292994302
69.6036567108159
69.3150988489986
70.169377765549
70.38111827712818
69.58086411772746
70.04647831105302
69.93288690185963
69.45725299542967
71.41006888550746
69.53159243223334
69.60116711723671
70.08176923358347
69.59824263078325
69.90294648772218
70.94459328215233
70.52936347686304
69.96557457157319
69.43197731380693
70.20389707429788
69.82640297704292
69.91639084364607
71.63730237179709
69.78875703907882
69.7295723131065
69.65574432668362
70.53657767021375
70.01313421987784
69.57226907268296
70.67051640574371
70.63249341702486
69.39183754034879
70.8382285918602
67.96073127210505
68.58993765814009
67.66566665470181
69.30880267657294
68.86181380641342
67.05741437355908
68.08697590326622
68.62360185208833
67.3545971154834
67.25042253304495
67.84377453841401
66.92268550588702
68.5060596025149
66.97861948378808
68.43706451620037
68.53053311740743
68.08027403082352
68.94328999781132
69.4893033042625
66.51681331449025
68.98997493331318
68.47873809194438
67.99569930549485
67.37264295338127
68.14267221738793
67.84420795771311
67.74114920606117
68.25281915602217
69.08397820173295
68.91897827040337
68.21624985401832
67.84700625887821
