44386.3125
42818.9375
42595.8125
43010.5
43150.25
44782.1875
39367.0
38146.25
36874.125
36849.0
36986.1875
36610.5625
33166.25
32207.5625
32175.8125
30900.0
30597.625
31230.0
32238.5625
32496.5
32990.0
33590.125
32775.5
29596.5
29370.8125
29684.8125
29302.4375
28249.8125
27697.75
28147.875
28641.375
28764.0
30035.375
29521.5
29445.75
29458.5625
28937.8125
28792.4375
27518.9375
27647.8125
27680.6875
29065.4375
28896.6875
29228.1875
28848.1875
30078.75
29397.375
29559.25
29568.9375
30998.8125
30576.1875
31890.9375
31890.8125
31928.5625
32629.8125
32303.9375
32246.1875
32454.3125
32250.8125
32396.6875
33061.5625
32741.125
32553.25
33049.5
32988.5
34062.75
33801.875
33480.625
33494.125
34237.375
34239.875
33311.875
33739.0
34200.25
34648.125
34647.375
34622.75
34135.125
34380.75
34380.75
33732.5
33486.25
33387.5
32760.0
32726.125
32726.125
32315.375
32302.875
32302.875
32290.375
32476.125
32420.875
32214.625
32906.5
33420.75
32941.75
33031.875
32635.0
32958.25
32819.25
32827.5
32248.75
31731.25
31816.5
33233.75
33185.875
33155.875
33844.125
34304.125
33964.25
34239.0
35041.0
34848.25
35040.5
35017.75
35199.375
35199.375
35336.125
35450.375
35484.0
36252.0
36252.0
36054.25
36294.0
36285.5
36285.5
36216.75
36268.625
36268.625
36627.375
36594.625
36594.625
37445.375
37417.625
37573.875
37598.125
37598.125
37559.625
35932.375
35959.875
36340.25
36819.25
36806.625
36374.625
36673.375
37545.125
37545.125
37571.5
37543.0
37523.0
37532.0
37534.5
37528.5
37528.5
37527.75
37552.75
36807.25
36815.75
36807.0
37275.75
37275.75
37293.0
37293.0
37337.75
37337.75
37396.25
37391.0
37391.0
37380.5
37405.75
37422.0
37399.5
37404.75
37132.25
37101.0
37127.5
37127.5
36912.5
36921.25
36943.75
36943.75
36943.75
36943.75
36235.375
36235.375
36207.875
36222.625
35756.375
35362.5
35326.0
35356.0
35356.0
35299.625
35359.375
35692.125
35532.375
35484.625
35484.625
35969.375
35499.625
