52.522966584291396
52.522966584291396
52.522966584291396
53.065455602674774
54.46904392764858
54.46904392764858
56.2325363949683
56.89802357873807
56.95632244122847
56.98380481382709
57.10743437017428
57.183542907566725
58.51816345396652
58.51816345396652
58.725861039219595
58.725861039219595
58.725861039219595
58.725861039219595
59.15744304056125
59.15744304056125
59.15744304056125
59.75898636551439
60.452622389362695
60.452622389362695
60.452622389362695
60.452622389362695
60.452622389362695
60.452622389362695
60.452622389362695
60.452622389362695
60.452622389362695
60.452622389362695
60.452622389362695
60.452622389362695
60.452622389362695
60.452622389362695
60.452622389362695
60.452622389362695
60.452622389362695
60.452622389362695
60.452622389362695
60.574581015741444
60.574581015741444
60.574581015741444
60.574581015741444
60.574581015741444
60.574581015741444
60.574581015741444
60.574581015741444
60.574581015741444
60.64274548296797
61.44458683244266
61.44458683244266
61.44458683244266
61.44458683244266
61.44458683244266
61.44458683244266
61.44458683244266
61.44458683244266
61.51797724215654
61.574099320173055
61.574099320173055
61.574099320173055
61.62408930971603
61.62408930971603
61.699796723512314
61.699796723512314
61.699796723512314
61.699796723512314
61.881421776858
61.881421776858
61.881421776858
61.881421776858
61.881421776858
61.881421776858
61.881421776858
61.881421776858
61.881421776858
61.881421776858
62.02438006026939
62.02438006026939
62.02438006026939
62.11554139183281
62.11554139183281
62.11554139183281
62.11554139183281
62.11554139183281
62.67123287671234
62.67123287671234
62.67123287671234
62.67123287671234
62.67123287671234
62.67123287671234
62.67123287671234
62.67123287671234
63.22033506108849
63.22033506108849
63.22033506108849
63.22033506108849
63.22033506108849
63.22033506108849
63.22033506108849
63.22033506108849
63.22033506108849
63.22033506108849
63.22033506108849
63.22033506108849
63.23190485005553
63.23190485005553
63.29507589781563
63.29507589781563
63.378378378378386
63.378378378378386
63.378378378378386
63.378378378378386
63.378378378378386
63.378378378378386
63.378378378378386
63.378378378378386
63.378378378378386
63.378378378378386
63.378378378378386
63.378378378378386
63.378378378378386
63.46266324366558
63.46266324366558
63.46266324366558
63.532983591918736
63.532983591918736
63.532983591918736
63.74166975194373
63.74166975194373
63.74166975194373
63.743983709737144
64.00823768974453
64.00823768974453
64.00823768974453
64.00823768974453
64.00823768974453
64.00823768974453
64.00823768974453
64.00823768974453
64.01897533206832
64.01897533206832
64.07143654425718
64.07143654425718
64.07143654425718
64.07143654425718
64.07143654425718
64.12215136764078
64.13244039793396
64.13244039793396
64.13244039793396
64.13244039793396
64.6283716580658
64.6283716580658
64.6283716580658
64.6283716580658
64.6283716580658
64.69422145194224
64.84627045516385
64.84627045516385
64.84627045516385
65.00723661797286
65.00723661797286
65.00723661797286
65.00723661797286
65.00723661797286
65.00723661797286
65.18329335854526
65.18329335854526
65.18329335854526
65.18329335854526
65.18329335854526
65.18329335854526
65.18329335854526
65.18329335854526
65.18329335854526
65.26446237530266
65.26446237530266
65.26446237530266
65.26446237530266
65.26446237530266
65.26446237530266
65.3639230014702
65.3639230014702
65.3639230014702
65.3639230014702
65.3639230014702
65.3639230014702
65.3639230014702
65.3639230014702
65.3639230014702
65.3639230014702
65.43274518187575
65.43274518187575
65.43274518187575
65.43274518187575
65.43274518187575
65.43274518187575
65.49996684645795
65.49996684645795
65.49996684645795
65.49996684645795
65.49996684645795
65.49996684645795
65.52054490704434
65.52054490704434
65.52054490704434
65.52054490704434
65.52054490704434
65.56136850357348
65.56136850357348
65.56136850357348
65.56136850357348
65.65087262409143
65.65087262409143
65.65087262409143
65.65087262409143
65.65087262409143
65.65087262409143
66.35591668574044
66.35591668574044
66.35591668574044
66.35591668574044
66.35591668574044
66.35591668574044
66.35591668574044
66.35591668574044
66.35591668574044
66.35591668574044
66.35591668574044
66.35591668574044
66.35591668574044
66.35591668574044
66.35591668574044
66.35591668574044
66.53101396200502
66.53101396200502
66.53101396200502
66.53101396200502
66.53101396200502
66.53101396200502
66.53101396200502
66.53261615930418
66.53261615930418
66.53261615930418
66.57198443579766
66.57198443579766
66.57198443579766
66.57198443579766
66.57198443579766
66.57198443579766
66.69260700389106
66.69260700389106
66.69260700389106
66.69260700389106
66.71366445410848
66.71366445410848
66.71366445410848
66.71366445410848
66.82925154497596
66.82925154497596
66.82925154497596
66.82925154497596
66.82925154497596
66.82925154497596
66.82925154497596
66.82925154497596
66.82925154497596
66.82925154497596
66.82925154497596
66.82925154497596
66.82925154497596
66.83474479285877
66.83474479285877
66.8484779125658
66.8484779125658
66.8484779125658
66.8484779125658
66.8484779125658
66.8484779125658
66.8484779125658
66.85557335774776
66.85557335774776
66.85557335774776
67.04074158846417
67.04074158846417
67.04074158846417
67.04074158846417
67.04074158846417
67.04074158846417
67.04074158846417
67.04074158846417
67.04074158846417
67.04074158846417
67.04074158846417
67.04074158846417
67.04074158846417
67.04074158846417
67.04074158846417
67.04692149233233
67.04692149233233
67.04692149233233
67.04692149233233
67.04692149233233
67.04692149233233
67.04692149233233
67.04692149233233
67.04692149233233
67.04692149233233
67.04692149233233
67.04692149233233
67.1057450217441
67.11741817349508
67.11741817349508
67.11741817349508
67.11741817349508
67.11741817349508
67.13458457312886
67.13458457312886
67.13458457312886
67.13458457312886
67.18860151064317
67.18860151064317
67.18860151064317
67.18860151064317
67.18860151064317
67.35454337376976
67.35454337376976
67.35454337376976
67.35454337376976
67.35454337376976
67.35454337376976
67.35454337376976
67.35454337376976
67.35454337376976
67.35454337376976
67.35454337376976
67.35454337376976
67.35454337376976
67.44609750514992
67.44609750514992
67.44609750514992
67.44609750514992
67.44609750514992
67.44609750514992
67.44609750514992
67.44609750514992
67.45067521171893
67.45067521171893
67.45067521171893
67.45067521171893
67.45067521171893
67.45067521171893
67.45067521171893
67.45067521171893
67.49851224536508
67.49851224536508
67.49851224536508
67.49851224536508
67.49965667200732
67.49965667200732
67.49965667200732
67.49965667200732
67.49965667200732
67.49965667200732
67.49965667200732
67.49965667200732
67.49965667200732
67.51717683581
67.51717683581
67.51717683581
67.51911192492561
67.51911192492561
67.51911192492561
67.51911192492561
67.51911192492561
67.54764522631481
67.54764522631481
67.54764522631481
67.65299367709832
67.65299367709832
67.65299367709832
67.65299367709832
67.65299367709832
67.65299367709832
67.65299367709832
67.65299367709832
67.65299367709832
67.68951585290694
67.68951585290694
67.68951585290694
67.68951585290694
67.68951585290694
67.68951585290694
67.68951585290694
67.68951585290694
67.68951585290694
67.68951585290694
