46.38874365425748
47.633310774754065
48.24831014574511
49.02556976115662
49.528496339982766
49.797065632953405
50.548932174627325
51.415980359963996
51.2289577482853
51.81829720721593
52.30018286897054
52.66328155716802
53.449775454033706
53.49144739512625
53.98817682684292
54.32327631914474
54.59522847329713
55.089883072274674
54.99862773325469
55.44866015228064
55.49333876306296
55.938518157277294
56.32168110509575
56.323551259669856
56.48787364431428
56.23765011112373
55.5603414576265
55.42252815824922
54.9841001354082
54.11031208432178
54.36419343904738
54.057416926204155
54.5450353062021
54.869362864480635
55.470740636836965
55.503063401739404
55.65270504682271
55.587365168848635
55.49560188706575
56.544252245779035
56.9114441952261
56.79740055609568
56.65502633055964
57.202493655674445
56.998262610541836
56.90913900834467
57.17198672155329
57.467096925953626
58.32384142413879
58.363403045130084
58.26871546469372
58.15269833551572
58.0490427873209
58.187888722282615
58.45063384292105
58.60838938686243
58.603242185877605
58.63564956992637
58.71384348573963
58.726656877224926
58.73223727332735
58.89509030665814
59.000089496188934
58.85951100591386
58.97724729651834
59.14429127635772
59.21485673666259
59.22041677018113
59.185528191644856
59.231203438678406
59.42465032021347
59.58511486641949
59.55358917203997
59.5615411214878
59.46544121074021
59.45999911893357
59.695517185432074
59.811774514219636
59.59812265115609
59.74706366619902
59.74449947062404
60.00202536758202
59.978777653037845
60.10335507071146
59.92938417851356
59.985181302810304
60.05621192256158
60.168347582921385
60.10080773878209
59.95682341174887
59.98104403006973
60.059588264965235
59.94860035793467
59.944679889149754
59.909319551207226
60.191161918570856
60.26537490445683
60.573439629403346
60.519893160963264
60.5598169853515
60.76094928139139
60.75981047765333
60.95201777571593
61.0502953124053
61.2341664347796
61.5420259097825
61.222043164799786
61.824527544186466
61.93603815662787
61.99455702908871
61.97454678772961
62.005250110616466
62.03588321731784
62.11382718933354
62.08811637886138
62.107897456091294
62.07572974164374
62.050369691238394
62.05318781126393
62.049808865712485
62.145158940609406
62.17614157639868
62.13543958206334
62.17263722675616
61.92620319866567
62.1332963204902
62.23974013631977
62.3386270075099
62.21021395907768
62.397818977944134
62.446662766170995
62.42198611606957
62.51743100389571
62.58824227211052
62.41741815965776
62.45565955386252
62.45694028027882
62.69896174276888
62.80775971516714
62.74820390425375
62.686701350536055
62.907846547914815
62.864362628561004
62.88703721810238
62.81649431053363
62.76143517349914
62.82180501367956
62.8913168728473
62.87434627997228
62.76841732963177
62.81919465832884
62.85351545227345
62.84435473718561
62.70823788054622
62.90221709749462
62.93619664970707
62.914972781812004
62.835804899700236
62.81970631753369
62.88035260690627
63.04691964212325
63.0871570712565
63.133118127684874
62.95972480487211
62.94797683688633
62.90428095216229
62.79895086369417
62.7676752059577
62.87916550108237
62.755382341081294
62.894009602556046
62.98023904394803
63.04321799373273
63.08327020159412
63.28718977969571
63.124134244687944
63.23813602891907
63.28916005736731
63.59239929552435
63.62166600264136
63.83581170608509
64.03233470297425
64.02689072896057
64.09767372768084
64.22199966091415
64.15524425778742
64.22783709693957
64.29886995406157
64.38121418883196
64.37486786395206
64.26441638728885
64.32859310480862
64.30243693446303
64.39159207660498
64.44481787843706
64.38178241916248
64.49420173317131
64.48463851787622
64.48381025557245
64.51287771030243
64.55254763688235
64.54699364049188
64.60131697164995
64.67416150116516
64.689576229703
64.68015813201282
64.69507831299981
64.73003590060372
64.7052640987466
64.73372951617257
64.71019262865467
64.8442318388393
64.88654608968356
64.89203677547479
64.8974070926808
64.8906164841286
64.88201651036073
64.83001928109199
64.84588220668772
64.81095501681911
64.84698137762248
64.94198504451093
64.96072577955678
65.03349355899331
64.98995943706484
64.99046749212357
64.98837437457067
65.01630968966046
65.02658563691124
65.01725308859903
65.07246882630619
64.93616782724024
65.0542495418925
65.10074204990329
65.17644352289737
65.21127643302655
65.28252985811085
65.35799157196367
65.36295202241568
65.43956972156644
65.4531890491603
65.43354258591026
65.40305375086285
65.43285791418687
65.25376430299804
65.28766907648182
65.32944857244499
65.35114905161524
65.41518827707787
65.38642738194933
65.32575480270849
65.31141066826885
65.35030336923467
65.33744321065284
65.24493912422871
65.28360151959996
65.40487527850519
65.5038518577488
65.48491961066028
65.37990028208847
65.36764403506898
65.42149128798965
65.33610678008509
65.36573876194294
65.41418114516969
65.37414307086343
65.51298216700181
65.64110668414018
65.60588343084663
65.65484266099125
65.64723492647695
65.68747970709254
65.74256895965274
65.68785948865899
65.75556577954555
65.78673485042958
65.7972896154748
65.82540764886174
65.74743778631556
65.70745484483936
65.69844949821993
65.69037552194808
65.70332742611286
65.68458074316592
65.66444884042183
65.64023653162687
65.69404128509369
65.6955675461447
65.73944573845918
65.74136479798315
65.7300801041918
65.82702417664312
65.74887439535578
65.778068667324
65.89727222466773
65.94615776421233
65.97409154593149
66.02241712289003
66.01152863225502
66.07236998499646
66.05185172614175
65.99739638419763
66.02504904660309
66.07661406594815
66.10082807512636
66.08650722628207
66.09665424990783
66.14141778302876
66.13931597585562
66.26444473349196
66.24511278453505
66.23420218462138
66.20432474488699
66.13297351244952
66.10489757124246
66.12542471043024
66.16149335785605
66.24707766895662
66.25395461363003
66.25073878066635
66.27544563524306
66.2185441943394
66.2319980370998
66.24017081366061
66.16815631927743
66.28038453818769
66.29274119401234
66.31678847749953
66.33878719843948
66.30976297342778
66.33368526729456
66.27278440716469
66.2647130669578
66.41539776899648
66.41009587797221
66.34670876164407
66.32861431757647
66.32335270424431
66.33827942930841
66.30069122919289
66.2582446429686
66.28841602623889
66.26315904414056
66.28637001302249
66.31525500060039
66.34516521577493
66.33908718103432
66.42511085082671
66.5186876821366
66.6242870782277
66.60581259069411
66.66226581974635
66.73559550505585
66.72913171136612
66.77989540436666
66.78332515755184
66.86215038843493
66.91552472423139
66.884818133094
66.79550142722509
66.64522269290524
66.7434889762639
66.7617183517512
66.78401092572389
66.83419894143388
66.8972275828955
66.86703230670471
66.81349090369626
66.87362688492263
66.95099323066191
67.04314062712544
67.08110871480756
67.07436373248423
67.13626790163443
67.1408201206518
67.15298471778424
67.17850124786297
67.21051444934683
67.03669163991609
67.12983897631415
67.14106611020406
67.17840535302955
67.17465442563139
67.18278240884935
67.17273101586133
67.15859145799432
67.16658760180498
67.13067308663487
67.11857840567224
67.10721507207954
67.07650260228186
67.02854387535606
66.9650836446649
66.9260996630007
67.0282200734077
67.01791388855176
67.04712384587621
67.10763383362608
67.12257979101014
67.12524696555565
