130046.0
125440.0
125440.0
111684.0
111684.0
111684.0
102342.0
102342.0
94248.0
89774.0
89774.0
89774.0
88116.0
88116.0
82380.0
74728.0
74728.0
74728.0
74728.0
74728.0
74728.0
72300.0
72300.0
72300.0
72300.0
72300.0
72300.0
67230.0
56768.0
56768.0
56768.0
56768.0
56768.0
56768.0
56768.0
56768.0
56768.0
56768.0
52022.0
52022.0
52022.0
52022.0
52022.0
52022.0
52022.0
52022.0
52022.0
52022.0
52022.0
52022.0
52022.0
52022.0
52022.0
52022.0
52022.0
52022.0
52022.0
52022.0
51726.0
49138.0
49138.0
49138.0
48068.0
48068.0
48068.0
48068.0
48068.0
48068.0
48068.0
48068.0
48068.0
48068.0
48068.0
48068.0
43416.0
43416.0
43416.0
43416.0
43416.0
43416.0
43416.0
43416.0
43416.0
43416.0
43416.0
43416.0
43416.0
43416.0
43416.0
43416.0
43416.0
43416.0
43416.0
43416.0
43416.0
42806.0
42806.0
42806.0
42806.0
42806.0
42806.0
42806.0
42806.0
42806.0
42806.0
42806.0
42806.0
42806.0
42806.0
42806.0
42806.0
42806.0
42806.0
42806.0
42806.0
41766.0
41766.0
41766.0
41766.0
41766.0
41766.0
41766.0
41766.0
41766.0
41766.0
41766.0
41766.0
41766.0
41766.0
41766.0
41766.0
41766.0
41766.0
41348.0
41348.0
41348.0
41348.0
41348.0
41348.0
41348.0
41348.0
41348.0
41348.0
41348.0
40872.0
36426.0
36426.0
36426.0
36426.0
36426.0
36426.0
36426.0
36426.0
36426.0
36426.0
36426.0
36426.0
36426.0
36426.0
36426.0
36426.0
36426.0
36426.0
36426.0
36426.0
36426.0
36426.0
36426.0
36426.0
36426.0
36426.0
36426.0
36426.0
36426.0
36426.0
36426.0
36426.0
36426.0
36426.0
36426.0
36426.0
36426.0
36426.0
36426.0
36426.0
36426.0
36426.0
36426.0
36426.0
36426.0
36426.0
36426.0
36426.0
35816.0
35816.0
35816.0
35816.0
35816.0
35816.0
35816.0
35816.0
35816.0
35816.0
35816.0
35816.0
35816.0
35816.0
35816.0
35816.0
35816.0
35816.0
35816.0
35816.0
35816.0
35816.0
35816.0
35816.0
35816.0
35816.0
35816.0
35816.0
35816.0
35816.0
35456.0
35456.0
35456.0
35456.0
35456.0
35456.0
35456.0
35456.0
35456.0
35456.0
35456.0
35456.0
35456.0
35456.0
35456.0
35456.0
35456.0
35456.0
35456.0
35456.0
35456.0
35456.0
35456.0
35456.0
35456.0
35456.0
35456.0
35456.0
35456.0
35456.0
35456.0
35456.0
35456.0
35456.0
35456.0
35456.0
35456.0
35456.0
35456.0
35456.0
35456.0
35456.0
35456.0
35456.0
35456.0
35456.0
35456.0
35456.0
35456.0
35456.0
35456.0
35456.0
35456.0
35456.0
34774.0
34774.0
34194.0
34194.0
34194.0
34194.0
34194.0
34194.0
34194.0
34194.0
34194.0
34194.0
34194.0
34194.0
33814.0
33814.0
33814.0
33814.0
33814.0
33814.0
33814.0
33814.0
33814.0
33814.0
33814.0
33814.0
33814.0
33814.0
33814.0
33814.0
33814.0
33814.0
32334.0
32334.0
32334.0
32334.0
32334.0
32334.0
32334.0
32334.0
32334.0
32334.0
32334.0
32334.0
32334.0
32334.0
32334.0
32334.0
32334.0
32334.0
32334.0
32334.0
32334.0
32334.0
32334.0
32334.0
32334.0
32334.0
32334.0
32334.0
32334.0
32334.0
32334.0
32334.0
32334.0
32334.0
32334.0
32334.0
32334.0
32334.0
32334.0
32334.0
32334.0
32334.0
32334.0
32334.0
32334.0
32334.0
32334.0
32334.0
32334.0
32334.0
31134.0
31134.0
31134.0
31134.0
31134.0
31134.0
31134.0
31134.0
31134.0
31134.0
31134.0
31134.0
31134.0
31134.0
31134.0
31134.0
31134.0
31134.0
31134.0
31134.0
31134.0
31134.0
31134.0
31134.0
31134.0
31134.0
31134.0
31134.0
31134.0
31134.0
31134.0
31134.0
31134.0
31134.0
30554.0
29394.0
29394.0
29394.0
29394.0
29394.0
29394.0
