418682.0
448612.0
448612.0
448612.0
447340.0
324378.0
324378.0
324378.0
324378.0
324378.0
312614.0
312614.0
312614.0
310824.0
335748.0
300758.0
300758.0
300758.0
300758.0
283940.0
283940.0
283940.0
283940.0
283940.0
283940.0
283940.0
283940.0
269370.0
269370.0
269370.0
269370.0
269370.0
269370.0
269370.0
269370.0
269370.0
269370.0
147982.0
147982.0
147982.0
147982.0
147982.0
147982.0
147982.0
147982.0
147982.0
147982.0
147982.0
147982.0
147982.0
147982.0
147982.0
149212.0
149212.0
149212.0
149212.0
147982.0
147982.0
147982.0
147982.0
147982.0
140810.0
140810.0
140810.0
140810.0
140810.0
140810.0
140810.0
140810.0
140810.0
140810.0
140810.0
140810.0
140810.0
140810.0
134058.0
134058.0
134058.0
134058.0
130950.0
130950.0
130950.0
125020.0
121696.0
121696.0
121696.0
121696.0
121696.0
121696.0
121696.0
121696.0
121696.0
121696.0
127072.0
119056.0
119676.0
119676.0
119676.0
119676.0
119676.0
119056.0
119056.0
119056.0
119056.0
119056.0
119056.0
119056.0
111316.0
111316.0
111316.0
111316.0
111316.0
111316.0
111316.0
111316.0
111316.0
111316.0
111316.0
100530.0
100532.0
100532.0
100532.0
106360.0
106360.0
106360.0
106360.0
106360.0
106360.0
106360.0
106360.0
106360.0
106360.0
106360.0
106360.0
106360.0
106360.0
106360.0
106274.0
106274.0
106274.0
106274.0
106274.0
105962.0
105962.0
90538.0
90538.0
93264.0
93264.0
93264.0
93264.0
93264.0
93264.0
93264.0
93264.0
93264.0
93264.0
93264.0
93264.0
93264.0
89250.0
90804.0
90804.0
90804.0
90804.0
90804.0
90804.0
90804.0
90804.0
90804.0
90804.0
90804.0
90804.0
90924.0
90924.0
90924.0
90924.0
90924.0
90924.0
90924.0
95668.0
90924.0
90924.0
94968.0
94968.0
94968.0
94968.0
94968.0
94968.0
94968.0
94968.0
94968.0
94968.0
104736.0
104736.0
95584.0
95584.0
94968.0
94968.0
94968.0
94968.0
94968.0
94968.0
94968.0
94968.0
94968.0
94968.0
94968.0
94968.0
94968.0
94968.0
94968.0
94968.0
94968.0
94968.0
94968.0
94968.0
94968.0
94968.0
94968.0
97382.0
94968.0
130486.0
94968.0
94968.0
94968.0
94968.0
94968.0
94968.0
90788.0
90788.0
90788.0
90788.0
90788.0
90788.0
90788.0
90788.0
90788.0
90788.0
90420.0
90420.0
90420.0
90420.0
90420.0
90420.0
90420.0
109088.0
90420.0
90420.0
90420.0
90420.0
90420.0
90420.0
90420.0
90420.0
90420.0
90420.0
90420.0
90420.0
81876.0
81876.0
81876.0
81876.0
81876.0
81876.0
81876.0
81876.0
82350.0
81876.0
81876.0
123582.0
81876.0
81876.0
81876.0
81876.0
81876.0
81876.0
81876.0
83798.0
81876.0
81876.0
81876.0
81876.0
81876.0
81876.0
78756.0
78756.0
92738.0
78756.0
78756.0
105430.0
105430.0
105430.0
105430.0
105430.0
105430.0
87480.0
87480.0
87480.0
87480.0
87480.0
87480.0
87480.0
101510.0
101510.0
97534.0
87480.0
87480.0
87480.0
87480.0
78756.0
78756.0
78756.0
78756.0
78756.0
78756.0
78756.0
78756.0
78756.0
78756.0
78756.0
78756.0
78756.0
78756.0
78756.0
78756.0
78756.0
78756.0
78756.0
78756.0
90586.0
78756.0
78756.0
78756.0
83582.0
78756.0
78756.0
78756.0
78756.0
78756.0
78756.0
78756.0
78756.0
80624.0
105668.0
105668.0
90586.0
90586.0
90586.0
90586.0
90586.0
90586.0
79642.0
79642.0
79642.0
79642.0
79642.0
79642.0
79504.0
79504.0
79504.0
78756.0
79366.0
79366.0
79366.0
79366.0
78756.0
79858.0
79858.0
78756.0
79794.0
79794.0
79794.0
79794.0
79794.0
78756.0
78756.0
78756.0
78756.0
78756.0
78756.0
78756.0
79078.0
79078.0
79078.0
79078.0
79078.0
79078.0
79078.0
79078.0
79078.0
79078.0
79078.0
79078.0
79078.0
79078.0
79078.0
79078.0
112904.0
79078.0
79078.0
