58.75143196587287
63.498728330274325
65.06783053625605
66.65270030731254
67.44606559756865
67.93479475912507
67.65964644107021
68.3737881902398
68.27215385145485
68.78780943898136
68.41822451362209
68.59176185451554
68.85725105409867
68.66898063146374
68.75651718217065
69.0854836607583
69.50473741590025
70.37770327407664
70.72358720933961
70.89214414551596
70.25884289648958
70.2280525012737
70.09337296225343
69.85442829369413
69.5271471299218
69.76367129581327
69.82142901442253
69.2454810715329
69.60607306086656
69.9123914894878
70.653582196512
70.08970524860864
69.77879457690992
70.28372677731925
70.43945613924646
70.66693788023046
70.76352857221617
71.39910942696005
71.615286916095
71.73449699887688
71.73037441003868
72.20094326637513
71.97576925861242
72.65261852875949
72.09147375657865
72.45721194349825
72.00930270871196
72.29117582640251
72.37119336186326
71.82699054196281
72.0046783959652
71.70255773749363
72.37037491990452
72.71126113965504
72.16382174067196
71.69248252642362
71.50734808704966
71.41711405790112
71.64323336440326
71.58412728761787
71.45830851577557
71.6323758438757
72.31361755709696
72.64836754126824
73.072418209643
72.85755841295207
72.93027952186674
72.4836467154579
71.59011197816827
71.54264268270491
71.4834886898101
71.39080394314558
71.0530730975751
71.4974386145826
71.60551526316564
71.82473584218445
71.92945819458984
72.14308926503766
71.97685978771726
71.99643831959821
72.04706198883338
72.13912107073655
72.00081724705379
71.95491217610721
72.05948105682498
72.19752019386455
72.12140398476045
71.95454362590893
72.29700299581438
72.37120005176125
72.45092416522591
72.45191859476733
72.36573865108447
72.94149825707161
73.25419381314578
73.26362593383882
73.4575341063191
73.39923220423756
73.51765055239191
73.97394593089588
73.85444102867493
73.87998973484211
73.93753602152114
73.88993664218329
73.86588330745519
73.92121136614456
73.70652501544004
73.72732293524015
74.10494931241503
74.13493813490365
74.1167427380605
74.26052093637864
74.13837117463346
74.2971473948324
74.19062170055426
74.86850687570816
74.87491702007944
74.91010497558302
75.16617771663876
75.16886846531952
75.12952119687182
75.47188013262601
75.75529049667176
75.59205608263713
75.3658893015679
75.44644335080736
75.34958210464767
75.40619990058718
75.46740956855659
75.49447562746364
75.3572819104192
74.85444429261277
74.8541470646906
74.477401199295
74.38087274959867
74.65373955124694
74.40273888086702
74.42248643365475
74.42064285168277
74.4746224632919
74.5178169652424
74.49589210149999
73.96673658741821
73.69906837493414
73.51961822793149
73.40487053850467
73.84977727691519
74.0859015950936
74.29274116057536
74.56485114690642
74.820698305785
74.8368791383981
74.84820687463571
75.41202691917587
75.3695327750339
75.34915711782877
75.40240572085769
75.39670680502401
75.34619277912982
75.23185979453325
74.90344046005997
74.78961281656079
75.3376392708701
75.33002311940416
75.22791327973509
75.07033596423067
74.94859955126678
75.19773158437913
75.30129934719814
75.45845958710214
75.47493279855631
75.60028156652209
75.71462301949678
75.40026073156729
75.22854987350478
75.43237458514889
75.43513210153166
75.6088408687037
75.33444285456974
75.58785418496639
75.83825776447362
75.49887771307377
75.60046215282918
75.72874863837832
75.95191473455225
75.79192036798888
75.81792343366159
75.82963180431122
75.69817568926473
75.61521171222483
75.24020064026764
75.27251108527555
75.1801658260524
75.50070977885065
75.65933917017394
75.94695843668283
76.11491979480175
75.8357527059733
75.84780394081376
76.15131464423406
76.41020316822645
76.5426858461494
76.75916366025412
76.81202624123033
76.97285112580643
76.96261607033837
76.74748252293917
76.69117558796545
76.36242187616632
76.12708077233428
76.41185614203194
76.2352088722814
75.931422219871
75.72041196471505
75.87736978952431
75.73679462979793
75.58025788930443
75.31077257641076
75.1975363354024
75.45106642270491
75.42532409002482
75.48786353636024
75.46229153319571
75.99123173960328
75.94098961042135
75.83271141125267
75.93271108703568
75.88817601943545
76.06628136790017
76.11385846594791
76.24856708066832
76.58787689290352
76.66170759926669
76.53355905207017
76.36445993849466
76.46667329241097
76.34035520499317
76.49955391044719
76.59023917005001
76.60785943486702
76.5496154358457
76.26340320016565
76.17289302165828
75.82008816383438
75.60803822311065
75.67320939817324
75.58943576944635
75.49184611153382
75.50907777335406
75.00336799397903
75.07440219265504
74.86498206197683
74.87284881145679
74.7201379475838
74.94989925608526
75.00442970324005
75.15743323606144
74.96832084513038
74.87146920428764
74.84702009699798
74.98405304912205
75.06423136377312
74.91434727925258
74.67542842519431
74.64786091577282
74.86696558253215
75.09230528583625
75.24927354305704
75.15205263120765
75.25803272249321
75.15755669814598
74.96121180419125
74.99253226528657
74.98638519118758
74.91528015394442
74.9788673318147
75.11003543645053
74.98641141934799
75.01345202869774
75.06730943318964
75.06851491688865
74.96244798668384
74.76768287600692
74.78655410522197
74.60932559866848
74.662690047469
74.56185330145745
74.58013159701297
74.26874225046389
74.33657481701948
74.40324045612773
74.82121817967428
74.90844372404665
74.96626350210485
74.99099133619126
75.02472244519238
75.11324177963228
74.77230756174419
75.02524388801619
74.88916236654548
75.07483214818559
75.08777989686376
75.02549832983921
75.16198280747516
75.22535921921242
75.35103243888666
75.01516687842914
74.92779433211365
74.96841236885058
74.86251900794169
74.92446678921502
74.88329453012254
74.92021522287182
75.25109717623775
75.33606516213062
75.43160817479227
75.43693501612947
75.52826947129748
75.35638983267603
75.22350412348284
75.40241062435932
75.4503710962747
75.41376123138716
75.49961981636693
75.70993002501478
75.54649096924066
75.5519870323239
75.46621221570665
75.47150794032459
75.45281211007494
75.36248659918863
75.39900093578422
75.40077002966505
75.31369079177021
75.36723140384886
75.40822739755724
75.41608389904097
75.349177743165
75.56003810480692
75.52477841292307
75.75526847061919
76.02895451491248
76.10282977245288
76.21715182900716
76.21800465117947
76.16118913771099
76.2398647382886
76.30697128824467
76.3780627314463
76.44862464779852
76.80506517024963
76.7643603805835
76.63246609755129
76.25882810836114
76.27417912122215
76.3652216381848
76.1640684156682
76.32930931692454
76.21596976371883
76.20308975589143
76.30418347475506
76.88307702525174
77.11435817659881
77.03956818305232
77.13592132925262
76.87199672135546
77.12521543337064
77.1415418309895
77.05845378878871
77.43234712312673
78.41050376046242
78.06949720452329
78.07359181877649
78.23076059466256
78.43046884314035
78.3533624948904
77.87733609301405
77.57367518074496
77.54223489729858
77.44228272325593
77.46616833374824
77.45022029215481
77.31452928939878
77.10809100007535
76.97598994107177
76.82165620474854
76.92743055065633
76.63902445291058
76.75564374366509
76.82707587395899
76.98810689805957
77.15171735866436
77.54462049716578
77.37588774263145
77.47750315500754
77.53981908595104
77.64390188420164
77.66034165319778
77.847672991606
77.75216856954628
