46.74423200434761
45.14630288651641
46.81907184993951
43.53844294003868
47.93173159163362
51.040148939614696
49.88350244269072
49.88350244269072
49.88350244269072
49.88350244269072
49.88350244269072
49.723161718652136
45.80722806272344
49.88350244269072
52.14559877175026
47.86071428571429
48.61851851851852
48.61851851851852
48.61851851851852
48.61851851851852
51.52760652144129
50.77590673575129
50.77590673575129
52.553921568627445
52.553921568627445
52.553921568627445
52.553921568627445
52.553921568627445
52.553921568627445
52.553921568627445
55.58341862845445
55.58341862845445
49.057729828991164
49.057729828991164
49.057729828991164
49.057729828991164
54.27998447405874
54.27998447405874
55.13506425386835
55.13506425386835
55.13506425386835
55.13506425386835
55.13506425386835
55.13506425386835
55.13506425386835
55.13506425386835
55.13506425386835
56.303783636115284
52.6631551901336
52.6631551901336
52.6631551901336
52.6631551901336
52.6631551901336
52.6631551901336
52.6631551901336
52.6631551901336
56.303783636115284
54.46529840669727
54.08269077373039
54.08269077373039
54.08269077373039
54.08269077373039
54.08269077373039
51.761259611863785
53.872640255251255
53.872640255251255
53.872640255251255
54.08269077373039
54.08269077373039
54.08269077373039
54.08269077373039
54.08269077373039
54.08269077373039
54.08269077373039
54.08269077373039
54.294125518533384
54.294125518533384
54.294125518533384
54.294125518533384
54.294125518533384
54.294125518533384
54.294125518533384
54.294125518533384
54.294125518533384
54.294125518533384
54.294125518533384
54.294125518533384
54.294125518533384
54.294125518533384
54.294125518533384
54.294125518533384
54.294125518533384
54.57965194109772
49.57304785894206
49.57304785894206
49.57304785894206
49.57304785894206
49.57304785894206
49.57304785894206
49.57304785894206
49.57304785894206
49.57304785894206
49.57304785894206
49.57304785894206
49.57304785894206
49.57304785894206
49.57304785894206
49.57304785894206
49.57304785894206
49.57304785894206
49.57304785894206
49.57304785894206
49.57304785894206
49.57304785894206
49.57304785894206
49.57304785894206
49.57304785894206
49.114609571788414
49.114609571788414
49.114609571788414
49.114609571788414
49.114609571788414
49.114609571788414
49.114609571788414
49.114609571788414
49.114609571788414
49.114609571788414
49.114609571788414
49.114609571788414
49.114609571788414
56.16894787778239
56.16894787778239
56.16894787778239
53.97132997079905
53.372757993241486
53.372757993241486
56.16894787778239
55.09284543965045
55.09284543965045
56.16894787778239
56.16894787778239
56.16894787778239
54.22060766182299
56.16894787778239
56.16894787778239
56.16894787778239
56.16894787778239
56.16894787778239
56.53117655191484
56.53117655191484
56.53117655191484
56.53117655191484
56.53117655191484
56.53117655191484
56.53117655191484
56.53117655191484
56.53117655191484
53.06420359126728
56.56850546108116
56.56850546108116
56.56850546108116
56.56850546108116
56.56850546108116
56.56850546108116
56.56850546108116
56.56850546108116
56.56850546108116
54.62892223738063
54.62892223738063
56.56850546108116
56.56850546108116
56.56850546108116
56.56850546108116
56.56850546108116
56.56850546108116
56.56850546108116
56.56850546108116
56.56850546108116
56.56850546108116
56.56850546108116
56.56850546108116
56.56850546108116
56.56850546108116
56.56850546108116
56.56850546108116
56.32794137978709
56.82427761648002
56.82427761648002
56.82427761648002
56.82427761648002
52.15249412055947
56.82427761648002
54.46401028277635
56.82427761648002
56.82427761648002
56.82427761648002
56.82427761648002
56.82427761648002
56.82427761648002
56.82427761648002
56.82427761648002
56.82427761648002
56.82427761648002
56.82427761648002
56.82427761648002
56.82427761648002
56.82427761648002
56.82427761648002
56.82427761648002
56.82427761648002
56.82427761648002
56.998479192589514
56.998479192589514
56.998479192589514
56.998479192589514
56.998479192589514
56.998479192589514
56.998479192589514
56.998479192589514
56.998479192589514
56.998479192589514
56.998479192589514
56.998479192589514
56.998479192589514
56.998479192589514
56.998479192589514
56.998479192589514
56.998479192589514
56.998479192589514
56.998479192589514
56.998479192589514
56.0726478219309
56.998479192589514
56.998479192589514
56.998479192589514
56.998479192589514
56.998479192589514
54.70238095238095
56.998479192589514
56.998479192589514
56.998479192589514
56.998479192589514
56.998479192589514
56.998479192589514
56.998479192589514
56.998479192589514
56.998479192589514
56.998479192589514
56.998479192589514
52.62487386478305
56.998479192589514
55.35240845255284
56.998479192589514
56.998479192589514
56.998479192589514
56.998479192589514
56.998479192589514
56.998479192589514
55.898349834983506
56.998479192589514
56.998479192589514
56.998479192589514
56.998479192589514
56.998479192589514
56.998479192589514
56.998479192589514
56.998479192589514
56.998479192589514
56.998479192589514
56.998479192589514
56.998479192589514
56.998479192589514
56.998479192589514
56.998479192589514
56.998479192589514
56.998479192589514
56.998479192589514
56.998479192589514
56.998479192589514
56.998479192589514
56.998479192589514
56.998479192589514
52.0417490118577
56.998479192589514
56.998479192589514
56.998479192589514
56.998479192589514
56.998479192589514
55.32673535791757
56.998479192589514
56.998479192589514
57.3219964053643
57.3219964053643
57.3219964053643
60.29569892473118
60.29569892473118
60.29569892473118
60.29569892473118
60.29569892473118
61.48495964783566
61.48495964783566
61.48495964783566
61.48495964783566
61.48495964783566
61.48495964783566
61.48495964783566
61.48495964783566
61.48495964783566
61.48495964783566
61.48495964783566
61.48495964783566
61.48495964783566
61.48495964783566
54.38649500788229
61.48495964783566
61.48495964783566
61.48495964783566
61.48495964783566
61.48495964783566
61.48495964783566
61.48495964783566
61.48495964783566
61.48495964783566
61.48495964783566
61.48495964783566
61.48495964783566
61.48495964783566
61.48495964783566
61.48495964783566
61.48495964783566
61.52898019075568
61.52898019075568
61.52898019075568
61.52898019075568
61.52898019075568
61.52898019075568
61.52898019075568
61.52898019075568
61.52898019075568
61.52898019075568
61.52898019075568
61.52898019075568
61.52898019075568
61.52898019075568
61.52898019075568
61.52898019075568
61.52898019075568
61.52898019075568
61.52898019075568
61.52898019075568
61.52898019075568
61.52898019075568
61.52898019075568
61.52898019075568
61.52898019075568
61.52898019075568
61.52898019075568
61.52898019075568
61.52898019075568
61.52898019075568
61.52898019075568
61.52898019075568
61.52898019075568
61.52898019075568
61.52898019075568
57.78520625889048
61.52898019075568
61.52898019075568
61.52898019075568
61.52898019075568
61.99853264856934
61.99853264856934
61.99853264856934
61.99853264856934
61.99853264856934
61.99853264856934
60.67619728377413
61.99853264856934
61.99853264856934
61.99853264856934
61.99853264856934
61.99853264856934
61.99853264856934
61.99853264856934
61.99853264856934
61.99853264856934
61.99853264856934
61.99853264856934
57.76724738675957
57.76724738675957
57.76724738675957
57.76724738675957
57.76724738675957
57.76724738675957
57.76724738675957
57.76724738675957
57.76724738675957
57.76724738675957
57.76724738675957
57.76724738675957
57.76724738675957
57.76724738675957
57.76724738675957
57.76724738675957
57.931707317073176
57.931707317073176
57.931707317073176
57.931707317073176
57.931707317073176
57.931707317073176
57.931707317073176
57.931707317073176
58.140766550522656
58.140766550522656
58.140766550522656
58.140766550522656
58.140766550522656
58.140766550522656
58.140766550522656
58.140766550522656
58.140766550522656
58.140766550522656
58.140766550522656
58.140766550522656
58.140766550522656
58.140766550522656
58.140766550522656
58.140766550522656
58.140766550522656
58.140766550522656
58.140766550522656
58.140766550522656
58.140766550522656
58.140766550522656
58.140766550522656
58.140766550522656
58.140766550522656
58.140766550522656
58.140766550522656
58.140766550522656
58.140766550522656
58.140766550522656
58.140766550522656
58.140766550522656
58.140766550522656
58.140766550522656
58.140766550522656
58.140766550522656
58.140766550522656
58.140766550522656
58.140766550522656
58.140766550522656
58.140766550522656
58.140766550522656
58.140766550522656
58.140766550522656
58.140766550522656
57.134494773519165
57.17397375034907
57.17397375034907
57.17397375034907
57.17397375034907
57.17397375034907
57.17397375034907
57.17397375034907
57.17397375034907
57.17397375034907
57.50907567718515
57.50907567718515
57.50907567718515
57.50907567718515
57.50907567718515
57.50907567718515
57.50907567718515
57.50907567718515
57.50907567718515
57.50907567718515
57.50907567718515
57.50907567718515
57.543982127897245
57.543982127897245
57.543982127897245
57.543982127897245
57.543982127897245
57.543982127897245
57.543982127897245
58.62880091795755
58.62880091795755
58.62880091795755
58.62880091795755
58.62880091795755
58.62880091795755
58.62880091795755
58.62880091795755
58.62880091795755
58.62880091795755
58.62880091795755
58.62880091795755
58.62880091795755
58.62880091795755
