66725.87142857142
61713.68571428571
57703.828571428574
54006.84285714286
52781.328571428574
52203.07142857143
48573.21428571428
47115.77142857143
49292.28571428572
45330.31428571429
44024.1
42816.42857142857
41091.828571428574
39894.2
37712.642857142855
34349.84285714286
34299.014285714286
33098.47142857143
32572.128571428573
32414.814285714285
33855.37142857143
31703.714285714286
32093.414285714287
31779.414285714287
30672.985714285714
29969.714285714286
30689.557142857142
31203.957142857143
32519.314285714285
31724.27142857143
31081.928571428572
33639.87142857143
32753.985714285714
31590.871428571427
31062.35714285714
30330.82857142857
30850.9
31383.285714285714
31895.014285714286
30242.4
30497.542857142857
30620.785714285714
30811.242857142857
29750.614285714284
30765.571428571428
29790.0
29890.885714285716
31888.314285714285
31587.742857142857
31830.242857142857
30920.242857142857
30820.22857142857
31307.242857142857
31198.9
32457.214285714286
31983.871428571427
32797.857142857145
31919.914285714287
30988.77142857143
31152.585714285713
31082.428571428572
30772.428571428572
30537.4
27335.52857142857
26342.885714285716
28417.72857142857
29353.442857142858
29871.0
30906.97142857143
30976.77142857143
29653.942857142858
29551.314285714285
30708.042857142857
28615.385714285716
28345.928571428572
29757.67142857143
29468.82857142857
29040.628571428573
28468.8
30481.257142857143
30128.157142857144
29173.342857142856
28648.071428571428
27953.414285714287
26958.914285714287
26992.314285714285
27685.928571428572
27252.985714285714
26956.1
26286.214285714286
26797.042857142857
27451.957142857143
27249.0
27758.114285714284
28225.071428571428
28523.4
29833.014285714286
29903.285714285714
27672.957142857143
27304.885714285716
26515.342857142856
27113.214285714286
27516.128571428573
27504.742857142857
27726.27142857143
26301.571428571428
25641.27142857143
25999.842857142856
25446.1
25977.0
27076.385714285716
26629.514285714286
27105.02857142857
27657.85714285714
26620.67142857143
27979.0
28568.22857142857
27924.685714285715
27208.714285714286
27307.82857142857
26192.27142857143
26261.64285714286
26461.457142857143
25395.885714285716
25363.2
25857.1
27025.64285714286
27997.8
25309.4
25969.685714285715
27701.114285714284
28021.757142857143
28219.628571428573
28161.685714285715
27111.542857142857
27185.32857142857
29520.914285714287
29917.985714285714
29598.842857142856
30090.52857142857
29403.342857142856
28905.114285714284
28635.77142857143
28539.628571428573
28568.47142857143
27744.928571428572
27372.871428571427
27718.0
27889.757142857143
25655.214285714286
26592.22857142857
26355.071428571428
25812.32857142857
24715.8
25356.942857142858
25901.185714285715
25577.17142857143
24716.3
24714.114285714284
24438.342857142856
24010.3
23959.77142857143
25105.957142857143
26095.714285714286
25846.428571428572
24771.485714285714
24659.67142857143
25262.571428571428
24804.714285714286
25435.685714285715
25350.814285714285
25713.428571428572
26063.9
24940.071428571428
25525.485714285714
25159.442857142858
24676.17142857143
25880.1
25822.685714285715
25811.35714285714
25338.52857142857
25529.585714285713
26404.942857142858
25643.3
26168.714285714286
26141.457142857143
27217.47142857143
27178.385714285716
30473.742857142857
30406.47142857143
31548.928571428572
30096.514285714286
29904.47142857143
30793.27142857143
29776.314285714285
29954.914285714287
29743.842857142856
29833.85714285714
29732.242857142857
28892.22857142857
28516.3
27425.314285714285
27201.185714285715
27041.4
26843.3
27237.757142857143
26756.985714285714
27133.714285714286
26458.285714285714
27141.285714285714
27004.628571428573
26667.914285714287
26139.3
26472.52857142857
26000.085714285713
25901.928571428572
25213.27142857143
24998.785714285714
25252.257142857143
27443.885714285716
28306.3
28178.385714285716
27515.242857142857
27198.314285714285
27014.14285714286
27377.785714285714
26596.571428571428
27115.67142857143
27115.67142857143
27117.628571428573
26647.628571428573
24837.585714285713
25130.714285714286
25864.14285714286
26655.957142857143
26660.842857142856
26687.442857142858
25685.185714285715
26186.014285714286
26193.014285714286
26193.014285714286
25834.97142857143
24540.128571428573
24851.8
24860.3
24996.785714285714
25944.442857142858
25167.628571428573
25461.3
25039.042857142857
23633.72857142857
24871.985714285714
25211.042857142857
25863.557142857142
25077.02857142857
25008.257142857143
25425.014285714286
25576.67142857143
25204.014285714286
25527.64285714286
25991.314285714285
25884.214285714286
26301.057142857142
25825.614285714284
25296.7
25666.214285714286
24770.785714285714
24904.014285714286
24804.9
25524.342857142856
26030.385714285716
25652.428571428572
25914.985714285714
26362.385714285716
26362.385714285716
26229.85714285714
25452.9
25890.8
25883.414285714287
25877.557142857142
25864.3
25500.014285714286
25100.557142857142
24856.585714285713
24841.2
24998.6
25422.614285714284
25616.22857142857
25209.742857142857
25370.042857142857
24829.371428571427
25653.157142857144
26051.757142857143
26980.785714285714
27377.057142857142
27060.885714285716
28149.585714285713
25961.085714285713
26977.585714285713
26814.72857142857
27654.314285714285
26011.557142857142
25412.97142857143
24834.128571428573
25513.64285714286
26725.571428571428
26408.5
25718.814285714285
26103.32857142857
25804.214285714286
25775.428571428572
25657.7
26032.14285714286
26735.64285714286
27164.785714285714
27413.514285714286
26571.657142857144
26681.67142857143
25471.5
25477.32857142857
25404.342857142856
25846.9
26034.571428571428
26196.285714285714
26070.14285714286
25262.614285714284
24886.757142857143
26008.02857142857
25517.628571428573
25720.214285714286
26029.385714285716
26111.714285714286
25750.314285714285
26506.842857142856
26138.114285714284
26520.22857142857
26511.871428571427
26531.64285714286
26157.742857142857
26552.157142857144
26964.82857142857
26929.485714285714
26929.485714285714
26960.5
27135.2
26895.6
27534.214285714286
26221.957142857143
26251.52857142857
26614.014285714286
26274.957142857143
25832.4
26316.22857142857
26316.22857142857
26006.428571428572
25970.35714285714
25970.35714285714
26911.97142857143
27083.14285714286
26779.514285714286
26779.514285714286
26664.35714285714
26703.614285714284
26768.7
25909.985714285714
25126.114285714284
25864.47142857143
25719.5
25667.014285714286
25401.242857142857
25187.871428571427
23380.67142857143
22354.985714285714
23187.7
24324.385714285716
24437.442857142858
24891.514285714286
25578.714285714286
24766.742857142857
24392.885714285716
23842.957142857143
23946.657142857144
24043.157142857144
24541.8
24472.02857142857
23912.27142857143
23850.342857142856
23852.657142857144
23669.4
23564.27142857143
23379.014285714286
23724.185714285715
23691.47142857143
23318.32857142857
23716.385714285716
23716.385714285716
22915.3
22915.3
22515.957142857143
22581.614285714284
22414.14285714286
22007.428571428572
22334.114285714284
22241.285714285714
22654.17142857143
22654.17142857143
22654.17142857143
22654.17142857143
22655.985714285714
22655.985714285714
21792.757142857143
21382.085714285713
21331.35714285714
21322.242857142857
21321.214285714286
20547.457142857143
21635.114285714284
22410.985714285714
22826.571428571428
22734.157142857144
22112.042857142857
22515.242857142857
22074.342857142856
22101.428571428572
22101.428571428572
22058.2
22265.27142857143
23168.685714285715
23379.1
23100.85714285714
23117.014285714286
23676.5
23676.5
23258.957142857143
23258.957142857143
23306.3
23372.85714285714
23008.685714285715
22832.257142857143
23189.928571428572
23392.085714285713
23507.67142857143
22769.82857142857
22675.542857142857
22672.514285714286
23129.914285714287
23069.957142857143
23069.957142857143
23069.957142857143
22924.871428571427
22923.442857142858
22923.442857142858
23337.77142857143
23625.985714285714
23625.985714285714
23228.257142857143
23228.257142857143
22404.52857142857
22402.342857142856
22797.128571428573
23161.414285714287
23242.657142857144
22744.47142857143
22577.114285714284
22536.9
22727.4
22046.442857142858
22383.02857142857
21777.128571428573
21432.1
21060.385714285716
21482.428571428572
21482.428571428572
21573.928571428572
21576.64285714286
21147.814285714285
21271.17142857143
20331.47142857143
20696.6
20816.785714285714
21157.5
21856.871428571427
21916.242857142857
21087.35714285714
20618.085714285713
20966.557142857142
21015.914285714287
21062.97142857143
21437.27142857143
21437.685714285715
21819.571428571428
21822.285714285714
21866.185714285715
21510.842857142856
21510.842857142856
21804.342857142856
21590.414285714287
21357.457142857143
20915.257142857143
20915.257142857143
