103792.0
101887.0
101887.0
88684.0
88684.0
87725.0
87725.0
80552.0
87808.0
83745.0
83745.0
83745.0
83745.0
75007.0
75007.0
75007.0
75007.0
75007.0
75007.0
75007.0
75007.0
75007.0
75007.0
74565.0
74565.0
74565.0
74565.0
74565.0
74565.0
74565.0
74565.0
74565.0
74565.0
56257.0
56257.0
58640.0
58640.0
58640.0
58640.0
58640.0
58640.0
52875.0
52875.0
52875.0
52875.0
52875.0
56884.0
56884.0
56884.0
56884.0
52875.0
52875.0
52875.0
48398.0
51050.0
51050.0
51050.0
51050.0
46045.0
46045.0
46045.0
46045.0
45907.0
48403.0
48140.0
47092.0
47092.0
47476.0
51750.0
51750.0
51750.0
51750.0
51750.0
51750.0
51750.0
52307.0
52307.0
52307.0
52307.0
52307.0
52307.0
52307.0
52307.0
52307.0
52307.0
52307.0
52307.0
52555.0
52555.0
52555.0
52555.0
52555.0
52555.0
52555.0
52555.0
52555.0
52555.0
52555.0
52555.0
52555.0
52555.0
52555.0
52555.0
52555.0
52555.0
52555.0
52555.0
52555.0
52555.0
52555.0
52555.0
52555.0
52555.0
52555.0
51811.0
51811.0
51811.0
51811.0
51811.0
52131.0
52131.0
52131.0
52131.0
52196.0
52196.0
52196.0
52196.0
52196.0
52196.0
52196.0
50067.0
50067.0
50067.0
50067.0
50067.0
50067.0
50067.0
50067.0
50067.0
50067.0
50067.0
50067.0
50067.0
50067.0
50067.0
50067.0
50067.0
50067.0
50067.0
50067.0
50067.0
50067.0
50067.0
49104.0
49104.0
49104.0
49104.0
49104.0
49104.0
49104.0
49104.0
49104.0
49104.0
49104.0
49104.0
49104.0
49104.0
49104.0
49104.0
49104.0
49104.0
49486.0
49486.0
49104.0
49104.0
49104.0
49104.0
49104.0
51724.0
51724.0
51724.0
51724.0
51724.0
51724.0
51724.0
49221.0
49104.0
49104.0
49104.0
49104.0
49104.0
49104.0
49104.0
49104.0
49104.0
49104.0
49104.0
49104.0
49104.0
49104.0
49104.0
49104.0
49104.0
49104.0
49104.0
49104.0
49104.0
49104.0
49104.0
49104.0
49104.0
49104.0
49104.0
49104.0
49104.0
49104.0
49104.0
49104.0
49104.0
49104.0
49287.0
49104.0
49104.0
49104.0
49104.0
49104.0
49104.0
49104.0
49104.0
49104.0
49104.0
49104.0
49104.0
49104.0
49104.0
49104.0
49104.0
49104.0
49104.0
49104.0
49104.0
49104.0
49104.0
49104.0
49104.0
49104.0
49104.0
49104.0
49104.0
49104.0
49104.0
49104.0
49104.0
49104.0
49104.0
49104.0
49104.0
49104.0
49104.0
49104.0
49104.0
49104.0
49104.0
49104.0
49104.0
49104.0
49104.0
49104.0
49104.0
49104.0
49104.0
49104.0
49104.0
49104.0
49104.0
49104.0
49104.0
49104.0
49104.0
49104.0
49104.0
49104.0
49104.0
49104.0
49104.0
49104.0
49104.0
49104.0
49104.0
49104.0
49104.0
49104.0
49104.0
49104.0
49104.0
49104.0
49104.0
49104.0
49104.0
49104.0
49104.0
49104.0
49104.0
49104.0
49104.0
49104.0
49104.0
49104.0
49104.0
49104.0
49104.0
49104.0
49104.0
49104.0
49104.0
49104.0
49104.0
49104.0
49104.0
49104.0
49104.0
49104.0
49104.0
49104.0
49104.0
49104.0
49104.0
49104.0
49104.0
49104.0
49104.0
49104.0
49104.0
49104.0
49104.0
49104.0
49104.0
49104.0
49104.0
49104.0
49104.0
49104.0
49104.0
49104.0
49104.0
49104.0
49104.0
49104.0
49104.0
49104.0
49104.0
49104.0
49104.0
49104.0
49104.0
49104.0
49104.0
49104.0
49104.0
49104.0
49104.0
49104.0
49104.0
49104.0
49104.0
49104.0
49104.0
49104.0
49104.0
49104.0
49104.0
48002.0
48002.0
48002.0
48002.0
48002.0
48002.0
48002.0
48002.0
48002.0
48002.0
48002.0
48002.0
48002.0
48002.0
48002.0
48002.0
48002.0
48002.0
48002.0
48002.0
48002.0
48002.0
48002.0
48002.0
48002.0
48002.0
48002.0
48002.0
48002.0
48002.0
48002.0
48002.0
48002.0
48002.0
48002.0
48002.0
48002.0
48002.0
48002.0
48002.0
48002.0
48002.0
48002.0
48002.0
48002.0
48002.0
48002.0
48002.0
48002.0
48002.0
48002.0
48002.0
48002.0
48002.0
48002.0
48002.0
48002.0
48002.0
48002.0
48002.0
48002.0
48002.0
48002.0
48002.0
48002.0
45948.0
45948.0
45948.0
45948.0
45948.0
45948.0
45948.0
45948.0
45948.0
45948.0
45948.0
45948.0
45948.0
45948.0
45948.0
45948.0
45948.0
45948.0
45948.0
45948.0
45948.0
45948.0
45948.0
45948.0
45948.0
45948.0
45948.0
45948.0
45948.0
45948.0
45948.0
45948.0
45948.0
45948.0
45948.0
45948.0
45948.0
45948.0
45948.0
45948.0
45948.0
45948.0
45948.0
45948.0
45948.0
45948.0
45948.0
45948.0
45948.0
45948.0
45948.0
45948.0
45948.0
45948.0
45948.0
45948.0
45948.0
45948.0
45948.0
45948.0
45948.0
45948.0
45948.0
45948.0
