68.86796652421653
70.27502606882169
71.68329066996205
71.68329066996205
71.85212617636807
72.52252252252254
72.92646430098333
74.14911231717414
74.3266844379079
74.84308657928743
74.84308657928743
74.84308657928743
74.84308657928743
74.84308657928743
74.84308657928743
74.84308657928743
74.84308657928743
74.84308657928743
74.84308657928743
74.84308657928743
74.84308657928743
74.84308657928743
75.08768691157468
75.08768691157468
75.08768691157468
75.08768691157468
75.08768691157468
75.08768691157468
75.08768691157468
75.08768691157468
75.08768691157468
75.66594183201957
75.66594183201957
75.72483464709613
76.1760309504968
76.35007212405337
76.35007212405337
76.35007212405337
77.16997372474404
77.16997372474404
77.16997372474404
77.18262612180884
77.18262612180884
77.18262612180884
77.18262612180884
77.18262612180884
77.18262612180884
77.18262612180884
77.18262612180884
77.18262612180884
77.18262612180884
77.18262612180884
77.34642406773554
77.61664564943253
77.78103044496487
77.83928230578354
77.83928230578354
77.83928230578354
77.83928230578354
77.83928230578354
77.83928230578354
78.06516147470705
78.14851862436888
78.14851862436888
78.14851862436888
78.14851862436888
78.14851862436888
78.14851862436888
78.89934416880526
78.89934416880526
78.89934416880526
78.89934416880526
78.89934416880526
78.89934416880526
78.89934416880526
79.13710450623202
79.13710450623202
79.13710450623202
79.13710450623202
79.13710450623202
79.13710450623202
79.13710450623202
79.13710450623202
79.13710450623202
79.13710450623202
79.13710450623202
79.13710450623202
79.77853816177169
79.77853816177169
79.77853816177169
79.77853816177169
79.77853816177169
79.77853816177169
79.77853816177169
79.77853816177169
79.77853816177169
79.77853816177169
79.81418116148654
79.82169882709043
79.82169882709043
79.82169882709043
79.82169882709043
79.82169882709043
79.82169882709043
79.82169882709043
79.82169882709043
79.82169882709043
79.82169882709043
79.82169882709043
79.82169882709043
79.82169882709043
79.82169882709043
79.82169882709043
79.82169882709043
79.82169882709043
79.82169882709043
79.82169882709043
79.82169882709043
79.82169882709043
79.82169882709043
79.82169882709043
79.82169882709043
79.82169882709043
79.92101778282255
79.92101778282255
79.92101778282255
79.92101778282255
79.92101778282255
79.93284146802876
79.93284146802876
79.93284146802876
79.93284146802876
79.93284146802876
79.93284146802876
79.93284146802876
79.93284146802876
79.93284146802876
79.93284146802876
79.93284146802876
79.93284146802876
79.93284146802876
79.93284146802876
79.93284146802876
79.93284146802876
79.93284146802876
79.93284146802876
79.93284146802876
79.93284146802876
79.93284146802876
79.93284146802876
79.98013620885358
79.98013620885358
79.98013620885358
79.98013620885358
79.98013620885358
79.98013620885358
79.98013620885358
79.98013620885358
79.98013620885358
79.98013620885358
79.98013620885358
79.98013620885358
79.98013620885358
79.98013620885358
79.98013620885358
79.98013620885358
79.98013620885358
79.98013620885358
79.98013620885358
79.98013620885358
79.98013620885358
79.98013620885358
79.98013620885358
79.98013620885358
79.98013620885358
79.98013620885358
79.98013620885358
79.98013620885358
79.98013620885358
79.98013620885358
79.98013620885358
79.98013620885358
79.98013620885358
79.98013620885358
79.98013620885358
79.98013620885358
79.98013620885358
79.98013620885358
79.98013620885358
79.98013620885358
79.98013620885358
79.98013620885358
79.98013620885358
79.98013620885358
79.98013620885358
79.98013620885358
79.98013620885358
79.98013620885358
79.98013620885358
79.98013620885358
79.98013620885358
79.98013620885358
79.98013620885358
79.98013620885358
79.98013620885358
79.98013620885358
79.98013620885358
79.98013620885358
79.98013620885358
79.98013620885358
79.98013620885358
79.98013620885358
79.98013620885358
79.98013620885358
79.98013620885358
79.98013620885358
79.98013620885358
79.98013620885358
79.98013620885358
79.98013620885358
79.98013620885358
79.98013620885358
79.98013620885358
79.98013620885358
79.98013620885358
79.98013620885358
79.98013620885358
79.98013620885358
79.98013620885358
79.98013620885358
79.98013620885358
79.98013620885358
79.98013620885358
79.98013620885358
79.98013620885358
79.98013620885358
79.98013620885358
79.98013620885358
79.98013620885358
79.98013620885358
79.98013620885358
79.98013620885358
79.98013620885358
79.98013620885358
79.98013620885358
79.98013620885358
79.98013620885358
79.98013620885358
79.98013620885358
79.98013620885358
79.98013620885358
79.98013620885358
79.98013620885358
79.98013620885358
79.98013620885358
79.98013620885358
79.98013620885358
79.98013620885358
79.98013620885358
79.98013620885358
79.98013620885358
79.98013620885358
79.98013620885358
79.98013620885358
79.98013620885358
79.98013620885358
79.98013620885358
79.98013620885358
79.98013620885358
79.98013620885358
79.98013620885358
79.98013620885358
79.98013620885358
79.98013620885358
79.98013620885358
79.98013620885358
79.98013620885358
79.98013620885358
79.98013620885358
79.98013620885358
80.0156072644722
80.0156072644722
80.0156072644722
80.0156072644722
80.0156072644722
80.0156072644722
80.0156072644722
80.0156072644722
80.0156072644722
80.0156072644722
80.0156072644722
80.0156072644722
80.0156072644722
80.0156072644722
80.0156072644722
80.0156072644722
80.0156072644722
80.0156072644722
80.0156072644722
80.0156072644722
80.0156072644722
80.0156072644722
80.0156072644722
80.0156072644722
80.0156072644722
80.0156072644722
80.0156072644722
80.0156072644722
80.0156072644722
80.0156072644722
80.0156072644722
80.0156072644722
80.0156072644722
80.0156072644722
80.0156072644722
80.0156072644722
80.0156072644722
80.0156072644722
80.0156072644722
80.0156072644722
80.0156072644722
80.0156072644722
80.0156072644722
80.0156072644722
80.0156072644722
80.0156072644722
80.0156072644722
80.0156072644722
80.0156072644722
80.0156072644722
80.0156072644722
80.0156072644722
80.0156072644722
80.0156072644722
80.0156072644722
80.0156072644722
80.0156072644722
80.0156072644722
80.0156072644722
80.0156072644722
80.0156072644722
80.0156072644722
80.0156072644722
80.0156072644722
80.0156072644722
80.0156072644722
80.0156072644722
80.0156072644722
80.0156072644722
80.0156072644722
80.0156072644722
80.0156072644722
80.0156072644722
80.0156072644722
80.0156072644722
80.0156072644722
80.0156072644722
80.0156072644722
80.0156072644722
80.0156072644722
80.0156072644722
80.0156072644722
80.0156072644722
80.0156072644722
80.0156072644722
80.0156072644722
80.0156072644722
80.09048701913966
80.09048701913966
80.09048701913966
80.09048701913966
80.09048701913966
80.09048701913966
80.09048701913966
80.09048701913966
80.09048701913966
80.09048701913966
80.09048701913966
80.09048701913966
80.09048701913966
80.09048701913966
80.09048701913966
80.09048701913966
80.09048701913966
80.09048701913966
80.09048701913966
80.09048701913966
80.09048701913966
80.09048701913966
80.09048701913966
80.09048701913966
80.09048701913966
80.09048701913966
80.09048701913966
80.09048701913966
80.09048701913966
80.09048701913966
80.09048701913966
80.09048701913966
80.09048701913966
80.09048701913966
80.09048701913966
80.09048701913966
80.09048701913966
80.09048701913966
80.09048701913966
80.09048701913966
80.09048701913966
80.09048701913966
80.09048701913966
80.09048701913966
80.09048701913966
80.09048701913966
80.09048701913966
80.09048701913966
80.09048701913966
80.09048701913966
80.09048701913966
80.09048701913966
80.09048701913966
80.09048701913966
80.09048701913966
80.09048701913966
80.09048701913966
80.09048701913966
80.09048701913966
80.09048701913966
80.09048701913966
80.09048701913966
80.09048701913966
80.09048701913966
80.09048701913966
80.09048701913966
80.09048701913966
80.09048701913966
80.09048701913966
80.09048701913966
80.09048701913966
80.09048701913966
80.09048701913966
80.09048701913966
80.09048701913966
80.09048701913966
80.09048701913966
80.09048701913966
80.09048701913966
80.09048701913966
80.09048701913966
80.09048701913966
80.09048701913966
80.09048701913966
80.09048701913966
80.09048701913966
80.09048701913966
80.09048701913966
80.09048701913966
80.09048701913966
80.09048701913966
80.09048701913966
80.09048701913966
80.09048701913966
80.09048701913966
80.09048701913966
80.09048701913966
80.09048701913966
80.09048701913966
80.09048701913966
80.09048701913966
80.09048701913966
80.09048701913966
80.09048701913966
80.09048701913966
80.09048701913966
80.09048701913966
80.09048701913966
80.09048701913966
80.09048701913966
80.09048701913966
80.09048701913966
80.09048701913966
80.09048701913966
80.09048701913966
80.09048701913966
80.09048701913966
80.09048701913966
80.09048701913966
80.09048701913966
80.09048701913966
80.09048701913966
80.09048701913966
80.09048701913966
80.09048701913966
80.09048701913966
80.09048701913966
80.09048701913966
80.09048701913966
80.09048701913966
80.09048701913966
80.09048701913966
80.09048701913966
