55.558307087644046
58.621567544292766
59.739397721330285
60.50507893778535
62.226652881130704
63.57165620022168
63.79398183906426
64.58253405215389
66.03272148997723
65.81589917573474
65.92009876956475
65.70282403422765
65.25408900783145
65.70264610669614
65.48898210857377
64.28116259951224
64.73093333433623
64.26770303855518
63.949687796674205
64.02874664908275
65.21841856196282
63.98816433043372
64.17499101189662
64.56696699050781
64.31787321710242
64.22320385388086
64.50954070691812
65.05189697630406
65.54411698344045
65.20127353660736
65.82986697811994
66.93672794945766
66.73160612915906
66.92246284184986
66.91815348318539
66.75334113297528
67.28139685356335
67.53576175256235
67.88781547876586
67.12896253139063
67.31661414609862
67.57954963630843
67.67384467342568
67.38363231763765
68.03462424981163
67.72676464197973
67.76474591875876
68.81294728131815
68.64870140344381
68.8167534824091
68.70834268010175
68.78198012714809
69.07780200610087
69.17232305283385
69.82022129772764
69.66368268493996
70.20487095606414
69.68835124347451
69.52683579220464
69.67410788552775
69.67155285325937
69.39932967457246
69.43609031447347
67.85266640822348
67.65902255736468
68.82336451651946
69.31907521114184
69.6295512608006
70.07463608726724
70.209958894937
69.5477184781742
69.51443575853024
69.98390468268411
68.91396772234648
68.72987576127076
69.54721372010093
69.43797284503887
69.25269481542055
69.02432879502426
70.14126232321338
69.86096297106921
69.36304077414071
69.1476192724364
69.09139347066608
68.62891334843516
68.74639042913921
69.00840554685318
68.92515212200814
68.909603752006
68.64181222857478
68.69710387803215
69.01889577349819
68.87550463709387
69.02691352435663
69.30045638090853
69.44074959217139
70.0876875984023
70.01063580954289
69.14140357913698
69.17525197454121
68.90587541391317
69.33331033736368
69.69211067797649
69.71767957754825
69.69325667318466
69.11531983780453
68.88504128143654
69.10228442895276
69.07782595153866
69.41356008416244
70.03297162769195
69.9245057448544
70.16475290512275
70.43079851618239
69.91436001957433
70.43901841820986
70.8918267622972
70.47032459304872
69.9888180643755
70.01037121749395
69.20597827770136
69.46803724538312
69.85097497845702
69.15925624856067
69.11449958769037
69.44980256690747
70.0581480810479
70.55031505148654
69.12127500004867
69.49736141417905
70.70723508041489
70.7730990980803
70.99144893153839
71.20260005105958
70.6830990033779
70.61676338855179
71.80783679720442
71.82269057752362
71.72316436721515
72.07746539849647
71.8190979184205
71.75164045896057
71.62838084644204
71.77937028267314
71.84658552264371
71.36916228072043
71.12019762460925
71.20125469303852
71.35653062032523
70.43906772501704
71.0095652321495
71.02632758174958
70.65086659702054
70.2109806781933
70.43695740254623
70.5697633966381
70.42137973015963
69.77553899484415
70.03369540373207
70.14950823555638
69.93901630425295
69.92164462286365
70.6802086270035
71.03877580539901
70.83764854624712
70.47875830774427
70.3737891346276
70.65821258808039
70.38068519637856
70.78388781808778
70.7060388300339
70.74421130935875
70.87962410725329
70.30451655792488
70.61327013742955
70.47216060902487
70.36613334237686
70.68591744892915
70.97992366246137
71.16254004306975
70.94091405097572
70.98495542746218
71.77670923677111
71.3962135938719
71.57319725112684
71.62791446090078
72.11849312816334
72.02923485050933
73.57217064208078
73.75062712260053
74.02569530991893
73.44578764447839
73.51371093804417
73.98878386137129
73.67803980836126
73.64923998791978
73.52181923515757
73.5844645104709
73.54602945108893
73.24978492352099
73.0428146860104
72.5452811946898
72.41138971402569
72.28933540950801
71.99580855570586
72.40016774131304
72.28411165372113
72.50542430390624
72.27552835791154
72.57524559488293
72.56463504183583
72.23017684256033
72.14993990481915
72.22821106869083
71.95639673908492
71.82518265776821
71.48402545827807
71.43144888522353
71.56662285138577
72.77257460892436
73.24177103497186
73.38219175677689
73.03252741380392
72.92707425952759
72.74979761761759
72.89016086179407
72.57134601060277
72.9284287969117
72.9284287969117
72.93169037551574
72.70036700266179
71.66823629762494
72.00657204339745
72.35581690039079
72.77214590549471
72.78001115113847
72.78278115185351
72.14282860626464
72.56365764899516
72.59056999133045
72.59056999133045
72.48468051225116
71.97184418176528
72.03826532362291
72.05875759554715
72.16290362075648
72.45457443745933
72.18227347229285
72.28334390455727
72.02021776721166
71.65147264368623
71.93408750590139
72.1994191623922
72.38539435792718
72.03740846041497
72.00920523295352
71.96767809744208
72.10531624232114
71.88138902025386
72.06286189200746
72.31435824226168
72.23098252301693
72.40919519389767
72.12456742466796
71.58263889275338
72.06359148339823
71.65172587478109
71.65680105436437
71.59793522300946
71.86340354759925
72.12051871228567
71.99086773011037
72.08997857915415
72.31900851875943
72.31900851875943
72.23444088704791
71.95819761622603
72.20439364595119
72.19719406841124
72.19865492476524
72.17449591569637
72.0517497333792
71.77618919362799
71.9147040046023
71.87395692759745
71.92210499515892
72.0547112936331
72.15232637079066
71.89338391753495
71.93769952100156
71.8328803795421
72.20830413088326
72.37943308262342
72.94292011409509
73.12782508046763
73.04741993237045
73.7823460379243
73.0450227181824
73.40791007319399
73.37461735465382
73.65195836993236
73.14988680919204
72.78357956512546
72.60695462936742
72.92402750445919
73.37715978595007
73.24052182017876
73.01979503018468
73.16924289440341
73.02558814102508
73.02778779631444
73.04274323862737
73.17893283352673
73.27934293465303
73.52222623878411
73.6321132340987
73.47227727172077
73.53437982605452
72.99223425066586
73.03020027366566
72.93280391201358
73.1202925166238
73.18824015411452
73.22337071367649
73.21666432136625
72.850806269998
72.71717701268567
73.16576309797942
73.01109243545044
73.30644724863258
73.40219435403846
73.28976699204384
73.10428164222321
73.40444973116803
73.28433721114357
73.44848705394847
73.44093354325284
73.47535155689698
73.34664743067466
73.48571506975587
73.66397810262907
73.62351848705626
73.62351848705626
73.54195867149657
73.56479437737629
73.51674469912655
73.7373244672445
73.03905036653754
73.08850481309675
73.19721357455532
73.08543345663439
72.89857371692302
73.11873932127283
73.11873932127283
73.0002483507758
72.99634823303641
72.99634823303641
73.27983658034647
73.429266683179
73.33739105445913
73.33739105445913
73.40675089903928
73.34456562282607
73.3503366728576
73.13935398211684
72.69743184414718
73.33590715018937
73.5793830509676
73.4781480561677
73.47496796409021
73.54400480370641
72.8566574869909
72.3989264329262
72.68171122926067
73.08621237847726
73.15383503494479
73.24359854395495
73.66981614142759
73.32685966093537
73.12629678123533
72.90766891650594
72.93299384657607
72.88302311663925
73.10222094236822
73.08665405637745
72.89270098060013
72.84461019180412
72.85986467158259
72.62887567117194
72.54337271223946
72.41371719790115
72.5362986884891
72.4795177737704
72.34243000743771
72.53843501309423
72.53843501309423
72.1291173170521
72.1291173170521
71.98163362845472
71.98217626006236
71.9643381986393
71.81191916249313
71.89252107472763
71.78796232460428
72.01405028278133
72.01405028278133
72.01405028278133
72.01405028278133
72.02046830127881
72.02046830127881
71.69558347204453
71.55604689922096
71.50065335871784
71.46431616748359
71.48097975706696
71.21751735479111
71.68959545086071
72.06970638359485
72.24382957441968
72.17710414610029
71.97887352459094
72.19602910722726
71.94924070548926
71.97784230328837
71.97784230328837
71.94592629389928
72.02006452238564
72.35808252027222
72.46482950901088
72.3128132881742
72.32190322418575
72.61632435304489
72.61632435304489
72.50307271949437
72.50307271949437
72.43406803602502
72.4483639482389
72.33534899136316
72.296931354068
72.40739674848615
72.40607887138195
72.53612555571118
72.25972914384442
72.1921479915914
72.19526595052965
72.41587279762291
72.35847534934972
72.35847534934972
72.35847534934972
72.32535721200861
72.32936587263589
72.32936587263589
72.50531110732182
72.60819791566898
72.60819791566898
72.4247704195231
72.4247704195231
72.01015960293005
72.0090330844794
72.18897038042776
72.31498839736217
72.39243125912152
72.28414663504292
72.21921695896253
72.02965387484545
72.07056203374275
71.95813520691138
72.10440327446243
71.86389031338705
71.73947923055692
71.59031689998241
71.77279567883564
71.77279567883564
71.92993907924277
71.9310192572561
71.72999821094734
71.72897547568434
71.40196861825619
71.5354027285351
71.70708257161064
71.83230390582457
72.0923625851856
72.13612719759372
71.79830964819905
71.62340512151091
71.73554455498548
71.85334875228325
71.91001485194106
72.07446702504316
72.06803816099475
72.21712699768138
72.21738449072906
72.269573483051
72.15487938503128
72.15487938503128
72.25367630831344
72.12237907209159
72.00695759437042
71.75307703993388
71.75430124168233
