27.912548667265654
27.329119850187265
31.549878015722413
31.549878015722413
31.549878015722413
33.63724775103331
33.63724775103331
33.63724775103331
33.63724775103331
34.55254084844851
32.82180646065448
37.41813167873148
36.391843971631204
36.22868900646678
33.82293924070952
33.89778325123152
34.888573903456965
38.15915627996165
35.74473420260782
35.43025784405095
36.91520467836257
38.57933744084293
35.19837232960325
37.8640404659718
37.08676019996775
31.89289138474182
33.658463385354146
37.67290480065093
35.3502065207839
38.873922413793096
38.873922413793096
33.20037372430645
38.873922413793096
37.9301489470981
32.084879406307984
37.352967188467325
38.17764804003336
37.002801120448176
39.215239829993926
37.954364552931814
39.408139142181696
37.86008230452675
38.59649122807018
37.108319827120475
40.09319664492078
39.38053097345133
39.665127020785214
39.213280994438996
40.558633425669434
38.061527704946684
37.85564540281521
35.412311265969805
40.63684936228887
37.58255633255633
38.31672203765227
39.93817485196795
40.27142421469961
36.65684348395547
38.83835966172011
35.410113718848294
41.07824427480916
37.80216284987278
38.330737279335416
38.12711603570329
37.00834879406308
36.16296296296296
40.23649728347715
38.74854819976772
40.88317005410148
39.04885654885655
40.890148358059676
34.757834757834765
40.508617065994116
39.83223581059894
38.20555032925682
42.80487804878048
37.05909510618652
41.08112695179905
38.77599243856333
37.5106022052587
37.01559546313799
38.3298392732355
37.91742562234366
34.219689775245335
35.015601682268354
36.44705174488568
39.9860853432282
38.16251154201293
43.99815327793167
39.45578231292517
38.319222326748196
39.14128151260504
41.25295508274232
36.75203446625179
39.45581507344089
41.053377420878604
39.24110198494182
35.646108663729805
38.59094176851186
37.90677220756376
38.74080882352941
37.56914626126649
36.31439576311988
37.837958022056206
36.316414366280796
40.415512465373965
38.661074867971415
43.521878335112056
40.09064885496183
38.77086861843698
36.45095260588884
37.39150507848568
42.19050365244137
37.68115942028985
36.964023494860506
41.74884944115713
42.28689567430026
42.334893395735826
38.51108764519536
36.34344362745098
39.919169651878384
35.4145122371596
43.015051740357485
40.485312899106006
40.913865546218496
35.15412511332729
37.066473988439306
36.2369871402327
37.23179208220006
37.780943336498886
37.83081285444234
38.27218563813108
39.765951103160404
37.119883040935676
37.81204111600587
39.49928469241774
39.1972405142678
42.626096491228076
38.78156244704287
33.80025324469769
35.24038056748337
36.226138032305435
40.46752519596864
40.34164358264081
40.20707070707071
41.15166045107441
39.271196283391404
38.962716869693615
37.126019945602906
38.88888888888889
37.93622141997593
38.13855063855065
39.6004879536444
35.677083333333336
38.982521847690386
35.644325724461716
38.55170199100835
39.65544491860282
38.977938641847636
40.35433070866142
36.865834324217204
36.751332706177486
39.82763927362266
38.11412487205732
39.458804523424874
37.4568441526866
40.2086296823139
40.06509078451524
39.44288389513109
37.163742690058484
38.3985368956743
37.71995977878331
37.96948356807511
36.11273364485981
39.90279084352462
39.585903083700444
38.62964893986791
35.40644422636572
38.9595477830772
39.9755859375
39.4983378664249
37.494530497943465
39.141274238227155
37.04107597237368
36.800000000000004
41.345083487940634
36.25587958607714
34.357361715852285
44.3414863593603
37.686600518458924
39.89458378771356
40.80813088745662
34.47587088526685
41.97251550192727
38.61164122137404
38.58303249097474
37.407235621521345
40.991969768540386
36.359578646670236
37.135214007782096
39.22889098928796
