51191.666666666664
38302.25
39281.416666666664
28851.166666666668
34582.75
25509.75
27544.333333333332
25258.5
26997.333333333332
28043.166666666668
24351.166666666668
23225.5
24407.5
25244.0
25126.666666666668
25222.333333333332
26500.333333333332
26607.0
26171.5
26211.5
25413.5
25657.5
26315.5
26906.833333333332
27377.166666666668
26257.166666666668
26133.0
25947.833333333332
25607.583333333332
25607.583333333332
24404.916666666668
24810.25
26049.416666666668
26225.083333333332
27647.75
26624.416666666668
27865.75
27802.083333333332
28214.583333333332
28425.25
28034.583333333332
28870.083333333332
27659.416666666668
28083.75
27746.416666666668
27369.416666666668
27136.0
27653.0
27871.666666666668
26897.5
27483.166666666668
27729.166666666668
27442.166666666668
26980.5
27971.5
28414.166666666668
28188.5
28085.833333333332
26864.833333333332
27309.833333333332
27580.833333333332
27580.833333333332
27065.833333333332
27114.666666666668
27502.333333333332
28930.333333333332
28239.333333333332
29955.0
29697.0
29546.666666666668
29209.0
30771.666666666668
32269.0
32293.0
32339.0
32168.0
32168.0
32157.666666666668
31519.0
32355.666666666668
32164.666666666668
32166.333333333332
32219.0
32219.0
32255.666666666668
32253.0
32253.0
32246.666666666668
32246.666666666668
32246.666666666668
32386.666666666668
32358.0
32358.0
32276.333333333332
32276.333333333332
32312.0
32312.0
32312.0
32283.666666666668
32255.333333333332
32255.333333333332
31741.666666666668
31741.666666666668
31721.0
32057.0
32479.666666666668
32825.0
32825.0
32825.0
32806.0
32777.666666666664
32777.666666666664
32777.666666666664
32777.666666666664
32831.333333333336
32896.333333333336
32377.666666666668
32377.666666666668
32547.0
32601.333333333332
32573.0
32516.333333333332
32547.333333333332
32547.333333333332
32547.333333333332
32547.333333333332
32547.333333333332
32547.333333333332
32602.333333333332
32602.333333333332
32938.333333333336
32938.333333333336
32938.333333333336
33159.0
32662.666666666668
32662.666666666668
32662.666666666668
32827.666666666664
32817.666666666664
32817.666666666664
32875.0
32243.0
32243.0
32243.0
32233.666666666668
32039.333333333332
32018.0
31941.0
31408.0
31519.0
31519.0
31521.333333333332
31521.333333333332
31552.333333333332
31552.333333333332
31552.333333333332
31552.333333333332
31552.333333333332
31569.666666666668
31569.666666666668
32056.666666666668
32056.666666666668
32056.666666666668
32056.666666666668
32076.666666666668
31551.0
31551.0
31566.333333333332
31566.333333333332
32392.666666666668
32440.666666666668
32608.0
32608.0
32581.666666666668
32629.666666666668
32574.666666666668
32519.666666666668
32519.666666666668
32550.666666666668
32814.0
33825.0
33825.0
33825.0
33992.333333333336
33722.666666666664
33722.666666666664
33067.666666666664
33036.666666666664
32626.666666666668
32093.666666666668
32064.333333333332
32057.666666666668
32057.666666666668
32031.0
32031.0
32031.0
31443.666666666668
31443.666666666668
31310.333333333332
31429.666666666668
31435.0
