38.207925957198775
42.68791638901113
46.162428332115276
48.662476850475315
47.93784345564587
51.17191344236004
49.47636686539151
51.02375582096753
50.41584164673495
50.529243362432865
51.671167868395365
53.210572627550135
51.342178228049114
51.847216236973885
52.527327196249914
52.31135713548398
52.676056680467674
53.15386267511061
53.220893626089456
53.548272523719305
53.080739796326334
54.33108220402736
53.10268168001891
53.86965613342137
53.9629339177147
54.20990555871937
54.15623225203762
55.70194463965484
53.97060399785741
54.35360654823357
55.461806666447224
54.156818561738746
54.38802551681673
54.8315947026199
54.54037353824314
55.394797447544896
54.36742823342178
55.62831947278577
54.4627048322323
54.902523663548756
54.669308386545886
55.66029723314767
56.17852351602941
54.02885205411975
55.12426616760164
56.03051796871406
55.95034678817529
54.669404905728996
56.1948539571625
55.90695578319746
55.911500988520274
54.23286623836334
56.10821726490723
55.45297566445513
55.934090302822156
56.18234009421625
56.25669890008287
55.58152080414942
56.1729515945435
54.70886660178657
55.9254294256662
55.42849638373302
55.64634881012349
56.13305178916931
55.56380767828982
55.73960755678761
56.851885323549034
56.525489872974376
57.112417501019216
56.95282173114824
57.2475876869698
56.59038823079692
56.86611119907255
57.01687234411453
56.90000627241978
57.65339492359138
57.155796625984756
57.14645950697031
57.11542754140005
56.064852184291446
57.06098380102351
55.72082315974883
58.05673673264689
56.46657883188295
56.91426095517749
56.6930807409976
57.27740280379192
57.27245239331829
57.623025535443205
56.95940350631939
56.64058068579584
57.07093639476023
58.16587323373814
57.09747429592724
57.180576495536286
57.59163204576586
56.915750862386666
56.826222182824985
56.772691195375764
56.85793907393142
56.38786630341856
56.934176780745226
56.35511950866154
58.08539832978535
56.45097747015057
57.29936040437464
56.7847717409753
57.35449554964432
57.23809635496526
57.40254800625479
57.59987173707831
57.04783698149114
57.80524330254142
57.036410379591246
57.39105879644343
56.88915830073312
57.85086298723348
57.766806576290406
57.88347000595021
57.096957193028295
57.84420933443535
57.031627831666455
57.038159665963875
58.0353218985588
56.857996847638034
56.51535838361885
57.423216523666525
57.05298301156498
57.1905723166932
57.129339322511875
57.199359968052285
57.69709720492931
57.28601503440348
56.99317107622815
57.229800924116454
56.83944725174467
57.23248615041321
57.57889955409067
57.722964326363744
56.51742318027776
57.6817642848636
57.36566162386185
57.340036194720334
57.675982269657354
56.267364574319
57.70097021426554
57.02700823476406
57.00490126230131
56.881928162443735
56.90112072963939
57.273707855354964
56.8680033773707
56.78579998033958
57.01800517631856
57.73420351956653
56.329702774282545
57.76519938768211
57.178654746707494
56.945167859394786
56.206658565854255
56.0487710745114
56.43247081741194
56.63652768108814
57.46306123163708
57.727906039180695
57.37169982785422
56.834886137296735
57.46309573436
57.1478628707209
56.869494150804336
56.841351278167075
57.49318778364416
56.71424162827608
57.33666960009738
57.82732025951418
57.46773371541285
57.29074210977035
57.003001933722516
57.08606597426854
57.66843374717149
57.15749547630181
56.99305686685335
57.39979340309611
57.62172102172948
57.22111838803721
57.99045848764093
57.760741577945076
57.334720104164376
57.91683638496285
56.77183119082924
56.67534221069008
56.81216592542087
57.70328618285024
57.583662299887536
57.09067731482452
56.79830940652917
56.208140295508976
57.61516579468067
57.046804202808815
56.63159562460013
56.55372120871476
