783414.7625
715517.775
654764.9375
629662.25
612139.0125
598082.425
569007.8875
534787.075
513077.3
509801.8875
505621.0875
491828.3875
463149.65
449694.5625
443232.7875
423260.4
414879.95
408883.9375
395643.8
396762.575
379827.7625
377701.35
372906.35
359152.0125
345653.925
350826.825
343684.1875
329366.4625
325632.775
328393.125
306691.525
303563.825
297712.0625
288742.975
280474.125
276757.925
295081.6
290324.9875
287808.4875
271443.275
263691.8375
248846.5375
232865.4875
218995.1875
216915.8125
212262.0375
216050.95
222191.65
221097.6875
226930.7125
222122.1
212974.55
188436.625
180655.2875
178887.3125
175168.725
183692.275
180651.2875
174168.05
157336.9625
161515.1125
163849.425
175073.2625
189468.025
196581.675
193556.7
214108.3125
204573.0
202813.7375
206784.925
197546.025
202745.6
213507.6375
214836.275
208577.05
215910.95
220271.6875
217718.7
215037.3625
211583.45
207579.95
216866.5625
226942.05
232929.6625
241889.3125
234543.05
227877.3
217660.2125
216218.6375
216313.875
200324.3375
192445.7875
181175.575
174117.75
173267.975
168521.325
155453.75
151823.6375
157964.6625
157368.95
158144.975
145433.225
140920.8375
134701.95
135319.8125
136464.35
116850.2375
114480.725
97207.9
99741.4375
102012.8125
101147.0375
99918.2
95862.15
93952.0
100037.9875
102004.5625
98603.275
99832.3875
100435.1375
99967.7875
108734.825
104359.6625
109909.4875
118778.0
121934.25
121672.6125
119337.0125
119522.575
98106.325
96188.6125
94607.0125
108103.875
105208.3375
94181.6625
93222.4625
88570.3125
82168.55
80428.0
80384.8125
75000.375
59706.625
53560.3
48506.175
52442.975
49301.625
47329.2375
49254.35
48659.075
49554.8125
51854.5875
53923.45
54723.85
57940.8875
54765.65
49807.625
46009.5375
49243.4375
49402.1125
52979.6375
55711.375
55310.75
56861.4875
69837.6625
72507.3375
78191.325
73652.8125
69295.7375
74943.4625
77468.625
80038.4
79814.45
82500.325
58287.2125
38035.125
39157.3375
34911.4
35400.225
33247.8875
33991.6125
34951.6
37492.9
36463.2375
35762.8875
36489.625
38579.1125
37532.1
40157.7875
40883.25
41842.175
41570.525
42710.475
47601.9375
44397.0375
47580.4625
50699.9625
45228.2875
45154.7
38413.3
39886.85
43690.8375
44946.375
44433.675
45930.7375
48172.45
48560.5875
48415.6125
48629.1375
49889.225
56828.925
60508.95
58827.3125
59976.15
50869.025
52148.6125
51623.45
56964.8
53252.8
49802.675
47939.6625
43087.5375
41522.9125
41846.225
43551.575
47329.5125
47635.8625
50291.75
52027.5875
57031.5
55378.4
56925.9875
56148.2375
51284.0125
51366.475
52958.0
52686.1125
53468.2625
53824.1375
54071.35
57149.625
60594.55
59369.0375
59945.6625
62614.3
64438.0125
62861.3
61278.6375
59635.2375
59434.1625
60666.0625
61156.6625
61720.925
60499.0875
59155.75
60509.95
58818.6375
59893.65
57359.475
56983.0125
56017.7125
55276.2875
55812.0375
56759.2875
57923.2375
56073.6875
55754.8125
55954.6125
57488.4125
57053.6
57281.125
58921.8125
58389.2125
58752.025
59618.0625
61321.6625
59085.825
58928.8125
59116.85
59123.75
62200.1
60865.175
60819.2375
60087.175
59442.3875
58360.25
57637.525
56831.8875
56394.175
52906.8375
53219.525
49764.4875
48416.675
49458.4625
52429.375
49511.7375
50108.6875
48951.625
51483.6625
49941.6875
52308.1875
50431.725
47014.3875
49804.2375
48513.1875
49914.5125
48292.3125
48505.175
49378.7375
47769.225
45582.2625
45627.65
46929.2625
48766.6125
47244.75
51252.1625
50593.3125
51892.075
55088.0375
56548.55
57481.125
55420.4
57257.725
57763.675
58992.9625
61383.6625
58096.175
57401.525
59001.2625
62491.1875
63925.275
63926.025
68267.075
66319.6
66180.6625
65514.9875
64435.9375
57341.5125
56838.775
59238.025
56065.2625
55479.1625
54831.8125
51156.1875
51523.1625
58492.0625
59378.4625
62856.475
63771.625
63835.0625
64014.3625
64524.025
65618.95
67749.6125
55764.5125
50148.9125
49881.2875
49317.8
49821.3
51044.4625
50770.35
51413.475
49938.0625
53072.4375
57643.6625
55768.7875
56570.25
55518.45
57053.125
55564.775
53149.825
52597.1
55834.35
54170.1125
53064.3
59233.4625
61281.9625
61829.2
62907.8375
63411.9125
65971.9375
68191.6375
65779.1875
64887.6375
66235.7625
68465.4
69579.1375
69523.5875
67232.75
65078.625
66734.675
63421.15
64188.625
62042.025
59019.9375
54215.575
54867.5375
53757.875
51294.9375
51686.3625
51588.475
51716.525
52421.825
47932.175
46738.4125
48173.1375
49035.55
49136.95
47189.925
49633.75
50511.8
52291.7
52727.325
49965.325
47513.675
47409.7875
49343.4375
46013.225
43514.6125
43580.875
42842.3375
42285.8
41882.1125
40904.2625
41664.7875
41259.8875
41188.2
40132.275
38855.15
39810.7625
41155.875
44196.525
43803.1875
41357.9
42944.225
43426.025
43379.125
43391.7125
46085.225
47047.6125
46647.9
46647.625
46824.4625
46357.1375
47332.325
48294.7125
49670.5875
48661.6125
48642.8
44844.85
45977.5875
43295.5875
42713.5875
41732.1875
42235.5375
40319.825
43192.1875
43608.2875
43480.4
41702.825
40416.4375
37597.65
34875.55
35429.3625
34675.2375
34504.3375
34910.1375
35835.2625
35546.775
35060.275
36751.575
37669.075
38848.55
44534.75
48786.6625
51591.3875
49859.75
51544.875
51523.7
52446.6
52736.5625
52624.6875
52676.875
53612.8625
52192.0125
51678.775
51357.3125
48565.8875
51299.7125
47253.025
49640.3
50204.8625
50451.5875
50185.5375
46122.4375
44429.3875
45369.725
43811.6375
45914.0375
48756.725
51013.1
