1128763.0
1053228.0
906471.0
906471.0
943444.0
943444.0
914753.0
914753.0
843451.0
843451.0
843451.0
832467.0
832467.0
832467.0
832467.0
710571.0
706491.0
706491.0
561059.0
561059.0
561059.0
561059.0
561059.0
528076.0
528076.0
528076.0
574230.0
574230.0
471308.0
494799.0
494799.0
494799.0
494799.0
494799.0
447464.0
447464.0
553550.0
442252.0
442252.0
442252.0
442252.0
442252.0
442252.0
442252.0
386521.0
386521.0
358496.0
358496.0
358496.0
358496.0
358496.0
358496.0
354946.0
354946.0
338577.0
338577.0
361238.0
361238.0
361238.0
342992.0
342992.0
338577.0
378236.0
388806.0
391678.0
391678.0
391678.0
391678.0
401518.0
401518.0
401518.0
401518.0
401518.0
401518.0
401518.0
401518.0
401518.0
401518.0
401518.0
401518.0
337309.0
337309.0
377561.0
378709.0
378709.0
378709.0
377561.0
377561.0
377561.0
337309.0
337309.0
403411.0
403411.0
403411.0
403411.0
403411.0
403411.0
403411.0
403411.0
403411.0
403411.0
403411.0
403411.0
403411.0
403411.0
403411.0
403411.0
417711.0
323769.0
323769.0
319156.0
319156.0
319156.0
319156.0
319156.0
418421.0
418421.0
418421.0
418421.0
319242.0
319242.0
319242.0
319242.0
319242.0
319242.0
308772.0
308772.0
308772.0
308772.0
308775.0
308775.0
308775.0
308775.0
308775.0
308775.0
308775.0
308775.0
308622.0
308622.0
308622.0
308622.0
308622.0
308622.0
308622.0
308622.0
308622.0
308622.0
308622.0
308622.0
308622.0
311312.0
311312.0
311312.0
311312.0
311312.0
311312.0
311312.0
311312.0
311312.0
311312.0
311312.0
311312.0
311312.0
311312.0
311312.0
311312.0
311312.0
311312.0
311312.0
311312.0
311312.0
311312.0
311312.0
311312.0
311312.0
311312.0
137389.0
137389.0
137389.0
137389.0
137389.0
137389.0
137389.0
137389.0
137389.0
137389.0
137389.0
137389.0
137389.0
137389.0
137389.0
137389.0
137389.0
137389.0
137389.0
137389.0
137389.0
137389.0
137389.0
137389.0
133119.0
133119.0
133119.0
145149.0
145149.0
313779.0
320769.0
320769.0
320769.0
320769.0
320769.0
320769.0
320769.0
313779.0
313779.0
150168.0
150168.0
150928.0
149758.0
149758.0
149758.0
149758.0
106428.0
94363.0
94363.0
94363.0
104410.0
94663.0
94663.0
145113.0
145113.0
145113.0
145113.0
94263.0
94263.0
94263.0
94263.0
94263.0
108853.0
110163.0
110163.0
110163.0
110163.0
110163.0
110163.0
110163.0
110163.0
110163.0
110163.0
110163.0
110163.0
110163.0
110163.0
110163.0
110163.0
110163.0
110163.0
110163.0
110163.0
94203.0
94203.0
94203.0
94203.0
94203.0
94203.0
94203.0
94203.0
93503.0
93093.0
93093.0
93093.0
93093.0
93093.0
93093.0
141408.0
141408.0
141408.0
141408.0
141408.0
141408.0
93093.0
93093.0
91216.0
91216.0
91216.0
91216.0
91216.0
91216.0
91216.0
91216.0
91216.0
91216.0
91216.0
91216.0
91216.0
91216.0
91216.0
91216.0
81841.0
236287.0
236287.0
236287.0
236287.0
236287.0
236287.0
236287.0
236287.0
236287.0
236287.0
236287.0
236287.0
236287.0
236287.0
236287.0
236382.0
236382.0
236382.0
236382.0
236382.0
236382.0
236382.0
236382.0
236382.0
236382.0
236382.0
236382.0
236382.0
236382.0
236382.0
236382.0
236382.0
236382.0
236382.0
236382.0
236382.0
230261.0
219967.0
219967.0
255475.0
255475.0
255475.0
255475.0
255475.0
256978.0
256978.0
256978.0
256978.0
256978.0
256978.0
256978.0
255475.0
255475.0
255475.0
255475.0
254335.0
254335.0
105660.0
105660.0
106785.0
106785.0
106785.0
106785.0
106785.0
106785.0
106785.0
106785.0
106785.0
186993.0
114045.0
114045.0
114045.0
106785.0
106785.0
106785.0
106785.0
106785.0
106785.0
106785.0
106785.0
106785.0
106785.0
106785.0
106785.0
106785.0
106785.0
106785.0
106785.0
106785.0
106785.0
106585.0
106585.0
106585.0
106585.0
106585.0
106585.0
106585.0
106585.0
106585.0
106585.0
106585.0
106585.0
106585.0
106585.0
106585.0
106585.0
106585.0
106585.0
106585.0
106585.0
106585.0
106585.0
106585.0
106585.0
106585.0
106585.0
106585.0
106585.0
106585.0
106585.0
106585.0
106585.0
106585.0
106585.0
106585.0
106585.0
106585.0
101535.0
101535.0
101535.0
101535.0
101535.0
101535.0
101535.0
80807.0
80807.0
80807.0
80807.0
80807.0
80807.0
80807.0
80807.0
80807.0
80807.0
80807.0
80807.0
80807.0
80807.0
80807.0
80807.0
80807.0
80807.0
80807.0
80807.0
80807.0
80807.0
80807.0
80807.0
80807.0
80807.0
80807.0
80807.0
80807.0
80807.0
84107.0
84107.0
84107.0
84107.0
84107.0
84107.0
84107.0
84107.0
84107.0
84107.0
84107.0
84107.0
84107.0
84107.0
84107.0
84107.0
81206.0
81206.0
81206.0
81206.0
81206.0
81206.0
81206.0
81206.0
81206.0
86671.0
86671.0
86671.0
86671.0
86671.0
81206.0
81206.0
81206.0
81206.0
81206.0
81206.0
81206.0
