52.52635289441218
54.784111704818805
54.784111704818805
55.175962358638536
56.65859422869313
56.65859422869313
56.80827634171786
56.80827634171786
57.79833206974981
57.79833206974981
57.79833206974981
57.79833206974981
57.79833206974981
57.79833206974981
58.14603174603175
58.14603174603175
58.204969200876434
58.204969200876434
58.23494150233578
58.23494150233578
58.54954731489521
59.56060367040017
59.56060367040017
59.56060367040017
59.56060367040017
59.56060367040017
59.56060367040017
59.56060367040017
59.56060367040017
60.352420100054154
60.73791749351644
60.73791749351644
60.73791749351644
60.73791749351644
60.73791749351644
60.73791749351644
60.94565790862088
60.94565790862088
60.94565790862088
60.94565790862088
61.281590218066505
61.281590218066505
61.281590218066505
61.281590218066505
61.281590218066505
61.30403984263466
61.30403984263466
61.30403984263466
61.91323376552327
61.91323376552327
61.91323376552327
62.745998469268905
62.745998469268905
62.745998469268905
62.745998469268905
62.745998469268905
62.745998469268905
62.903952170199545
62.903952170199545
62.903952170199545
62.903952170199545
62.935843326410755
63.01957503764431
63.20990132129119
63.25004181301222
63.25004181301222
63.25004181301222
63.38469440164354
63.59058529286974
63.59058529286974
63.59058529286974
63.59058529286974
63.59058529286974
63.59058529286974
63.59058529286974
63.59058529286974
63.59058529286974
63.59058529286974
63.59058529286974
63.59058529286974
63.59058529286974
63.59058529286974
63.59058529286974
63.59058529286974
63.59058529286974
63.59058529286974
63.68258859784283
63.68258859784283
63.68258859784283
63.9014314106429
63.9014314106429
63.97798899449726
63.97798899449726
63.97798899449726
64.10027235840143
64.10027235840143
64.10027235840143
64.10027235840143
64.10027235840143
64.10027235840143
64.10027235840143
64.10027235840143
64.3250485697059
64.3250485697059
64.3250485697059
64.55918939702356
64.55918939702356
64.81340751798072
64.81340751798072
64.81340751798072
64.81340751798072
64.81340751798072
64.81340751798072
64.81340751798072
64.81340751798072
64.81340751798072
64.81340751798072
64.81340751798072
64.81340751798072
64.81340751798072
64.81340751798072
64.81340751798072
64.9886913647261
64.9886913647261
64.9886913647261
64.9886913647261
64.9886913647261
64.9886913647261
64.9886913647261
64.9886913647261
64.9886913647261
64.9886913647261
64.9886913647261
65.07463699280771
65.36300719229203
65.36300719229203
65.36300719229203
65.36300719229203
65.36300719229203
65.36300719229203
65.36300719229203
65.36300719229203
65.36300719229203
65.36300719229203
65.41027728773692
65.41027728773692
65.41027728773692
65.41027728773692
65.41027728773692
65.41027728773692
65.4616184918804
65.4616184918804
65.4616184918804
65.56226534581806
65.56226534581806
65.56226534581806
65.56226534581806
65.56226534581806
65.56226534581806
65.68485095218709
65.68485095218709
65.68485095218709
65.68485095218709
65.75948794499479
65.75948794499479
65.78916351787014
65.78916351787014
65.99415306039911
65.99415306039911
65.99415306039911
65.99415306039911
65.99415306039911
65.99415306039911
65.99415306039911
65.99415306039911
65.99415306039911
66.13281565962954
66.13281565962954
66.235194878728
66.235194878728
66.235194878728
66.235194878728
66.2657006505587
66.2657006505587
66.2657006505587
66.2657006505587
66.27263378052022
66.27263378052022
66.27263378052022
66.27263378052022
66.27263378052022
66.27263378052022
66.27263378052022
66.27263378052022
66.27263378052022
66.7721378374902
66.91128494755672
66.91128494755672
66.91128494755672
67.12031350529332
67.12031350529332
67.12031350529332
67.12031350529332
67.2253598531355
67.2253598531355
67.2253598531355
68.23008533580891
68.23008533580891
68.23008533580891
68.23008533580891
68.23008533580891
68.23008533580891
68.23008533580891
68.23008533580891
68.23008533580891
68.23008533580891
68.23008533580891
68.23008533580891
68.23008533580891
68.72020090215543
68.72020090215543
68.72020090215543
68.72020090215543
68.72020090215543
68.72020090215543
68.72020090215543
68.72020090215543
68.92610884451125
68.92610884451125
68.92610884451125
68.92610884451125
68.92610884451125
69.06854675160452
69.06854675160452
69.06854675160452
69.06854675160452
69.06854675160452
69.25464652971633
69.25464652971633
69.25464652971633
69.25464652971633
69.25464652971633
69.31477107341398
69.31477107341398
69.31477107341398
69.31477107341398
69.31477107341398
69.31477107341398
69.31477107341398
69.31477107341398
69.31477107341398
69.31477107341398
69.31477107341398
69.31477107341398
69.31477107341398
69.31477107341398
69.31477107341398
69.31477107341398
69.31477107341398
69.52928434558027
69.65377703193249
69.65377703193249
69.65377703193249
69.65377703193249
69.65377703193249
69.65377703193249
69.65377703193249
69.76851025338902
69.76851025338902
69.76851025338902
69.76851025338902
69.78136418276382
69.78136418276382
69.78136418276382
69.85491722307519
69.85491722307519
69.85491722307519
69.85491722307519
69.85491722307519
70.01559134026019
70.01559134026019
70.01559134026019
70.01559134026019
70.01559134026019
70.08803951041442
70.08803951041442
70.08803951041442
70.08803951041442
70.08803951041442
70.08803951041442
70.08803951041442
70.08803951041442
70.08803951041442
70.08803951041442
70.09281129959678
70.09281129959678
70.09281129959678
70.09281129959678
70.09281129959678
70.20423257700473
70.20423257700473
70.20423257700473
70.20423257700473
70.20423257700473
70.25982392097917
70.25982392097917
70.25982392097917
70.25982392097917
70.25982392097917
70.25982392097917
70.25982392097917
70.29203349796005
70.29203349796005
70.29203349796005
70.29203349796005
70.29203349796005
70.29203349796005
70.29203349796005
70.29203349796005
70.29203349796005
70.33140075871447
70.33140075871447
70.33140075871447
70.33140075871447
70.33140075871447
70.33140075871447
70.33140075871447
70.33140075871447
70.33140075871447
70.33140075871447
70.33140075871447
70.33140075871447
70.33140075871447
70.33140075871447
70.33140075871447
70.33617254789684
70.33617254789684
70.33617254789684
70.4301767947892
70.4301767947892
70.4301767947892
70.4301767947892
70.4301767947892
70.4301767947892
70.4301767947892
70.4301767947892
70.4301767947892
70.4301767947892
70.4301767947892
70.4301767947892
70.91827730838502
70.91827730838502
70.91827730838502
70.91827730838502
70.91827730838502
70.91827730838502
70.91827730838502
70.91827730838502
70.9330530791718
70.9330530791718
70.9330530791718
70.94609939358797
70.94609939358797
70.94609939358797
71.02582687057571
71.02582687057571
71.02582687057571
71.02582687057571
71.02582687057571
71.03186683095358
71.08677521122675
71.08677521122675
71.08677521122675
71.08677521122675
71.09349358046143
71.09349358046143
71.09349358046143
71.09349358046143
71.09349358046143
71.09349358046143
71.09349358046143
71.1260902128482
71.1260902128482
71.1311637795656
71.1311637795656
71.1311637795656
71.1311637795656
71.1922370456303
71.1922370456303
71.3207866458764
71.3207866458764
71.3207866458764
71.3207866458764
71.3207866458764
71.3207866458764
71.3207866458764
71.3207866458764
71.3207866458764
71.3207866458764
71.3207866458764
71.3207866458764
71.3207866458764
71.32727316107176
71.32727316107176
71.32727316107176
71.32727316107176
71.32727316107176
71.32727316107176
71.32727316107176
71.32727316107176
71.32727316107176
71.32727316107176
71.32727316107176
71.32727316107176
71.32727316107176
71.32727316107176
71.32727316107176
71.32727316107176
71.32727316107176
71.32727316107176
71.32727316107176
71.36950349533558
71.36950349533558
71.36950349533558
71.36950349533558
71.36950349533558
71.36950349533558
71.36950349533558
71.36950349533558
71.36950349533558
71.36950349533558
71.36950349533558
71.36950349533558
71.36950349533558
71.36950349533558
71.36950349533558
71.36950349533558
71.36950349533558
71.36950349533558
71.36950349533558
71.36950349533558
71.36950349533558
71.36950349533558
71.36950349533558
71.41555126094529
71.41555126094529
71.41555126094529
71.41555126094529
71.41555126094529
71.41555126094529
71.42795791281941
71.42795791281941
71.43750149118411
71.43750149118411
71.45229403764941
71.45229403764941
71.45229403764941
71.45229403764941
71.45229403764941
71.45229403764941
71.45229403764941
71.45229403764941
71.45229403764941
71.6527091833083
71.6527091833083
71.6527091833083
71.6527091833083
71.6527091833083
71.6527091833083
71.6527091833083
71.6527091833083
71.6527091833083
71.6527091833083
71.68205568677976
71.68205568677976
71.68205568677976
71.68205568677976
71.68205568677976
71.68205568677976
71.68205568677976
71.68205568677976
71.68205568677976
71.68205568677976
71.68205568677976
71.68205568677976
71.68205568677976
71.68205568677976
71.68205568677976
71.68205568677976
71.68205568677976
71.68205568677976
71.68205568677976
71.68205568677976
71.70806193782359
71.70806193782359
71.70806193782359
71.70806193782359
71.70806193782359
71.70806193782359
71.70806193782359
