272581.6666666667
215550.33333333334
197392.0
164651.33333333334
160789.66666666666
153016.66666666666
152350.0
165578.66666666666
163027.66666666666
157281.0
156322.33333333334
159527.66666666666
161341.66666666666
159111.66666666666
153406.33333333334
145883.0
146144.0
140151.66666666666
124252.0
123993.33333333333
123993.33333333333
123745.0
128774.33333333333
128634.33333333333
128634.33333333333
128634.33333333333
128634.33333333333
127642.33333333333
127642.33333333333
127642.33333333333
146778.66666666666
131536.33333333334
131536.33333333334
129730.33333333333
129153.66666666667
129153.66666666667
126745.33333333333
