65.76638965835642
66.68975069252078
67.78175859578958
68.42980161325484
68.42980161325484
68.42980161325484
68.42980161325484
69.9400421325555
69.9467941446551
69.98741082668904
69.98741082668904
71.07147794829254
71.07147794829254
71.07147794829254
71.07147794829254
71.14026945686722
71.14026945686722
72.17964174991387
72.17964174991387
73.53177795655672
72.39066598243812
72.69001596533242
72.69001596533242
72.69001596533242
72.69001596533242
72.69001596533242
72.69001596533242
72.69001596533242
72.69001596533242
72.69001596533242
72.69001596533242
72.69001596533242
72.69001596533242
72.69001596533242
72.31097140888737
72.65247394741989
72.31097140888737
