44.943407124081105
47.03044810466218
49.52658387209924
51.0407278574863
50.7035727953413
51.227021356077465
48.66866489180867
51.134074255640044
50.69344002502436
50.810755951126296
51.9758138206141
52.402088682360564
51.793475376417945
52.795302122289854
52.360803030505885
53.21210908204752
51.4074728486094
52.070164580761045
52.707626357053634
53.63834279068998
57.082204151130696
55.011820319603
55.587300264572484
55.32674171777985
56.11206716656104
55.47363233221767
55.835996641836594
56.29531189971219
56.69629698240367
56.03882325887279
58.191468838193224
57.75025271381457
58.4653065351933
59.389687290242115
57.32199016340349
58.198732402364435
58.555093366169565
59.976212742413765
58.67619521223165
58.61882610205174
59.64125973987149
60.24125722225468
58.52119741573958
60.652809168857665
59.70882099994011
61.11942934957108
60.17838187567114
60.850569151480265
60.35464629393278
60.97786694361674
58.9517810838165
60.83901178030811
61.413618149309904
60.59455940426847
61.15591746567551
61.041710138979205
60.56968578577901
62.00914911233836
61.117745284376774
59.81590188556163
61.618149269332754
60.690655170179966
61.10482241595628
61.74714958857164
60.7806573150601
60.51045881937446
61.32629465230079
60.67328882369333
62.25893328360843
61.93072885831503
59.71634358943286
62.13839630492579
61.92456209881388
60.75923107628868
60.88055112733695
62.59263818354157
61.104695411213875
62.89779676281921
60.366268570902946
62.9086823249536
60.54538263240125
62.966399528683944
62.59037561561137
61.82912168728266
61.342790367679314
63.11843266707611
60.814245126009155
62.88952007719137
62.21464793197321
62.45588725476969
63.19045832683616
62.10392064228154
63.87661814170606
60.61114194609829
63.21257518177304
63.27688021084683
61.214495937545756
62.2256468580689
63.63699649835875
63.26893382459218
62.40073025764259
62.82242378097395
61.33250712270118
61.87960868712293
61.54272996698284
63.3029248350277
61.68749277516656
63.31416970215027
61.13320491366809
63.44844178472274
61.828060302875315
64.52481481357586
63.24947098864081
64.26199568217869
61.780392573756764
63.38680358928046
61.89951342597204
62.335741094153754
61.86667725563895
64.41082071655867
63.021243586428575
63.60259908916891
63.11355537659902
63.612464721994925
62.74301157844298
63.365451229620184
65.0325963111139
63.42601273803856
64.1983715396114
63.20350402946893
64.50114500551224
63.88874315472414
64.33611167301638
63.93863676228067
64.36965074736328
63.77433127921733
65.6065287699859
64.14143670975075
65.60234411259472
63.89813435118801
65.1628193047901
63.22787496704682
64.31333647775382
64.95555034536814
64.18211384158519
66.15368081630317
64.72740593176435
63.164123129297614
63.14268283498221
64.29374260856537
65.57264175267672
66.44973075099205
64.48811355733585
65.51479371783185
65.02447077549891
66.29579795880612
65.99036935094468
65.37522995586619
64.892937732799
65.78429612785835
65.22804650547451
66.25221646928047
65.95184038526317
66.90104483201719
64.85078241794899
66.81922513946111
65.4264111576082
65.61450678113272
67.39445104430085
65.12769908642859
64.72520575727582
66.00982765501817
62.218713365814516
62.98877137847125
63.540635122314534
63.56487049463427
64.12538088921072
63.70940938765385
63.835042532557914
63.930997901917976
63.65299481714982
66.4215692490141
63.47240936275722
64.2360336254535
63.71814062319033
65.27770732119954
62.675372204227926
62.01613155663847
61.67388961717161
64.13744652906999
62.59565634067383
61.848281864225385
63.253090621047576
58.43914797611838
63.864699084082545
59.607713579869944
60.30550619218107
61.7401579891619
60.031966433645096
60.83468931468065
61.49987351485479
58.451783435974626
61.6143047875757
59.30429190387473
62.332516461688286
62.827322259691144
62.90732294005033
62.565366632986546
62.74508611205673
62.55292257358047
62.239868243599346
61.613051403910596
61.44516113039241
63.72231548323116
60.74097333879551
63.148587637730216
63.64736639119643
64.05415245802085
63.60231137954878
62.63734658796553
61.163456997283085
65.25188709193499
64.20397421374362
63.42915473547351
64.62369582359031
63.080168760826346
63.08461002465506
61.9887704393169
60.96292136563266
62.985081966455176
62.822101469315385
61.617264340693914
64.41416950810236
63.97382203257973
65.19150492312846
63.03836950098961
62.93412828127002
64.967257694614
64.11325499141256
63.574721716099766
64.14656473693307
63.2454341270421
65.45320914560422
63.13394307387831
64.23962594439904
63.63083708898273
64.39889786140367
64.91852142286476
65.15653380128627
64.32771182269539
66.234351036726
64.18719874888475
63.56231584999766
65.11262898184553
62.58032271450251
63.2658419972863
64.3282541634187
64.1644371775076
65.05793681694581
64.58433651922911
62.805964706562555
63.69457150017998
64.84310884158047
64.28517065144172
63.88527355589415
63.856208135949586
63.27546316553469
65.55850975929759
64.3996423894405
66.11319838053919
65.64299187363059
64.98122570319576
66.0110645229999
64.24321127468322
64.67702702649648
65.50322131977285
64.04011169187285
63.982173583258714
64.27300156310226
66.2379023454969
66.1642154692363
67.01155644739734
65.66580090057124
65.20927930209655
65.74395445650896
64.02946993099681
64.48321424195073
65.75606647368498
64.27383580036842
65.36015937268128
64.76358779958287
64.60349645793302
65.04616338831993
64.99910163524441
65.88265142374173
66.1152811626464
65.65158759308848
64.12606657903143
66.09196892452475
64.79190048029885
65.06684091924976
67.02634628127355
64.7483372169375
65.22290041120948
66.86993474204978
66.03764393531274
65.4925846482148
66.92895248670743
65.51013878227917
66.72831178250016
66.32632713023655
65.53650657988048
65.90077316843069
66.37412784506897
65.60883284318187
65.06318911331279
66.15383774061927
65.48268973731297
65.72673070442461
66.38743522392097
66.26909282405056
66.67576236031404
65.58083961037944
65.52278920182063
66.30795083385885
66.3253873205403
67.37789286314474
67.19384125735291
66.61723232314829
66.44137867042184
67.15889176104659
66.29793726815494
66.1472238795506
66.50693373969226
66.63954573819044
67.10832570365865
67.55523683222496
67.13993019094762
65.69445888367292
67.55571744532108
67.21072687796452
66.22075246117164
66.31933040191375
66.56765055948706
67.61887271361088
68.50050725814332
66.61384918424963
67.26491154985335
66.45778273405173
66.76523233361726
67.25947009981702
67.32094087639541
65.72028364673626
67.25633986074406
66.48437072649584
67.78118400741107
66.57775921035982
66.24609541852774
66.81267166706569
67.65715524042149
67.87750396245941
67.51413575189447
66.63130209624312
66.53194811276823
65.67005298163691
66.42365905067429
66.7827366078447
67.15745363575904
66.44370362803531
67.0551928336631
66.23953320178609
67.11700531091347
66.1580212951419
66.57136381170623
67.43261274211658
65.54399858987095
67.86948154226796
65.84110406780641
67.56840129589244
67.10793967762504
68.03957259966813
67.61549216961261
67.68507587333322
66.77293730381037
66.99847338466613
67.45712640356187
66.40623969539449
67.79404446092235
67.16322114171629
68.29245502417139
67.45463349932972
68.14946158390465
67.81904233022141
67.61203324662097
67.5018123180516
68.05846935929128
67.21294631364485
67.81757088653484
68.00608764186556
68.4934837648555
68.73444062375633
67.01974131090385
69.11585429085187
67.97846220189592
68.6184627540493
67.82953030536285
67.9071373530538
69.03194886632008
68.02020015367529
68.89959589946561
68.13186597446192
67.7919552311392
67.06100138090352
68.86832128126467
68.99555080709793
68.78329381265785
69.00345886566355
68.67531384206242
67.61985344750893
67.36264108521588
68.88540253854994
68.1220423081045
68.02896289589974
67.95415702164678
68.46831210920071
68.82318375651188
69.05880095358194
68.71828652670068
68.39507180573952
69.56702825160967
69.4051203340827
68.55080939231183
67.6726870128736
67.30111860133765
68.46461096272262
68.66540505497355
69.34777185490661
67.97065693273304
68.90923374629571
69.2132832110779
67.83060358414066
69.68164894110717
69.18622654841465
69.07770789668231
68.25352455999543
69.37873768844977
69.2257643670818
68.85472227886552
68.80232118688244
68.1507382981695
69.16835806543503
68.25352025794376
69.34627833043574
69.25419286845698
69.35685266992293
69.45370473030296
67.91488379188421
68.0329552855943
68.48357323907543
67.70680853385534
68.89586077124986
69.17129596063602
67.84605479242832
70.05328163758725
69.19798723378786
67.84071282062474
69.07953109607992
69.10538147263152
68.08314804363584
66.79805566540284
68.95450054094808
66.8721548004739
69.41933538506905
67.40432045444557
67.7155982906951
67.47155015989487
67.17521080494207
66.72063685819265
65.56699565340597
67.38177055924496
65.72677612411377
65.66097608463933
65.50694768171387
65.28433482460707
63.57487038958968
66.13434737394789
67.15057758143882
67.15200024695021
64.1303582141157
67.93233962208997
64.67584518872616
65.71549090253812
67.6708121745078
67.23272215200886
66.50650614718761
66.89616722075273
65.70011301303614
67.00004177005823
66.50097304726276
64.99256949052152
66.40430940932123
