41.12223756906077
45.57786702365016
51.99651601664569
51.43764381040037
51.515329611127434
51.39552666794113
51.39552666794113
51.092992918374954
49.55004919939172
48.86239035087719
48.86239035087719
55.24640975307367
55.09793485203322
55.09793485203322
56.5897244973939
56.5897244973939
56.5897244973939
52.292790800530746
52.292790800530746
52.292790800530746
56.650228405315616
57.2742474916388
57.2742474916388
57.98556636335112
55.6787395523105
57.98556636335112
57.98556636335112
57.98556636335112
57.98556636335112
57.98556636335112
57.98556636335112
57.98556636335112
57.98556636335112
57.98556636335112
57.98556636335112
57.754686226568865
57.754686226568865
57.754686226568865
57.754686226568865
57.754686226568865
57.754686226568865
57.754686226568865
57.754686226568865
57.754686226568865
57.399709000207864
57.399709000207864
57.399709000207864
57.399709000207864
57.399709000207864
57.399709000207864
57.399709000207864
57.399709000207864
57.399709000207864
57.399709000207864
57.399709000207864
57.399709000207864
58.77756477090551
58.77756477090551
58.77756477090551
58.77756477090551
61.72889794071058
61.72889794071058
61.69876333427736
61.69876333427736
61.69876333427736
61.69876333427736
61.69876333427736
61.69876333427736
61.69876333427736
61.69876333427736
61.69876333427736
61.69876333427736
61.69876333427736
61.69876333427736
61.69876333427736
61.69876333427736
61.69876333427736
61.69876333427736
61.69876333427736
61.69876333427736
61.69876333427736
61.69876333427736
61.69876333427736
61.69876333427736
61.69876333427736
61.69876333427736
61.69876333427736
61.69876333427736
61.69876333427736
61.69876333427736
61.69876333427736
61.69876333427736
61.69876333427736
61.69876333427736
61.69876333427736
61.69876333427736
61.69876333427736
61.69876333427736
61.69876333427736
61.69876333427736
61.69876333427736
61.69876333427736
61.69876333427736
61.69876333427736
61.69876333427736
61.69876333427736
61.69876333427736
61.69876333427736
61.69876333427736
61.69876333427736
61.69876333427736
61.69876333427736
61.69876333427736
61.69876333427736
61.69876333427736
61.69876333427736
61.69876333427736
61.69876333427736
61.69876333427736
66.33589100388569
66.33589100388569
66.33589100388569
66.33589100388569
66.33589100388569
66.33589100388569
66.33589100388569
66.33589100388569
66.33589100388569
66.61871034380994
66.61871034380994
66.61871034380994
66.61871034380994
66.68634105553096
66.68634105553096
66.68634105553096
66.7055430147981
66.7055430147981
66.7055430147981
66.7055430147981
66.7055430147981
66.7055430147981
66.7055430147981
66.7055430147981
66.7055430147981
66.7055430147981
68.8563711221252
68.8563711221252
68.8563711221252
68.8563711221252
68.8563711221252
68.4853014449427
68.4853014449427
68.4853014449427
68.4853014449427
68.4853014449427
68.4853014449427
68.33078820627276
68.33078820627276
68.33078820627276
68.8563711221252
68.8563711221252
68.8563711221252
68.8563711221252
68.8563711221252
68.8563711221252
68.8563711221252
68.8563711221252
68.8563711221252
68.8563711221252
68.8563711221252
68.8563711221252
68.8563711221252
68.8563711221252
68.8563711221252
68.8563711221252
68.8563711221252
68.8563711221252
68.8563711221252
68.8563711221252
68.8563711221252
68.8563711221252
68.8563711221252
68.8563711221252
68.8563711221252
68.8563711221252
68.8563711221252
68.8563711221252
68.8563711221252
68.8563711221252
68.8563711221252
68.8563711221252
68.8563711221252
68.9455327406708
68.9455327406708
68.9455327406708
68.9455327406708
68.9455327406708
68.9455327406708
68.9455327406708
68.9455327406708
68.98874908461487
68.9978059865225
68.9978059865225
68.9978059865225
68.9978059865225
68.9978059865225
68.9978059865225
70.02596365088876
70.02596365088876
71.27654685704907
71.27654685704907
71.32427195065367
71.32427195065367
71.32427195065367
71.32427195065367
71.32427195065367
71.32427195065367
71.32427195065367
71.32427195065367
71.32427195065367
71.32427195065367
71.32427195065367
71.32427195065367
71.32427195065367
72.57126964260881
72.57126964260881
72.57126964260881
72.57126964260881
72.57126964260881
72.57126964260881
72.57126964260881
72.57126964260881
72.57126964260881
72.57126964260881
72.57126964260881
72.57126964260881
72.57126964260881
72.57126964260881
72.57126964260881
72.57126964260881
72.57126964260881
72.57126964260881
72.57126964260881
72.57126964260881
72.57126964260881
72.57126964260881
72.57126964260881
72.57126964260881
72.57126964260881
72.57126964260881
72.57126964260881
72.57126964260881
72.57126964260881
72.57126964260881
72.57126964260881
72.57126964260881
72.57126964260881
72.57126964260881
72.57126964260881
72.57126964260881
72.57126964260881
72.57126964260881
72.57126964260881
72.57126964260881
72.57126964260881
72.57126964260881
72.57126964260881
72.57126964260881
72.57126964260881
72.57126964260881
72.57126964260881
72.57126964260881
72.57126964260881
72.57126964260881
72.57126964260881
72.57126964260881
72.57126964260881
72.57126964260881
72.57126964260881
72.57126964260881
72.57126964260881
72.57126964260881
72.57126964260881
72.57126964260881
72.57126964260881
73.06494228897232
73.06494228897232
73.06494228897232
73.06494228897232
73.36670838548186
71.28770720498932
71.28770720498932
71.28770720498932
71.28770720498932
71.28770720498932
71.28770720498932
71.28770720498932
71.28770720498932
71.28770720498932
71.28770720498932
71.28770720498932
71.28770720498932
71.28770720498932
71.28770720498932
73.36670838548186
73.36670838548186
73.36670838548186
73.36670838548186
73.36670838548186
73.36670838548186
73.36670838548186
73.36670838548186
73.36670838548186
73.36670838548186
73.36670838548186
73.36670838548186
73.36670838548186
73.36670838548186
73.36670838548186
73.36670838548186
73.24294256709776
73.24294256709776
73.24294256709776
73.24294256709776
73.24294256709776
73.24294256709776
73.24294256709776
73.24294256709776
73.24294256709776
73.24294256709776
73.24294256709776
73.24294256709776
73.24294256709776
73.24294256709776
73.24294256709776
73.24294256709776
73.24294256709776
73.24294256709776
70.21568708211485
70.21568708211485
70.21568708211485
70.21568708211485
70.21568708211485
70.21568708211485
70.21568708211485
70.21568708211485
70.21568708211485
70.21568708211485
70.21568708211485
70.21568708211485
70.21568708211485
70.21568708211485
70.21568708211485
70.21568708211485
70.21568708211485
70.21568708211485
70.21568708211485
70.21568708211485
70.21568708211485
70.21568708211485
73.24294256709776
73.24294256709776
73.24294256709776
73.24294256709776
73.24294256709776
73.24294256709776
73.24294256709776
73.24294256709776
73.24294256709776
73.24294256709776
73.24294256709776
73.24294256709776
73.24294256709776
73.71297455152273
73.71297455152273
73.98414685022946
73.98414685022946
73.98414685022946
73.98414685022946
74.29008482825753
74.29008482825753
74.29008482825753
74.29008482825753
74.29008482825753
74.29008482825753
74.29008482825753
74.29008482825753
74.29008482825753
74.29008482825753
74.29008482825753
74.29008482825753
74.29008482825753
74.29008482825753
74.29008482825753
74.29008482825753
74.29008482825753
74.29008482825753
74.29008482825753
74.29008482825753
74.29008482825753
74.29008482825753
74.29008482825753
74.29008482825753
74.29008482825753
74.29008482825753
74.29008482825753
74.29008482825753
74.43610068140731
74.43610068140731
74.53622583785287
74.53622583785287
74.53622583785287
74.53622583785287
74.53622583785287
74.53622583785287
74.53622583785287
74.53622583785287
74.53622583785287
74.53622583785287
74.53622583785287
74.53622583785287
74.53622583785287
74.53622583785287
74.53622583785287
74.53622583785287
74.53622583785287
74.53622583785287
74.53622583785287
74.53622583785287
74.53622583785287
74.53622583785287
74.53622583785287
74.53622583785287
74.53622583785287
74.53622583785287
74.53622583785287
74.53622583785287
74.53622583785287
74.53622583785287
74.53622583785287
74.53622583785287
74.53622583785287
74.53622583785287
74.53622583785287
74.53622583785287
74.53622583785287
74.53622583785287
74.53622583785287
74.53622583785287
74.53622583785287
74.5848977889028
74.5848977889028
74.5848977889028
74.5848977889028
74.5848977889028
74.5848977889028
74.5848977889028
74.5848977889028
74.5848977889028
74.5848977889028
74.5848977889028
74.5848977889028
74.5848977889028
74.5848977889028
74.72256987901544
74.72256987901544
74.72256987901544
74.630788485607
74.630788485607
74.72256987901544
74.72256987901544
74.72256987901544
74.72256987901544
74.72256987901544
74.72256987901544
74.72256987901544
74.72256987901544
74.72256987901544
74.72256987901544
74.72256987901544
74.72256987901544
74.72256987901544
74.72256987901544
74.72256987901544
74.72256987901544
74.72256987901544
74.72256987901544
74.72256987901544
74.72256987901544
74.72256987901544
74.72256987901544
74.72256987901544
74.72256987901544
74.72256987901544
74.72256987901544
74.72256987901544
74.72256987901544
74.72256987901544
74.72256987901544
74.72256987901544
