146266.0
126242.0
97972.0
97972.0
93860.0
93860.0
93860.0
88446.0
88446.0
85990.0
80222.0
80222.0
72954.0
71204.0
71204.0
51920.0
51920.0
51920.0
51920.0
51920.0
51920.0
51920.0
51920.0
51920.0
51920.0
48050.0
48050.0
48050.0
48050.0
48050.0
48050.0
46976.0
46976.0
46976.0
43088.0
43088.0
43088.0
43088.0
43088.0
43088.0
43088.0
43088.0
43088.0
43088.0
43088.0
43088.0
43088.0
43088.0
43088.0
43088.0
43088.0
43088.0
43088.0
43088.0
43088.0
41622.0
41622.0
41622.0
39978.0
39978.0
39386.0
39386.0
33918.0
33918.0
33918.0
33918.0
33918.0
33918.0
33918.0
33918.0
33918.0
31914.0
31914.0
31914.0
31914.0
31914.0
31914.0
31914.0
31914.0
31914.0
31914.0
31914.0
31914.0
31914.0
31914.0
31914.0
31914.0
31914.0
31914.0
31914.0
31914.0
31914.0
31914.0
31914.0
31914.0
31914.0
31914.0
31658.0
31658.0
31658.0
31658.0
31658.0
31658.0
31658.0
31658.0
31658.0
31658.0
31658.0
31658.0
31318.0
31318.0
31318.0
31318.0
31318.0
31318.0
31318.0
31318.0
31318.0
31318.0
31318.0
31318.0
31318.0
31318.0
31318.0
31318.0
31318.0
31318.0
31318.0
31318.0
31318.0
31318.0
30576.0
30576.0
30576.0
30576.0
30576.0
30576.0
30576.0
30576.0
30576.0
30576.0
30576.0
30576.0
30576.0
30576.0
30576.0
30576.0
30576.0
30576.0
30576.0
30576.0
30576.0
30576.0
30576.0
30576.0
30576.0
30576.0
30576.0
30576.0
30576.0
30576.0
30576.0
30576.0
30576.0
30576.0
30576.0
30576.0
30576.0
26946.0
26946.0
26946.0
26946.0
26946.0
26946.0
26946.0
26946.0
26946.0
26946.0
26946.0
26946.0
26946.0
26946.0
26946.0
26946.0
26946.0
26946.0
26946.0
26946.0
26946.0
26946.0
26946.0
26946.0
26946.0
26946.0
26946.0
26946.0
26946.0
26946.0
26946.0
26946.0
26946.0
26946.0
26946.0
26858.0
26858.0
26858.0
26858.0
26858.0
26858.0
26858.0
26858.0
26138.0
26138.0
26138.0
26138.0
26138.0
26138.0
26138.0
26138.0
26138.0
26138.0
26138.0
26138.0
26138.0
26138.0
26138.0
26138.0
26138.0
26138.0
26138.0
26138.0
26138.0
26138.0
26138.0
26138.0
26138.0
26138.0
26138.0
26138.0
26138.0
26138.0
26138.0
26138.0
26138.0
26138.0
26138.0
26138.0
26138.0
26138.0
26138.0
26138.0
26138.0
26138.0
26138.0
26138.0
26138.0
26138.0
26138.0
26138.0
26138.0
25778.0
25778.0
25778.0
25778.0
25778.0
25778.0
25778.0
25778.0
25778.0
25778.0
25778.0
25778.0
25778.0
25778.0
25778.0
25778.0
25778.0
25778.0
25778.0
25778.0
25778.0
25058.0
25058.0
25058.0
25058.0
25058.0
25058.0
25058.0
25058.0
25058.0
25058.0
25058.0
25058.0
25058.0
25058.0
25058.0
25058.0
25058.0
25058.0
25058.0
24758.0
24758.0
24758.0
24758.0
24758.0
24758.0
24758.0
24758.0
24758.0
24758.0
24758.0
24758.0
24758.0
24758.0
24758.0
24758.0
24758.0
24758.0
24758.0
24758.0
24518.0
24518.0
24518.0
24518.0
24518.0
24518.0
24518.0
24518.0
24518.0
24518.0
24518.0
24518.0
24518.0
24518.0
24518.0
24518.0
24518.0
24518.0
24518.0
24518.0
24518.0
24518.0
24518.0
24518.0
24518.0
24518.0
24518.0
24518.0
24518.0
24518.0
24518.0
24518.0
24518.0
24518.0
24518.0
24518.0
24518.0
24518.0
24518.0
24518.0
24518.0
24518.0
24518.0
24518.0
24518.0
24518.0
24518.0
24518.0
24518.0
24518.0
24518.0
24518.0
24518.0
24518.0
24518.0
24518.0
24518.0
24518.0
24518.0
24518.0
24518.0
24518.0
24518.0
24518.0
24518.0
24518.0
24518.0
24518.0
24518.0
24518.0
24518.0
24518.0
24518.0
24518.0
24518.0
24518.0
24518.0
24518.0
24518.0
24518.0
24518.0
24518.0
24518.0
24518.0
24518.0
24518.0
24518.0
24518.0
24518.0
24518.0
24518.0
24518.0
24518.0
24518.0
24518.0
24518.0
24518.0
24518.0
24518.0
24518.0
24518.0
24518.0
24518.0
24518.0
24518.0
24518.0
24518.0
24518.0
24518.0
24518.0
24518.0
24518.0
24518.0
24518.0
24518.0
24518.0
24518.0
24518.0
24518.0
24518.0
24518.0
24518.0
24518.0
24518.0
24518.0
24518.0
24518.0
24518.0
24518.0
24518.0
24518.0
24518.0
24518.0
24518.0
24518.0
24518.0
24518.0
24518.0
24518.0
24518.0
24518.0
24518.0
24518.0
24518.0
24518.0
24518.0
24518.0
24518.0
24518.0
24518.0
24518.0
24518.0
24518.0
24518.0
24518.0
24518.0
24518.0
24518.0
24518.0
24518.0
24518.0
24518.0
24518.0
24518.0
24518.0
24518.0
24518.0
24518.0
24518.0
24518.0
24518.0
24518.0
24518.0
24518.0
24518.0
24518.0
24518.0
24518.0
24518.0
24518.0
