451706.0
444564.0
408472.0
337946.0
337174.0
296524.0
274326.0
274326.0
321494.0
245508.0
246544.0
245886.0
283494.0
252692.0
292606.0
213950.0
213484.0
250080.0
212070.0
249824.0
235926.0
238676.0
263552.0
235548.0
254542.0
242080.0
219432.0
286436.0
241114.0
268210.0
283338.0
250876.0
259302.0
216038.0
278800.0
291012.0
221072.0
242820.0
223964.0
264964.0
195172.0
244068.0
241430.0
270384.0
225268.0
286502.0
244662.0
258206.0
260716.0
220502.0
250260.0
235570.0
214360.0
270268.0
242778.0
245598.0
232012.0
213624.0
272780.0
251500.0
207026.0
245808.0
269612.0
269232.0
272966.0
250290.0
247008.0
273086.0
251310.0
220296.0
232566.0
225814.0
244906.0
246674.0
306430.0
277228.0
197472.0
269120.0
262628.0
242514.0
308536.0
210418.0
235568.0
251922.0
252006.0
276398.0
199380.0
265718.0
248608.0
261554.0
244904.0
291556.0
260464.0
278772.0
265480.0
251344.0
266790.0
215678.0
236700.0
225028.0
245640.0
252940.0
188096.0
222620.0
260928.0
247584.0
189814.0
229776.0
259940.0
246988.0
229900.0
239790.0
277814.0
229490.0
226424.0
225368.0
286822.0
242938.0
253672.0
199986.0
266714.0
233692.0
240730.0
250074.0
246312.0
223286.0
226302.0
261042.0
222898.0
252308.0
243518.0
320570.0
227522.0
260524.0
284956.0
248550.0
226510.0
237876.0
233486.0
220778.0
256816.0
260384.0
255490.0
272242.0
231492.0
283358.0
211574.0
248326.0
239748.0
284778.0
270850.0
218172.0
266074.0
250328.0
234714.0
246490.0
206606.0
260424.0
250630.0
213842.0
228812.0
251334.0
268956.0
232224.0
276034.0
213158.0
243178.0
248768.0
232370.0
306620.0
243888.0
222146.0
245602.0
223508.0
226826.0
231008.0
260948.0
239658.0
245014.0
246240.0
219204.0
233938.0
242750.0
269468.0
231636.0
272886.0
220390.0
293058.0
278826.0
241254.0
237956.0
250482.0
288728.0
230714.0
243804.0
254332.0
240580.0
259666.0
242006.0
261070.0
263008.0
313714.0
240690.0
233720.0
246818.0
272566.0
236262.0
243738.0
246106.0
225748.0
249550.0
236652.0
261138.0
309332.0
240992.0
250998.0
232010.0
242000.0
239454.0
270068.0
204710.0
226198.0
253272.0
247654.0
231250.0
230446.0
269782.0
281388.0
262560.0
270958.0
249084.0
200950.0
208260.0
233236.0
262678.0
268890.0
260092.0
285646.0
301326.0
237818.0
248668.0
248638.0
223736.0
302402.0
215068.0
233036.0
274708.0
251326.0
267742.0
249826.0
268114.0
307116.0
243158.0
240786.0
228732.0
229278.0
201488.0
270566.0
198850.0
269828.0
238588.0
256558.0
262446.0
285316.0
264346.0
242044.0
282376.0
233324.0
246178.0
251214.0
288376.0
223512.0
246666.0
243776.0
270666.0
226822.0
230314.0
214758.0
274172.0
234938.0
272340.0
293014.0
233482.0
258154.0
222668.0
296452.0
237814.0
252226.0
259336.0
272132.0
249162.0
244714.0
237178.0
211866.0
219734.0
253324.0
223008.0
282992.0
238538.0
271358.0
240468.0
264140.0
254640.0
246560.0
273250.0
220658.0
259190.0
247482.0
255910.0
252214.0
219144.0
231494.0
212220.0
282268.0
221620.0
235376.0
267648.0
256144.0
275300.0
246866.0
267880.0
235620.0
243774.0
218030.0
228616.0
242800.0
295078.0
272774.0
276112.0
292144.0
250802.0
251646.0
250726.0
273058.0
254234.0
244018.0
239654.0
241864.0
204412.0
280080.0
209096.0
240542.0
259896.0
230564.0
284998.0
249618.0
267912.0
259062.0
263456.0
216542.0
190490.0
260880.0
257584.0
292044.0
274598.0
259132.0
213496.0
241858.0
265986.0
211452.0
204420.0
247966.0
255032.0
225346.0
267824.0
208522.0
239590.0
299222.0
229826.0
267880.0
248476.0
243318.0
245432.0
284502.0
284732.0
216058.0
288692.0
253178.0
252942.0
268548.0
241654.0
222636.0
232824.0
260124.0
255948.0
295566.0
262004.0
229542.0
249304.0
250402.0
246538.0
241824.0
257118.0
259132.0
307652.0
284974.0
227282.0
263986.0
324816.0
255996.0
273888.0
253952.0
277216.0
238106.0
273528.0
256448.0
259806.0
248180.0
264250.0
285392.0
285874.0
264976.0
240258.0
278946.0
245886.0
267458.0
234094.0
241344.0
261362.0
236158.0
207374.0
264954.0
289612.0
239900.0
265612.0
289328.0
241212.0
215398.0
249134.0
264536.0
250080.0
260872.0
271168.0
229458.0
257778.0
242850.0
228478.0
228612.0
294356.0
283152.0
255832.0
248950.0
277314.0
262116.0
240188.0
211970.0
231724.0
241570.0
242046.0
269588.0
232878.0
251192.0
276064.0
256240.0
259560.0
219504.0
217796.0
246392.0
285730.0
254832.0
269324.0
247518.0
230832.0
257958.0
232310.0
232012.0
276160.0
231962.0
269494.0
233014.0
254666.0
217020.0
263454.0
330686.0
254574.0
286006.0
229548.0
263922.0
250850.0
292916.0
269624.0
247286.0
262952.0
262652.0
241076.0
246248.0
218574.0
289602.0
249394.0
272448.0
253240.0
240970.0
223354.0
268146.0
255868.0
256666.0
303660.0
217302.0
218418.0
262452.0
