54.25983595248177
57.20900512041391
60.28813317923696
60.658717648977344
60.26709824871071
60.352835119980966
61.59116525121173
59.50136748381302
62.915881379388715
61.148995622189354
62.850540644933126
62.349225950647856
63.79455207371254
63.630221474727584
64.14732392148895
63.782470330755004
64.34109499833713
64.2336818317111
63.43848861805512
65.05498224114659
65.05322591298393
66.60733714691229
67.26983187812137
66.37298890420598
68.16861469982456
66.93002830813607
66.71882279613021
68.29352052584464
66.86848875924281
68.20715989658368
67.36785255550264
68.46889516723157
67.58486160091029
68.18175045330028
67.98134484478939
67.76271368062406
66.86539426794027
68.06680274149285
67.69287973483726
68.34929326668555
67.69654600791806
68.16236246660229
68.37779827592779
68.44567226590351
68.2283491156248
68.808047833238
68.33581720702894
69.81477388740777
69.137285815294
68.9327858739261
69.54497474428707
69.5019787955538
69.12432519051737
69.43899341012728
70.35880370786205
70.56944116863517
69.47906458154584
70.32614277837718
69.725292899107
69.84961150119541
69.4466019955323
70.30040569021328
70.4024854626172
70.57559298083024
70.67182607160683
70.26406695077034
70.50382647804089
71.40116874032186
69.96730710717522
71.8485591630672
70.59580831094792
71.3457057358674
70.32534167759528
70.75756127757722
70.91344220113636
70.45635899489089
70.8777966680981
71.24014714266445
70.40069914805655
70.85785279441338
71.02711418855709
70.3461481852199
71.04810965703753
71.24451569672071
71.20671862193491
70.80275673901012
70.46421824777293
70.93497548841896
70.13079002947566
69.58403293202575
71.06141984361025
70.82319792385722
70.66061083323461
70.92195086446837
70.69382837977584
70.8532181423981
70.81062226614114
69.71717306018698
72.25432927872406
71.40930324799893
71.05865485011321
71.28652276778627
71.29499824998187
71.26215453642601
71.33888821018972
71.15697213780521
71.24118069081833
70.97406933115508
70.75886255943391
71.06107596487826
71.40100593401456
71.96704297245617
71.04122320155491
71.27854219819098
71.71248959393934
71.68848803751105
70.73956755594698
70.87466203402163
71.14986349885801
71.41416762040913
71.66730089393953
70.79501306606993
70.86290898664453
71.29521791698875
72.07357934819008
71.84897918477967
71.41954548509308
71.66117950627468
71.23749579060674
72.21463453582557
71.26014942003042
72.25801166694636
71.65706280405726
72.57919477233716
72.21993771401151
71.84343957682245
72.05659080151433
71.28707656192265
72.87258846923972
71.5434277389215
72.38468914960224
72.23481191349427
72.16029453265605
72.43109326371254
71.84249773297319
72.00387641154548
72.05563415718787
72.13096693981572
72.44478252127904
71.709451220543
71.67496591995858
72.22042391247864
71.53655440767614
71.97681995846392
72.35102723751577
72.42948388587567
72.15109126784073
72.16116053185785
70.96076769830768
71.7426952303985
71.90773630631016
72.42025767861378
72.16408134588634
71.75503924062676
71.7302525949167
72.07868118117895
71.60531383361845
72.1973868756029
71.7386584987269
72.17892531263828
73.09681967711529
71.27120432300887
72.2535611070811
72.0202596357516
71.48383958082808
72.22719397872022
71.87880915856306
72.32306793077653
72.22809190292728
72.0400510762409
72.64458653216292
72.23056734330399
72.35228987222088
71.31469843584135
71.88083101302745
71.07112256504264
72.49108703403977
71.60057598537327
72.13889771389299
72.3613837527927
71.44626079868776
72.24230583788157
71.75847072526652
71.86249397319966
72.25512635472408
71.85295746910899
71.5813514651259
71.61899616809885
72.3810679387065
72.44969165276356
71.88602174812871
71.63183170663112
71.61441194586453
71.75498996309399
72.15924329049196
72.00031984169162
72.95907462295314
71.4391917719493
72.37382067553472
71.4948868121507
72.33645009207343
72.30269810036859
72.65161705753084
72.00082047000608
72.43048790009047
72.6268785114233
72.32881837934445
72.21484879211908
71.73754664851234
72.57118254367214
72.34444899686584
72.84196073501275
72.60476917186841
72.17362199645879
72.71008273428232
72.21106137100024
71.52928532769295
72.03369794528649
72.56684289416806
72.94702044112326
72.56793299605016
73.11069052853354
72.70351556259519
72.41807959928725
72.64317032438423
72.25958706390443
73.03612360232144
72.38965195793241
72.55768742395043
72.59158018318607
72.04934229148814
73.16663558878341
73.18839301479414
73.6013110720227
72.7263262303649
72.80692427622343
72.24892008226509
73.33118953686296
72.43873588289323
72.90552404656404
73.09971787147398
73.47324750068877
73.25492347190182
73.38246791038662
73.99549693410631
73.13694508997253
73.09863603149893
72.86161045649253
72.86171860121027
74.34821150354168
72.77762352285868
74.06737417853628
73.84199691762443
73.03226218586649
73.2905478059091
73.56453132220248
73.44602328934265
73.30167496206703
73.2883999777147
74.00063161712546
74.0115823060611
73.41510985671849
73.85214349006158
73.41383169789265
74.04805380313057
73.27566758469546
74.16212311246316
73.56235446611812
73.36923379686353
73.31629583968318
74.05246586896143
74.71272449523879
73.68005636728523
73.66812166236875
73.55194909888415
73.9175844050006
72.92343224488263
74.1557014415463
74.14244947181973
73.47385875551393
73.82307313121585
73.25392499221205
73.4681461600654
73.2275814839302
73.82770989840927
72.81931415729568
73.438791075711
73.13404869871816
74.02956968593432
72.9503207912596
73.32120114541085
73.92110107252142
73.09001969452069
73.3725516667608
73.14847695205808
73.57763963616632
73.74657329943368
73.82466224466869
74.21840882298396
73.57853588117213
74.16519362109848
74.37427762564145
74.1789362670579
73.46987859161943
73.21835619014094
73.5556646233278
73.62026829634313
73.89762221461548
73.49454156537514
73.02880467874793
73.58811638420734
74.0405735706026
73.51312538118745
74.30073123308739
73.46436620182813
73.74687566516721
73.39548768841061
73.28775540844639
73.86737038730332
74.1756271227243
73.27726320806414
74.04131896267583
73.42045263538611
73.6159831135474
73.58896038709491
73.78990213928378
73.6909860033108
73.65462934413311
73.86296968563866
73.28618925256052
73.22429227874964
73.13899527488114
73.75917261194392
73.7958348506102
72.9729288551377
73.98141697354953
74.00245170967942
73.80712192911251
73.25891058935204
74.04944050957897
72.90574923378846
73.42410918398512
73.196094461609
74.13036314873058
73.61499117661374
73.5321990849236
74.43247339303697
74.2987365004542
74.39880676213868
74.69583426062984
74.11056275437983
74.18239738380468
74.16579063208647
74.22124695581238
73.81162770234475
74.30203531044344
74.07013341120484
73.8842254502036
74.27851438482006
73.56215304669196
74.46410892501187
74.05358345226671
73.86875644755189
73.57933551938659
73.41983225991024
74.44942638190024
74.38703528091098
74.44388650658847
73.73889742289916
74.32070510771243
74.57427574869288
74.21541590848572
74.80111985971521
73.9629340868543
73.91698823301333
74.84892968134243
74.58644645208604
74.14265659231756
74.00087952017341
74.57576472191957
73.99222072391592
74.63690983877612
74.22205999671073
73.86622456408597
73.69117465972819
74.23968502268987
73.76260636347244
74.38558222484384
73.97504723403155
74.92173715153105
73.79763200162756
74.24933434936771
74.86495939446287
74.56918813349724
74.32362217949634
73.65149085141995
74.67185329651646
74.37177376643106
74.61180271928822
73.89055902421521
74.4205312466254
74.02649418460645
74.31777545518668
73.74595828031556
75.03635896562183
74.17634720088743
74.81353772160863
74.00508224660348
75.03273923146607
74.74598823137313
74.47871620433685
74.58981685389146
74.26973964700241
74.80195629611595
74.17868625571255
75.19061673078262
74.62041114751688
74.33392338133555
74.49349364908456
74.62564141771138
74.31592731549327
75.168906337285
75.02522328764755
74.06079111547466
73.8417575552022
75.10763145159206
74.49385933936586
73.78257408318349
74.52318220122868
74.31638559261391
74.20864547626473
73.74145464618694
74.31594759208258
74.00564688430184
74.70642426688833
74.2739052905891
75.5495013132224
74.19113962112232
74.14460513519813
74.41215222997654
74.4709006958963
75.17301141506995
73.51259633313728
74.55203082161647
74.66268849568267
74.92432606068444
74.64609090431523
73.96216160921523
74.56093859671051
74.47995189998173
74.30488338516969
74.27301014753107
74.21174112366552
73.7565894815128
74.9036518321369
74.54097331736173
73.96945478870892
74.06991148263545
74.76465698715003
73.43836072414884
74.70487322607889
74.09438078104897
74.37059331762278
73.19266700346488
74.36074092398346
73.84569842042897
74.1372760787963
74.42534432871146
73.37497866924376
74.34843839586684
74.15676199221745
74.43826601018021
73.80452481594303
74.60237627791759
73.80950676325352
74.39476874788002
74.44320989564068
74.53906340541967
74.78819771624381
74.20744573102651
73.92127249097577
74.22962798413849
74.96982325837234
74.20131781044594
74.65902506532817
74.48243218605302
74.52390979957138
74.2176236509058
74.41900896005646
73.82035333070745
