39.159146246118794
40.57043209245992
40.57043209245992
38.89118708683132
39.79646348629734
39.79646348629734
39.79646348629734
40.86661676986233
40.86661676986233
40.86661676986233
40.86661676986233
40.86661676986233
46.25215115301802
42.84045660433329
42.84045660433329
43.86727112454351
43.86727112454351
42.180928136650344
42.180928136650344
42.180928136650344
42.180928136650344
42.180928136650344
42.180928136650344
42.180928136650344
42.180928136650344
42.180928136650344
42.180928136650344
42.180928136650344
42.180928136650344
42.180928136650344
42.180928136650344
42.180928136650344
42.180928136650344
42.7778849083739
43.11554823847368
43.11554823847368
43.11554823847368
43.11554823847368
43.11554823847368
43.11554823847368
43.11554823847368
43.11554823847368
43.11554823847368
43.27646481735153
43.27646481735153
43.27646481735153
44.546496284464205
44.546496284464205
44.546496284464205
44.546496284464205
44.546496284464205
44.546496284464205
44.546496284464205
44.546496284464205
44.546496284464205
44.546496284464205
44.546496284464205
44.546496284464205
44.546496284464205
44.546496284464205
46.334715346136264
46.334715346136264
46.334715346136264
46.334715346136264
46.334715346136264
47.808584800294234
47.808584800294234
47.808584800294234
47.808584800294234
47.808584800294234
46.85179312898144
46.85179312898144
46.85179312898144
48.79843119018229
46.840650778149495
46.840650778149495
46.840650778149495
46.840650778149495
46.840650778149495
46.840650778149495
48.79843119018229
48.79843119018229
48.79843119018229
48.79843119018229
48.79843119018229
48.79843119018229
53.28770199502366
53.28770199502366
53.28770199502366
53.28770199502366
53.28770199502366
54.222258453121746
54.59171096217548
50.672208837467906
54.746910058946575
54.746910058946575
55.55846500233087
55.55846500233087
55.60081466395112
55.73189462428308
55.73189462428308
55.05988462326861
55.73189462428308
55.73189462428308
55.73189462428308
55.812025549925266
55.2576007405479
47.16396483587388
56.58614106999234
56.58614106999234
56.58614106999234
56.24992714344
56.58614106999234
56.59815692316637
53.13893495485536
53.13893495485536
56.59815692316637
56.88052947275599
56.88052947275599
56.19747089212738
56.19747089212738
56.88052947275599
57.09471513276618
57.09471513276618
57.09471513276618
57.09471513276618
57.09471513276618
57.09471513276618
57.09471513276618
56.109883233925736
56.109883233925736
56.109883233925736
56.109883233925736
57.09471513276618
57.09471513276618
57.09471513276618
57.09471513276618
57.09471513276618
57.19684784477963
52.88875957715062
52.88875957715062
52.675487052356445
52.675487052356445
56.72169764633688
56.72169764633688
56.72169764633688
57.46512173000296
56.669868139344096
57.88821008479985
57.88821008479985
57.88821008479985
52.56777780846382
52.56777780846382
57.88821008479985
57.88821008479985
52.38527917417136
52.38527917417136
52.38527917417136
52.38527917417136
52.38527917417136
52.38527917417136
52.38527917417136
52.38527917417136
56.01763409257899
57.88821008479985
57.88821008479985
57.88821008479985
57.31323445004985
57.31323445004985
57.31323445004985
57.31323445004985
57.88821008479985
57.88821008479985
57.91135506963816
58.29926410466068
58.39244071595143
58.39244071595143
58.39244071595143
59.13244907025449
49.85316507961086
59.13244907025449
59.13244907025449
55.440295345881495
55.190359835432204
59.13244907025449
59.270021032195444
59.270021032195444
59.270021032195444
59.270021032195444
59.270021032195444
59.270021032195444
59.270021032195444
59.270021032195444
59.270021032195444
59.270021032195444
59.270021032195444
59.270021032195444
60.17611459421804
60.17611459421804
60.17611459421804
60.17611459421804
60.17611459421804
60.17611459421804
60.17611459421804
60.17611459421804
60.64448490867959
60.64448490867959
60.64448490867959
60.64448490867959
60.64448490867959
60.64448490867959
53.93992417614466
60.800738048395516
57.12070874861573
57.12070874861573
52.371026969877185
52.371026969877185
52.371026969877185
52.371026969877185
52.371026969877185
52.371026969877185
50.24255466114077
50.24255466114077
50.24255466114077
50.24255466114077
50.24255466114077
50.24255466114077
59.28830976216961
55.13655482545405
55.13655482545405
57.718475627025825
59.28830976216961
59.28830976216961
59.28830976216961
59.59397555361891
59.59397555361891
59.59397555361891
59.59397555361891
59.59397555361891
59.59397555361891
55.1624506846136
59.59397555361891
53.66419151487024
58.08285998523796
58.08285998523796
59.59397555361891
59.59397555361891
59.59397555361891
60.212270031764625
55.49337821321953
56.03148987234395
56.03148987234395
56.03148987234395
56.03148987234395
56.03148987234395
56.03148987234395
56.03148987234395
56.03148987234395
56.03148987234395
56.03148987234395
56.03148987234395
56.03148987234395
56.03148987234395
58.44527794412749
58.44527794412749
60.800738048395516
53.301908752327755
53.301908752327755
59.74541685560666
59.74541685560666
59.74541685560666
59.74541685560666
59.74541685560666
60.0697522816167
60.0697522816167
60.0697522816167
60.800738048395516
60.800738048395516
60.800738048395516
60.800738048395516
60.800738048395516
60.800738048395516
60.800738048395516
60.800738048395516
60.800738048395516
60.85792019987085
60.85792019987085
60.85792019987085
57.353531551875555
57.353531551875555
57.353531551875555
60.85792019987085
60.85792019987085
60.85792019987085
60.85792019987085
60.85792019987085
60.96522356281051
50.076887797771604
50.076887797771604
54.77558728873986
54.77558728873986
57.01070086182103
57.01070086182103
57.01070086182103
57.01070086182103
60.96522356281051
60.96522356281051
60.96522356281051
55.904330372225196
60.96522356281051
60.96522356281051
60.96522356281051
61.15773168103449
55.857752545413334
61.15773168103449
61.15773168103449
61.15773168103449
55.27791922520093
55.27791922520093
55.27791922520093
55.27791922520093
55.27791922520093
55.27791922520093
57.04879843060325
57.04879843060325
57.04879843060325
57.04879843060325
57.04879843060325
57.04879843060325
57.291463810451155
57.291463810451155
61.15773168103449
61.15773168103449
61.15773168103449
61.15773168103449
61.15773168103449
61.15773168103449
61.15773168103449
61.15773168103449
61.15773168103449
61.17221210616345
61.17221210616345
61.17221210616345
61.17221210616345
57.27656378173768
61.17221210616345
61.17221210616345
61.17221210616345
61.17221210616345
61.17221210616345
61.17221210616345
61.17221210616345
61.17221210616345
61.17221210616345
61.17221210616345
61.17221210616345
51.352521579838466
51.352521579838466
51.352521579838466
59.69561021137591
61.17221210616345
61.17221210616345
61.17221210616345
61.17221210616345
61.17221210616345
61.17221210616345
61.17221210616345
61.17221210616345
61.17221210616345
61.17221210616345
61.243282017326045
61.243282017326045
61.243282017326045
61.907890370960246
61.907890370960246
61.907890370960246
56.42058165548097
56.42058165548097
56.42058165548097
56.42058165548097
56.42058165548097
56.42058165548097
58.536017839252814
58.536017839252814
58.536017839252814
58.536017839252814
58.344747437014895
58.344747437014895
58.344747437014895
58.344747437014895
58.344747437014895
58.344747437014895
58.344747437014895
58.344747437014895
58.344747437014895
58.344747437014895
58.536017839252814
58.536017839252814
58.536017839252814
58.536017839252814
58.536017839252814
