766339.0333333333
683882.7333333333
615831.9333333333
556367.2833333333
531511.0333333333
531557.9166666666
483426.0
498620.65
460983.7
447732.38333333336
476316.05
438627.35
425065.5333333333
409001.8333333333
392037.45
422565.15
412602.98333333334
416640.81666666665
396463.98333333334
388272.55
370587.4666666667
381288.38333333336
336621.7833333333
347318.2
331795.51666666666
313186.63333333336
323935.31666666665
318261.86666666664
313187.68333333335
297833.35
286125.0
304507.43333333335
280532.81666666665
284818.2833333333
272108.1
267867.0
248726.21666666667
255435.38333333333
258154.75
260807.48333333334
257006.35
253161.36666666667
269201.45
282455.15
284457.8
247873.3
252933.46666666667
268081.75
252888.78333333333
242599.9
261345.06666666668
252645.01666666666
265851.7833333333
274377.55
272694.18333333335
285494.9
279835.63333333336
267794.61666666664
292556.63333333336
272851.68333333335
284990.6
270746.23333333334
272917.85
285046.56666666665
222105.38333333333
221960.3
221229.81666666668
231672.21666666667
242635.63333333333
226765.91666666666
214895.66666666666
210259.81666666668
229947.8
235731.93333333332
214915.38333333333
234040.13333333333
234439.23333333334
240731.41666666666
253954.76666666666
223535.06666666668
222457.25
233907.71666666667
248748.06666666668
252638.2
252638.2
244078.88333333333
249716.71666666667
269117.25
249379.85
248972.51666666666
230301.36666666667
249502.46666666667
257353.3
237251.86666666667
267245.01666666666
249862.51666666666
255365.55
251770.36666666667
251770.36666666667
258213.71666666667
264509.8333333333
247874.85
260264.28333333333
272388.38333333336
270946.3333333333
285981.38333333336
285665.7166666667
271849.75
291421.7833333333
290187.26666666666
290187.26666666666
279396.98333333334
288366.7166666667
299846.6666666667
287599.9166666667
277019.2833333333
287848.1
295287.63333333336
295287.63333333336
286576.4166666667
273403.81666666665
277674.98333333334
283435.15
283435.15
283435.15
288812.56666666665
298570.13333333336
298570.13333333336
299589.9
293690.15
292756.48333333334
278212.48333333334
278212.48333333334
282655.93333333335
272813.0
290574.13333333336
279425.4
279425.4
297762.36666666664
286050.76666666666
288606.1666666667
278743.8
276662.81666666665
276662.81666666665
276393.1666666667
271647.85
269238.43333333335
263560.7
310041.65
301256.1
290829.61666666664
285744.9666666667
285744.9666666667
305142.3333333333
305142.3333333333
288837.4666666667
287204.9166666667
284103.9666666667
283179.85
283179.85
283179.85
282127.2166666667
268873.3
278283.9666666667
297097.7833333333
294010.45
291134.6
285172.2833333333
279748.15
281273.2
261778.0
256758.91666666666
267080.5
276818.3333333333
260580.18333333332
266727.61666666664
272845.6
272838.26666666666
290401.38333333336
279827.0833333333
273809.2
285929.88333333336
279325.3333333333
267886.05
278295.0
290894.76666666666
290894.76666666666
290667.5
290191.85
290927.8333333333
294021.56666666665
294021.56666666665
294021.56666666665
293109.76666666666
292878.73333333334
299569.0333333333
299569.0333333333
304501.98333333334
304501.98333333334
300767.8333333333
297593.25
297593.25
297593.25
297359.1
297350.43333333335
288924.9
288924.9
288924.9
289163.7833333333
291618.98333333334
291618.98333333334
294193.48333333334
298843.0
295923.6
310798.63333333336
304563.1
304563.1
297744.5333333333
298165.5
298152.2833333333
296644.81666666665
285268.7166666667
292493.18333333335
282598.0833333333
274421.7833333333
274421.7833333333
282002.2166666667
283181.18333333335
272051.7166666667
272051.7166666667
272148.7833333333
281559.86666666664
281559.86666666664
273631.73333333334
279044.2
278157.3333333333
277888.0
276490.31666666665
276490.31666666665
276490.31666666665
265503.9
269888.5333333333
255307.86666666667
264601.43333333335
264601.43333333335
274179.2
256814.55
256814.55
256892.95
236930.45
236988.46666666667
229768.18333333332
229768.18333333332
229638.4
229638.4
232711.55
222754.0
222754.0
226617.83333333334
226617.83333333334
233353.45
233353.45
233353.45
243823.25
243823.25
244708.36666666667
241689.55
240906.2
239176.11666666667
233083.93333333332
227490.11666666667
225321.78333333333
225321.78333333333
225321.78333333333
225321.78333333333
225321.78333333333
226387.45
225563.7
225563.7
230169.8
227778.48333333334
227778.48333333334
227778.48333333334
227778.48333333334
227778.48333333334
248527.6
248452.85
248452.85
253012.61666666667
244177.81666666668
243950.38333333333
239113.85
239113.85
238413.1
237760.26666666666
237760.26666666666
240031.21666666667
233412.26666666666
233412.26666666666
233539.38333333333
232363.86666666667
236564.31666666668
236564.31666666668
235326.76666666666
235326.76666666666
240526.01666666666
240526.01666666666
240227.76666666666
235958.81666666668
232565.05
232315.31666666668
235934.86666666667
237731.18333333332
223425.36666666667
228301.98333333334
233425.55
223289.63333333333
222931.98333333334
228236.78333333333
220846.06666666668
220846.06666666668
213734.9
203086.36666666667
207501.13333333333
207432.66666666666
207225.95
207225.95
207225.95
206879.8
206898.21666666667
206898.21666666667
207859.8
207859.8
209986.2
209558.91666666666
209472.13333333333
220651.78333333333
220651.78333333333
220651.78333333333
230222.25
230985.0
230985.0
230985.0
230651.26666666666
229630.3
234056.95
243503.23333333334
243169.33333333334
244298.7
244140.43333333332
252978.38333333333
252978.38333333333
252978.38333333333
252978.38333333333
252978.38333333333
251812.83333333334
239154.5
239154.5
240800.06666666668
243387.81666666668
249447.81666666668
247373.4
247373.4
247326.93333333332
247299.55
248000.1
247669.4
257223.88333333333
252433.28333333333
252433.28333333333
254150.53333333333
251065.38333333333
251065.38333333333
255059.36666666667
250236.21666666667
246383.48333333334
236334.01666666666
236334.01666666666
236334.01666666666
236334.01666666666
234441.9
234441.9
234847.23333333334
233686.3
233359.56666666668
233359.56666666668
228532.16666666666
228532.16666666666
228532.16666666666
228532.16666666666
228532.16666666666
228532.16666666666
228532.16666666666
228532.16666666666
228457.75
226674.65
228360.0
228275.88333333333
228202.88333333333
232708.26666666666
232708.26666666666
