1121487.0
922570.0
848880.0
985358.0
985358.0
870408.0
735882.0
794697.0
794697.0
794697.0
794697.0
752612.0
752612.0
788341.0
723552.0
723552.0
723552.0
723552.0
723552.0
723552.0
723552.0
745809.0
723552.0
723552.0
722198.0
722198.0
722198.0
722198.0
722198.0
712511.0
712511.0
721586.0
721586.0
723473.0
721586.0
721586.0
721586.0
721586.0
721586.0
721586.0
721586.0
721586.0
721586.0
721586.0
721586.0
721586.0
721586.0
741451.0
858858.0
858858.0
858858.0
858858.0
858858.0
858858.0
858858.0
858858.0
858858.0
858858.0
858858.0
858858.0
858858.0
858858.0
858858.0
858858.0
741451.0
741451.0
741451.0
741451.0
741451.0
741451.0
741451.0
741451.0
805641.0
805641.0
741451.0
741451.0
741451.0
741451.0
741451.0
693140.0
693140.0
693140.0
693140.0
693140.0
693140.0
693140.0
693140.0
693140.0
693140.0
693140.0
693140.0
693140.0
693140.0
672014.0
672014.0
672014.0
672014.0
672014.0
672014.0
672014.0
789683.0
789683.0
789683.0
789683.0
789683.0
789683.0
789683.0
789683.0
789683.0
789683.0
789683.0
789683.0
789683.0
789683.0
789683.0
789683.0
789683.0
789683.0
789683.0
789683.0
789683.0
789683.0
789683.0
789683.0
789683.0
789683.0
789683.0
789683.0
789683.0
789683.0
789683.0
743456.0
743456.0
743456.0
743456.0
743456.0
743456.0
743456.0
743456.0
743456.0
743456.0
743456.0
743456.0
743456.0
743456.0
696387.0
696387.0
696387.0
702051.0
702051.0
702051.0
702051.0
702051.0
702051.0
702051.0
702051.0
702051.0
702051.0
702051.0
702051.0
702051.0
702051.0
702051.0
702051.0
702051.0
702051.0
702051.0
702051.0
702051.0
702051.0
702051.0
702051.0
702051.0
702051.0
702051.0
702051.0
719212.0
719212.0
719212.0
719212.0
719212.0
719212.0
719212.0
719212.0
719212.0
719212.0
719212.0
719212.0
719212.0
719212.0
719212.0
719212.0
719212.0
719212.0
719212.0
719212.0
719212.0
719212.0
719212.0
719212.0
719212.0
719212.0
719212.0
719212.0
719212.0
696387.0
696387.0
696387.0
696387.0
696387.0
696387.0
696387.0
696387.0
696387.0
696387.0
696387.0
696387.0
696387.0
696387.0
696387.0
696387.0
696387.0
696387.0
696387.0
696387.0
696387.0
696387.0
696387.0
696387.0
696387.0
696387.0
696387.0
696387.0
696387.0
696387.0
696387.0
696387.0
696387.0
696387.0
696387.0
696387.0
696387.0
696387.0
696387.0
696387.0
696387.0
696387.0
696387.0
696387.0
696387.0
696387.0
696387.0
696387.0
696387.0
696387.0
696387.0
696387.0
696387.0
696387.0
696387.0
696387.0
696387.0
696387.0
696387.0
696387.0
696387.0
662860.0
662860.0
662860.0
662860.0
662860.0
662860.0
662860.0
662860.0
662860.0
662860.0
662860.0
662860.0
662860.0
662860.0
662860.0
662860.0
662860.0
662860.0
662860.0
685571.0
685571.0
685571.0
685571.0
685571.0
685571.0
685571.0
685571.0
685571.0
685571.0
685571.0
685571.0
685571.0
685571.0
685571.0
685571.0
685571.0
685571.0
685571.0
685571.0
685571.0
685571.0
685571.0
685571.0
662860.0
662860.0
662860.0
662860.0
662860.0
662860.0
662860.0
662860.0
662860.0
662860.0
662860.0
662860.0
662860.0
626468.0
626468.0
626468.0
626468.0
626468.0
626468.0
626468.0
626468.0
626468.0
626468.0
626468.0
626468.0
626468.0
626468.0
626468.0
626468.0
626468.0
626468.0
626468.0
626468.0
626468.0
626468.0
626468.0
626468.0
626468.0
626468.0
626468.0
626468.0
626468.0
626468.0
626468.0
626468.0
626468.0
626468.0
626468.0
626468.0
626468.0
626468.0
626468.0
626468.0
626468.0
626468.0
626468.0
626468.0
626468.0
626468.0
626468.0
626468.0
626468.0
626468.0
626468.0
626468.0
626468.0
626468.0
626468.0
626468.0
626468.0
626468.0
626468.0
626468.0
626468.0
626468.0
626468.0
626468.0
626468.0
626468.0
626468.0
626468.0
626468.0
626468.0
626468.0
626468.0
626468.0
626468.0
626468.0
626468.0
626468.0
626468.0
626468.0
