55.247850585320826
55.247850585320826
57.08511093026888
58.21658810976981
61.19114795302656
61.40917257165787
64.17457594816085
64.17457594816085
64.17457594816085
64.5121816354693
66.0666867109156
67.95095523817001
67.95095523817001
67.95095523817001
67.95095523817001
67.95095523817001
67.95095523817001
67.95095523817001
67.95095523817001
67.95095523817001
67.95095523817001
67.95095523817001
67.95095523817001
67.95095523817001
67.95095523817001
67.95095523817001
67.95095523817001
67.95095523817001
67.95095523817001
67.95095523817001
67.95095523817001
67.95095523817001
67.95095523817001
67.95095523817001
67.95095523817001
67.95095523817001
67.95095523817001
67.95095523817001
68.46852396572878
68.46852396572878
68.46852396572878
68.99669393266797
71.13726509141814
71.13726509141814
71.13726509141814
71.13726509141814
71.13726509141814
71.13726509141814
71.13726509141814
71.13726509141814
71.13726509141814
71.13726509141814
71.13726509141814
71.13726509141814
71.13726509141814
71.13726509141814
71.13726509141814
71.13726509141814
71.13726509141814
71.13726509141814
71.13726509141814
71.13726509141814
71.13726509141814
71.13726509141814
71.13726509141814
71.13726509141814
71.13726509141814
71.13726509141814
71.13726509141814
71.13726509141814
71.13726509141814
71.13726509141814
71.13726509141814
71.13726509141814
71.13726509141814
71.13726509141814
71.13726509141814
71.13726509141814
73.5786093621834
73.5786093621834
73.5786093621834
73.5786093621834
73.5786093621834
73.5786093621834
73.5786093621834
73.5786093621834
73.5786093621834
73.5786093621834
73.5786093621834
73.5786093621834
73.5786093621834
73.5786093621834
73.5786093621834
73.5786093621834
73.5786093621834
73.5786093621834
73.5786093621834
73.5786093621834
73.5786093621834
73.5786093621834
73.5786093621834
73.5786093621834
73.5786093621834
73.5786093621834
73.5786093621834
73.5786093621834
73.5786093621834
73.5786093621834
73.5786093621834
73.5786093621834
73.5786093621834
73.5786093621834
73.5786093621834
73.5786093621834
73.5786093621834
73.5786093621834
73.5786093621834
73.5786093621834
73.5786093621834
73.5786093621834
73.5786093621834
73.5786093621834
73.5786093621834
73.5786093621834
73.5786093621834
73.5786093621834
75.57618144613838
75.57618144613838
75.57618144613838
75.57618144613838
75.57618144613838
75.57618144613838
75.57618144613838
75.57618144613838
75.57618144613838
75.57618144613838
75.57618144613838
75.57618144613838
75.57618144613838
75.57618144613838
75.57618144613838
75.57618144613838
75.57618144613838
75.57618144613838
75.57618144613838
75.57618144613838
75.57618144613838
75.57618144613838
75.57618144613838
75.57618144613838
75.57618144613838
75.57618144613838
75.57618144613838
75.57618144613838
75.57618144613838
75.57618144613838
75.57618144613838
75.57618144613838
75.57618144613838
75.57618144613838
75.57618144613838
75.57618144613838
75.57618144613838
75.57618144613838
75.57618144613838
75.57618144613838
75.57618144613838
75.57618144613838
75.57618144613838
75.57618144613838
75.57618144613838
75.57618144613838
75.57618144613838
75.57618144613838
75.57618144613838
75.57618144613838
75.57618144613838
75.57618144613838
75.57618144613838
75.57618144613838
75.57618144613838
75.57618144613838
75.57618144613838
75.57618144613838
75.57618144613838
75.57618144613838
75.57618144613838
75.57618144613838
75.57618144613838
75.57618144613838
75.57618144613838
75.57618144613838
75.57618144613838
75.57618144613838
75.57618144613838
75.57618144613838
75.57618144613838
75.57618144613838
75.57618144613838
75.57618144613838
75.57618144613838
75.57618144613838
75.57618144613838
75.57618144613838
75.57618144613838
75.57618144613838
75.57618144613838
75.57618144613838
75.57618144613838
75.57618144613838
75.57618144613838
75.57618144613838
75.57618144613838
75.57618144613838
75.57618144613838
75.57618144613838
75.57618144613838
75.57618144613838
75.57618144613838
75.57618144613838
75.57618144613838
75.57618144613838
75.57618144613838
75.57618144613838
75.57618144613838
75.57618144613838
75.57618144613838
75.57618144613838
75.57618144613838
75.57618144613838
75.57618144613838
75.57618144613838
75.57618144613838
75.57618144613838
75.57618144613838
75.57618144613838
75.57618144613838
75.57618144613838
75.57618144613838
75.57618144613838
75.57618144613838
75.57618144613838
75.57618144613838
75.57618144613838
75.57618144613838
75.57618144613838
75.57618144613838
75.57618144613838
75.57618144613838
75.57618144613838
75.57618144613838
75.57618144613838
75.57618144613838
75.57618144613838
75.57618144613838
75.57618144613838
75.57618144613838
75.57618144613838
75.57618144613838
75.57618144613838
75.57618144613838
75.57618144613838
75.57618144613838
75.57618144613838
75.57618144613838
75.57618144613838
75.57618144613838
75.57618144613838
75.57618144613838
75.57618144613838
75.57618144613838
75.57618144613838
75.57618144613838
75.57618144613838
75.57618144613838
75.57618144613838
75.57618144613838
75.57618144613838
75.57618144613838
75.57618144613838
75.57618144613838
75.57618144613838
75.57618144613838
75.57618144613838
75.57618144613838
75.57618144613838
75.57618144613838
75.57618144613838
75.57618144613838
75.57618144613838
75.57618144613838
75.57618144613838
75.57618144613838
75.57618144613838
75.57618144613838
75.57618144613838
75.57618144613838
75.57618144613838
75.57618144613838
75.57618144613838
75.57618144613838
75.57618144613838
75.57618144613838
75.57618144613838
75.57618144613838
75.57618144613838
75.57618144613838
75.57618144613838
75.57618144613838
75.57618144613838
75.57618144613838
75.57618144613838
75.57618144613838
75.57618144613838
75.57618144613838
75.57618144613838
75.57618144613838
75.57618144613838
75.57618144613838
75.57618144613838
75.57618144613838
75.57618144613838
75.57618144613838
75.57618144613838
75.57618144613838
75.57618144613838
75.57618144613838
75.57618144613838
75.57618144613838
75.57618144613838
75.57618144613838
75.57618144613838
75.57618144613838
75.57618144613838
75.57618144613838
75.57618144613838
75.57618144613838
75.57618144613838
75.57618144613838
75.57618144613838
75.57618144613838
75.57618144613838
75.57618144613838
75.57618144613838
75.57618144613838
75.57618144613838
75.57618144613838
75.57618144613838
75.57618144613838
75.57618144613838
75.57618144613838
75.57618144613838
75.57618144613838
75.57618144613838
75.57618144613838
75.57618144613838
75.57618144613838
75.57618144613838
75.57618144613838
75.57618144613838
75.57618144613838
75.57618144613838
75.57618144613838
75.57618144613838
75.57618144613838
75.57618144613838
75.57618144613838
75.57618144613838
75.57618144613838
75.57618144613838
75.57618144613838
75.57618144613838
75.57618144613838
75.57618144613838
75.57618144613838
75.57618144613838
75.57618144613838
75.57618144613838
75.57618144613838
75.57618144613838
75.57618144613838
75.57618144613838
75.57618144613838
75.57618144613838
75.57618144613838
75.57618144613838
75.57618144613838
75.57618144613838
75.57618144613838
75.57618144613838
75.57618144613838
75.57618144613838
75.57618144613838
75.57618144613838
75.57618144613838
75.57618144613838
75.57618144613838
75.57618144613838
75.57618144613838
75.57618144613838
75.57618144613838
