42524.6875
39026.8125
38020.4375
35796.875
34003.5
35550.625
35103.5625
31873.875
33821.5
35608.625
38335.9375
46964.3125
49421.1875
48244.5625
43058.3125
45011.6875
46061.75
48197.625
43876.0
38133.875
34639.0
36886.1875
36023.6875
36702.0
36843.5
37588.8125
38652.8125
38863.0
39142.25
38864.5
38839.0
39292.0
40236.0
40892.0
40420.5
40109.75
39796.0
40311.25
40301.25
40868.0
41290.0
40004.25
38477.5
39791.0
37107.5
37910.75
37806.5
36396.5
35566.25
36293.5
35056.375
36556.25
37228.25
37218.75
36893.25
38988.5
39315.0
38867.5
39255.0
39304.0
38861.5
38330.0
37654.5
37677.5
38579.5
39777.5
40159.25
40736.75
40773.75
39842.0
38729.0
37313.75
37481.75
37883.25
39738.25
39021.0
39252.5
38992.75
38659.75
37997.75
36935.5
37636.75
37779.75
37622.75
38588.0
38545.0
37642.25
38292.0
38712.25
38830.0
39376.0
39668.25
39915.25
39698.5
39996.5
39985.0
40135.25
39697.75
39569.5
40035.5
39852.5
39469.0
39439.25
39527.5
38839.5
37110.75
37945.25
37449.25
37428.75
37272.5
36929.5
36235.5
35140.5
37324.0
38123.75
38045.0
39470.75
40364.75
39180.75
38244.25
37200.75
37211.0
37947.5
38573.25
37688.75
41072.0
41187.0
41572.5
41604.75
41054.25
41072.75
41225.0
40686.75
41685.25
41835.5
41650.0
42075.25
41608.25
41137.75
41314.75
41278.5
41204.5
40726.75
40771.0
41200.0
40257.5
40350.75
40032.0
40467.75
40392.75
39473.5
38955.0
39709.5
39896.25
40385.0
40524.0
40718.75
40696.5
40620.0
41184.0
40774.5
39850.5
38821.5
38707.25
39008.0
39802.25
40628.0
40266.0
39791.0
39196.0
39889.25
40207.25
40217.25
40301.0
39787.0
39136.25
39220.25
39223.25
38293.0
38117.0
38325.75
37344.75
36447.5
37287.5
37122.75
37060.5
36471.5
36588.25
37253.75
37948.0
36567.75
35651.5
36397.0
37985.25
38234.25
38134.75
38847.25
38977.75
38554.0
39436.25
