716633.45
668639.4875
652232.025
632286.3875
617903.7625
580569.9125
568023.5
550001.475
537953.9875
531590.45
519680.2125
509938.85
513974.925
478307.325
473764.5125
461031.025
425392.0375
412928.7875
363836.775
350505.4875
366287.725
371297.6
387692.2
365416.425
347039.6875
331897.8
305042.3375
299285.1125
265752.5625
249624.05
238461.2125
195274.7125
210753.7375
200322.8625
219980.125
225084.975
237213.8
206172.3
217722.8
222808.025
212836.475
203075.7875
195361.5625
195142.7375
184190.9125
211481.1375
205547.475
211854.6125
203658.95
205104.5
216946.9625
217147.225
227105.3875
243040.0
241325.5875
259402.5125
214407.55
242958.4875
243556.675
267117.4625
265283.075
264244.5
254006.0625
257235.6875
246229.625
237848.8875
243214.6375
266080.55
268278.0125
256153.775
245810.2
249043.8875
246533.7625
252891.9
239340.0375
247953.4375
235818.2375
251694.8375
243775.2875
219167.6875
207328.6125
211392.6375
233766.8625
213634.225
223665.75
219172.7
222306.2125
230992.8375
250111.85
251602.7625
243362.8875
245108.225
257437.875
250568.8125
246292.6875
238062.9875
262178.5875
252484.0875
267182.6125
270606.625
262464.8
272110.35
266352.8
271799.5875
266657.325
267315.55
277194.4625
273080.625
232324.475
230830.1875
233752.8
233610.35
234003.2
231748.2625
229385.7625
224136.3
218567.575
221290.6
232739.3875
235516.1125
239609.0125
253183.2625
244369.775
252882.6
249423.225
241223.05
239128.9125
245220.075
253534.4
244281.9125
263925.025
259517.2
250502.1
247920.45
255436.9
258057.5125
269012.6625
271048.5375
272894.975
279691.4375
274609.1125
277118.925
290427.1625
281326.4625
297205.425
283843.5125
297871.3
296600.8875
284120.8375
280952.0625
276324.2
274319.325
264870.4375
269181.5125
263246.1
243863.6875
235663.3875
223914.3375
236433.6125
247056.5375
230118.375
224611.05
221149.7875
204508.0125
208277.7
224184.025
210614.0125
194865.05
208759.9375
209240.5375
212256.575
208877.05
221622.575
222522.2125
222463.3625
245182.2625
244122.6
252555.725
241879.2
248931.1875
245591.9625
238061.05
237302.7625
226027.275
229482.5625
227655.2375
244310.35
248458.675
253651.1375
249623.5
243659.6625
230833.2125
238599.925
245152.65
221590.8875
240330.2625
244574.9625
239421.0375
244581.5125
258657.325
266073.45
280058.2875
259420.1875
244814.2125
233213.6
248883.7625
243022.8375
243791.4875
233142.4875
232344.1
232084.225
224051.6375
215219.725
205084.4375
192431.9125
193115.4625
188626.9
185992.7875
205714.2125
196429.9625
205645.875
197714.45
187232.05
204206.15
181543.25
177554.725
182901.475
197061.025
177974.825
166048.0625
194568.725
182446.775
200432.9375
199919.55
208984.7625
220552.0875
208840.2875
205297.575
201396.9625
198543.275
202518.5125
205574.0625
218734.55
222275.3625
215218.15
228740.275
236523.7375
226439.775
219970.7
221620.85
224087.6875
233835.5
226957.05
232906.525
252323.1
251883.1875
257463.3375
234444.875
231887.9
233097.5125
223731.85
225824.1875
207150.3
209173.2375
217728.6125
208100.375
206298.8125
220695.55
211471.025
235452.2875
234695.85
236739.3125
235396.0625
253036.35
247057.9875
251605.6125
247966.8625
247485.775
243532.6625
220919.525
222792.1625
215741.175
210670.9875
219673.5375
217643.0375
203927.85
207627.25
197889.8375
194738.6875
192850.25
191623.9875
187620.525
198667.775
207100.925
211693.025
204142.4375
195800.875
199399.1875
209982.2875
230636.7875
225835.7125
213174.775
220872.475
210768.5375
202942.0
197313.075
191126.2125
197254.65
202416.225
195408.5
202890.3
198334.75
211067.0
225488.5375
235520.575
254584.2125
244801.2375
266362.9875
251502.1375
241654.5875
215555.225
211551.8875
205356.4875
209718.875
196475.35
214497.0625
219925.5625
219010.2875
229829.9125
234884.9875
229798.8875
225466.4875
240667.3125
246085.0625
244541.3
260189.925
265159.75
257824.7125
266240.5875
265893.0375
276356.1875
276186.925
264028.925
267781.9625
267036.425
276336.3875
285189.2375
277960.25
276352.4375
310310.3125
314003.275
313286.075
315240.3
295637.7875
293144.1375
297725.4
299365.3625
298598.475
313521.9
293506.8125
291785.5625
304507.2625
304659.575
310252.4875
295866.3625
286308.975
293238.9375
263600.425
266985.4
257967.125
260546.4875
290786.275
293142.6
271939.4
273668.9875
290533.575
307424.7875
307203.775
302011.5125
302325.6875
305322.6125
320862.7875
317941.7875
315122.4625
287874.425
292110.2625
278017.35
262918.525
269595.2125
286715.7
289713.45
290592.1125
283148.3
287700.5375
277106.875
269714.45
250013.15
249175.425
268161.7875
273001.2625
262255.3125
267451.8125
268807.65
263728.9375
267801.625
255332.975
260621.4875
253536.7
265519.3875
289582.75
280910.8
255323.1875
283332.975
291055.55
270722.2
258300.7
257452.95
272333.3
263918.4625
279007.5125
271197.525
255026.025
268154.3875
251942.625
256818.6
270583.55
265080.8125
248128.3625
234665.65
236533.8625
223920.7875
229860.0
232367.625
216418.6375
217359.2625
235901.8625
235237.3375
248796.0375
258146.5625
246908.525
240660.75
242232.3125
249205.9375
257851.225
265276.3
255033.5625
240569.0875
245051.7375
241566.4375
239709.2625
231006.875
246327.325
240906.875
233224.175
238004.7125
239784.7125
243164.15
235993.225
251636.6625
238922.775
253429.025
259582.0625
260912.65
254955.025
257981.2875
245188.0375
224084.825
227891.1625
225661.875
232868.525
236324.5125
224763.75
220425.3625
216624.725
231957.675
229532.775
234162.75
228131.075
234027.5875
251082.775
247752.7625
239845.3
263505.6375
253504.975
248877.1625
242993.3875
251357.7625
257201.775
253231.6125
252067.1
246199.7875
234977.6375
235629.4625
220031.2625
211672.65
240396.2875
246015.375
248930.25
249071.675
248325.15
