1119232.0
1011023.0
932163.0
897908.0
959381.0
959381.0
1026620.0
946294.0
896421.0
896421.0
879098.0
879098.0
836972.0
836972.0
836972.0
836972.0
836972.0
836972.0
836972.0
836972.0
836972.0
836972.0
836972.0
836972.0
836972.0
836972.0
836972.0
836972.0
836972.0
836972.0
712793.0
712793.0
712793.0
712793.0
712793.0
712793.0
714503.0
627626.0
605894.0
605894.0
605894.0
592080.0
612779.0
698151.0
698151.0
698151.0
698151.0
698151.0
698151.0
711725.0
711725.0
711725.0
698151.0
679238.0
679238.0
679238.0
679238.0
679238.0
672809.0
672809.0
672809.0
672809.0
672809.0
672809.0
672809.0
672809.0
672809.0
672809.0
672809.0
672809.0
672809.0
672809.0
672809.0
656862.0
656862.0
656862.0
627584.0
627584.0
627584.0
627584.0
627584.0
627584.0
627584.0
627584.0
627584.0
610562.0
610562.0
610562.0
610562.0
610562.0
610562.0
610562.0
610562.0
610562.0
610562.0
610562.0
610562.0
610562.0
610562.0
610562.0
589903.0
502526.0
502526.0
502526.0
502526.0
504859.0
504859.0
504859.0
504859.0
504859.0
504859.0
523720.0
523720.0
523720.0
511270.0
511270.0
511270.0
511270.0
511270.0
510466.0
510466.0
510466.0
510466.0
510466.0
510466.0
510466.0
510466.0
510466.0
510466.0
510466.0
519396.0
519396.0
532864.0
532864.0
532864.0
532864.0
532864.0
532864.0
523085.0
510466.0
510466.0
511802.0
511802.0
523719.0
523719.0
523719.0
523719.0
523719.0
538652.0
523719.0
526165.0
525932.0
523719.0
523719.0
523719.0
523719.0
523719.0
523719.0
523719.0
523719.0
523719.0
523719.0
523719.0
523719.0
523719.0
523719.0
523719.0
523719.0
522262.0
522262.0
522262.0
522262.0
522262.0
522262.0
528872.0
522262.0
522262.0
522262.0
590431.0
522262.0
522262.0
522262.0
553545.0
553545.0
553545.0
553545.0
553545.0
522214.0
505694.0
505694.0
505694.0
505694.0
578995.0
541016.0
541016.0
541016.0
541016.0
566274.0
566274.0
566274.0
566274.0
566274.0
566274.0
566274.0
566274.0
566274.0
566274.0
566274.0
566274.0
566274.0
566274.0
566274.0
566274.0
566274.0
566274.0
566274.0
541016.0
541016.0
541016.0
541016.0
541016.0
541016.0
541016.0
541016.0
541016.0
541016.0
479932.0
468795.0
468795.0
468795.0
468795.0
468795.0
466283.0
466283.0
466283.0
513117.0
513117.0
513117.0
513117.0
513117.0
513117.0
513117.0
513117.0
513117.0
513117.0
513117.0
513117.0
513117.0
513117.0
454112.0
450144.0
450144.0
450144.0
450144.0
450144.0
450144.0
450144.0
450144.0
450144.0
450144.0
450144.0
450144.0
450144.0
450144.0
450144.0
450144.0
450144.0
462227.0
462227.0
476907.0
476907.0
494699.0
494699.0
462227.0
448547.0
448547.0
448547.0
448547.0
448547.0
463392.0
466692.0
466692.0
466692.0
466692.0
466692.0
466692.0
466692.0
466692.0
466692.0
466692.0
466692.0
466692.0
582731.0
582731.0
582731.0
466692.0
466692.0
466692.0
532775.0
532775.0
532775.0
532775.0
532775.0
532775.0
466742.0
466742.0
466742.0
526067.0
466742.0
446637.0
478784.0
446637.0
442152.0
442152.0
442152.0
455777.0
455777.0
455777.0
459707.0
459707.0
459707.0
551072.0
459707.0
459707.0
468343.0
459707.0
459707.0
459707.0
459707.0
459707.0
495524.0
495524.0
564467.0
531244.0
495524.0
510258.0
511784.0
495524.0
495524.0
495524.0
495524.0
495524.0
495524.0
495524.0
469942.0
469942.0
469942.0
469942.0
469942.0
459707.0
459707.0
497640.0
459707.0
450427.0
450427.0
450427.0
494804.0
494804.0
494804.0
494804.0
494804.0
494804.0
494804.0
494804.0
511784.0
494804.0
494804.0
494804.0
494804.0
494804.0
494804.0
494804.0
498010.0
494804.0
494804.0
536283.0
508476.0
526957.0
508476.0
508476.0
508476.0
508476.0
515835.0
509016.0
494804.0
494804.0
494804.0
494804.0
494804.0
494804.0
497990.0
494804.0
494804.0
494804.0
494804.0
494804.0
494804.0
494804.0
449824.0
459277.0
459277.0
459277.0
459277.0
449824.0
449824.0
449824.0
449824.0
449824.0
449824.0
519338.0
519338.0
519338.0
519338.0
433348.0
433348.0
447624.0
433348.0
495963.0
495963.0
433348.0
475990.0
475990.0
475990.0
475990.0
475990.0
499142.0
499142.0
499142.0
499142.0
499142.0
499142.0
475990.0
475990.0
439808.0
439808.0
457893.0
457987.0
457987.0
527545.0
527545.0
527545.0
527545.0
527545.0
527545.0
457987.0
457987.0
457987.0
458022.0
458022.0
458022.0
472637.0
472637.0
458022.0
458022.0
477753.0
458022.0
458022.0
458022.0
458022.0
457987.0
457987.0
470182.0
470182.0
470182.0
470182.0
449997.0
432198.0
432198.0
432198.0
432198.0
432198.0
432198.0
432198.0
432198.0
432198.0
432198.0
432198.0
447502.0
432198.0
448924.0
432198.0
462180.0
462180.0
462180.0
447978.0
447978.0
447978.0
453997.0
453997.0
453997.0
446568.0
446568.0
446568.0
446568.0
446568.0
447613.0
446568.0
446568.0
446568.0
446568.0
