41.58280949001318
41.58280949001318
41.58280949001318
45.19303889042175
45.19303889042175
45.19303889042175
45.19303889042175
45.19303889042175
45.29667489922407
46.27233288239959
46.485457936387924
46.485457936387924
46.730761937270074
46.730761937270074
46.730761937270074
46.730761937270074
46.61709539121116
46.730761937270074
48.70933310862527
48.70933310862527
48.70933310862527
48.70933310862527
48.70933310862527
48.29062469959763
48.29062469959763
46.964479822837966
48.04491019990929
48.29062469959763
48.29062469959763
48.29062469959763
48.017480567816136
48.017480567816136
47.107565081421285
47.107565081421285
48.017480567816136
48.45500825724386
48.45500825724386
48.549181782199845
48.549181782199845
48.549181782199845
48.549181782199845
48.549181782199845
47.99323383907286
47.99323383907286
47.99323383907286
47.93535629142723
47.93535629142723
47.86695960467059
47.86695960467059
47.86695960467059
47.86695960467059
47.86695960467059
47.86695960467059
46.436545772735506
46.436545772735506
46.436545772735506
46.436545772735506
45.76127567411944
45.76127567411944
45.76127567411944
45.76127567411944
45.76127567411944
45.76127567411944
45.76127567411944
45.76127567411944
47.25087308852948
47.25087308852948
47.25087308852948
47.25087308852948
47.8514728745882
47.958317066989935
47.958317066989935
47.958317066989935
47.958317066989935
47.958317066989935
47.958317066989935
50.391492888117334
50.391492888117334
50.391492888117334
50.391492888117334
50.391492888117334
50.391492888117334
50.40649535280796
50.40649535280796
50.40649535280796
50.4891706286318
50.4891706286318
50.19756999471738
50.19756999471738
50.4891706286318
50.4891706286318
50.4891706286318
50.4891706286318
50.4891706286318
51.291845837062255
51.291845837062255
51.291845837062255
51.34277752311935
51.34277752311935
51.34277752311935
51.34277752311935
51.34277752311935
51.34277752311935
51.34277752311935
51.34277752311935
51.34277752311935
51.34277752311935
51.34277752311935
51.34277752311935
51.34277752311935
51.34277752311935
51.34277752311935
51.34277752311935
51.34277752311935
51.34277752311935
51.34277752311935
51.394808355007676
51.394808355007676
51.40500805047392
51.40500805047392
51.40500805047392
51.40500805047392
51.40500805047392
51.4071936995024
51.4071936995024
51.4071936995024
51.4071936995024
51.4071936995024
44.901473368031276
51.4071936995024
49.113910019259805
49.113910019259805
49.113910019259805
50.86311380766941
51.4071936995024
51.4071936995024
48.86088997541389
48.86088997541389
51.4071936995024
51.4071936995024
51.4071936995024
51.53250424380186
51.53250424380186
51.53250424380186
51.53250424380186
51.59188104240887
51.59188104240887
51.59188104240887
51.59188104240887
51.59188104240887
50.91578694293271
50.91578694293271
50.91578694293271
50.91578694293271
50.91578694293271
50.91578694293271
50.91578694293271
50.91578694293271
50.91578694293271
50.91578694293271
50.91578694293271
50.91578694293271
50.91578694293271
51.359230979394034
51.359230979394034
51.359230979394034
51.359230979394034
51.359230979394034
51.359230979394034
51.359230979394034
51.359230979394034
51.359230979394034
51.359230979394034
51.359230979394034
51.359230979394034
52.74812838188422
52.74812838188422
52.74812838188422
52.74812838188422
52.74812838188422
53.21795786157915
53.06194466732043
53.21795786157915
53.21795786157915
53.21795786157915
53.21795786157915
53.19567026239933
53.21795786157915
53.21795786157915
53.21795786157915
53.21795786157915
49.88903407794578
53.21795786157915
53.21795786157915
53.21795786157915
53.21795786157915
53.21795786157915
53.21563025460173
53.21563025460173
53.21563025460173
53.21563025460173
53.21563025460173
53.21563025460173
53.21563025460173
53.21563025460173
50.48190464032681
53.21563025460173
53.21563025460173
53.21563025460173
53.21563025460173
53.218606312218206
49.60028887887824
49.60028887887824
49.60028887887824
49.60028887887824
49.60028887887824
49.60028887887824
49.60028887887824
49.60028887887824
49.60028887887824
49.60028887887824
49.60028887887824
49.60028887887824
49.60028887887824
49.60028887887824
48.724464073245
49.60028887887824
49.60028887887824
49.60028887887824
49.60028887887824
49.60028887887824
49.60028887887824
49.60028887887824
49.60028887887824
49.60028887887824
49.60028887887824
49.60028887887824
49.60028887887824
49.60028887887824
49.60028887887824
49.60028887887824
49.60028887887824
49.60028887887824
49.60028887887824
53.5133669178072
53.5133669178072
53.5133669178072
53.5133669178072
53.5133669178072
53.5133669178072
53.5133669178072
53.5133669178072
53.5133669178072
53.5133669178072
53.5133669178072
53.5133669178072
53.5133669178072
53.5133669178072
53.5133669178072
53.5133669178072
53.5133669178072
53.52079711114084
53.52079711114084
53.52079711114084
53.52079711114084
53.52079711114084
53.44872423580461
53.52079711114084
53.52079711114084
53.52079711114084
53.52079711114084
52.69170683310751
52.69170683310751
52.69170683310751
52.69170683310751
52.69170683310751
52.69170683310751
52.69170683310751
52.69170683310751
52.69170683310751
53.07684305945641
53.07684305945641
53.07684305945641
53.07684305945641
53.07684305945641
53.07684305945641
53.07684305945641
53.07684305945641
53.07684305945641
53.07684305945641
53.07684305945641
53.07684305945641
53.07684305945641
53.07684305945641
53.07684305945641
53.07684305945641
53.07684305945641
53.07684305945641
53.07684305945641
53.07684305945641
53.32861398696281
53.32861398696281
53.32861398696281
53.32861398696281
53.32861398696281
53.32861398696281
53.32861398696281
53.877516129991385
48.86015617077375
53.877516129991385
53.877516129991385
53.877516129991385
53.877516129991385
53.877516129991385
53.877516129991385
53.877516129991385
53.877516129991385
53.877516129991385
53.877516129991385
53.877516129991385
53.877516129991385
53.877516129991385
53.877516129991385
53.877516129991385
53.94738798204144
53.94738798204144
53.94738798204144
53.94738798204144
53.94738798204144
54.15123456790124
54.15123456790124
54.15123456790124
54.15123456790124
54.15123456790124
54.15123456790124
54.15123456790124
54.15123456790124
53.91989837853994
52.77777777777778
52.77777777777778
52.77777777777778
52.77777777777778
52.77777777777778
52.77777777777778
52.77777777777778
52.85832733302786
52.85832733302786
52.85832733302786
52.85832733302786
52.85832733302786
52.85832733302786
52.85832733302786
52.85832733302786
52.85832733302786
52.85832733302786
53.9645438121048
53.438991138377645
53.438991138377645
53.438991138377645
53.438991138377645
53.438991138377645
53.438991138377645
53.438991138377645
51.56735244998757
53.438991138377645
53.438991138377645
53.438991138377645
53.438991138377645
53.438991138377645
53.60984517178412
53.60984517178412
53.60984517178412
53.55844036274915
53.55844036274915
53.55844036274915
53.55844036274915
53.60984517178412
53.60984517178412
53.60984517178412
53.60984517178412
53.60984517178412
53.60984517178412
53.60984517178412
53.6881032392702
53.6881032392702
53.6881032392702
53.6881032392702
53.6881032392702
51.92776642720623
52.616676430384686
53.6881032392702
53.6881032392702
53.6881032392702
53.6881032392702
53.6881032392702
53.6881032392702
53.6881032392702
53.6881032392702
54.11012376294459
54.50090334236674
54.678643995294614
54.678643995294614
54.678643995294614
54.678643995294614
47.5489597329099
47.5489597329099
48.289377441035626
48.289377441035626
48.289377441035626
49.0706113742763
49.0706113742763
49.0706113742763
49.0706113742763
47.9636008499294
49.0706113742763
50.11681842785006
50.11681842785006
51.196754416550434
51.196754416550434
51.196754416550434
51.196754416550434
51.196754416550434
51.196754416550434
51.196754416550434
51.46940418679549
51.46940418679549
51.20058192398618
51.20058192398618
51.20058192398618
51.1860338243317
51.1860338243317
51.1860338243317
51.1860338243317
51.1860338243317
51.20058192398618
50.70528825130831
53.352087852494584
53.352087852494584
53.352087852494584
53.352087852494584
50.12425343524203
50.12425343524203
53.74271421359402
53.74271421359402
53.74271421359402
53.74271421359402
53.74271421359402
53.74271421359402
53.74271421359402
53.74271421359402
53.74271421359402
48.869308623590086
48.87620308320234
48.87620308320234
48.88999200242685
48.88999200242685
49.403759820426494
49.403759820426494
49.48092031425366
49.48092031425366
49.48092031425366
49.48092031425366
49.48092031425366
50.081494483450356
50.08706675582303
51.51020003961181
51.57421663387792
52.96150305837638
52.96150305837638
52.96150305837638
46.35195363765121
46.35195363765121
46.35195363765121
52.94071797612684
52.94071797612684
52.94071797612684
52.94071797612684
52.94071797612684
52.94071797612684
52.96150305837638
52.96150305837638
52.96150305837638
52.96150305837638
52.96150305837638
53.00572661014429
53.00572661014429
53.00572661014429
53.00572661014429
53.00572661014429
53.06492808173142
51.97223688841958
53.06492808173142
52.93274185598423
53.06492808173142
53.06492808173142
53.06492808173142
53.06492808173142
53.06492808173142
53.229227345371996
53.229227345371996
