3033411.0
2915825.9375
2739939.25
2655298.75
2561168.4375
2476272.75
2424179.3125
2406284.8125
2354323.8125
2346975.125
2387396.75
2359146.4375
2369395.6875
2333865.625
2294186.375
2222770.5625
2193199.5
2089695.5625
2041718.6875
1957544.375
1908295.0
1859743.6875
1798039.5625
1811307.8125
1845315.375
1786848.0625
1799735.75
1828154.625
1861941.25
1891421.0625
1918070.25
1900236.0
1858439.875
1850013.125
1873942.5625
1823600.8125
1873240.3125
1823527.25
1826530.6875
1804572.125
1806562.3125
1770854.5
1707959.3125
1669924.25
1664814.4375
1694910.75
1661192.0
1691553.9375
1634155.25
1638877.875
1704639.6875
1671598.8125
1730888.625
1752241.0625
1746526.375
1749015.375
1742193.8125
1736591.5625
1707164.375
1674551.1875
1735378.9375
1686978.1875
1677656.125
1748854.75
1810145.0625
1768428.8125
1724458.1875
1675401.9375
1635305.5
1692100.0625
1686837.5625
1628078.5
1618717.875
1543536.3125
1518674.75
1538968.0
1543494.9375
1516552.0625
1522496.75
1555921.1875
1555921.1875
1568933.8125
1571848.625
1586744.5625
1590921.125
1599036.1875
1585168.8125
1564330.125
1664159.1875
1673183.125
1707654.375
1740685.5625
1717226.125
1710738.3125
1712855.875
1656150.75
1553672.125
1651973.625
1662207.125
1614903.8125
1589381.4375
1606328.3125
1604202.625
1622705.4375
1601889.75
1613059.5
1546695.6875
1557011.25
1548691.0
1560250.375
1562416.375
1567260.3125
1642440.625
1624462.6875
1622061.5
1641743.9375
1638347.5625
1676118.875
1639438.375
1610956.5625
1564070.4375
1566656.5
1580196.9375
1601656.3125
1547367.125
1547507.3125
1544200.9375
1540873.3125
1535987.8125
1514152.1875
1545640.5
1484041.0
1508798.125
1501786.6875
1562256.4375
1608583.9375
1592972.9375
1566964.375
1629252.4375
1609586.875
1619682.8125
1598232.3125
1612698.6875
1604917.375
1571973.5625
1703934.25
1720848.75
1677115.75
1663521.125
1672771.875
1691055.9375
1692896.625
1731896.4375
1772858.0
1767757.125
1779417.375
1708936.6875
1670173.375
1661277.5625
1656503.5625
1683164.25
1635546.0625
1571297.5
1622674.6875
1592040.625
1542117.25
1508369.25
1493527.0
1493341.4375
1500478.3125
1466839.0625
1431601.25
1394103.75
1415396.5
1462594.125
1457976.0
1503105.1875
1462485.5
1477568.6875
1473757.5625
1447685.3125
1413065.75
1441503.875
1404159.8125
1356868.5625
1341947.3125
1397699.0625
1401363.0625
1417199.5
1440344.9375
1477444.5625
1529625.4375
1510659.125
1496789.625
1513009.5
1507677.8125
1477914.1875
1510237.6875
1470027.4375
1437023.1875
1441133.75
1449347.0
1412681.625
1405643.5
1338671.75
1255282.9375
1258036.625
1289580.8125
1286227.6875
1278462.5625
1299160.1875
1266303.5625
1274068.875
1300167.0625
1306666.625
1248086.5
1317641.5625
1321876.625
1391301.0
1394286.625
1427212.9375
1385920.1875
1421825.625
1399868.0625
1392498.625
1382997.5
1369897.5
1358731.3125
1342236.625
1445878.9375
1441761.125
1459821.5
1405396.0
1344175.5
1455547.5625
1487330.0
1421856.5625
1419849.5625
1412566.3125
1475092.5
1495616.5625
1475886.5
1502022.9375
1498710.375
1499481.0625
1479340.625
1447416.3125
1416997.375
1374528.125
1379896.25
1315102.4375
1355539.3125
1359465.25
1360147.375
1412295.1875
1498123.5
1462756.125
1504569.5
1503470.0
1480682.625
1547786.0625
1583938.0625
1623437.1875
1639415.25
1593286.0
1583471.9375
1645304.6875
1640446.875
1630808.625
1558022.125
1528491.3125
1511499.4375
1510555.9375
1494342.6875
1473810.8125
1468045.5625
1474637.4375
1460742.6875
1479618.875
1362586.5
1399504.0625
1402684.0
1373900.875
1414690.25
1436365.5625
1436362.1875
1408858.0
1400425.875
1434654.0
1410121.6875
1409979.5625
1396534.4375
1388071.75
1365764.75
1288687.25
1291202.1875
1286522.8125
1299625.375
1292731.5
1289230.5
1329865.625
1346451.625
1335377.5625
1305454.4375
1316017.5
1353730.375
1335852.5
1344330.9375
1291353.25
1294920.375
1286734.4375
1357224.625
1389382.0
1353103.8125
1349561.375
1353688.0
1374804.1875
1419268.9375
1403604.125
1381840.125
1344414.9375
1335264.4375
1320632.625
1320632.625
1396155.4375
1398447.5625
1391068.5625
1402998.6875
1387437.5625
1432794.5625
1419878.0625
1371549.9375
1378146.4375
1388608.0
1361877.3125
1446304.1875
1383327.5
1378946.6875
1332216.1875
1351175.875
1346799.125
1352297.25
1331962.5
1318507.25
1265389.375
1251290.75
1237965.75
1170958.4375
1181882.9375
1151516.0625
1171650.9375
1142385.4375
1170802.125
1117812.5
1136559.8125
1229819.5
1248147.625
1277446.0
1272496.625
1267166.6875
1270839.75
1272614.4375
1236097.9375
1250420.6875
1212645.5625
1223621.5
1134176.75
1112233.9375
1086179.4375
1151440.4375
1267236.4375
1302135.0625
1264542.125
1281780.5625
1288680.1875
1336475.0
1335903.0625
1362358.875
1354681.0625
1339779.8125
1335173.8125
1275300.9375
1285823.875
1191670.1875
1179462.5
1182763.25
1233093.1875
1237948.0625
1194515.5
1169400.0625
1156577.625
1144710.8125
1134570.625
1097074.3125
1131177.875
1174310.5625
1196139.1875
1140002.125
1199409.0
1192713.125
1282969.5
1296216.75
1287195.125
1298652.125
1269976.25
1269338.625
1278958.875
1263683.6875
1272870.375
1246751.375
1228236.0
1211401.625
1156530.75
1173817.25
1158535.625
1200835.0
1158927.75
1149698.0
1130320.875
1144531.875
1143483.1875
1190889.8125
1252602.0625
1326990.5
1369662.375
1402240.25
1380342.25
1314336.5
1343926.0625
1372802.0625
1337587.8125
1259061.6875
1256086.5625
1256086.5625
1205896.5
1102099.375
1143512.875
1111789.75
1144544.1875
1193315.375
1137174.6875
1106981.6875
1125149.5625
1150058.625
1166321.875
1137907.4375
1135691.625
1108720.4375
1089216.1875
1075420.9375
1065234.5625
1089713.9375
1087106.125
1078673.875
1127680.9375
1129576.0
1080928.375
1065928.5625
1035761.25
1059962.6875
1005905.8125
989051.4375
1015849.6875
1005852.625
939786.625
978880.9375
985056.1875
1039627.3125
1079423.875
1141533.4375
1145823.875
1171838.3125
1183464.4375
1194214.0
1172773.1875
1234471.625
1290663.5
1320710.875
1315807.875
1330618.75
1344011.5625
1288703.625
1242823.75
1243726.375
1333840.25
1315403.75
1318081.25
1315606.5625
1314230.6875
1326785.375
1327318.0
1330118.3125
1353289.375
1334426.375
1331846.25
1213452.0625
1190675.5
1204264.75
1234390.5625
1227409.4375
