3600705.0
3616575.0
3662150.0
3521835.0
3280545.0
3020890.0
3050975.0
3050975.0
2980620.0
2980620.0
3220065.0
3083700.0
3083700.0
3083700.0
3083700.0
3083700.0
3083700.0
3083700.0
3083700.0
3083700.0
3083700.0
3083700.0
2707870.0
2707870.0
2707870.0
2927055.0
2927055.0
2927055.0
2927055.0
2927055.0
2840325.0
2840325.0
2720215.0
2720215.0
2714070.0
2714070.0
2714070.0
2707870.0
2707870.0
2707870.0
2707870.0
2730050.0
2707870.0
2707870.0
2707870.0
2690585.0
2690585.0
2690585.0
2690585.0
2690585.0
2690585.0
2690585.0
2690585.0
2673485.0
2673485.0
2673485.0
2673485.0
2673485.0
2673485.0
2673485.0
2675145.0
2673485.0
2673485.0
2673485.0
2673485.0
2609350.0
2609350.0
2609350.0
2609350.0
2609350.0
2609350.0
2609350.0
2609350.0
2609350.0
2609350.0
2609350.0
2639660.0
2639660.0
2639660.0
2639660.0
2639660.0
2639660.0
2639660.0
2639660.0
2639660.0
2639660.0
2639660.0
2639660.0
2639660.0
2639660.0
2639660.0
2639660.0
2639660.0
2639660.0
2639660.0
2639660.0
2639660.0
2639660.0
2639660.0
2639660.0
2624380.0
2624380.0
2624380.0
2624380.0
2624380.0
2624380.0
2624380.0
2624380.0
2624380.0
2624380.0
2624380.0
2624380.0
2678645.0
2678645.0
2678645.0
2678645.0
2678645.0
2678645.0
2678645.0
2678645.0
2678645.0
2678645.0
2678645.0
2678645.0
2678645.0
2678645.0
2678645.0
2678645.0
2678645.0
2678645.0
2678645.0
2678645.0
2746460.0
2746460.0
2678645.0
2678645.0
2678645.0
2678645.0
2678645.0
2678645.0
2678645.0
2678645.0
2678645.0
2678645.0
2678645.0
2678645.0
2678645.0
2678645.0
2678645.0
2678645.0
2678645.0
2678645.0
2678645.0
2678645.0
2678645.0
2680735.0
2680735.0
2680735.0
2680735.0
2680735.0
2680735.0
2680735.0
2680735.0
2680735.0
2680735.0
2680735.0
2680735.0
2680735.0
2680735.0
2680735.0
2680735.0
2680735.0
2680735.0
2680735.0
2680735.0
2680735.0
2680735.0
2680735.0
2680735.0
2680735.0
2629370.0
2629370.0
2629370.0
2629370.0
2629370.0
2629370.0
2629370.0
2629370.0
2629370.0
2629370.0
2629370.0
2629370.0
2629370.0
2629370.0
2629370.0
2629370.0
2629370.0
2629370.0
2629370.0
2341355.0
2341355.0
2341355.0
2341355.0
2341355.0
2341355.0
2341355.0
2341355.0
2341355.0
2341355.0
2341355.0
2341355.0
2341355.0
2341355.0
2341355.0
2341355.0
2341355.0
2341355.0
2341355.0
2341355.0
2341355.0
2341355.0
2341355.0
2341355.0
2339145.0
2339145.0
2339145.0
2339145.0
2339145.0
2339145.0
2339145.0
2339345.0
2339345.0
2339345.0
2339345.0
2341805.0
2341805.0
2398430.0
2398430.0
2364320.0
2364320.0
2364320.0
2364320.0
2364320.0
2364320.0
2339345.0
2339345.0
2339345.0
2339345.0
2399655.0
2366345.0
2366345.0
2366345.0
2366345.0
2366345.0
2339345.0
2339345.0
2339345.0
2339345.0
2339345.0
2346725.0
2346725.0
2346725.0
2346725.0
2346725.0
2346725.0
2346725.0
2346725.0
2346725.0
2346725.0
2346725.0
2346725.0
2346725.0
2346725.0
2346725.0
2346725.0
2346725.0
2346725.0
2346725.0
2346725.0
2346725.0
2339345.0
2356300.0
2356300.0
2356300.0
2449485.0
2449485.0
2356300.0
2356300.0
2356300.0
2356300.0
2356300.0
2356300.0
2356300.0
2356300.0
2356300.0
2377025.0
2377025.0
2377025.0
2377025.0
2377025.0
2377025.0
2377025.0
2377025.0
2377025.0
2377025.0
2377025.0
2377025.0
2349150.0
2349150.0
2349150.0
2349150.0
2349150.0
2349150.0
2349150.0
2349150.0
2349150.0
2349150.0
2330490.0
2330490.0
2330490.0
2330490.0
2330490.0
2330490.0
2330490.0
2347950.0
2347950.0
2347950.0
2347950.0
2330490.0
2330490.0
2330490.0
2330490.0
2330490.0
2330490.0
2330490.0
2417625.0
2330490.0
2363605.0
2330490.0
2451215.0
2330505.0
2330490.0
2330490.0
2330490.0
2330490.0
2330490.0
2330490.0
2330490.0
2330490.0
2330490.0
2340200.0
2340200.0
2340200.0
2340200.0
2340200.0
2340200.0
2340200.0
2340200.0
2340200.0
2340200.0
2365410.0
2365410.0
2365410.0
2365410.0
2365410.0
2365410.0
2365410.0
2330490.0
2330490.0
2330490.0
2330490.0
2388840.0
2388840.0
2388840.0
2388840.0
2388840.0
2388840.0
2388840.0
2388840.0
2388840.0
2388840.0
2330490.0
2330490.0
2330490.0
2330490.0
2330490.0
2330490.0
2330490.0
2342150.0
2330490.0
2330490.0
2330490.0
2330490.0
2330490.0
2330490.0
2330490.0
2330490.0
2330490.0
2347165.0
2330490.0
2330490.0
2330490.0
2330490.0
2330490.0
2330490.0
2330490.0
2330490.0
2330490.0
2330490.0
2330490.0
2327190.0
2327190.0
2327190.0
2327190.0
2327190.0
2327190.0
2327190.0
2327190.0
2327190.0
2327190.0
2327190.0
2327190.0
2327190.0
2327190.0
2327190.0
2327190.0
2327190.0
2327190.0
2327190.0
2327190.0
2369305.0
2369305.0
2349645.0
2349645.0
2349645.0
2349645.0
2430540.0
2349645.0
2349645.0
2349645.0
2349645.0
2349645.0
2349645.0
2349645.0
2321655.0
2321655.0
2321655.0
2321655.0
2321655.0
2321655.0
2321655.0
2321655.0
2321655.0
2321655.0
2321655.0
2321655.0
2321655.0
2321655.0
2321655.0
2321655.0
2321655.0
2321655.0
2321655.0
2321655.0
2321655.0
2321655.0
2321655.0
2321655.0
2321655.0
2321655.0
2321655.0
2321655.0
2321655.0
2321655.0
2321655.0
2366805.0
2321655.0
2321655.0
2321655.0
2321655.0
2321655.0
2321655.0
2321655.0
2321655.0
2321655.0
2321655.0
2321655.0
2321655.0
2321655.0
2321655.0
2321655.0
2321655.0
2321655.0
2321655.0
2321655.0
2321655.0
2321655.0
2321655.0
2321655.0
2321655.0
