1179793.0
1090549.0
1155870.0
1095288.0
1095288.0
1083600.0
1083600.0
906608.0
894074.0
875534.0
875534.0
989532.0
989532.0
989532.0
887464.0
884344.0
910814.0
910814.0
910814.0
919674.0
959528.0
959528.0
959528.0
959528.0
959528.0
910814.0
910814.0
910814.0
903636.0
903636.0
903636.0
903636.0
903636.0
903636.0
902370.0
902370.0
902370.0
902370.0
902370.0
917513.0
917513.0
917513.0
917513.0
917513.0
902370.0
902370.0
902370.0
902370.0
909934.0
909934.0
909934.0
909934.0
909934.0
909934.0
909934.0
909934.0
909934.0
909934.0
909934.0
909934.0
909934.0
909934.0
909934.0
909934.0
909934.0
909934.0
909934.0
909934.0
909934.0
925267.0
925267.0
925267.0
925267.0
925267.0
925267.0
925267.0
925267.0
909934.0
909934.0
909934.0
909934.0
909934.0
909934.0
909934.0
909934.0
909934.0
909934.0
909934.0
909934.0
909934.0
909934.0
909934.0
909934.0
909934.0
909934.0
909934.0
909934.0
909934.0
902370.0
902370.0
902370.0
902370.0
902370.0
902370.0
902370.0
902370.0
902370.0
902370.0
902370.0
902370.0
902370.0
902370.0
902370.0
902370.0
902370.0
902370.0
902370.0
902370.0
902370.0
902370.0
902370.0
902370.0
902370.0
902370.0
902370.0
902370.0
694977.0
694977.0
694977.0
694977.0
694977.0
694977.0
694977.0
694977.0
694977.0
694977.0
694977.0
694977.0
694977.0
694977.0
630130.0
630130.0
659375.0
630130.0
630130.0
630130.0
630130.0
630130.0
630130.0
630130.0
630130.0
630130.0
630130.0
630130.0
630130.0
630130.0
630130.0
630130.0
630130.0
630130.0
630130.0
630130.0
630130.0
630130.0
630130.0
630130.0
630130.0
630130.0
630130.0
630130.0
630130.0
630130.0
630130.0
630130.0
559490.0
559490.0
559490.0
559490.0
559490.0
559490.0
559490.0
559490.0
559490.0
559490.0
586741.0
586741.0
586741.0
586741.0
586741.0
586741.0
586741.0
586741.0
586741.0
586741.0
586741.0
623024.0
623024.0
623024.0
623024.0
623024.0
623024.0
623024.0
623024.0
623024.0
623024.0
623024.0
623024.0
658000.0
658000.0
658000.0
658000.0
658000.0
686091.0
709561.0
686091.0
686091.0
686091.0
686091.0
686091.0
686091.0
658000.0
658000.0
658000.0
658000.0
658000.0
658000.0
658000.0
658000.0
658000.0
658000.0
658000.0
658000.0
658000.0
658000.0
667792.0
667792.0
667792.0
658000.0
658000.0
658000.0
658000.0
658000.0
658000.0
658000.0
658000.0
658000.0
658000.0
658000.0
658000.0
658000.0
658000.0
658000.0
658000.0
658000.0
658000.0
658000.0
658000.0
658000.0
658000.0
658000.0
658000.0
658000.0
658000.0
658000.0
658000.0
658000.0
658000.0
658000.0
658000.0
658000.0
658000.0
658000.0
658000.0
658000.0
662272.0
658000.0
658000.0
658000.0
658000.0
658000.0
658000.0
658000.0
658000.0
658000.0
658000.0
658000.0
658000.0
658000.0
658000.0
658000.0
658000.0
658000.0
658000.0
658000.0
670958.0
670958.0
670958.0
670958.0
670958.0
670958.0
670958.0
670958.0
670958.0
687370.0
670958.0
670958.0
670958.0
670958.0
670958.0
670958.0
670958.0
670958.0
670958.0
670958.0
670958.0
670958.0
670958.0
670958.0
670958.0
670958.0
658000.0
658000.0
658000.0
658000.0
658000.0
658000.0
658000.0
658000.0
658000.0
658000.0
658000.0
658000.0
658000.0
658000.0
658000.0
658000.0
658000.0
662137.0
658000.0
658000.0
658000.0
658000.0
658000.0
658000.0
658000.0
658000.0
658000.0
658000.0
658000.0
658000.0
658000.0
658000.0
658000.0
658000.0
658000.0
658000.0
658000.0
658000.0
658000.0
658000.0
658000.0
658000.0
658000.0
658000.0
658000.0
658000.0
658000.0
658000.0
658000.0
658000.0
658000.0
658000.0
658000.0
658000.0
658000.0
658000.0
658000.0
658000.0
658000.0
658000.0
658000.0
658000.0
658000.0
658000.0
658000.0
658000.0
658000.0
658000.0
658000.0
658000.0
658000.0
658000.0
658000.0
658000.0
658000.0
658000.0
658000.0
658000.0
658000.0
658000.0
658000.0
658000.0
658000.0
658000.0
658000.0
658000.0
658000.0
648752.0
648752.0
718855.0
718855.0
718855.0
648752.0
648752.0
648752.0
648752.0
648752.0
648752.0
648752.0
648752.0
648752.0
648752.0
648752.0
648752.0
648752.0
648752.0
648752.0
648752.0
648752.0
648752.0
648752.0
648752.0
648752.0
648752.0
648752.0
648752.0
693648.0
693648.0
648752.0
648752.0
648752.0
584065.0
584065.0
584065.0
584065.0
584065.0
584065.0
584065.0
584065.0
584065.0
584065.0
584065.0
584065.0
584065.0
584065.0
584065.0
584065.0
567975.0
567975.0
567975.0
567975.0
567975.0
567975.0
567975.0
567975.0
567975.0
567975.0
567975.0
567975.0
567975.0
567975.0
567975.0
567975.0
567975.0
567975.0
567975.0
567975.0
567975.0
567975.0
567975.0
567975.0
567975.0
567975.0
567975.0
567975.0
567975.0
567975.0
567975.0
567975.0
567975.0
567975.0
567975.0
567975.0
567975.0
567975.0
567975.0
567975.0
567975.0
567975.0
567975.0
