1057181.0
922882.0
922882.0
922882.0
937781.0
1016390.0
1016390.0
991425.0
1010017.0
1010017.0
957598.0
977264.0
977264.0
977264.0
977264.0
977264.0
859970.0
859970.0
826995.0
848817.0
848817.0
848817.0
826995.0
814202.0
854924.0
912078.0
814102.0
814102.0
814102.0
893491.0
893491.0
798465.0
815498.0
953221.0
953221.0
817858.0
817858.0
870773.0
870773.0
817858.0
817858.0
817858.0
787070.0
787070.0
787070.0
787070.0
751828.0
729686.0
813701.0
813701.0
813701.0
774203.0
774203.0
774203.0
766868.0
766868.0
766868.0
784186.0
784186.0
841398.0
841398.0
766868.0
766868.0
766868.0
766868.0
766868.0
766868.0
753726.0
753726.0
753726.0
753726.0
732144.0
732144.0
777623.0
777623.0
777623.0
777623.0
777623.0
777623.0
777623.0
787528.0
787528.0
787528.0
787528.0
777623.0
777623.0
790349.0
790349.0
790349.0
790349.0
790349.0
777623.0
777623.0
777623.0
777623.0
780130.0
780130.0
780130.0
780130.0
780130.0
780130.0
777623.0
777623.0
777623.0
843489.0
777623.0
781058.0
777623.0
777623.0
777623.0
777623.0
777623.0
777623.0
777623.0
777623.0
777623.0
777623.0
662489.0
662489.0
662489.0
662489.0
662489.0
679769.0
679769.0
679769.0
679769.0
679769.0
679769.0
679769.0
679769.0
679769.0
679769.0
679769.0
662489.0
659505.0
659505.0
659505.0
659505.0
659505.0
659505.0
663477.0
663477.0
663477.0
663477.0
663477.0
653309.0
654039.0
654039.0
654039.0
654039.0
654039.0
663093.0
663093.0
663093.0
663093.0
663093.0
663093.0
663093.0
663093.0
665041.0
665041.0
663093.0
663093.0
654039.0
654039.0
654039.0
615680.0
615680.0
615680.0
615680.0
615680.0
615680.0
615680.0
615680.0
566826.0
612549.0
612549.0
571765.0
606393.0
606393.0
606393.0
606934.0
606393.0
606393.0
588073.0
626198.0
626198.0
590593.0
588073.0
588073.0
598400.0
588073.0
588073.0
588073.0
593075.0
587463.0
587463.0
587463.0
587463.0
587463.0
587463.0
587463.0
587463.0
587463.0
587463.0
598758.0
598758.0
598758.0
574813.0
574813.0
574813.0
574813.0
574813.0
578468.0
578468.0
583628.0
583628.0
583628.0
583628.0
583628.0
583628.0
583628.0
583628.0
583628.0
583628.0
587918.0
587918.0
587918.0
587918.0
621770.0
621770.0
621770.0
621770.0
621770.0
621770.0
621770.0
621770.0
621770.0
621770.0
621770.0
587918.0
587918.0
414593.0
427875.0
352384.0
355814.0
404819.0
400118.0
356464.0
356464.0
355294.0
355294.0
355294.0
355294.0
374543.0
355294.0
363529.0
363529.0
363529.0
363529.0
363529.0
363529.0
396925.0
363529.0
346892.0
346892.0
346892.0
346892.0
329804.0
329804.0
329804.0
329804.0
329804.0
329804.0
328124.0
328124.0
344480.0
344480.0
328124.0
328124.0
328124.0
326595.0
326595.0
326595.0
326480.0
326480.0
326480.0
326480.0
326480.0
326480.0
326480.0
326480.0
327995.0
327995.0
327995.0
327995.0
358005.0
373950.0
358005.0
358005.0
409360.0
409360.0
409360.0
409360.0
409360.0
409360.0
409360.0
409360.0
409360.0
381231.0
334830.0
334830.0
334830.0
334830.0
328610.0
328610.0
335540.0
335540.0
335540.0
343670.0
343670.0
343670.0
343670.0
343670.0
343670.0
343670.0
343670.0
363415.0
363415.0
363415.0
363415.0
343670.0
343670.0
439507.0
343670.0
356567.0
356567.0
356567.0
356567.0
356567.0
356567.0
356567.0
356567.0
356567.0
356567.0
356567.0
356567.0
356567.0
356567.0
356567.0
356567.0
356567.0
356567.0
356567.0
356567.0
356567.0
356567.0
356567.0
356567.0
380831.0
380831.0
380831.0
380831.0
380831.0
380831.0
380831.0
380831.0
380831.0
380831.0
356567.0
356567.0
356567.0
356567.0
356567.0
356567.0
356567.0
356567.0
353285.0
353745.0
353745.0
353745.0
353745.0
353745.0
353745.0
353745.0
353745.0
353745.0
376914.0
376914.0
376914.0
376914.0
376914.0
376914.0
376914.0
376914.0
376914.0
367891.0
367891.0
368075.0
368075.0
