52.585559206830695
53.250193921179935
56.116246148721785
56.179733032524915
56.254143875352234
56.254143875352234
58.15975228623969
58.94747068842917
58.94747068842917
58.94747068842917
58.94747068842917
59.76448671605951
60.655439735558424
60.655439735558424
60.655439735558424
60.806280799747206
61.48495949406307
61.52770470467698
61.52770470467698
62.63129218061775
62.63129218061775
62.63129218061775
64.78176616699044
64.78176616699044
64.78176616699044
62.930622681802866
62.930622681802866
64.83929683383629
62.930622681802866
62.930622681802866
62.930622681802866
63.187497658386725
63.770751326373436
64.35521716228513
64.35521716228513
64.51180040137095
64.51180040137095
64.58048304420001
64.58048304420001
64.51180040137095
65.96344689914706
65.96344689914706
65.96344689914706
66.27500217725783
66.7373149745179
66.7373149745179
66.7373149745179
66.7373149745179
66.7373149745179
66.96756658264752
66.96756658264752
67.03222674631716
67.19321187624455
67.19321187624455
67.19321187624455
67.19321187624455
67.19321187624455
67.19321187624455
67.19321187624455
67.19321187624455
67.19321187624455
67.37217528576024
67.86780020828327
67.19321187624455
67.19321187624455
67.19321187624455
67.19321187624455
67.19321187624455
67.45574147274151
67.45574147274151
67.78811384868388
68.01720807204208
68.01720807204208
68.01720807204208
68.01720807204208
68.01720807204208
68.01720807204208
68.01720807204208
68.01720807204208
67.80634017476122
67.80634017476122
67.80634017476122
67.80634017476122
67.80634017476122
67.93200978789591
67.93200978789591
67.93200978789591
68.06228390842175
68.06971399134149
68.15971911842118
68.15971911842118
68.15971911842118
68.15971911842118
68.15971911842118
68.15971911842118
68.15971911842118
68.15971911842118
68.15971911842118
69.62420131423555
69.62420131423555
69.62420131423555
69.62420131423555
69.62420131423555
69.62420131423555
69.62420131423555
69.62420131423555
69.62420131423555
69.62420131423555
69.62420131423555
69.58433011335535
69.58433011335535
69.59492878700705
69.59492878700705
69.59492878700705
69.59492878700705
69.59492878700705
69.91619417089424
69.91619417089424
69.91619417089424
69.91619417089424
69.91619417089424
69.59593818449767
69.59593818449767
69.59593818449767
69.59593818449767
69.59593818449767
69.59593818449767
69.6394648559072
69.6394648559072
69.6394648559072
69.92871145062853
69.92871145062853
69.92871145062853
69.92871145062853
70.17840217690403
70.17840217690403
70.17840217690403
70.17840217690403
70.17840217690403
70.17840217690403
70.17840217690403
70.17840217690403
70.17840217690403
70.17840217690403
70.17840217690403
70.17840217690403
70.17840217690403
70.17840217690403
70.16464365426361
70.16464365426361
70.16464365426361
70.16464365426361
70.16464365426361
68.99040707633849
68.99040707633849
68.4687468596121
68.4687468596121
68.4687468596121
68.4687468596121
68.4687468596121
68.4687468596121
68.4687468596121
68.4687468596121
68.4687468596121
68.4687468596121
68.4687468596121
68.13731587731027
68.13731587731027
68.48871681645262
68.48871681645262
68.48871681645262
68.48871681645262
68.41512750114399
68.41512750114399
68.41512750114399
68.68323608034034
68.68323608034034
68.68323608034034
69.01400027043614
69.01400027043614
69.01400027043614
69.01400027043614
69.01400027043614
69.01400027043614
69.01400027043614
69.01400027043614
69.01400027043614
69.02050113895217
69.02050113895217
69.02050113895217
69.02050113895217
69.02050113895217
69.02050113895217
69.02050113895217
69.01400027043614
69.01400027043614
69.01400027043614
69.01400027043614
69.01400027043614
69.01400027043614
69.01400027043614
69.01400027043614
69.01400027043614
69.01400027043614
69.01400027043614
69.01400027043614
69.01400027043614
69.01400027043614
69.01400027043614
69.01400027043614
69.52066662466133
69.52066662466133
69.52066662466133
69.01400027043614
69.01400027043614
69.36270685763617
69.36270685763617
69.36270685763617
69.36270685763617
69.36270685763617
69.36270685763617
69.50234551336058
69.50234551336058
69.90695956979852
69.90695956979852
69.90695956979852
69.90695956979852
69.90695956979852
70.12460864771533
69.52444846631509
69.52444846631509
70.03007100167284
70.03007100167284
70.03007100167284
70.03007100167284
70.03007100167284
70.03007100167284
70.03007100167284
70.2694374506783
70.2694374506783
70.43898772237534
70.43898772237534
70.43898772237534
70.43898772237534
70.43898772237534
70.34878476572287
70.34878476572287
70.34878476572287
70.47240082741475
70.47240082741475
70.47240082741475
70.47240082741475
70.47240082741475
70.56761967389518
70.47240082741475
70.47240082741475
70.47240082741475
71.47202459983063
71.47202459983063
71.47202459983063
71.47202459983063
71.47202459983063
71.47202459983063
71.47202459983063
71.47202459983063
71.3402642630339
71.3402642630339
71.3402642630339
71.3402642630339
71.3402642630339
71.3402642630339
71.3402642630339
71.59505275017925
71.3402642630339
71.53462094337144
71.53462094337144
71.53462094337144
71.53462094337144
71.53462094337144
71.53462094337144
71.53462094337144
71.62331200773554
71.7404998463587
71.7404998463587
71.7404998463587
71.7404998463587
71.7404998463587
71.7404998463587
71.7404998463587
71.53462094337144
71.62052899143951
71.53462094337144
71.58327358393936
71.58327358393936
71.58327358393936
71.58327358393936
71.58327358393936
71.58327358393936
71.58327358393936
71.58327358393936
71.63320700604324
71.58327358393936
71.58327358393936
71.58327358393936
71.69292195078255
71.58327358393936
71.58327358393936
71.98811840622758
71.98811840622758
71.98811840622758
71.98811840622758
71.98811840622758
71.98811840622758
71.98811840622758
71.98811840622758
71.98811840622758
71.98811840622758
71.98811840622758
71.98811840622758
71.98811840622758
71.98811840622758
71.86776605551572
71.68211615282188
71.68211615282188
71.68211615282188
71.61312217194569
71.61312217194569
71.61312217194569
71.61312217194569
71.60785619174433
71.60785619174433
71.60785619174433
71.60785619174433
71.60785619174433
71.60785619174433
71.41631670593056
71.41631670593056
71.41631670593056
71.30569497080815
71.30569497080815
71.30569497080815
71.30569497080815
71.30569497080815
71.30569497080815
71.30569497080815
71.17757056900435
71.17757056900435
71.17757056900435
71.17757056900435
71.17757056900435
71.17757056900435
71.17757056900435
71.15473265621439
71.15473265621439
71.15473265621439
71.15473265621439
71.15473265621439
71.15473265621439
71.15473265621439
71.15473265621439
71.31337167030206
71.31337167030206
71.31337167030206
71.31337167030206
71.31337167030206
71.2484486208556
71.2484486208556
71.2484486208556
71.37304378855075
71.37304378855075
71.37304378855075
71.61656253200861
71.37304378855075
71.37304378855075
71.37304378855075
71.37304378855075
71.37304378855075
71.00993547065451
71.1528927195759
71.1528927195759
71.1528927195759
71.1528927195759
71.1528927195759
71.1528927195759
71.1528927195759
71.1528927195759
71.1528927195759
71.43602532131212
71.43602532131212
71.43602532131212
71.43602532131212
71.43602532131212
71.43602532131212
71.43602532131212
71.28664532386723
71.28664532386723
71.30208999513955
71.45717321453716
71.46350822439946
71.46350822439946
