4620.0
4620.0
4620.0
4620.0
4620.0
4620.0
4620.0
4620.0
4620.0
4620.0
4620.0
4620.0
4620.0
4620.0
4620.0
4620.0
4620.0
4620.0
4620.0
4620.0
4620.0
4620.0
4620.0
4620.0
4620.0
4620.0
4620.0
4620.0
4620.0
4620.0
4620.0
4620.0
4620.0
4620.0
4620.0
4620.0
4620.0
4620.0
4620.0
4620.0
4620.0
4620.0
4620.0
4620.0
4620.0
4620.0
4620.0
4620.0
4620.0
4620.0
4620.0
4620.0
4620.0
4620.0
4620.0
4620.0
4620.0
4620.0
4620.0
4620.0
4620.0
4620.0
4620.0
4620.0
4620.0
4620.0
4620.0
4620.0
4620.0
4620.0
4420.0
4420.0
4420.0
4420.0
4420.0
4420.0
4420.0
4420.0
4420.0
4420.0
4420.0
4420.0
4420.0
4420.0
4420.0
4420.0
4420.0
4420.0
4420.0
4420.0
4420.0
4420.0
4420.0
4420.0
4420.0
4420.0
4420.0
4420.0
4420.0
4420.0
4420.0
4420.0
4420.0
4420.0
4420.0
4420.0
4420.0
4420.0
4420.0
4420.0
4420.0
4420.0
4420.0
4420.0
4420.0
4420.0
4420.0
4420.0
4420.0
4420.0
4420.0
4420.0
4420.0
4420.0
4420.0
4420.0
4420.0
4420.0
4420.0
4420.0
4420.0
4420.0
4420.0
4420.0
4420.0
4420.0
4420.0
4420.0
4420.0
4420.0
4920.0
4920.0
4920.0
4920.0
4920.0
4920.0
4920.0
4920.0
4920.0
4920.0
4920.0
4920.0
4920.0
4920.0
4920.0
4920.0
4920.0
4920.0
4920.0
4920.0
4920.0
4920.0
4920.0
4920.0
4920.0
4920.0
4920.0
4920.0
4920.0
4920.0
4920.0
4920.0
4920.0
4920.0
4920.0
4920.0
4920.0
4920.0
4920.0
4920.0
4920.0
4920.0
4920.0
4920.0
4920.0
4920.0
4920.0
4920.0
4920.0
4920.0
4920.0
4720.0
4720.0
4720.0
4720.0
4720.0
4720.0
4720.0
4720.0
4720.0
