28.722280887011614
28.722280887011614
30.178108044350083
30.181056853031375
30.58782118972193
30.597734393829835
31.658230899011805
31.162477832813554
31.658230899011805
30.465172330682094
31.658230899011805
31.658230899011805
31.658230899011805
31.658230899011805
32.30477737176884
32.315015666425644
32.315015666425644
32.622318630995416
32.74282959749337
32.74282959749337
32.74282959749337
32.74282959749337
32.74282959749337
33.46866964406551
33.46866964406551
33.46866964406551
33.46866964406551
33.46866964406551
49.86628462273162
49.86628462273162
39.455475330926596
48.63678804855275
48.63678804855275
48.63678804855275
48.63678804855275
48.63678804855275
48.63678804855275
41.490311634967405
48.63678804855275
48.63678804855275
48.63678804855275
48.63678804855275
48.63678804855275
48.63678804855275
48.63678804855275
48.63678804855275
49.86628462273162
49.86628462273162
49.86628462273162
49.86628462273162
49.86628462273162
49.86628462273162
49.86628462273162
49.86628462273162
49.86628462273162
49.86628462273162
49.86628462273162
49.86628462273162
50.152817574021014
50.152817574021014
50.152817574021014
50.152817574021014
50.152817574021014
50.152817574021014
50.152817574021014
50.152817574021014
50.152817574021014
50.152817574021014
50.152817574021014
50.152817574021014
48.34251101321586
48.34251101321586
48.34251101321586
48.34251101321586
48.34251101321586
48.34251101321586
48.34251101321586
48.34251101321586
48.34251101321586
48.34251101321586
48.34251101321586
48.34251101321586
48.34251101321586
48.34251101321586
48.34251101321586
48.34251101321586
48.34251101321586
48.34251101321586
48.34251101321586
48.34251101321586
48.34251101321586
48.34251101321586
48.34251101321586
48.34251101321586
48.34251101321586
48.34251101321586
48.34251101321586
48.34251101321586
48.34251101321586
48.34251101321586
48.34251101321586
48.34251101321586
48.34251101321586
48.34251101321586
48.34251101321586
48.34251101321586
48.34251101321586
48.34251101321586
48.34251101321586
48.34251101321586
48.34251101321586
48.34251101321586
48.34251101321586
48.34251101321586
48.34251101321586
48.34251101321586
48.34251101321586
48.34251101321586
48.34251101321586
48.34251101321586
48.34251101321586
48.34251101321586
48.34251101321586
48.34251101321586
48.34251101321586
48.34251101321586
48.34251101321586
48.34251101321586
48.34251101321586
48.34251101321586
48.34251101321586
48.34251101321586
48.34251101321586
48.34251101321586
48.34251101321586
48.34251101321586
51.88951663527935
51.88951663527935
51.88951663527935
51.88951663527935
49.39167556029882
52.29455709711847
52.29455709711847
52.29455709711847
52.29455709711847
52.29455709711847
52.29455709711847
52.29455709711847
52.29455709711847
52.29455709711847
52.29455709711847
52.29455709711847
52.29455709711847
52.29455709711847
52.29455709711847
52.29455709711847
52.29455709711847
52.29455709711847
52.29455709711847
52.29455709711847
52.29455709711847
52.29455709711847
52.29455709711847
52.29455709711847
52.29455709711847
52.29455709711847
52.29455709711847
52.29455709711847
52.29455709711847
52.29455709711847
52.29455709711847
52.29455709711847
52.29455709711847
52.29455709711847
52.29455709711847
52.29455709711847
52.29455709711847
52.29455709711847
52.29455709711847
52.29455709711847
52.29455709711847
52.29455709711847
52.29455709711847
52.29455709711847
52.29455709711847
52.29455709711847
52.29455709711847
52.29455709711847
52.29455709711847
52.29455709711847
52.29455709711847
50.222088835534215
50.222088835534215
50.222088835534215
50.222088835534215
50.222088835534215
50.222088835534215
50.222088835534215
50.222088835534215
50.222088835534215
