35965.1875
34882.5
30482.5625
30624.9375
29180.9375
28213.8125
29683.0
28668.1875
32133.875
30003.125
31348.25
31034.625
33115.375
31242.75
32889.125
37330.25
35449.0
33518.5
34269.9375
34465.9375
36089.6875
37040.375
36867.0625
37446.8125
37642.5
36664.3125
37683.375
38626.6875
41845.375
41844.6875
40540.0
40430.6875
41385.875
42617.375
43979.8125
43071.8125
37080.9375
36242.3125
37889.4375
37745.0
37266.5
37065.6875
37276.125
35473.125
35214.625
34924.625
37067.75
36241.0
36566.0
35576.75
35305.75
35670.125
36706.875
36796.5
36081.625
35108.0
35506.625
35312.25
36721.625
36698.25
35753.375
36498.125
38489.375
37879.125
38293.875
38114.125
38545.0
36396.875
36264.0
36900.75
36407.25
36337.25
36316.75
36374.375
36511.875
36945.375
37067.4375
36084.8125
37080.125
37098.125
35316.25
35994.5625
35405.3125
33747.0625
33879.5625
33253.3125
34278.125
33809.375
33069.0625
34400.5625
35349.8125
34642.125
33986.125
33035.875
34368.125
35593.8125
33363.5625
34744.8125
35381.0625
33908.3125
33773.0625
32849.875
32795.625
34521.9375
33499.9375
32709.6875
33097.0625
33829.0625
34835.5625
34671.625
34420.3125
33721.75
33803.5625
32389.4375
31372.8125
29307.3125
31039.8125
31527.3125
31593.8125
32838.0625
32396.375
31805.625
32292.625
33337.5625
33787.0625
34128.375
33096.6875
31291.0
31756.9375
31727.0
31733.5
32057.25
33072.0
33329.25
32648.75
38448.0
39191.5
38536.25
38015.75
36532.0
35945.25
34976.75
33247.75
33908.0
34019.75
31853.5
31902.8125
31425.3125
32337.0625
34555.5625
33641.8125
34021.5625
34394.8125
33711.875
35023.0625
36711.25
37535.3125
39162.625
37885.4375
36678.9375
37134.1875
38153.1875
36887.625
36937.125
37368.875
35329.25
33765.75
35121.1875
34981.75
35852.5
34249.0625
33498.3125
32879.625
33282.5
33325.25
33972.3125
36862.75
37617.0625
37005.0625
37579.5
37205.0
37726.6875
36471.1875
35474.1875
35288.9375
36185.6875
36165.4375
33678.6875
33671.1875
35176.1875
35321.625
34921.375
33749.125
35936.0625
33849.625
33563.375
35830.875
35371.875
33803.375
32951.125
