49.19854280510018
58.25617283950617
58.25617283950617
59.82599795291709
62.00923787528868
65.31466512702079
65.31466512702079
65.31466512702079
65.43173862310385
65.8450704225352
65.94776995305165
66.05247641509433
66.05247641509433
66.05247641509433
66.05247641509433
66.2190082644628
66.2190082644628
66.79936305732485
66.2190082644628
66.2190082644628
66.2190082644628
66.2190082644628
66.2190082644628
66.2190082644628
66.2190082644628
66.2190082644628
66.2190082644628
67.15581643543223
67.15581643543223
67.15581643543223
67.15581643543223
67.15581643543223
67.15581643543223
67.15581643543223
67.15581643543223
67.15581643543223
67.15581643543223
67.15581643543223
67.15581643543223
67.15581643543223
67.15581643543223
67.15581643543223
67.15581643543223
67.15581643543223
67.15581643543223
67.15581643543223
67.15581643543223
67.15581643543223
67.15581643543223
67.15581643543223
67.15581643543223
67.15581643543223
67.15581643543223
67.15581643543223
67.15581643543223
67.15581643543223
67.15581643543223
67.15581643543223
67.15581643543223
67.15581643543223
67.15581643543223
67.15581643543223
67.15581643543223
67.15581643543223
67.15581643543223
67.15581643543223
67.15581643543223
67.15581643543223
67.15581643543223
67.15581643543223
67.15581643543223
67.15581643543223
67.15581643543223
67.15581643543223
67.15581643543223
67.15581643543223
67.15581643543223
67.15581643543223
67.15581643543223
67.15581643543223
67.15581643543223
67.15581643543223
67.15581643543223
67.15581643543223
67.15581643543223
67.15581643543223
67.15581643543223
67.15581643543223
67.15581643543223
67.15581643543223
67.15581643543223
67.15581643543223
67.15581643543223
67.15581643543223
67.15581643543223
67.15581643543223
67.15581643543223
67.15581643543223
67.15581643543223
67.15581643543223
67.15581643543223
67.15581643543223
67.15581643543223
67.15581643543223
67.15581643543223
67.15581643543223
67.15581643543223
67.15581643543223
67.15581643543223
67.15581643543223
67.15581643543223
67.15581643543223
67.15581643543223
67.15581643543223
67.15581643543223
67.15581643543223
67.15581643543223
67.15581643543223
67.15581643543223
67.15581643543223
67.15581643543223
67.15581643543223
67.15581643543223
67.15581643543223
67.15581643543223
67.15581643543223
67.15581643543223
67.15581643543223
67.15581643543223
67.15581643543223
67.15581643543223
67.15581643543223
67.15581643543223
67.15581643543223
67.15581643543223
67.15581643543223
67.15581643543223
67.15581643543223
67.15581643543223
67.15581643543223
67.15581643543223
67.15581643543223
67.15581643543223
67.15581643543223
67.15581643543223
67.15581643543223
67.15581643543223
67.15581643543223
67.15581643543223
67.15581643543223
67.15581643543223
67.15581643543223
67.15581643543223
67.15581643543223
67.15581643543223
67.15581643543223
67.15581643543223
67.15581643543223
67.15581643543223
67.15581643543223
67.15581643543223
67.15581643543223
67.15581643543223
67.15581643543223
67.15581643543223
67.15581643543223
67.15581643543223
67.15581643543223
67.15581643543223
67.15581643543223
67.15581643543223
67.15581643543223
67.15581643543223
67.15581643543223
67.15581643543223
67.15581643543223
67.15581643543223
67.15581643543223
67.15581643543223
67.15581643543223
67.15581643543223
67.15581643543223
67.15581643543223
67.15581643543223
67.15581643543223
67.15581643543223
67.15581643543223
67.15581643543223
67.15581643543223
67.15581643543223
67.15581643543223
67.15581643543223
67.15581643543223
67.15581643543223
67.15581643543223
67.15581643543223
67.15581643543223
67.15581643543223
67.15581643543223
67.15581643543223
