731996.625
697850.6125
644544.7875
593807.1
587510.2375
568454.0625
560740.5125
539659.3625
539896.6
520755.05
513475.9375
521108.35
507381.775
498712.575
493741.4375
482964.3875
473043.2
459680.8625
459454.075
444951.2375
416513.7
419132.6375
402536.4875
394787.225
370266.15
365101.8375
364297.55
343450.8875
340246.375
319747.3625
311276.775
326542.6375
324983.1625
311093.525
322761.7125
284401.675
285939.9125
296321.4875
296051.9125
290924.9875
307318.6375
301435.2125
281742.975
274563.3375
285298.2375
279814.7625
264288.65
268768.6375
241265.0875
244621.9125
249674.6
253097.6375
263558.0875
250178.7625
254250.7125
257129.9125
253603.2875
255932.2
249765.4125
244046.725
242837.85
254836.9625
263088.925
265974.175
258496.5
259030.725
259030.725
247179.1375
257155.7
258741.8125
257704.5
273048.075
262837.1375
259432.0125
259846.7375
240256.6375
237310.9375
243951.2625
237149.1625
249981.1375
250447.9875
263389.2875
286458.275
289366.7
276591.7
283213.6125
259658.475
233268.925
225739.7625
221213.625
227835.0
239093.725
240202.9125
229676.95
236246.525
224443.775
221997.05
209815.125
212560.825
212485.125
205103.7
194526.125
205419.1875
204087.475
197832.8125
197567.6125
189324.075
172377.225
174072.8625
173833.85
173757.175
174896.6375
173691.65
163581.65
166775.975
169153.85
177178.9
173072.225
177394.975
174206.6125
171184.6875
174688.0
166386.875
156885.8
152080.5125
154882.9
158373.9375
158958.1875
160660.175
160341.0625
157181.025
154234.275
155332.2375
154944.475
136594.1125
140476.6125
140596.825
139452.2875
137393.125
137190.1125
135127.125
130894.325
120204.55
118056.9
119989.1375
117228.4875
117228.4875
114330.7125
114563.075
113831.6375
119315.075
119315.075
125940.7875
120494.3875
118984.55
124228.0125
124126.525
127222.75
124686.5
126479.2125
124401.45
125619.35
128747.425
129593.2375
126465.0625
125924.2375
126059.1875
126059.1875
126059.1875
131757.325
131970.4125
135041.1
134828.725
140527.575
140527.575
139214.4375
139214.4375
139214.4375
136119.0625
139165.8875
133052.8375
141518.5
127577.475
130191.95
121443.325
121697.9
123444.8625
123662.425
121053.55
119828.3625
123982.2625
123479.2375
123591.925
126328.15
129796.6125
124123.95
123894.0375
124543.075
130607.7875
130607.7875
129836.775
129739.9625
128757.3875
133616.925
129340.775
127918.6875
133436.6
126511.7375
126285.0125
120659.5625
118343.2125
117427.2125
117385.8375
116137.2625
116137.2625
113943.675
114336.8875
114301.0125
120986.7125
122021.3125
122301.2
115036.2375
105350.975
105524.425
101088.2125
100665.3875
96260.6
96075.6125
96210.775
97244.3125
95693.225
97190.8625
103869.95
109046.275
107082.675
103258.375
107462.9125
94411.1625
94455.6625
94455.6625
94455.6625
93880.7
89204.0625
90333.6875
88938.775
88963.0125
88554.125
88225.0375
87193.7625
86685.625
86685.625
83275.275
82994.8625
82989.25
81681.4375
76801.8875
82719.425
82719.425
75851.2875
75851.2875
75851.2875
72991.1625
76486.875
83203.2125
85585.325
85585.325
92492.625
85257.6625
85319.975
86723.0625
99169.225
99114.2875
98944.3875
89169.7875
87567.925
87064.4625
89464.75
86756.475
86756.475
86834.6125
86834.6125
89223.9375
88914.4125
77830.0375
76625.9125
81035.3375
76425.1125
76425.1125
76425.1125
74521.3625
74521.3625
64807.4375
64805.5625
64934.025
65220.375
65190.9375
65226.6375
57966.7125
64712.0875
64642.65
64657.0875
62940.4125
65305.9625
66271.6625
69946.125
69946.125
68861.9875
76859.2875
76872.775
76550.875
78837.75
87771.5875
90868.85
90615.7625
89353.1
89353.1
89307.8
96042.8625
81604.5125
82765.2
85552.25
79139.5125
83820.8125
88232.0
88226.575
88228.575
90881.65
89774.85
90556.05
97131.8
92600.4
92595.9
99228.9625
98580.0625
98196.2875
98206.6625
88886.75
81426.7625
76012.6
74497.1
63712.025
66471.9125
70437.55
74949.9
78732.5375
79209.1
79276.7
85540.7875
85540.7875
85540.7875
86939.7125
77154.05
77161.6125
77197.875
74686.65
74686.65
78747.975
78747.975
71405.275
71219.85
84768.5875
84784.0875
81654.7875
84485.8625
84564.4625
86255.0375
89264.1625
91526.3625
86327.675
96988.9
107480.575
107385.2125
100631.45
94205.95
97832.7625
97832.7625
101603.2375
98760.7125
100402.8875
108309.15
111396.2125
112281.7875
119405.075
119174.975
119155.6
111877.1625
111877.1625
111877.1625
111877.1625
111877.1625
111899.2375
111862.05
111862.05
111899.9875
118622.075
117847.1625
117847.1625
114621.65
114621.65
123991.5125
123967.2625
123967.2625
129422.475
129422.475
129411.1
129411.1
135609.55
135609.55
135588.1125
135588.1125
131218.1
131198.05
131198.05
124806.7
124806.7
124806.7
124817.3125
124817.3125
124817.3125
117146.85
124349.3875
118096.9875
118096.9875
118092.3125
123689.7125
119404.3375
119404.3375
118002.8625
124958.45
123217.7125
123210.9125
123210.9125
127147.1875
127147.1875
131459.975
131459.975
131459.975
131399.85
136490.5375
139660.05
132807.9625
132807.9625
129611.175
122732.3375
122599.275
120025.15
120025.15
120059.3625
120059.3625
128481.775
116319.8
121591.825
121591.825
128529.3375
128529.3375
128529.3375
128529.3375
135002.825
128553.7875
131362.3
131362.3
135393.05
135393.05
154356.075
154356.075
154054.3
154054.3
154003.4375
154003.4375
147044.375
146386.8875
152599.425
159591.2875
156667.95
156649.075
156612.65
156593.8375
156344.2125
149118.65
149150.2125
145541.2625
145598.0
145586.175
145570.95
150055.9125
150055.9125
150055.9125
154906.5125
154906.5125
154906.5125
154906.5125
155581.125
159037.475
159037.475
159037.475
159037.475
163781.2
163485.2375
163485.2375
163485.2375
