55.58242771105693
55.58242771105693
55.58242771105693
55.97978583290386
55.97978583290386
55.97978583290386
55.97978583290386
55.97978583290386
55.97978583290386
55.97978583290386
58.03308981521272
58.03308981521272
58.03308981521272
58.03308981521272
58.03308981521272
58.03308981521272
58.03308981521272
58.03308981521272
58.29071020064986
58.29071020064986
58.29071020064986
58.29071020064986
60.859601459571905
60.859601459571905
60.859601459571905
60.859601459571905
60.859601459571905
60.859601459571905
60.859601459571905
60.859601459571905
60.859601459571905
60.859601459571905
60.859601459571905
61.60666239590006
61.60666239590006
61.60666239590006
61.60666239590006
61.60666239590006
61.60666239590006
61.751060906466314
61.751060906466314
61.751060906466314
61.751060906466314
61.751060906466314
61.751060906466314
61.751060906466314
61.751060906466314
61.751060906466314
61.751060906466314
61.994194497393174
61.994194497393174
61.994194497393174
61.994194497393174
61.994194497393174
61.994194497393174
61.994194497393174
61.994194497393174
61.994194497393174
61.994194497393174
61.994194497393174
61.994194497393174
61.994194497393174
61.994194497393174
62.20781147349906
62.44668945282961
62.507612377726176
62.507612377726176
62.507612377726176
62.507612377726176
62.77869934972056
62.77869934972056
62.77869934972056
63.53543275560362
63.53543275560362
63.53543275560362
63.53543275560362
63.53543275560362
63.53543275560362
64.09835651712909
64.09835651712909
64.09835651712909
64.09835651712909
64.09835651712909
64.09835651712909
64.09835651712909
64.09835651712909
64.8872004914083
64.8872004914083
64.8872004914083
64.8872004914083
64.8872004914083
64.8872004914083
64.8872004914083
64.8872004914083
64.8872004914083
64.8872004914083
64.8872004914083
64.8872004914083
64.8872004914083
64.8872004914083
64.8872004914083
64.8872004914083
64.8872004914083
64.8872004914083
64.8872004914083
64.8872004914083
64.8872004914083
64.8872004914083
64.8872004914083
64.8872004914083
64.8872004914083
64.8872004914083
64.8872004914083
64.8872004914083
64.8872004914083
64.8872004914083
64.8872004914083
64.8872004914083
64.8872004914083
64.8872004914083
64.8872004914083
64.8872004914083
64.8872004914083
64.8872004914083
64.8872004914083
64.8872004914083
64.8872004914083
64.8872004914083
64.8872004914083
64.8872004914083
64.8872004914083
64.8872004914083
64.8872004914083
64.8872004914083
64.8872004914083
64.8872004914083
64.8872004914083
64.8872004914083
64.8872004914083
64.8872004914083
64.8872004914083
64.8872004914083
64.8872004914083
64.8872004914083
64.8872004914083
64.8872004914083
64.8872004914083
64.8872004914083
64.8872004914083
64.8872004914083
64.8872004914083
64.8872004914083
64.8872004914083
64.8872004914083
64.8872004914083
64.8872004914083
64.8872004914083
64.8872004914083
64.8872004914083
65.1236526444744
65.1236526444744
65.1236526444744
65.1236526444744
65.1236526444744
65.1236526444744
65.1236526444744
65.1236526444744
65.1236526444744
65.1236526444744
65.1236526444744
65.1236526444744
65.1236526444744
65.1236526444744
65.1236526444744
65.1236526444744
65.1236526444744
65.1236526444744
65.1236526444744
65.1236526444744
65.1236526444744
65.1236526444744
65.1236526444744
65.24128865520008
65.24128865520008
65.24128865520008
65.24128865520008
65.24128865520008
65.24128865520008
65.24128865520008
65.24128865520008
65.24128865520008
65.24128865520008
65.24128865520008
65.24128865520008
65.24128865520008
65.24128865520008
65.24128865520008
65.24128865520008
65.24128865520008
65.24128865520008
65.24128865520008
65.24128865520008
65.24128865520008
65.24128865520008
65.24128865520008
65.24128865520008
65.24128865520008
65.24128865520008
65.24128865520008
65.24128865520008
65.24128865520008
65.24128865520008
65.24128865520008
65.24128865520008
65.24128865520008
65.24128865520008
65.24128865520008
65.24128865520008
65.24128865520008
65.24128865520008
65.24128865520008
65.24128865520008
65.49304874788344
65.49304874788344
65.49304874788344
65.49304874788344
65.49304874788344
65.49304874788344
65.49304874788344
65.49304874788344
65.49304874788344
65.49304874788344
65.49304874788344
65.49304874788344
65.49304874788344
65.49304874788344
65.49304874788344
65.49304874788344
65.49304874788344
65.49304874788344
65.49304874788344
65.49304874788344
65.49304874788344
65.51686856185907
65.51686856185907
65.51686856185907
65.51686856185907
65.51686856185907
65.51686856185907
65.51686856185907
65.51686856185907
65.51686856185907
65.51686856185907
65.51686856185907
65.51686856185907
65.51686856185907
65.51686856185907
65.51686856185907
65.51686856185907
65.51686856185907
65.51686856185907
65.51686856185907
65.51686856185907
65.51686856185907
65.51686856185907
65.51686856185907
65.51686856185907
65.51686856185907
65.51686856185907
65.51686856185907
65.51686856185907
65.51686856185907
65.51686856185907
65.94530562200681
65.94530562200681
65.94530562200681
65.94530562200681
65.94530562200681
65.94530562200681
65.94530562200681
65.94530562200681
65.94530562200681
65.94530562200681
65.94530562200681
65.94530562200681
66.32913613423649
66.32913613423649
66.32913613423649
66.32913613423649
66.54350603395189
66.54350603395189
66.54350603395189
66.54350603395189
66.54350603395189
66.54350603395189
66.54350603395189
66.54350603395189
66.54350603395189
66.54350603395189
66.54350603395189
66.54350603395189
66.54350603395189
66.54350603395189
66.54350603395189
66.54350603395189
66.54350603395189
66.54350603395189
66.54350603395189
66.54350603395189
66.54350603395189
67.52305149817475
67.52305149817475
67.52305149817475
67.52305149817475
67.52305149817475
67.52305149817475
67.52305149817475
67.52305149817475
67.52305149817475
67.52305149817475
67.52305149817475
67.52305149817475
67.52305149817475
67.52305149817475
67.52305149817475
67.52305149817475
67.52305149817475
67.52305149817475
67.52305149817475
67.52305149817475
67.52305149817475
67.52305149817475
67.52305149817475
67.52305149817475
67.52305149817475
67.52305149817475
67.52305149817475
67.52305149817475
67.52305149817475
67.52305149817475
67.52305149817475
67.68366812553772
67.68366812553772
67.68366812553772
67.68366812553772
67.68366812553772
67.68366812553772
67.68366812553772
67.68366812553772
67.68366812553772
67.68366812553772
67.68366812553772
67.68366812553772
67.68366812553772
67.68366812553772
67.68366812553772
67.68366812553772
67.68366812553772
67.68366812553772
67.68366812553772
67.79017857142858
67.79017857142858
67.79017857142858
67.79017857142858
67.79017857142858
67.79017857142858
67.79017857142858
67.79017857142858
67.79017857142858
67.79017857142858
67.79017857142858
67.79017857142858
67.79017857142858
67.79017857142858
68.37689616643816
68.37689616643816
68.37689616643816
68.37689616643816
68.37689616643816
68.37689616643816
68.37689616643816
68.37689616643816
68.37689616643816
68.37689616643816
68.37689616643816
68.37689616643816
68.37689616643816
68.37689616643816
68.37689616643816
68.37689616643816
68.37689616643816
68.37689616643816
68.37689616643816
68.37689616643816
68.37689616643816
68.37689616643816
68.37689616643816
68.37689616643816
68.37689616643816
68.37689616643816
68.37689616643816
68.37689616643816
68.37689616643816
68.37689616643816
68.37689616643816
68.37689616643816
68.37689616643816
68.37689616643816
68.37689616643816
68.37689616643816
68.37689616643816
68.37689616643816
68.37689616643816
68.37689616643816
68.37689616643816
68.37689616643816
68.37689616643816
68.37689616643816
68.37689616643816
68.37689616643816
68.37689616643816
68.37689616643816
68.37689616643816
68.37689616643816
68.37689616643816
68.37689616643816
68.37689616643816
68.37689616643816
68.37689616643816
68.37689616643816
68.37689616643816
68.37689616643816
68.37689616643816
68.37689616643816
68.37689616643816
68.37689616643816
68.37689616643816
68.37689616643816
68.3914342629482
68.3914342629482
68.3914342629482
68.3914342629482
68.3914342629482
68.3914342629482
68.3914342629482
68.3914342629482
68.3914342629482
68.3914342629482
68.3914342629482
68.52366197594158
68.52366197594158
68.52366197594158
68.52366197594158
68.8274223655184
68.8274223655184
68.8274223655184
68.8274223655184
68.8274223655184
68.8274223655184
68.8274223655184
68.8274223655184
68.8274223655184
68.8274223655184
68.889398403809
68.889398403809
68.889398403809
68.889398403809
68.889398403809
68.889398403809
68.889398403809
68.889398403809
69.00504599338468
69.00504599338468
69.00504599338468
69.00504599338468
69.00504599338468
69.00504599338468
69.00504599338468
69.00504599338468
69.00504599338468
69.00504599338468
69.00504599338468
69.00504599338468
69.00504599338468
69.00504599338468
69.00504599338468
69.00504599338468
69.00504599338468
69.00504599338468
69.00504599338468
69.00504599338468
69.00504599338468
69.00504599338468
69.00504599338468
69.00504599338468
69.00504599338468
69.00504599338468
69.00504599338468
69.00504599338468
69.00504599338468
