47.02366191858566
48.477895104789596
48.449202731734964
48.90214071284792
49.55123054251498
49.79236020557858
50.16920692462458
50.329600425863106
50.76577534320434
50.703726152381954
50.81204235523088
51.787086723246354
52.36759185116638
52.65596909148779
52.83115652535088
52.97337259632265
53.14752016168482
53.16203175166163
53.387044314045454
53.60676065412804
53.966018853665005
54.050924211246866
54.13170342273586
54.35372106458531
54.10319915889952
54.156104568867235
54.38479776983288
54.48882920045163
54.80511563857503
54.50468602861677
54.31911919577442
54.90322806303975
55.151584390818776
55.11504079685507
55.35626845897747
55.00401179102079
55.26474625968403
55.93721487378291
56.157501473441094
56.315158325933034
56.59743390217034
56.72593718043869
56.53202428671106
56.47426985695097
56.68868696388601
56.72815581658109
56.67086226714067
56.771454694470904
56.53434593227058
56.703870747356845
56.787804761918814
56.962219409438134
57.140715130874426
57.08628994257232
57.23477040612486
57.39014516764979
57.473433120521136
57.561689969690896
57.53887502427917
57.69923216915536
57.77730437826909
57.99744019237723
58.13585518892491
58.39982764978845
58.45186818519447
58.53822604507964
58.53822604507964
58.459606130898045
58.62479500350074
58.68707288359324
58.68981862311436
58.9499959440591
58.91965387055306
58.99690396581349
59.03580524544439
58.86452190145506
58.86111386126694
58.98225142792518
59.031252398771855
59.28902200495317
59.39108880900337
59.556473571952225
59.81431104009313
60.022805086443405
60.03025904858331
60.11575976133563
60.06967629549793
59.794518147684094
59.98545164932106
60.049127381949006
60.120702921364966
60.30714095353492
60.56043321504866
60.531652122845045
60.625837238600695
60.580392848460335
60.61039042304748
60.60337753770826
60.713192480840874
60.81540370249976
60.778982764750026
60.83548993924294
61.08524531836224
61.15328499887171
61.18543254911951
61.2663877654061
61.25881508467862
61.27187819513699
61.35516327177446
61.42930132330506
61.4295747870435
61.49683113949535
61.63189231620187
61.50777366087899
61.6066417792362
61.6839547019561
61.88151522348968
62.01484945807958
62.11552539344846
62.182943300258216
62.17885592582636
62.22489365731565
62.25950647598394
62.21789303860352
62.21969168172576
62.28851278695221
62.38760195507602
62.458227975194475
62.43790428257017
62.45260269598172
62.48759476094587
62.46387460961661
62.46556461563775
62.52833894364869
62.499224410977455
62.55340474154862
62.55736651496544
62.572006050713256
62.58503450095776
62.59041216375912
62.61806456219102
62.61175055731064
62.38595139976621
62.53824167655324
62.56840173704851
62.55401599496298
62.55401599496298
62.52883831747473
62.57173755832531
62.56649831764973
62.63862861019245
62.63862861019245
62.68551147782542
62.67824392926563
62.67995251747347
62.7182923297142
62.72586721261225
62.793082779751124
62.76738679193873
62.801917248673455
62.79137071752789
62.86656411941463
62.878446754215204
62.93919666864845
62.91805022100992
62.94553178266341
62.976071476372326
62.976071476372326
62.976071476372326
63.06272935081675
63.07632746454217
63.11539874459739
63.11893984509796
63.181244938311785
63.181244938311785
63.18220836593209
63.18220836593207
63.18220836593209
63.18305364421735
63.210636928925155
63.16178152734678
63.23092671765143
62.99868188027864
63.0300214927084
63.046039449762915
63.08012024280136
63.10557557509162
63.13526595112677
63.137992895249646
63.100389691842054
63.131330074428945
63.12598443878809
63.13254370018787
63.157407433342215
63.15919939059229
63.11691257667026
63.12463387325372
63.164409102230856
63.22634145612618
63.242018020471086
63.22442252592797
63.24664821565328
63.09843847720422
63.26407969655916
63.26285917368368
63.25530935207992
63.297001265825074
63.27567525160763
63.28240460542723
63.2818502655374
63.25388009074529
63.263587984533004
63.291545800416976
63.28332966187471
63.28745532206157
63.28658876735958
63.38551380070445
63.38698281895235
63.46969022910976
63.48445250097909
63.516085255704525
63.47097633644309
63.1508744204187
63.392510064159204
63.365237983966416
63.373981121601744
63.355775250206555
63.36821443321607
63.37313268616016
63.41107163247831
63.403179369092676
63.495000415222286
63.586189737778604
63.65889715236856
63.70885348349856
63.70970847068436
63.73763300643835
63.66147109869303
63.675901080966185
63.675901080966206
63.675901080966206
63.66741696929987
63.6085434087905
63.641906507465464
63.635950213765454
63.6508724537588
63.666744490662914
63.675974895595246
63.67010633848206
63.69956596553929
63.69956596553929
63.68346469365372
63.66196777523463
63.66169674355071
63.6651140651888
63.67252737652326
63.70204222235301
63.70204222235301
63.708800652265
63.708800652265
63.708800652265
63.697161132893996
63.70274901367198
63.67413808223755
63.693643592225975
63.693643592225975
63.75992135798526
63.73894734198926
63.781496395583055
63.79752834891116
63.77205999060126
63.85266563898516
63.861258393399474
63.874930059868824
63.864400116954336
63.84139331102118
63.88318631789207
63.92141518502024
63.92141518502024
63.943219972467844
63.95659376822147
63.97461172499891
63.962001893930235
63.92910892380422
63.923248343320054
64.02536116558056
64.03037043980767
64.03037043980767
64.03037043980767
64.04794695202607
64.04794695202607
63.97135394218232
63.97750354344563
63.983314955632125
63.99320603659637
63.98585737060155
64.01616113217511
63.96202301974705
64.0172138705619
64.00561208503527
64.05734804547684
64.06907295817982
64.06000707735
64.07046649003941
64.07790901323628
64.07790901323628
64.12550676310562
64.20732857793364
64.2073402945114
64.2154308978397
64.28353709917387
64.30859230572506
64.33603913352141
64.36246926299928
64.37629187773857
64.37629187773857
64.36766260417406
64.4181009007506
64.40790169626493
64.431558983808
64.44854960006225
64.40045585745905
64.5109982290826
64.61055551430435
64.60869155986366
64.62092913820554
64.65361359178469
64.7127746393579
64.76622862018478
64.80019375733178
64.79384660264984
64.87420459452397
64.87935987685034
64.94524184504357
64.93543437997818
64.95319514273764
64.86304421097856
64.94845620014942
64.97343337770967
65.02489649455798
64.98185872451793
65.0660049905764
65.11763492494791
65.17376103713808
65.24307915348508
65.26219748102382
65.27856807748152
65.2877527996614
65.2877527996614
65.2877527996614
65.31113750612847
65.33009989869745
65.34279612707412
65.3578070893827
65.39725214210722
65.39725214210722
65.42075436433421
65.42075436433421
65.41145646125544
65.30479087953024
65.43632788460148
65.46416970854744
65.51563113338781
65.54140370975519
65.54632654221255
65.6051447581626
65.62669028185613
65.66650431597715
65.65923740359781
65.71450460014084
65.78100424025283
65.71426562918757
65.79837249351017
65.78193185416373
65.8103295378629
65.8103295378629
65.83915541146551
65.85364658055099
65.86034647499365
65.89706928435257
65.92658661789632
65.98539864105837
66.00610040195589
65.93598564282578
65.94227254634886
66.03622199148536
66.03622199148536
66.03622199148536
66.03622199148536
66.03978522339845
66.07857817125584
66.09108432378272
66.09108432378272
66.09843580922521
66.12647295602223
66.14456635230582
66.14456635230582
66.12299245189203
66.12299245189203
66.19812742331739
66.21081083205999
66.21081083205999
66.24477087447994
66.26336328200088
66.26465316657792
66.26465316657792
66.27857578712161
66.27857578712161
66.28401626863936
66.28401626863936
66.27707826578335
66.2833817320269
66.28398596223687
66.28645815245656
66.28645815245656
66.28645815245656
66.31976704165609
66.31976704165609
66.31976704165609
66.32348181218987
66.35560480206341
66.32525825644157
66.32525825644157
66.33624196293019
66.38029449239934
66.37927639155836
66.37927639155836
66.38992497256444
66.41757040827754
66.4132032458235
66.41929249443032
66.41929249443032
66.45391450062952
66.45391450062952
66.48181314202313
66.48181314202313
66.48181314202313
66.49751152169434
66.52061062455678
66.5257685382011
66.53633623629665
66.53633623629665
66.53085361724047
66.53520802469018
66.54118825353342
66.52034024869268
66.52355468843714
66.54308874051229
66.54308874051229
66.58024856469329
66.54796550120457
66.60428871076468
66.60428871076468
66.6403238125631
66.6403238125631
66.6403238125631
66.64076235821123
66.65416050020316
66.6689357734515
66.71441844463435
66.71441844463435
66.73133136300684
66.73133136300684
66.84540508977193
66.84540508977193
66.86418681590823
66.86418681590823
66.85830567453635
66.85830567453635
66.83940500841709
66.84033024710354
66.91229552218911
66.9484232991044
66.94856763154273
66.96754283963332
66.84003459294149
66.88436770134459
66.89541754370944
66.86703906981106
66.94127084867836
66.9222425955312
66.97775300367076
66.98002052251579
66.98489065280994
66.99887086789894
66.99887086789894
66.99887086789894
67.01929795499785
67.01929795499785
67.01929795499785
67.01929795499785
67.02081094954816
67.03264519472287
67.03264519472287
67.03264519472287
67.03264519472287
67.05222472987643
67.05595156611938
67.05595156611938
67.05595156611938
