850.0
995.0
740.0
740.0
740.0
640.0
640.0
640.0
640.0
640.0
640.0
640.0
640.0
640.0
640.0
640.0
640.0
640.0
640.0
640.0
640.0
640.0
640.0
640.0
640.0
640.0
640.0
640.0
640.0
640.0
640.0
640.0
640.0
640.0
640.0
640.0
640.0
640.0
640.0
640.0
640.0
640.0
640.0
640.0
640.0
640.0
620.0
620.0
620.0
620.0
620.0
620.0
620.0
620.0
620.0
620.0
620.0
620.0
620.0
620.0
620.0
620.0
620.0
620.0
620.0
620.0
620.0
620.0
620.0
620.0
620.0
620.0
620.0
620.0
620.0
620.0
620.0
620.0
620.0
620.0
620.0
620.0
620.0
620.0
620.0
620.0
620.0
620.0
620.0
620.0
620.0
620.0
620.0
620.0
620.0
620.0
620.0
620.0
620.0
620.0
620.0
620.0
620.0
620.0
620.0
620.0
620.0
620.0
620.0
620.0
620.0
620.0
620.0
620.0
620.0
620.0
620.0
620.0
620.0
620.0
620.0
620.0
620.0
620.0
620.0
620.0
620.0
620.0
620.0
620.0
620.0
620.0
620.0
620.0
620.0
620.0
620.0
620.0
620.0
620.0
620.0
620.0
620.0
620.0
620.0
620.0
620.0
620.0
620.0
620.0
620.0
620.0
620.0
620.0
620.0
620.0
620.0
620.0
620.0
620.0
620.0
620.0
620.0
620.0
620.0
620.0
620.0
620.0
620.0
620.0
620.0
620.0
620.0
620.0
620.0
620.0
620.0
620.0
620.0
620.0
620.0
620.0
620.0
620.0
620.0
620.0
620.0
620.0
620.0
620.0
620.0
620.0
620.0
620.0
620.0
620.0
620.0
620.0
620.0
620.0
