2053.6666666666665
1863.0
1889.75
1992.4166666666667
2054.0833333333335
1835.9166666666667
1734.25
1678.25
1795.75
1770.5
1745.75
1583.0
1497.4166666666667
1501.0
1419.75
1458.9166666666667
1465.75
1459.75
1460.1666666666667
1416.8333333333333
1506.4166666666667
1426.5833333333333
1489.5
1467.0
1547.9166666666667
1521.3333333333333
1504.75
1482.5
1549.75
1490.0
1414.25
1388.4166666666667
1428.25
1401.9166666666667
1405.9166666666667
1398.5
1398.5
1405.1666666666667
1441.8333333333333
1441.3333333333333
1438.6666666666667
1444.9166666666667
1452.75
1427.1666666666667
1434.1666666666667
1429.1666666666667
1424.5
1427.25
1382.0
1380.0
1398.4166666666667
1389.6666666666667
1397.25
1401.9166666666667
1396.25
1415.8333333333333
1438.0833333333333
1423.3333333333333
1416.0833333333333
1405.6666666666667
1410.4166666666667
1398.9166666666667
1405.1666666666667
1411.4166666666667
1391.5
1412.6666666666667
1415.0833333333333
1409.25
1386.5
1398.6666666666667
1398.0
1401.6666666666667
1398.6666666666667
1403.25
1392.3333333333333
1377.25
1388.3333333333333
1388.3333333333333
1388.3333333333333
1378.3333333333333
1379.0
1372.9166666666667
1382.5
1364.5
1398.0833333333333
1375.6666666666667
1405.0
1386.5
1386.5
1391.1666666666667
1368.1666666666667
1380.6666666666667
1378.3333333333333
1373.6666666666667
1376.1666666666667
1344.0
1338.5833333333333
1338.6666666666667
1340.75
1347.4166666666667
1378.25
1390.0833333333333
1390.25
1388.0833333333333
1374.9166666666667
1371.1666666666667
1371.5
1346.8333333333333
1314.4166666666667
1380.0
1368.6666666666667
1368.0
1368.0
1373.8333333333333
1373.25
1355.8333333333333
1342.75
1353.0833333333333
1383.5
1466.1666666666667
1489.4166666666667
1385.0
1448.3333333333333
1448.5
1425.9166666666667
1420.5
1424.9166666666667
1409.3333333333333
1371.0
1377.75
1381.4166666666667
1381.5
1358.75
1382.5833333333333
1396.8333333333333
1404.5
1376.8333333333333
1397.4166666666667
1375.9166666666667
1355.6666666666667
1405.75
1383.9166666666667
1422.4166666666667
1381.1666666666667
1370.3333333333333
1380.9166666666667
1367.4166666666667
1375.6666666666667
1352.4166666666667
1343.1666666666667
1351.25
1381.25
1371.3333333333333
1373.0
1369.5
1357.5
1459.75
1459.75
1384.9166666666667
1402.9166666666667
1364.25
1333.6666666666667
1349.0833333333333
1442.3333333333333
1415.6666666666667
1374.0833333333333
1345.25
1320.9166666666667
1441.25
1396.0
1370.9166666666667
1368.8333333333333
1338.4166666666667
1332.5
1352.25
1341.25
1354.8333333333333
1353.4166666666667
1355.25
1387.8333333333333
1384.4166666666667
1384.4166666666667
1384.9166666666667
1376.1666666666667
1376.1666666666667
1356.4166666666667
1362.8333333333333
1339.8333333333333
1366.5833333333333
1329.8333333333333
1335.5
1333.6666666666667
1375.1666666666667
1372.3333333333333
1355.0
1363.6666666666667
1350.1666666666667
1334.3333333333333
1348.3333333333333
1345.25
