42.508583952443324
44.46061390955324
46.10263533207241
46.53605242520294
50.6796044155481
52.37644468914632
53.99255239396521
54.450797714398526
54.08598915251175
55.163236051953554
56.415946226077466
57.11123005299122
57.5766345167599
57.616494497221744
58.1946775271431
58.25843506127309
58.50792533424208
58.617918683432876
57.938870379687735
57.91298877331487
59.69305386262661
59.92084930286787
59.59685120358606
59.624287112019594
59.668542977056426
59.57510798461565
59.71884079557666
59.86636197799023
59.74414207130682
59.59875646360863
59.84857338550067
59.779023156462834
59.584302546061885
59.526171968600224
59.78726984882372
59.698566681401076
59.55888455750797
59.975008543225734
60.04969938770527
59.94964361049799
59.81316208940593
59.73584841397241
59.75108652788409
59.92430807203384
60.15442466767374
60.53058270563866
60.367362142995084
60.105768060735976
59.92425735253903
60.660325242287534
60.669442759810224
59.99556580442251
60.52257924572598
60.2841749538788
60.56347773246632
61.22036226227599
61.13646686482566
61.24862150348882
61.129809929020254
61.23616464744025
61.21305661908621
61.44848438025399
61.13091296883953
61.293168011747206
61.25162053435407
61.14293796013565
61.351551493309245
61.196177238140216
61.25546028526517
61.600782388860985
61.28992425691112
61.43415927458505
61.33987037762501
61.59727773605572
62.053123440305136
61.65710365683478
61.6387513110849
61.75097238049157
61.82602139941814
61.758228006358806
61.73635213652065
61.67959499787973
61.58773283882636
61.62013137789068
61.53721696220246
61.60932645922215
61.54277538719325
61.37308055728934
61.89346267324208
61.748342826511525
61.37766190359797
62.092646065681535
61.82374946854591
61.875600994770345
62.06283089883945
61.988630144157405
61.702836354340235
61.702836354340235
61.549667146640445
61.70072902063931
61.78836950991652
61.725269017333616
61.86310046824326
61.81705569787148
61.883188556708966
61.477676554803296
61.4918125771335
61.55815226445954
61.45419838459198
61.522832017468644
61.55555388458871
61.752831472265214
61.47408825167306
61.62481428016953
61.54694594441832
61.50061626805919
61.34035791457769
61.47790699208887
61.21208061902224
61.19753279987129
61.4130546354216
61.36637958548697
61.38883925857769
61.767654740060316
61.681898488945635
61.68735860441635
61.66414655963739
61.56776014952061
61.62288666053304
61.65850165678754
61.59007032984467
61.175337288010745
61.34237335423643
61.82618971296626
61.54532275643326
61.42377388849093
61.40218134811953
61.34881450547709
61.5801192719236
61.52780088833437
61.47064214421458
61.4570471292034
61.5974381378405
61.727280121498474
61.76539205675204
61.76539205675204
61.948739983137756
61.80776363826756
61.80542747850538
61.665532705653405
62.04884354541075
61.87492457038864
61.86390505687353
61.8832047646696
61.77094085764038
61.715672115361464
61.75684468618633
61.77553810320998
61.832036093550784
61.669487032559985
61.79395046957574
61.833904063932394
61.89123790378689
61.967478718057826
61.5198175305789
61.367262553980915
61.92628855978353
61.74372367603973
62.107995700345825
62.244229225730905
61.88603189123167
61.61714864013431
61.632482372415716
61.59124040376502
61.65211940164919
61.65211940164919
61.52563940810755
61.40821917094629
61.452353530412765
61.57428910284645
61.532016904850394
61.532016904850394
61.63738615850023
61.52095188809893
61.83092668142092
61.70562299973231
61.67043530917419
61.59021187317792
61.4548529975538
61.47819007550675
61.47781631385903
61.70739592510403
61.64676467033525
61.50078168757607
61.62661535222431
61.598593841201
61.4642420740134
61.3578598135418
61.308532015993364
61.41936135288006
