43.879785817086365
46.933506740558855
51.34416654186012
46.310624281588375
47.571614126237456
49.26924670269854
48.19744606568887
54.495827047676926
56.779063292705565
55.60473527061693
53.727610468857016
52.203995553570124
50.60446780551906
52.768813073100766
48.4918771715654
51.49081265391173
46.730395059639626
45.028808676495515
48.526156465802664
51.07971647732789
50.568918918918925
46.11502523359816
43.430698276559596
46.499122239674776
49.43544030253918
49.91101385849745
47.38221235916696
50.40979440979441
50.66190433131386
50.91368657554765
51.1065611065611
53.39299687010955
50.076164874551964
55.185016451531254
47.57638626933233
54.654735272184936
49.89939637826962
51.52713544124587
49.50896901612611
50.58496819851294
52.89725994062394
47.44504565437944
48.086435711823505
47.31051964512041
51.256074080865496
49.98129092609916
49.3668053877478
51.57025664615797
48.49485080538685
52.06322795341097
48.457837648705386
50.52646692830477
44.15401392500629
46.74131471389646
50.81115832404143
52.623912405904775
52.83018867924528
52.517858991614034
45.745076179858785
49.971186588666725
51.448121099189535
50.563657003143554
54.392823810017624
52.75419105247495
51.202457002457
54.299590515189024
50.98051107876435
50.03513436520749
50.737744822679105
50.20817562452687
46.95181994021453
49.565176558978216
51.30480667754006
51.51547663751945
47.97992733619815
51.34749736816921
48.900922895780305
52.26303645592985
50.94572759243418
50.32051282051283
53.82830626450116
48.883813135666266
56.56158357771261
48.80629146346822
49.681309216192936
54.3609022556391
52.37194412107101
49.53820780648708
52.770083102493075
52.22734727347273
50.454836058087494
49.93004236870628
47.47967479674797
47.60947070116099
54.98653106934229
50.24553151458137
49.50403034613561
55.19548486403285
50.201169358834605
52.448728853605516
45.96578280870419
52.48983739837398
48.89298728605921
51.21499674388316
48.985956416464894
45.36616021588851
50.104564466266595
52.80571854335475
51.75763854808514
53.37197149643705
52.51419302514193
51.53838563252418
53.23857576503404
53.92312339525752
50.98868998576886
49.61129156546591
48.474235760438724
53.60803198255496
49.70580577974486
47.23392952009917
49.92473792670908
52.67079525985151
53.95383104125737
49.576202118989414
50.18402649981597
50.27625492547542
49.78896826779734
47.867356006139424
44.44671294405879
50.63285376069933
51.88710866796272
53.88473960436012
52.424328954882924
53.28994082840236
49.62469624696247
52.10717501947809
51.676704686778244
52.10777016969335
51.34809502125076
51.86478135023077
47.54190885350855
52.65806826997673
52.87767702103029
50.242802636142905
54.32530565356527
51.91560466981552
49.596199524940616
51.912650602409634
52.723098422838895
52.452032315071946
48.047585171132724
50.0633197648123
46.0676886771991
52.09665341858188
51.601012968520465
51.95139125981564
46.95765296967521
50.22532000701385
55.900290901795564
55.33615420780442
46.38999678492914
53.14253168161755
50.66844207723036
51.25649389875559
50.90802691895055
57.989401165871755
48.44711792417236
55.85554071530031
57.745085456373396
53.81771633384536
50.954677830360396
49.866742273887155
49.55397543632837
56.07592745343639
54.12666703660545
57.04694293104397
55.69978011948224
53.31722709791934
52.7542878106943
50.18254291796893
53.39441811479726
55.8829720058935
53.106491468915465
49.272739270194094
50.630079444799556
51.499614669749306
50.35001250044644
52.61996998215155
53.272831486434846
50.71398747390397
48.86474045146259
49.05170838662525
52.353816629459914
50.74344429979543
54.46546288334767
50.97278617710584
54.83098433662498
53.590121033693165
51.50417316334955
47.88475368572456
52.4550619353637
51.6767314587658
47.059357714851814
51.85578747628083
51.94440136476426
52.25894778016819
51.70996485943775
52.84000398247709
51.87510190771238
47.51404733526307
54.37335759045887
48.17279942279942
47.37435855665065
50.4653421633554
52.106796660503164
52.82131960335621
51.83737460408258
52.263970094891214
51.91237579042457
50.40670719857861
51.5206627309084
52.90761690393366
52.70830307431615
54.13244566119131
53.854560739806644
49.97110348564205
51.60118059398635
54.00979216626698
51.70467969104952
52.57481530186388
53.853549766281056
46.61203563624137
51.75432006010518
55.67112086158755
46.50380554873557
56.279726600011294
52.33474354802126
56.37335276613833
53.91006518616727
53.79406346814034
53.248647023451596
51.299138209134064
51.89539186007401
49.5178008111762
51.89705312136486
54.34065711742332
51.145646008356366
48.707578232350734
45.04298941798942
54.65591820684231
52.58345289335246
53.726562206440455
54.047236636191414
51.9767549976755
52.193858502893406
42.670512120975914
57.07230364764612
47.122552255225514
50.86979948427818
52.55500835855961
55.013933121019114
52.91207555655497
49.92282627336649
53.96275319189785
57.34873698583375
53.31616595135909
53.95475827130504
53.92322625086104
49.58080674927498
55.5991349651037
52.71695469406819
50.90016057428922
52.712890625
53.98196355522499
49.46705077421677
55.18695471541338
56.071466895589666
51.146782599002314
49.83458122932266
56.98786057407889
50.67591925018026
48.16868550919695
51.348752598752604
51.80813114396972
55.26456495362658
54.42793244711981
55.03922751961377
54.67455494464272
53.517031154428494
50.91280232391668
53.86534359640175
52.8584729981378
51.449253167529385
53.74401473296501
55.135624406457744
54.73199886158808
57.653072045131594
53.7083171861448
50.43303066768772
50.33526877692452
47.167207117319364
48.707167994072975
51.13765807510378
50.750641530783376
52.37468741835554
48.342546134875406
48.63156929285518
52.845409781825964
50.28684300927516
46.580405126085154
50.140156453715775
54.085562718656234
52.90950507351419
52.43387990169105
51.804128482828844
49.470889783961915
46.76258456214152
48.89907424214922
51.27176535565827
49.6745299751685
56.83601817430814
53.69806740733825
51.64812112367749
51.4281879194631
49.59889580554321
53.05897305541434
54.302700123275145
51.65711307972903
49.62976395563212
51.949158220154864
56.76452817159749
50.46218487394958
53.72682445759368
48.34298806847657
46.19468220724822
49.99809795530196
53.86510151063216
50.68928086838534
49.58214540270849
48.36071303739951
51.3012165999135
50.87206469843126
49.0490356011899
53.95923085005781
53.425286660206716
45.13479023767746
55.05908793648162
53.235452561609186
55.257316631953614
50.658690507494086
48.5599428265142
49.27267073233937
49.34501681713577
49.43287467460023
56.606465880370685
55.52055835533157
52.51508778346745
51.12914798206278
53.8574108449473
51.66502118556913
55.167923165359305
49.07901114881241
55.98376848737253
53.48615989295869
51.81354462791589
50.24552975713904
50.16635363563187
52.52837608365358
53.30974466864302
52.824672170956774
57.93680745562998
53.72004009842341
52.41455347298787
49.197194076383475
50.64363636363637
49.63631465517242
46.80475045949385
53.407625713759444
53.190146483915036
52.61603782688411
53.861122042940224
49.623415993522755
46.83875499363449
52.304878048780495
54.242973708068895
53.63868711326339
55.17766497461929
48.803458534771295
52.89100428367444
54.65580094317712
53.06083302886371
46.37571157495256
52.48095132416038
50.49086434995841
51.12461715160796
53.170053680981596
50.93286835222319
54.03297220913801
54.4810102362958
51.992491530079654
52.50418325543822
