456548.0
421720.0
420354.0
402446.0
347508.0
345544.0
363350.0
293286.0
337100.0
312572.0
347388.0
411936.0
362626.0
350824.0
303992.0
318798.0
310566.0
302032.0
288518.0
334014.0
440060.0
315610.0
356496.0
302782.0
309544.0
354706.0
301296.0
369342.0
298944.0
400424.0
302570.0
343138.0
352656.0
312666.0
319668.0
377158.0
315830.0
297292.0
309108.0
379142.0
267828.0
307352.0
348798.0
273593.0
296650.0
306654.0
322414.0
300832.0
273036.0
289094.0
281120.0
334416.0
261956.0
347154.0
284060.0
327440.0
262430.0
248236.0
395756.0
310368.0
257644.0
290770.0
248236.0
268068.0
293254.0
318546.0
265432.0
270284.0
316364.0
301104.0
248236.0
286314.0
397594.0
324052.0
259560.0
244400.0
307850.0
399646.0
296752.0
419868.0
325402.0
366639.0
252522.0
321998.0
272460.0
267804.0
253724.0
297573.0
377154.0
252778.0
257230.0
243548.0
324778.0
291138.0
221246.0
285042.0
313528.0
237788.0
252750.0
194070.0
205634.0
322614.0
244296.0
219096.0
236296.0
254618.0
235038.0
273968.0
263176.0
245732.0
245110.0
233370.0
312030.0
297106.0
288302.0
226038.0
288098.0
287070.0
234548.0
239352.0
224138.0
213748.0
230664.0
197818.0
219202.0
340684.0
219814.0
300396.0
270250.0
226114.0
264630.0
217302.0
263176.0
324538.0
287642.0
257262.0
200572.0
256524.0
256338.0
226240.0
258204.0
218282.0
240354.0
247564.0
219528.0
222938.0
260158.0
203024.0
175722.0
204484.0
269110.0
212614.0
239142.0
281802.0
253932.0
263270.0
236552.0
292346.0
277018.0
228446.0
252352.0
244674.0
321712.0
269664.0
245970.0
249906.0
247896.0
263944.0
271418.0
238170.0
224194.0
349376.0
323694.0
213628.0
236558.0
326898.0
306260.0
280204.0
356032.0
259910.0
249154.0
296068.0
277394.0
370278.0
216990.0
206354.0
254128.0
223230.0
251770.0
318450.0
294478.0
300706.0
237120.0
247850.0
312958.0
285926.0
247170.0
318562.0
264178.0
297014.0
248512.0
178280.0
199592.0
292545.0
264354.0
254162.0
210706.0
218114.0
329938.0
243716.0
275534.0
232366.0
206628.0
220676.0
264362.0
254836.0
226840.0
190030.0
263438.0
261724.0
231670.0
266108.0
315802.0
268841.0
223168.0
227558.0
179532.0
291888.0
351634.0
186190.0
185905.0
235686.0
200926.0
223724.0
243748.0
191490.0
258768.0
217550.0
215578.0
262520.0
246598.0
293938.0
322522.0
224332.0
211114.0
214952.0
299270.0
220384.0
262764.0
246592.0
248380.0
259166.0
249912.0
243742.0
290472.0
276388.0
235656.0
267694.0
209928.0
277744.0
241946.0
255668.0
240194.0
212322.0
178926.0
254046.0
166442.0
204190.0
230360.0
218604.0
259608.0
204496.0
227200.0
198880.0
224600.0
231758.0
173086.0
180444.0
198414.0
289148.0
260044.0
243068.0
188086.0
314522.0
427208.0
313614.0
229260.0
214646.0
224780.0
187436.0
206916.0
279702.0
276412.0
211002.0
192994.0
163364.0
288248.0
271412.0
244004.0
359998.0
270206.0
301506.0
318754.0
239312.0
276894.0
249245.0
315568.0
291074.0
381946.0
371296.0
328498.0
237596.0
303698.0
242746.0
250178.0
270862.0
243244.0
269498.0
313647.0
248583.0
242668.0
211674.0
251268.0
253728.0
236896.0
241806.0
309672.0
258178.0
233744.0
321726.0
271862.0
317490.0
281012.0
291348.0
259060.0
329924.0
244082.0
190620.0
261702.0
239748.0
216572.0
290404.0
233718.0
325200.0
308420.0
181024.0
261650.0
347918.0
186650.0
315376.0
281134.0
264644.0
363710.0
174098.0
222596.0
320408.0
236896.0
259910.0
269184.0
248340.0
322424.0
239256.0
258970.0
370412.0
345924.0
233906.0
342552.0
334252.0
198318.0
253686.0
309960.0
275026.0
235478.0
200266.0
215878.0
234490.0
205326.0
211434.0
221416.0
251114.0
170186.0
296364.0
285578.0
288888.0
225178.0
275954.0
355338.0
198564.0
202082.0
242318.0
232632.0
275772.0
340218.0
229434.0
284056.0
222716.0
261920.0
310970.0
245168.0
315382.0
275480.0
