54.27070896151614
57.632438018815115
60.93348194851019
64.65964694564323
64.80370942826293
65.26320302902047
64.19752800497332
64.44755768075926
64.28873810656573
65.96524025694123
66.76916867085758
65.59978479442671
64.30325875966567
63.6560577570905
64.35097523952176
62.28107316313234
61.94489225676998
62.454289357919684
61.84242683280833
61.96164771513238
62.37153583325729
61.89132697005333
63.224576327115486
62.78210430856991
63.22260746890743
63.51794785621431
64.04902367682824
62.18566986408722
63.47047134876068
63.85983198221322
63.354641578266786
62.607920046986195
62.450333347124925
63.58679198887679
65.03597204439218
64.46490932364819
63.674612952428234
62.51235894625535
63.187496042312716
64.64586391205985
64.67227676274578
63.704252697169025
64.14264629979962
62.20320716523561
62.711542662483374
62.88548583446161
61.62106289649118
62.307647634561384
62.53572087791956
64.50914124635464
65.23998913313103
63.95068805429315
61.56065584835225
60.61744320188019
61.32655725370355
63.856126130751264
64.30707040858033
65.30635071731929
64.81298945771809
64.56714166450917
64.60454637899761
65.00452850224012
64.62928091513113
63.86817949332091
64.2845387495909
65.59676955967814
64.8797564464762
62.85494418695639
63.255656126324574
63.47730955574529
64.92902668865652
63.63844416934361
64.05089677827092
64.45308515778606
64.4291451928289
64.12967013188414
65.2506352751144
64.70697909906114
63.92468102092356
63.09032472746203
65.0839175605662
65.03020044109921
65.96111579702041
65.54919678699197
62.79000421979195
64.24180292139884
65.79123072295613
64.97153831866771
65.49902600932941
63.973698382788314
62.755231661773884
61.481904081735955
61.87543903715333
61.8068075366437
62.92417439374178
62.24276663624054
62.893451454585794
64.25418719677182
64.55315444723254
63.85577636184181
62.19082069270458
62.39430827023892
61.77043615589899
63.593514269723
63.01590818548241
60.96198656822346
61.20772181271299
62.4713657607885
63.78037022709891
65.06369822722554
65.69027156763059
65.40959024437578
64.34293675063336
64.7673639411533
64.58253671126262
62.85262064340732
62.3822424188041
64.97653806874835
66.49262964705179
65.05541225959492
64.05002923721074
63.083027630810285
64.69377957015263
64.31403613384535
63.88289040232017
63.67913051839098
63.08973734871556
63.177406399844855
62.869560773502016
63.41478137098203
64.109805374574
63.498646061882354
63.29222155333584
64.2579777630698
64.43048976952788
63.446784221916424
63.28597284251953
62.29568455851929
61.67234305701866
62.5017537536134
62.914396234411115
64.59331545520497
65.67019796053546
64.94656059572796
65.582412728724
64.92505502353907
61.7962157759692
61.54975424898439
61.88265584762813
62.62619215311963
63.03031332192622
64.94928193639285
63.31936300642697
63.801103536232894
63.79440543815015
64.28042141084448
65.20434876924011
64.25303196306244
65.14892990259703
65.2991874316836
64.69245291482483
64.28741054712171
63.81423434350718
64.87824501654845
65.73272445499944
67.1714884442404
68.65992342410975
68.10901950210199
67.0188637344078
67.21242070906628
66.14539087387477
65.5755271739807
64.98025505677678
64.5137950664759
67.6250072813668
69.14104294633619
67.93655742118297
66.1760735821915
65.71730064594082
66.91805342671505
66.97908478357306
66.95288621441117
65.30877613495642
65.5550640936597
66.54391342352996
67.83699726037301
67.40016294935518
66.40417629604146
65.9112330822024
64.87335145793733
63.59255524316835
62.01915754075061
63.1225566578211
62.88596783531493
63.779724690494746
65.38026085513962
65.92996736103639
64.07536658899465
63.80336384237021
63.5814579976489
63.36363082123612
63.07943754882655
62.32046627201156
62.717705430297464
63.59926626024164
64.61901182791273
65.31380464030661
65.49974603842016
64.4543050375745
64.59220819894207
65.56455015299854
63.578287824309555
63.22429625146432
64.34361149777826
64.33663907803486
63.30318100268086
63.415075879977834
63.73764786751151
64.50333074312303
62.61622417684346
61.83823595181532
63.12317665044566
62.81208853525974
64.34267771761662
65.62095595766237
63.90463867500851
64.00074077831133
64.84705809537294
64.72692788648985
64.34906361655271
64.8970322984473
66.6911582028908
66.58886378299432
66.92423143501216
65.69304573687461
66.77325782830623
67.70043930458525
67.3760405964438
67.76030863316979
68.34808890435747
65.95591985866756
65.52372337218173
66.52091773172755
65.3557410664461
65.4882372710622
66.16774674096828
66.60843246916113
66.52092460163922
65.49197375256642
65.49704492202692
65.05412282804693
64.68023364675956
64.39910886293043
64.90917369140188
64.75963695196839
66.00885515791026
66.7286866594427
67.67626961083553
65.64249357738149
65.82857743030824
66.09995720794622
65.5054938130843
64.98960880462818
65.91835700769741
67.4888781750993
67.01496329080959
67.08836352180657
67.17108303155672
66.0608635919026
65.16372568313928
66.60211138316185
65.4329554844482
66.09517028013508
65.37029072483492
66.98154234953373
65.95141902005321
65.25801642293497
65.88378459075253
65.58819579790853
67.4497960095828
65.87381377163658
64.12313796919219
64.6037564000062
64.51877200392872
66.09143797111312
66.51682539765419
66.24738293665425
66.08014734662564
66.38539284190291
67.00402863305393
66.00078296715462
65.25372813164009
64.26828041899947
64.9597541112186
65.71315213984204
65.94831101152437
66.66368147185966
67.3073319333011
66.0189784018582
66.67399075981746
65.50531977500411
64.08165485821637
64.68951852179214
64.61716758554597
64.43515606126546
63.259805738291846
62.89296719641319
64.91201467604235
66.29037646213601
64.95916154047337
64.5721336820538
65.02519585322683
65.71248433174041
65.63848259082677
64.8716433120959
64.8204782674705
63.24614640468509
63.134307639545646
64.69553273106142
65.0050088373662
66.64005872066454
67.78687497016026
66.83638780238903
65.41527464096617
64.3510719634971
65.01431592545761
66.83162887884765
65.32344920230406
64.28607858329022
64.61230674070059
65.71867502149841
65.14477006366266
64.34722947362309
65.5308050108455
64.29681069608651
64.19150529097831
64.73013268062151
63.83252157371701
64.12808874010886
64.30390869747797
65.16133589781238
64.73595273025005
65.5285401171182
67.48480482310165
67.19361618337314
67.62397967229003
66.3925165909376
66.74721244227254
66.40815049217709
65.27497006215268
64.66224262050686
65.74609102873652
66.39251258099236
66.84541630977154
65.85378642934647
67.02372656174764
66.96414320525638
66.86099618264316
67.08526241466248
67.6165713390663
66.84324789220507
65.78523134319747
66.91293979432982
67.7691691033535
67.82819645763682
67.88088579473363
67.71534336611411
66.70467504776101
66.06003200356379
67.61435423966171
68.44568178138145
68.7216869225447
66.24737749429212
65.62513980851124
67.01676258215035
67.2657312059363
66.95441469913558
66.39095402592399
65.65767878822354
67.79378778114076
67.3620337466801
67.37544228408538
66.79645123110161
66.57600371528625
67.27037033552898
68.17339958617171
68.64743957114942
67.37410145238516
68.34615402004431
68.55293228713404
67.184670921966
66.43193605322344
66.5643965710025
65.64739950498372
66.74680548728158
68.06502713555943
67.14576824803216
67.26050166344224
68.49253791933617
67.91228840917037
66.737204444407
