38.47063990286498
39.60381100189688
41.909447115681736
44.07300363947763
44.66498255744016
43.40799943912784
44.87906380049438
43.88568145317604
45.280791500365396
45.94225002252338
42.342389502521414
43.7384941089838
44.52421103348591
46.45715732753784
41.81160133331693
45.06010017258323
45.5369697412392
47.842473361267935
44.175152749490834
44.807452998352005
43.591269841269835
45.89415417468634
46.10851862018483
45.96327466393256
42.84090909090909
46.490257500862164
46.55804017149234
44.22887106724245
45.188767103660716
43.78376500425591
50.46367546663511
48.5148617178134
45.43149774644632
46.370161450706
49.36170212765956
48.35495328546058
47.862267892554534
49.260914173804636
42.07904222451081
48.11384592504463
48.36106890304482
49.94391339184229
43.58107148941003
49.79124644043664
48.93687207326081
48.93687207326081
49.73705456673259
45.27893588823237
49.663781026617336
46.44239089052711
47.645767075571705
49.60884542726969
48.322683399535634
52.262752921060134
48.775211677476285
45.821936752819674
44.07536520584329
46.91792384100077
51.34413712258022
46.248112419833355
47.516849407706275
50.1254662340419
49.0269366524243
46.913497639492945
49.91199994059069
47.051049770862186
50.19629052510552
43.727164137155704
48.839074175323475
48.78652678966196
45.82879732193887
48.43362902581315
51.450228567699654
46.23936266521818
51.24825829217817
48.94888753405311
48.59334751093274
49.8787844189454
50.05112594153691
46.66592576128029
48.95690076278512
46.07504333724767
46.92155850677975
44.600803180808775
45.15986235755909
49.375279427732
46.62605213141461
45.914308444141376
46.02110205623618
40.551129471164884
45.23809523809524
45.84954556255198
48.02654645629853
48.812822489357416
48.19016687199015
49.360139860139846
50.82707149767591
45.27881709119476
47.82175099727063
43.121255632024564
43.08844204675495
45.84087746337668
45.87958916083917
46.91613003445743
46.56087211508606
45.98163103322289
46.36122318963687
48.81578566046485
42.641472971532146
46.00351831121062
44.48039319684593
50.2046686580374
46.96964420453887
48.66517777909247
45.88885523924895
48.381639700461726
47.37923286791847
46.459010662471584
45.058263883767225
44.8795871559633
45.98947277590819
43.657769389772625
38.98319368198016
45.043465714388766
48.12042727538776
51.15994394448478
44.545711160509505
52.7972843409085
49.20231994597386
50.39100285531146
49.48352389350366
52.69970213918224
48.60215053763441
49.19175786256531
47.83336313248704
49.44513777460826
44.38789501175241
47.47774801244382
49.753021117304804
43.718536749077074
48.88633478316394
50.04512703259676
48.659875989668365
46.76742979921463
47.11474793077502
49.169648181276095
48.6987479973892
50.44703877950088
45.205008110442456
48.07019576045407
50.509443796016946
46.9131455399061
48.29476733659243
47.956989247311824
51.38282218091698
45.40296649725132
47.213083639124385
49.16758442727719
45.59334845049131
49.79687737899153
52.24730277756522
52.10189609374378
47.08514742353267
49.03706183766158
49.26769033336319
50.346086271658784
48.37612381312722
46.050233225690704
46.16561769704695
50.63402800749808
49.47721598002496
43.54479041260808
46.90634199021094
47.952722505013114
44.63390342743321
48.2366749516708
42.81674505373236
46.58496190791654
47.31505173771228
47.04241598070571
47.40174985656914
49.80524203135709
51.514136459704105
48.44926990381272
47.2110557559793
50.947081662326035
45.003590069315955
49.94249828279854
48.62778247393633
48.383084577114424
48.47306868720145
47.9085846694323
45.9305780758197
49.220236713854725
46.13448324218202
42.983810709838096
51.154001599435894
47.81126482213439
51.774723221835494
41.47657614737177
46.97417880281823
46.11945460834108
49.6527516295571
45.66893907115467
49.51464684481243
49.40293995389789
48.35398618269547
51.58174515379418
44.34362020924242
47.89022568215774
48.99833413171085
45.61676122142499
48.19946678682739
47.596099925833464
45.30882948562171
48.68388804470369
47.486552986953534
45.3074379049676
45.58995769776638
43.879938338971954
49.15085684928993
49.79755892875547
45.676389202620285
50.359982931843746
50.263808017723235
48.78447803621396
46.1229982596495
48.86877358164008
46.210711768851304
47.19228675841691
48.504862647251024
49.21307159617697
46.89061547836685
50.99238527717283
47.90148367115131
50.96096572385232
49.88774100663438
48.94479311063544
48.675468872696726
50.10544624415698
47.552159146045604
48.43292084069927
53.62130328614521
47.922648382258416
47.93554884189325
52.65570696908725
48.692871370356144
46.362864737284916
48.93791838606145
50.444906444906444
51.65293620616816
49.85072815533981
45.14861265456599
51.368013196762185
49.007876459861095
48.489329524449666
49.275939949515084
48.48864989253154
43.393585465331846
50.03804952291753
48.88514840374797
45.42366107114309
40.6045532448103
47.593531719452685
43.92512878053756
45.17620051052747
42.5696859720752
46.247149527636005
52.88495214823865
48.487074556908496
40.95319497279337
49.355680704824735
50.332370748584026
50.79919408999329
46.57867242460124
46.99095593269196
53.72488667031204
51.287651656341396
49.87443253163333
47.33164186806571
49.963814143280594
48.789232254949304
48.86143192738047
53.92892114957179
47.48317022119138
51.8026137899955
51.91159962204114
51.892725906977674
45.17687277051129
49.141651863402345
52.11179452308834
52.35909495168753
52.93282272219563
52.24025255876616
46.48570877849983
44.35037359565661
49.395080462354116
51.912293047890664
51.876339551690265
51.34485116397405
49.817540843900915
48.30610457606936
51.780174324124694
51.33123242081082
52.317524610716696
50.26858059772313
51.98268503840995
51.98795968163597
51.96356673629401
50.487318639937975
49.81301049553993
49.20097347485531
51.883818482267706
47.52911104799773
50.59133520671982
48.21752371617601
50.80040040040039
50.41682652343499
50.50071139323628
51.63955017658967
52.28165310985128
45.70523761541467
51.03669359774757
47.24643579173998
51.061865189289016
50.68301803783546
51.78044046915873
55.51544168391995
51.426833406440615
49.76336582039866
53.6207017914335
46.78935073735267
53.72462603585835
50.73138739456731
51.12039851401555
56.02004045382872
50.179580907042975
49.38226932023779
51.588541666666664
48.827752249805485
51.88159086261794
50.51035736875395
50.11130444583771
48.73262372849354
50.39075022618632
50.24364574773294
50.51099994621054
47.53555135620072
45.11976867156244
48.98005240308298
48.77516680749396
46.06512866326833
46.0391977796962
47.746986065445434
51.17280978229147
43.76840312179521
53.90837117907491
52.71324689883033
51.39587649205878
52.35891497734972
47.934932200666466
51.45276395478918
46.0205463987356
51.102678506335394
52.98568993538668
53.21127867311456
50.93829947328819
51.1925943736475
53.545861297539155
49.97106078700006
47.19505463398064
47.913104622330785
51.854076565753644
49.725480807597165
47.015017486113955
45.4639305299218
49.229591544337374
49.29734779253483
47.11674832387829
47.225057236642485
54.55707090339176
52.674863319680185
51.51061513336962
44.608387375702556
43.68313026769729
50.114648460540295
48.40831360168378
47.360032341012115
49.62812711291413
52.46647678679316
49.01492842187686
49.4010370105489
49.01757689893283
48.402129730348655
50.12619003934519
46.05016047427507
49.36860395118481
42.9465772322915
51.045221843003404
51.67959427207637
51.3219874290881
49.1317095972294
55.863760617006754
41.87349106711733
46.128106128106126
50.68166647033415
53.01914580265096
52.25223062457488
50.6729044834308
44.36021402772182
49.16364117413608
49.42314518991835
49.736838198176805
54.835431603906734
52.15034741303383
43.89361638151367
51.53479271126329
47.92001284934147
50.63297174871855
50.53071458420393
45.19696040346215
51.55732359462632
51.910654439656746
52.480487383468926
49.4198501138675
51.51562980254032
46.168689382013916
49.220883534136554
50.446679258767674
55.536586998727984
48.67327459618208
42.48118157890325
53.54485458869592
43.36626567699002
52.97253634894992
50.35741992685359
49.49754823465777
50.85943856794141
45.175874945486264
49.619751166407475
48.19092941091643
53.325368879946346
51.91236377563455
50.81945145549386
50.272365883417955
46.508308241329324
50.956463271138006
49.70963070787939
51.349410754702255
48.152655252972565
51.4601582264598
51.671369958971276
45.81034108190311
46.15073891625617
49.88798920377867
55.14235366725135
52.60527766010488
54.2119714442614
51.47388059701494
51.31883806404384
43.49811984682788
48.02942775587876
52.20345207491737
51.91642159047025
51.703540648434874
53.44975331082835
51.198275023022155
48.30984565238232
52.60367397148615
51.44787062319911
47.18405934213593
51.95594034721907
43.75206566046051
44.972715532364376
50.033788568538185
46.98630884197894
47.23932102219736
49.838401860206645
50.408216522517144
51.741418490611174
47.418646289015626
49.34485579253516
48.57772519062842
45.72496004005623
52.445717280622944
49.619070340769014
48.97137643973087
43.064842224384314
47.52829205928311
51.87263497260696
42.54497082160738
47.1212948069853
53.16000327037853
48.22309156586777
49.917686502089786
49.30752352263006
47.67349683264323
47.403703911765255
52.73254248338224
49.41636430118415
55.38946681936756
