3228892.1071428573
3100772.75
2922041.25
2842798.8333333335
2797688.4166666665
2740269.3333333335
2689690.0
2707409.375
2686304.4583333335
2659034.75
2637967.2916666665
2589409.0
2569261.8333333335
2596521.9166666665
2577400.6666666665
2642156.2083333335
2698843.8333333335
2648923.75
2653713.75
2615157.75
2578225.4166666665
2638005.5416666665
2643147.875
2645953.9166666665
2597747.5416666665
2512932.375
2416216.625
2437839.9583333335
2480452.0416666665
2504988.875
2491550.4583333335
2469151.0416666665
2409657.625
2418372.2083333335
2451641.5
2487824.8333333335
2549870.0416666665
2517901.7916666665
2457049.5
2470761.0
2483206.875
2468181.25
2530953.5
2544210.25
2398273.4166666665
2284345.2083333335
2224210.2916666665
2236623.0
2337871.375
2321197.7916666665
2302794.625
2252837.375
2197949.4583333335
2196150.75
2193831.7916666665
2148318.7083333335
2156293.9583333335
2086710.7916666667
2099763.5833333335
1963948.6666666667
1906141.0
1943809.9166666667
1839121.4583333333
1989113.4166666667
2032651.7083333333
1975670.7083333333
1835647.9166666667
1791834.75
1949747.4166666667
1979276.8333333333
1908391.7916666667
2122166.9583333335
2105596.1666666665
2145051.125
2032958.2916666667
1953989.0833333333
1995757.9583333333
1897263.9166666667
1925442.1666666667
1909776.9583333333
1951708.7916666667
1996630.7083333333
2171339.6666666665
2035978.875
1952415.0416666667
2011257.5
2204078.9583333335
2173419.5
2056471.4166666667
2175095.7083333335
2181179.75
2216741.125
2210016.0833333335
2270822.25
2176782.8333333335
2073015.0
1996701.25
2153597.1666666665
2180624.8333333335
2293048.4166666665
2349076.2083333335
2301697.625
2221763.5833333335
2214906.0833333335
2297701.1666666665
2280473.75
2213375.2083333335
2150943.25
2281482.6666666665
2345041.2916666665
2344595.2083333335
2331598.9583333335
2197686.0416666665
2204525.7916666665
2143178.0833333335
2105188.0416666665
2065310.5416666667
2177805.5833333335
2166922.5
2172429.8333333335
2220781.25
2249380.4583333335
2187142.4166666665
2179959.625
2192854.375
2122108.9583333335
2019634.6666666667
2100330.0
1888688.7083333333
1776830.7083333333
1846299.0416666667
1822198.0833333333
1949263.0416666667
1941402.6666666667
1856973.8333333333
1812744.0416666667
1850670.7083333333
1694747.6666666667
1928074.75
1958799.0833333333
1918190.875
1892322.0833333333
2161060.875
2173575.375
2000595.9166666667
1859949.5416666667
1982329.7083333333
2116619.0416666665
1929435.7083333333
1726515.625
1677571.5833333333
1847164.9166666667
1822015.875
1661018.3333333333
1614458.1666666667
1725052.5416666667
1774378.875
1791029.2916666667
1718648.0416666667
1847937.4583333333
1615446.3333333333
1665074.2916666667
1967397.0
1899634.2083333333
1768371.25
1585445.25
1853479.25
1737151.0833333333
1545867.125
1908994.2916666667
2021772.25
2067061.125
2048693.8333333333
1948300.9166666667
1918078.5416666667
1795601.2916666667
1965206.3333333333
2135817.5
2145455.125
2084890.125
1929960.0833333333
2042747.4166666667
2049260.0833333333
1964234.875
1921287.625
2098497.25
2099171.125
1849477.3333333333
1767579.2083333333
1780809.625
1667280.0416666667
1838568.75
2033579.5
1983222.7916666667
1915642.7916666667
1813325.625
1972844.5
1888412.5833333333
1880164.6666666667
1860778.3333333333
1783547.0833333333
1770965.5833333333
1633144.75
1988416.875
1988146.0416666667
1974877.2083333333
1947301.75
1978596.4583333333
1865520.2916666667
1699835.8333333333
1637600.8333333333
1696234.0
1848672.0833333333
2025289.7083333333
2055337.875
2028852.1666666667
1992171.8333333333
1976347.6666666667
2071002.875
1970018.1666666667
1931225.3333333333
2042959.0833333333
1980707.5
1851057.4583333333
1664594.7083333333
1750189.9166666667
1854401.7916666667
1929880.75
1854525.375
1687759.9583333333
1733947.6666666667
1905664.2083333333
1940020.5833333333
1878213.2083333333
1800037.9583333333
1762817.9583333333
1710432.75
1827524.7916666667
1892079.0833333333
2005458.7083333333
1834974.0833333333
1955754.375
1972330.625
1907477.2916666667
1918917.6666666667
1920685.0416666667
1911890.8333333333
1920888.75
2023555.2916666667
2021309.2083333333
2089193.0833333333
1904848.625
2003557.9166666667
1923337.3333333333
1761088.6666666667
1824927.375
1876205.0416666667
1843876.375
1778642.7083333333
1648969.0
1743824.2916666667
1938460.75
1881074.9583333333
1704648.6666666667
1800992.4166666667
1856073.0833333333
1657242.125
1717363.875
1855240.8333333333
1821735.75
1791080.125
1727826.5
1633725.7916666667
1700561.7083333333
1744788.7916666667
1693415.2916666667
1649343.25
1501949.875
1584640.75
1724336.9166666667
1642237.5
1625030.2916666667
1775762.6666666667
1738881.0416666667
1711362.2083333333
1531708.8333333333
1336735.5833333333
1602818.5416666667
1707829.375
1493197.3333333333
1566834.125
1613781.25
1590771.625
1526771.2083333333
1685255.6666666667
1640243.7916666667
1687843.5833333333
1604120.75
1484373.8333333333
1730247.375
1726340.9583333333
1561715.2916666667
1682427.7083333333
1564901.0
1638601.7083333333
1657247.625
1636443.5833333333
1674538.5
1673418.2916666667
1693767.9583333333
1694741.75
1715554.5833333333
1692806.25
1729491.9166666667
1649715.5833333333
1477280.625
1551801.4166666667
1661643.4166666667
1637504.7083333333
1734518.25
1777526.6666666667
1855278.2916666667
1807639.875
1671903.1666666667
1600332.9583333333
1530469.1666666667
1524273.7916666667
1620422.25
1537607.0833333333
1561534.4583333333
1587222.2916666667
1672226.625
1690512.625
1645199.125
1634215.625
1421564.0833333333
1449127.3333333333
1510917.2916666667
1527537.5
1705723.0416666667
1713113.4166666667
1659138.125
1672299.375
1678346.7083333333
1511950.2083333333
1632588.9166666667
1651866.7083333333
1552964.0416666667
1405848.2916666667
1671995.5
1583924.75
1523824.5
1527272.875
1653617.8333333333
1801394.9166666667
1915038.5416666667
1721616.2083333333
1736701.875
1553800.0833333333
1564279.625
1703940.2083333333
1673108.375
1604170.4583333333
1662968.7083333333
1712598.5
1667190.5416666667
1632757.5416666667
1593396.9166666667
1727198.625
1698329.0833333333
1925471.9583333333
1804488.9583333333
1770191.2916666667
1773242.75
1522905.0833333333
1588497.3333333333
1779569.2083333333
1696280.0833333333
1663726.875
1839591.0833333333
1549404.0
1674131.7916666667
1696854.3333333333
1735552.9166666667
1708126.7083333333
1743158.2083333333
1626354.5416666667
1623483.7916666667
1726424.6666666667
1778766.4583333333
1725167.75
1740138.5416666667
1651668.2916666667
1496977.6666666667
1460276.2083333333
1627743.1666666667
1739381.0416666667
1684748.4166666667
1655836.0416666667
1853962.0416666667
1771614.3333333333
1717344.5833333333
1722034.4583333333
1691065.4166666667
1647347.5833333333
1838224.0
1754473.7916666667
1772155.1666666667
1781334.7083333333
1803579.3333333333
1572920.25
1498377.2083333333
1571219.75
1795774.4583333333
1699939.875
1649242.2916666667
1584737.4583333333
1851411.1666666667
1867763.5833333333
1830258.9583333333
1934524.375
1971354.125
1928449.8333333333
1787775.4583333333
1868884.9166666667
1723437.0833333333
1895973.2916666667
1963798.9583333333
1886549.75
1881669.3333333333
1735620.875
1682262.3333333333
1741507.75
1809197.75
1914254.2916666667
1652300.2916666667
1707657.0
1743589.2916666667
1771442.5
1732421.6666666667
1801125.0416666667
1820479.5833333333
1680474.4166666667
1684111.875
1753136.9166666667
1843351.5833333333
1831897.25
1822820.2083333333
1739563.9166666667
1714097.2916666667
1757612.625
1865620.5833333333
1966976.2916666667
1882245.25
1831796.4166666667
1734161.75
1695409.2083333333
1730122.0
1679464.125
1748861.4583333333
1710805.9583333333
1873452.8333333333
1948629.2916666667
1885584.5833333333
1895305.2916666667
1902745.3333333333
1734638.8333333333
1755637.5416666667
1894269.4166666667
1728445.5416666667
1747850.6666666667
1781813.0
1770579.5833333333
1693824.0416666667
1751735.9583333333
1691254.125
1640734.8333333333
1542252.625
1549951.5
1791842.125
1826198.7916666667
1786033.0833333333
1855579.0833333333
1826529.2083333333
1788143.5833333333
1809559.9583333333
1832262.5416666667
1733114.0
1747232.875
1712209.625
1932904.4583333333
1900709.4583333333
1742011.125
1689600.4583333333
1835413.5416666667
1860337.125
1809618.8333333333
1706242.0
1722550.2916666667
1734814.0833333333
1821973.5416666667
