48.12111502870586
48.65526157055631
50.011007972148995
51.07341317469307
51.35590132281255
51.273990280515804
51.90313763777087
52.76501371510628
53.60870589696917
54.75854322632911
55.1589055124788
54.130923276118715
53.6168279510137
53.899187286864986
54.90558629005411
55.02812652294194
56.015298664351704
55.8681275006524
55.51845573100491
54.81701400495965
54.859823595851616
56.18932039624719
57.96789703164093
57.734548560824955
57.133571151250244
57.248814614402654
57.47968923424724
57.042501748312255
57.13879020773359
58.06918170296763
58.04367670062505
58.28188992500842
58.17277531018121
57.64967651240318
58.467572769131266
59.21328958683164
58.821646920805165
58.870653846260595
58.19537446284268
57.298439908568184
58.42555746315849
58.987104081077
58.883923536071805
59.62797509421367
59.94674786063772
59.87286888280735
59.213049675253366
58.676589346411106
59.32852230460721
59.77598322540492
60.320084448037015
59.8276300700363
59.145074724458524
59.214068290178844
59.31521783089633
59.228611668103305
58.764580992728604
58.34907842002995
59.79451865617992
58.00086966678737
58.366160432989794
58.69388871629285
57.97339791580453
58.21125837369506
58.64744301653181
58.266496197079036
57.78015433088425
57.60330886498698
58.57869950865655
58.257510074305415
57.469181858594624
58.5227452590938
58.80167919064062
58.588826133025215
58.920385902441154
58.66784726718284
57.50005992941355
57.65043189076129
58.5895239647613
57.750246031324465
57.97923745103493
57.58622246146576
57.98072338500383
57.721506046339464
57.74311642903616
57.86059287769263
57.0145657599194
57.44727428248623
58.04362203113767
56.93688288108992
55.98849277653092
56.74546690696188
58.29592491731937
57.971961078679115
58.09887994705033
58.18106055666817
57.96076700747141
57.40804901055308
56.810097291162464
56.82434386700358
57.52124652076268
57.50223643438453
57.525742056455165
57.87866837292719
57.203305613290205
57.388906792864525
57.94576449261917
59.0620251541184
58.861448381269774
58.72635988788497
59.31518087854147
59.30064075017876
58.84406444654516
58.454351411186835
57.81551724794456
57.591997635435554
57.618538170248186
58.081927097676285
58.36030543175614
57.68474976878833
57.201764468441056
57.78220330869521
57.76095298603215
58.1761131786257
57.771159852095884
58.46151232550855
59.44976615922358
59.86285804094266
59.114507212819525
58.51987091323744
58.838656548742506
59.63549827004648
60.03888089484783
59.82962750360678
59.26507197102728
59.405927546526655
58.775447960848105
57.863156774345754
58.63299100977925
59.05658174176024
59.05535324165316
59.70635466006362
60.11084480309857
59.55750385590313
58.46637838482597
58.429117414155066
59.14569983671081
60.211351275231095
59.0948939804487
58.5009548690261
59.60170036392255
59.61263605112068
59.64349380275078
59.5380984574539
59.242886859899755
58.976326745478126
58.95695372885406
60.01287098922704
59.21923602828342
59.319081699033205
59.42838549180821
60.15567822520956
59.46816207993465
59.3138852415406
59.28295812234594
59.347920269053134
59.674317479349945
59.67496701998959
59.402191933692414
59.55286742882095
60.69291454052911
59.79355353447519
59.69411122930664
60.820459146668505
60.34133075580837
59.081140151519556
59.87885581386896
60.83210715008526
60.50958239508206
59.63950044903515
60.11705199681528
60.537230213508586
60.855256649071784
61.46071103331702
60.95468323960041
60.19717931455366
59.9324219533182
60.16292662478913
60.34548743974108
59.41473198091676
58.39705145754031
59.038580118555494
59.53145952848983
60.238495434814
59.35644324953939
59.38135520930939
59.91318629937921
59.93780265938925
59.51193749091636
59.40603571121179
58.81797104944974
58.71817952894046
59.35976620692007
59.27712453277994
59.80386857440093
60.04475080097005
59.5090782433897
60.81665964519452
60.59500365216832
59.305057599189674
60.07224867410395
59.084997264389955
59.08023149605863
59.721382726006006
58.93582455148949
58.60373949226926
58.690886489869875
59.2346025681514
59.16132248924048
58.890542137522
59.76436519139464
60.56545652483751
61.64294473986949
61.006338950148724
60.730235474154846
61.14169121823755
61.264482903671635
60.33747316972015
59.74766021856108
59.50122683026598
59.6648021257745
60.55071207483109
59.919717359973156
60.680328466445374
61.841945211518755
60.12755629328145
60.143079941999574
60.79682107057343
59.947646827784226
61.181210456988396
60.99663097864028
61.211014814269674
61.82856360246811
61.3625115197738
61.2555600097705
62.510348540573304
61.501754798230415
60.67213016728115
60.73581517662422
60.59312600673794
60.44875903542054
61.08283966649866
60.59844417314711
60.155969719614205
59.6021376338243
59.55071046238912
60.1017033612705
59.579952175805246
58.74213622391125
58.63657419409177
58.81282215553863
58.483987844040584
58.92858442920724
59.136924154689794
58.91635805942392
58.56177108299967
58.65029568564791
59.16649475760333
60.194206152248476
60.64946267456173
59.59986347686236
59.18882955581724
59.94363596230663
60.02627017853754
60.078948674110485
60.58584186675291
60.73313126328282
60.974407048725574
60.96682392190578
60.20127827167802
60.18809088232629
60.47498075656552
60.35497147562659
60.78026682311728
60.30053026067197
60.764629610737366
61.24362987523417
61.02982411447066
60.907727452675985
60.21523377105785
61.50280248335597
61.29947784848557
60.98579142787613
61.20634347648548
60.91636216981671
61.21963483024525
61.89990273776213
61.379875507950054
61.08278918881042
61.71603198694221
61.524501258988614
61.04269513214161
61.16219566556997
62.22818453250251
61.24380638205222
60.61411646017878
61.23176057413603
61.77830180585119
62.281035872497995
61.9223532354198
61.373385920705545
60.42807981460335
61.297252068046824
61.79960524275524
62.13244454964956
61.142470770545934
62.60595464808471
62.399401359514556
61.51304827107775
61.813782692098854
61.90354767561064
61.91370127822519
61.39149076996172
61.71645997784689
61.33055619070725
62.21848795264838
62.64797801115614
62.63744377617907
61.9745331325507
61.400161523598584
61.60079070609941
62.17471387399119
62.66272653417692
62.310982166388456
61.4657993156603
62.32939391294447
62.00179654598632
61.00945727185218
61.27040054646374
61.38654451754235
60.975420067554964
61.48547151221304
61.87299968886145
61.93501531072406
61.82014971375252
61.89195678020289
60.797083251638995
60.61407946795546
61.287982247158745
61.73756687806257
62.19405340173863
62.06457074079099
61.49537524738847
61.86307302019477
62.233714844354445
61.23147728764475
62.12025620540655
62.81686296800846
62.96394590239614
62.3486413626866
62.18589182334206
61.85937633584323
61.524633992098536
61.923825251823814
62.2105623320239
62.61076543127729
62.03608472461287
61.90612442435757
62.40779121649659
62.443406911244324
62.3053259090096
61.821335241678796
61.61941824537588
62.31016601561704
61.668581002628365
62.5835946762031
62.94592843773839
62.50044872717633
62.38135149501021
61.58664077256255
61.973934679669036
62.801684059347316
62.78278847445195
61.9329047364969
61.65885215756135
61.982993830570656
62.076999955675106
61.281525575207176
61.667868437923595
62.567223052997335
62.347730552908075
61.53155279836255
61.99758104490108
61.349830880178466
61.70662508487235
61.79923412719866
61.98334367239902
61.48625828656857
61.241199225346826
62.24009428603079
62.35461044235826
62.089069687300466
61.870462362209544
63.06806393617364
62.517181601546284
61.49300254551468
61.971195679809924
61.976216975691976
62.22434757429207
61.798097131134696
61.49676797061677
61.45265598199015
62.037072836629484
62.2748927421484
63.15950809551318
62.48795863899174
61.91860806450789
61.56215355015486
61.27089312044419
61.94430686178522
62.64981091376834
62.59768578063764
62.22106847811149
61.94110364530061
62.660631216409165
62.76100829201052
62.4635482197348
62.347778010769815
62.21511100196493
63.20896512415785
62.42269819125672
61.93399670864929
62.41965560226871
62.89950097136838
61.672865199776574
62.03637811557352
61.30914310028917
62.356627343957776
61.95669669554639
62.229557472358366
61.70868386381293
61.24132515079025
62.35626402113037
62.139508873541246
61.55732709566658
61.58749006964654
61.9910006238963
61.6357095565271
62.577076419543
62.38732293614955
62.67096369757153
63.14073413519575
62.170492372798556
61.6568675918514
62.24234560612233
62.3821571821571
62.20246556666574
61.92662368341541
62.058410425447185
61.26498059610153
61.3205260676492
62.13782580629436
62.91260392267511
62.34979293183873
62.631482164417136
62.605258348140765
61.30269341702553
61.525428539550276
62.81708764062922
62.33525620031521
61.946813494611554
61.412236922505436
60.62735254226038
60.170314947638786
60.68375639145391
61.25600367429482
61.44828901114833
60.76626426071485
61.20116187338983
61.47971986221585
61.82685345336456
60.940851459101346
61.28907693482447
61.17321600186566
60.54026931743248
61.54765731326448
61.63598268306919
60.74415875195645
60.6551305981729
60.84992080346312
61.36210130478727
60.787616046817256
61.05292421276891
61.61492072796786
61.414073167764485
61.70729200410137
61.37769466310132
61.847167951084074
61.542615542872895
61.96570208845159
62.43798684215552
