713470.25
652886.3375
614757.4125
571474.35
554695.2375
538796.8625
509778.475
494691.9625
484117.3125
465755.7375
448143.475
402401.3875
407106.3125
418154.275
433513.1
408346.675
383074.65
382270.025
364091.6
360817.55
344174.65
360630.275
348659.575
339967.3125
310323.075
277711.225
235161.45
233195.0625
232193.3
237880.5125
228394.45
239951.6875
235239.4875
251733.2875
249651.05
264534.925
228314.4125
209705.1375
206439.25
216299.4125
191115.3375
167724.0125
166827.875
153683.525
161292.0
177001.625
195097.5625
204066.1125
214657.6875
208284.4875
206453.0125
207551.8
218450.6125
192613.175
192730.975
195464.0375
259900.3375
278669.7375
271550.35
252432.1375
226061.675
232333.85
231543.7125
241344.6
236244.0875
250822.95
247716.8375
238244.5875
251363.05
257393.9875
253212.1375
254780.1875
255965.8
232174.7875
202013.325
198512.8375
207954.0625
213921.55
206989.525
211940.325
236765.4875
226124.15
235142.3625
218451.1375
207956.9375
218465.675
214581.15
216498.0375
201211.2
199282.7875
212462.05
201110.375
204808.35
208321.3125
214633.275
217760.4875
222775.7875
215024.6
241253.55
259216.975
243271.8875
242120.2875
248594.3375
259745.8375
255069.3
204912.4375
204002.7875
190665.1875
189379.425
191445.325
185789.2
182082.15
172494.7875
175503.3375
170989.5625
190747.8
196722.55
186440.3625
195889.3
188193.4125
182379.575
184493.625
177618.15
156420.5125
165477.5375
168942.2625
162436.2375
157028.425
161941.6625
161040.325
160442.9875
173491.3125
156409.7
133925.9875
144747.05
150303.4625
145978.775
149944.9125
156963.7
154646.45
175459.45
178126.175
220989.3375
233293.25
214327.975
214202.0125
203479.7875
190199.1
187179.5375
183817.5
200923.1
192542.2625
203130.4
218877.9625
188757.6
175729.4
191983.2125
192980.0875
182587.725
175086.4125
192118.075
198128.0125
169381.3375
162029.95
150967.1625
142407.0
119724.5875
120492.525
116929.7625
109629.8375
100101.5
106804.5875
110023.5
107774.125
110406.5375
101314.35
113162.7875
122818.6625
126881.0375
124265.0375
130026.7625
128022.7875
117128.1125
105876.6375
117145.9625
131825.1
133157.6875
133002.3625
141719.525
137725.225
130369.9
123450.3875
126533.8875
120949.5625
125904.975
114751.2
113742.9375
111627.5
110306.6875
126662.85
132579.375
133338.1625
140632.55
132581.075
129106.8125
124033.775
125136.2875
117616.9375
119307.15
122597.3
125546.875
129756.2625
127718.75
133388.625
132208.6125
133488.125
129145.5875
122346.2
118231.1875
116157.8875
114779.075
106897.8875
112387.15
123870.9125
116095.6375
117832.025
119028.725
119919.0
121191.8875
118803.85
106198.3625
107149.3375
113070.7875
121469.425
115747.575
115591.325
106118.25
116810.825
128237.1875
129763.7
114524.0875
116027.3625
118353.8125
118432.4875
112694.4625
111327.275
124303.8875
127819.075
132962.8875
131212.7
145939.8
139343.325
136430.1625
132474.8
127325.1875
118538.75
106105.925
96431.5125
92808.3625
89082.8
97179.9875
104197.525
99184.075
99883.0
97357.5
94399.5
106284.1
108650.2875
122429.7375
119517.65
119714.4625
122267.225
124860.0375
118583.5625
113723.9875
110557.5125
122716.7375
125832.6
135186.95
139626.45
155189.8375
158506.05
161775.2
157689.15
157857.35
159909.5375
161070.9375
167845.25
165296.8375
165948.3375
177839.25
179815.925
175785.825
181090.1875
183388.7
191587.275
172298.0125
180557.05
177671.175
157777.6125
154807.5125
176098.3375
181686.6375
174742.325
166152.0625
161960.25
161698.1
169736.5625
177822.8125
177708.1625
168943.4875
182115.9375
182258.35
181077.3875
176336.5875
171253.4875
174090.05
164291.4625
171710.5875
171215.5125
161001.6875
151862.825
145317.275
144561.975
160414.95
158753.1
169806.1375
172408.0625
175883.3
179007.55
171355.4625
168653.1375
173171.675
178978.2875
178059.35
176164.1375
175691.975
178177.9875
177602.375
182976.6375
183446.5875
186056.375
181169.45
175155.5625
167207.8
170014.15
171421.675
169444.0375
168079.9125
170273.15
167487.8125
179352.9625
177891.075
184215.3875
176970.075
175253.3
183996.425
179630.05
180232.0
168338.7
169044.5
171065.2
172344.2125
174650.15
169405.75
180487.625
178317.5
184889.3625
182803.75
177928.1625
163622.55
165001.6375
156528.9625
157612.075
160288.725
155974.6375
150343.975
159124.65
152940.4125
173888.5625
172575.2625
168283.7875
165578.825
162476.4125
164337.0375
161191.525
161532.0625
166178.7375
168979.425
172400.025
163719.7375
169223.5
169667.125
166346.4875
168303.125
166217.2875
152370.925
153592.2875
153377.4
150899.85
156098.1
154142.4125
143377.8125
134873.375
134721.8
139891.575
148075.425
150450.45
146518.4375
145630.3625
138979.5625
142705.1625
141978.1
145122.825
144778.825
150245.5375
148354.425
146404.725
154006.1375
154265.2625
150790.475
138182.95
143113.3625
137248.0625
138243.1125
147267.5125
140365.6375
147205.225
148672.075
151867.5875
148010.2
152252.6125
153665.775
152084.3875
149808.4875
155305.0875
153654.6375
151583.2875
146680.575
148889.1125
155567.675
145563.1875
141434.675
135670.2625
132755.2875
134270.3875
144002.2625
129769.825
136253.5625
127742.5375
126826.9625
139542.75
147813.6125
145778.2
153879.95
158608.4625
163135.8375
165312.4125
159046.125
166353.7375
173266.6
167812.7375
170543.55
171551.125
170273.1625
175247.5375
172632.3625
174078.9125
174010.8375
175547.3
173310.7375
166927.8375
164226.975
154797.05
146707.175
151215.8
146512.8625
142872.4125
144544.15
150318.925
148081.3375
152936.05
165854.2625
166512.05
173226.575
168903.225
170118.4875
167073.3375
158905.875
157296.7875
154022.5625
153913.625
147578.1875
151618.2375
149082.65
161462.325
153682.6125
156941.075
154841.6375
154370.7375
