130545.0
106400.0
117360.0
118660.0
103170.0
101930.0
105520.0
105170.0
110120.0
100815.0
91040.0
111330.0
102190.0
103580.0
103600.0
112640.0
113280.0
107190.0
98460.0
125690.0
94925.0
110120.0
99980.0
108210.0
112440.0
107700.0
108210.0
120580.0
116000.0
104555.0
111140.0
107190.0
96760.0
111710.0
102190.0
103600.0
104250.0
110100.0
107810.0
116895.0
113910.0
103650.0
111330.0
111530.0
110320.0
110560.0
116170.0
96760.0
110750.0
109210.0
105520.0
114280.0
112020.0
113360.0
117470.0
104390.0
113095.0
111050.0
123270.0
108550.0
111820.0
115190.0
109295.0
117270.0
112150.0
117440.0
109500.0
118520.0
110910.0
99920.0
106900.0
128210.0
114595.0
114950.0
114165.0
106530.0
122670.0
100050.0
104830.0
114595.0
109010.0
110130.0
109295.0
107710.0
114295.0
106640.0
99410.0
110230.0
109675.0
124730.0
107950.0
100210.0
107275.0
108550.0
111330.0
93230.0
108860.0
113095.0
116155.0
104750.0
105795.0
109695.0
112265.0
103410.0
124580.0
109310.0
106330.0
114595.0
108495.0
109995.0
109035.0
109010.0
112920.0
109295.0
120570.0
109010.0
110600.0
118145.0
120090.0
118870.0
98400.0
109010.0
105970.0
112275.0
105455.0
105455.0
109565.0
119225.0
113395.0
103450.0
111520.0
117790.0
102675.0
107600.0
114295.0
113395.0
114295.0
105455.0
123580.0
111065.0
107315.0
104090.0
124870.0
122360.0
107080.0
117330.0
111330.0
110800.0
103600.0
102520.0
111330.0
105770.0
109530.0
118510.0
117480.0
109010.0
123630.0
115060.0
109730.0
110130.0
108910.0
102880.0
105770.0
114295.0
105770.0
109010.0
116120.0
102920.0
109010.0
108830.0
106530.0
113095.0
104570.0
108095.0
113350.0
111280.0
113395.0
113120.0
103600.0
109770.0
111530.0
108810.0
111530.0
111530.0
109700.0
111530.0
113120.0
97140.0
114110.0
106715.0
110330.0
105135.0
108520.0
102400.0
104210.0
108010.0
111560.0
123630.0
114295.0
108010.0
119315.0
