55.46398891966759
55.46398891966759
62.73388773388773
62.73388773388773
62.73388773388773
62.73388773388773
62.73388773388773
62.73388773388773
62.73388773388773
62.73388773388773
62.73388773388773
63.45036958817318
63.45036958817318
63.45036958817318
63.45036958817318
66.43408551068883
66.43408551068883
66.43408551068883
66.43408551068883
66.43408551068883
66.43408551068883
66.43408551068883
66.43408551068883
66.43408551068883
66.43408551068883
66.43408551068883
66.43408551068883
66.43408551068883
66.43408551068883
66.43408551068883
66.43408551068883
66.43408551068883
66.43408551068883
66.43408551068883
66.43408551068883
66.43408551068883
66.43408551068883
66.43408551068883
66.43408551068883
67.09694415173868
67.09694415173868
67.09694415173868
67.09694415173868
67.09694415173868
67.09694415173868
67.09694415173868
67.09694415173868
67.09694415173868
67.09694415173868
67.09694415173868
67.09694415173868
67.09694415173868
67.09694415173868
67.09694415173868
67.09694415173868
67.09694415173868
67.09694415173868
67.09694415173868
67.23585912486661
67.23585912486661
67.23585912486661
67.23585912486661
67.23585912486661
67.23585912486661
67.23585912486661
67.23585912486661
67.23585912486661
67.23585912486661
67.23585912486661
67.23585912486661
67.23585912486661
67.23585912486661
67.23585912486661
67.23585912486661
67.23585912486661
67.23585912486661
67.23585912486661
67.23585912486661
67.23585912486661
67.23585912486661
67.23585912486661
67.23585912486661
67.23585912486661
67.23585912486661
67.23585912486661
67.23585912486661
67.23585912486661
67.23585912486661
67.23585912486661
68.26716738197425
68.26716738197425
68.26716738197425
68.26716738197425
68.26716738197425
68.26716738197425
68.26716738197425
68.26716738197425
68.26716738197425
68.26716738197425
68.26716738197425
68.26716738197425
68.26716738197425
68.26716738197425
68.26716738197425
68.26716738197425
68.26716738197425
68.26716738197425
68.26716738197425
68.26716738197425
68.26716738197425
68.26716738197425
68.26716738197425
68.26716738197425
68.26716738197425
68.26716738197425
68.26716738197425
68.26716738197425
68.26716738197425
68.26716738197425
68.26716738197425
68.26716738197425
68.26716738197425
68.26716738197425
68.26716738197425
68.26716738197425
68.26716738197425
68.26716738197425
68.26716738197425
68.26716738197425
68.26716738197425
68.26716738197425
68.26716738197425
68.26716738197425
68.26716738197425
68.26716738197425
68.26716738197425
68.26716738197425
68.26716738197425
68.26716738197425
68.26716738197425
68.26716738197425
68.26716738197425
68.26716738197425
68.26716738197425
68.26716738197425
68.26716738197425
68.26716738197425
68.26716738197425
68.26716738197425
68.26716738197425
68.26716738197425
68.26716738197425
68.26716738197425
68.26716738197425
68.26716738197425
68.26716738197425
68.26716738197425
68.26716738197425
68.26716738197425
68.26716738197425
68.26716738197425
68.26716738197425
68.26716738197425
68.26716738197425
68.26716738197425
68.26716738197425
68.26716738197425
68.26716738197425
68.26716738197425
68.26716738197425
68.26716738197425
68.26716738197425
68.26716738197425
68.26716738197425
68.26716738197425
68.26716738197425
68.26716738197425
68.26716738197425
68.26716738197425
68.26716738197425
68.26716738197425
68.26716738197425
68.26716738197425
68.26716738197425
68.26716738197425
68.26716738197425
68.26716738197425
68.26716738197425
68.26716738197425
68.26716738197425
68.26716738197425
68.26716738197425
68.26716738197425
68.26716738197425
68.26716738197425
68.26716738197425
68.26716738197425
68.26716738197425
68.26716738197425
68.26716738197425
68.26716738197425
