42.13529870784077
44.969707596920514
48.942098304687796
47.45752785105984
51.617784170152646
49.77925761158881
52.026023902931044
51.3488909877253
52.98383399713161
54.66124752842584
54.086633526345025
53.89438356469161
54.70388928699817
55.288276387528875
55.401038484523276
55.863691224465086
56.58099360182354
56.77735606174966
56.58341601753344
56.883038696730665
57.00929014091817
57.217064474097114
57.602103855052505
58.020536398015764
58.432482055405984
58.03026311394426
57.98154813133136
58.135808661916414
57.94501111436734
57.94501111436734
57.38599333632783
57.77236826780232
58.390088186440735
58.51545261980394
59.201032943182554
59.014834011141254
59.76683370097056
59.78459136723528
59.93665466842571
60.01363113696364
59.903837170602436
60.22937810129183
59.66279221079003
60.047752943097414
59.91445320707359
59.788710202281386
59.72174083346377
59.96725819382167
60.20148390294567
59.99601536912284
60.2374641906005
60.347693072110296
60.185628954202144
60.14125090255336
60.59221166683698
60.80108513134998
60.828074021896356
60.8181379961666
60.35302839921069
60.47612369336566
60.587083221541235
60.587083221541235
60.39630005635299
60.46907492001396
60.57543052881609
61.119406553190764
60.86460826815499
61.58440222004479
61.49844700408752
61.434066761161525
61.22093077185447
61.84341351813846
62.478509628463975
62.526661657030225
62.575603853154895
62.50414897181664
62.50414897181664
62.50414897181664
62.00575796793248
62.43505473659423
62.41150389033984
62.41471712785238
62.49910372617924
62.49910372617924
62.56226360122063
62.54202474163742
62.54202474163742
62.54217907015957
62.54217907015957
62.54217907015957
62.606559313085555
62.56172285641944
62.56172285641944
62.534995895393585
62.534995895393585
62.58393809151824
62.58393809151824
62.58393809151824
62.54617723345952
62.50841637540079
62.50841637540079
62.38407625044218
62.38407625044218
62.356778017911225
62.42338754896627
62.59223061804476
62.842941904884434
62.842941904884434
62.842941904884434
62.828243991011654
62.79048313295298
62.79048313295298
62.79048313295298
62.79048313295298
62.74022149773658
62.844002168125115
62.659395916793954
62.65939591679398
62.77861463398387
62.864891479550444
62.82713062149167
62.74185724175356
62.79985695939549
62.79985695939549
62.79985695939549
62.79985695939549
62.79985695939549
62.79985695939549
62.87747818931756
62.87747818931756
63.105312092497385
63.105312092497385
63.105312092497385
63.288623824023475
63.158953000634334
63.158953000634334
63.15895300063432
63.26440694324626
63.241107440068205
63.241107440068205
63.324986409648865
62.94171810914903
62.94171810914903
62.94171810914903
62.91865516496309
62.809659496247214
62.78174632726411
62.76347389708696
62.53333609249151
62.566953426855754
62.566953426855754
62.58016868196605
62.58016868196605
62.63816839960797
62.63816839960797
62.63816839960797
62.63816839960797
62.63816839960797
62.640265994822585
62.640265994822585
62.76016737304788
62.76016737304788
62.76016737304788
62.76016737304786
62.79307800630943
62.590268225782125
62.590268225782125
62.619665972117694
62.619665972117694
62.800380019798986
62.86815356064543
62.98682275836767
62.98682275836767
62.977691512044046
63.045465052890485
62.96784382296841
62.890222593046346
62.890222593046346
62.948222310688266
63.09582375519444
63.46852511286927
63.46852511286927
63.46852511286928
63.587194310591514
63.49352350363606
63.49352350363606
63.28340958895506
63.22540987131314
63.10445555308841
62.866874700667005
62.8120362264031
62.800859545430306
62.800859545430306
62.76099917356694
62.76099917356694
62.76099917356694
62.534414535095735
62.534414535095735
62.48121097314257
62.532106630018355
62.538793075715965
