42747.3125
35087.6875
37948.75
40588.0
41196.5
45015.625
39456.6875
37936.0625
40143.375
44358.75
39708.5625
39258.3125
41440.3125
43489.625
41478.125
43258.875
36681.0
36533.875
35644.0
37113.75
33622.625
31521.875
33939.25
33799.5
35374.0
34455.875
29620.875
31175.625
30067.25
28620.5
30251.375
29781.25
28789.875
30198.375
30610.875
30297.125
29578.125
30110.625
29484.625
30712.375
31044.0
32072.25
29778.0
30650.625
31448.5
30120.5
31188.875
32863.25
34105.875
34616.25
36439.375
36802.625
36944.875
36601.875
36516.5
35209.75
33447.5
35689.5
36206.75
36005.25
36020.5
35283.5
34269.5
35137.5
34523.0
35253.75
35320.5
35938.0
36038.75
35844.0
36112.25
36421.0
35717.75
35211.0
34933.0
34914.5
34863.5
35433.0
34854.0
34540.0
34182.0
32475.75
33792.75
33046.75
32510.25
32252.25
31580.75
32032.25
31745.0
31643.0
33951.5
33614.25
34209.5
33897.5
33494.25
33411.0
32626.0
32620.25
33709.25
33181.5
33365.0
32984.0
32471.75
31936.0
33010.0
32355.5
32789.5
33194.75
33799.5
34034.0
32976.5
35242.5
35397.75
34690.25
34753.75
33921.5
33246.75
32418.75
32684.5
31956.5
31871.25
31929.25
31500.75
31121.0
31110.5
32717.5
33297.5
33598.0
34010.25
34123.75
34944.75
34938.25
35005.0
34247.75
34845.25
33849.75
33184.0
33883.5
34427.0
34914.0
34674.5
35582.5
35223.75
35210.5
35396.0
35330.5
34694.0
34407.25
34510.0
34807.0
35081.5
35690.0
35787.0
35578.5
35138.0
34291.75
33429.25
32688.0
33254.25
32825.75
33213.75
34683.25
33303.75
33703.25
33210.25
32653.5
34069.0
34079.25
33720.5
33058.25
33770.5
34259.0
33705.25
33689.75
33445.5
33619.0
33618.25
33368.25
32729.75
32389.25
32551.0
33158.25
33282.75
33445.25
34072.0
33677.0
32956.25
33271.75
32672.25
32386.5
33049.5
33068.25
33955.5
33697.0
33960.25
34944.25
33408.0
31192.0
33025.0
32964.0
