40.838343375452
43.76589320658755
47.0737133127557
49.28781546816487
50.32845540540431
52.02233720414235
52.629226524043496
53.47824160800078
54.8881128072929
55.987982154466906
55.1331471416713
55.47255266527443
56.960115895183854
57.73353464888216
57.47730032184878
58.114884218350156
57.1686758016513
57.21619692447608
57.325261100969634
57.90494071679732
57.162751279757984
56.8506907736848
57.611412667642526
57.76849061943345
57.92907466979043
58.08527332012094
57.0927230716474
57.94144468784307
57.766570535120366
57.59056072900107
58.325040670762334
58.3339687981499
58.03962735913907
58.55025652617629
58.629787461602994
58.53533634996357
58.50417408939021
58.96398822722534
58.798930036670775
59.57238965651021
60.54283028633355
61.09251638834005
59.96930112768939
60.55939091234414
60.969801919606105
60.569129815721155
61.49887599172441
62.244352306536385
63.01980717187301
63.20521333358316
64.14515644323781
64.17307278800831
64.25260840935633
64.25530714688021
64.2114497082012
63.64341468642745
62.76175502982645
63.70526228021114
64.08107668072891
63.90783524687532
63.85890288968492
63.44488483291656
62.90582192193655
63.50827473886916
63.19825286112932
63.63330925237494
63.59691593606444
63.75472539928626
63.80086939671762
63.66505719538314
63.697686004222284
63.93467200324535
63.672378728794534
63.50926441150349
63.362416981669
63.32251008838646
63.24548994835037
63.45735620448435
63.23058216177535
63.15295656780054
62.88863093220186
62.53598261946314
62.9418852098348
62.68242984247904
62.487591511508924
62.57036086707675
62.399879910451965
62.63628929382937
62.29251212911801
61.98118215479739
63.03252598103661
62.93091160733271
63.0954390704002
63.06630930298496
62.99151508354963
62.888530910134065
62.61090516319611
62.75138080272696
63.146909116102925
62.89279077923959
63.02195030143905
62.92630858330002
62.69581622283598
62.21429574184215
62.58342288733443
62.57355926927287
62.7409114006374
62.93544232624167
63.15732521163388
63.25569144359537
62.7543629245467
63.58927010378699
63.78051710520663
63.38337165554161
63.36455393985726
63.221137081654376
62.89589388450304
62.814560776265424
63.12965856961127
62.83103527721064
62.70264192480654
62.959440348370414
63.02757305043936
62.80423336478956
62.573958921451606
62.96957400574473
63.19253527653583
63.26028473265634
63.53849097177448
63.80311929745854
64.00131497768477
63.791636953875866
63.78690643564357
63.52344093350299
63.79442473279339
63.49451147879978
63.301559423336485
63.482228695278096
63.72084325818723
63.75278817940788
63.56620069822054
63.87041228718549
63.73313791047931
63.83493508916172
63.882877315738384
63.88354527312988
63.616136200187256
63.57529934867539
63.562424739341715
63.71023145649637
63.62558332134635
63.80313627651719
63.939397113876794
63.82912893934351
63.576814499684346
63.11997170130017
62.67390202246828
62.53093901756019
62.921068608799274
62.981384901570536
63.103891326916575
63.60452047659156
62.95648581660301
63.05413662351019
63.07969100594837
62.871930413427435
63.48389573393841
63.48799699244635
63.08958134857359
62.93513211240637
63.01841968416252
63.545634266328946
63.244269829178734
63.25051614097383
63.16657204356038
63.11046549561182
63.19189723582199
63.013637870075
62.710199409835276
62.59523309599818
62.720486412242394
62.888637803090226
62.955503499711334
62.894613391389655
63.20168768755762
63.21225801733186
62.957770793692454
63.105256321769545
62.8259786590552
62.7861892053489
62.9169863271152
62.86379570009749
63.16702105241478
63.0798599742361
63.145763494238984
63.551988369457455
63.01072744321719
62.562566898079
63.03611644370178
62.908044739239486
