40.79500603164564
42.18535615723363
42.99406322189905
42.99406322189905
42.99406322189905
44.61299638528871
45.986487763394116
43.74639387834246
43.15085676632299
46.304279074883816
46.52595356126812
47.535591967131914
47.535591967131914
46.75598625745345
46.75598625745345
46.07780361111207
46.07780361111207
46.07780361111207
46.207921436226854
46.61718774374032
47.98266356970953
47.98266356970953
47.98266356970953
48.9762681104215
48.9762681104215
48.9762681104215
49.844496807165484
49.220547339697966
49.220547339697966
49.220547339697966
49.220547339697966
49.220547339697966
47.337417530631484
51.273441459706035
50.811000652240914
50.811000652240914
49.963559984003766
49.963559984003766
49.963559984003766
49.963559984003766
49.963559984003766
49.963559984003766
49.35911555103982
51.704862833638664
51.704862833638664
51.704862833638664
49.60748535241189
49.60748535241189
49.6292871939105
49.6292871939105
49.6292871939105
49.6292871939105
49.6292871939105
49.6292871939105
49.6292871939105
49.6292871939105
49.6292871939105
49.6292871939105
49.6292871939105
49.6292871939105
52.870463037740876
52.96320196606528
52.96320196606528
52.96320196606528
52.96320196606528
52.96320196606528
53.07371585565186
53.07371585565186
53.07371585565186
53.07371585565186
53.07371585565186
53.07371585565186
53.07371585565186
53.07371585565186
53.07371585565186
54.22263498162512
54.574983171263824
54.574983171263824
54.476054370687955
54.476054370687955
54.476054370687955
54.574983171263824
54.574983171263824
54.57741624155521
54.57741624155521
54.57741624155521
54.57741624155521
53.574689657774606
53.574689657774606
54.31548594272233
54.31548594272233
54.31548594272233
54.31548594272233
54.31548594272233
54.31548594272233
54.31548594272233
54.31548594272233
54.31548594272233
55.89990102094334
55.89990102094334
55.908576476108976
56.04974979198626
56.0812969016795
56.0812969016795
56.0812969016795
56.0812969016795
56.11363268911507
56.11363268911507
56.11363268911507
56.11363268911507
56.11363268911507
56.11363268911507
56.11363268911507
56.11363268911507
56.11363268911507
56.11363268911507
56.11363268911507
53.79041270310997
56.11363268911507
56.11363268911507
56.11363268911507
56.11363268911507
56.11363268911507
56.11363268911507
56.11363268911507
56.11363268911507
55.060441405415304
55.060441405415304
54.077464002678866
54.077464002678866
54.077464002678866
54.077464002678866
52.20578864909033
52.20578864909033
52.20578864909033
52.20578864909033
53.89309250671222
53.42252903870742
53.42252903870742
53.89309250671222
53.89309250671222
55.14696129148038
55.14696129148038
55.14696129148038
55.14696129148038
55.14696129148038
55.14696129148038
55.14696129148038
55.14696129148038
52.06637241658299
52.06637241658299
52.06637241658299
55.14696129148038
55.14696129148038
55.14696129148038
55.14696129148038
55.14696129148038
55.14696129148038
55.14696129148038
55.14696129148038
55.14696129148038
54.41310630859928
55.14696129148038
55.14696129148038
55.14696129148038
55.14696129148038
55.14696129148038
55.14696129148038
55.14696129148038
55.14696129148038
55.14696129148038
53.24040659208468
55.14696129148038
55.14696129148038
52.18124644763163
55.32017821055998
55.32017821055998
55.32017821055998
55.32017821055998
54.087029737073756
54.087029737073756
54.087029737073756
55.32017821055998
55.32017821055998
55.32017821055998
55.32017821055998
55.32017821055998
55.32017821055998
56.19136960600375
56.33168839768553
56.33168839768553
54.829754836489066
56.33168839768553
56.33168839768553
56.33168839768553
56.33168839768553
56.33168839768553
56.33168839768553
56.33168839768553
56.33168839768553
56.33168839768553
56.33168839768553
56.33168839768553
56.36952717297051
56.43101518280858
56.43101518280858
56.43101518280858
56.43101518280858
56.43101518280858
56.43101518280858
56.43101518280858
56.43101518280858
56.43101518280858
56.43101518280858
56.43101518280858
56.43101518280858
56.43101518280858
56.43101518280858
56.43101518280858
56.43101518280858
56.767168114883
56.767168114883
56.767168114883
56.767168114883
56.767168114883
56.767168114883
56.767168114883
56.767168114883
56.767168114883
56.767168114883
56.767168114883
56.767168114883
56.767168114883
56.767168114883
56.767168114883
56.767168114883
56.767168114883
56.767168114883
56.767168114883
56.76875665199917
56.76875665199917
56.76875665199917
56.76875665199917
53.83050081018955
56.635716668519954
56.635716668519954
56.76875665199917
56.76875665199917
56.76875665199917
56.76875665199917
56.76875665199917
56.76875665199917
56.76875665199917
56.76875665199917
56.76875665199917
56.76875665199917
54.305167117509505
55.631776770660935
55.631776770660935
56.89549790717286
56.89549790717286
57.195662788679996
57.195662788679996
57.195662788679996
57.195662788679996
57.195662788679996
57.195662788679996
57.195662788679996
57.20373352057432
57.20373352057432
49.025965179958035
56.18724771720814
56.18724771720814
57.20373352057432
57.20373352057432
57.20373352057432
57.20373352057432
57.20373352057432
57.20373352057432
57.20373352057432
57.20373352057432
57.20373352057432
57.21745376479466
57.926888668799016
57.926888668799016
57.926888668799016
57.926888668799016
57.926888668799016
57.926888668799016
57.926888668799016
57.926888668799016
57.926888668799016
57.926888668799016
57.926888668799016
57.926888668799016
57.926888668799016
57.926888668799016
57.926888668799016
57.926888668799016
57.926888668799016
57.94799564871491
57.94799564871491
57.94799564871491
57.94799564871491
57.94799564871491
57.94799564871491
57.94799564871491
57.962608173272066
57.962608173272066
58.45289828684258
58.45289828684258
58.45289828684258
58.517637347964346
58.517637347964346
58.517637347964346
58.889316435584576
58.889316435584576
58.889316435584576
58.889316435584576
58.889316435584576
58.889316435584576
59.01208192728184
59.01208192728184
59.01208192728184
59.01208192728184
59.01208192728184
59.01208192728184
59.04436031838478
59.21503915097393
57.27399132730015
58.19498483249802
59.21503915097393
59.08182319214919
59.08182319214919
59.08182319214919
59.08182319214919
59.11101905550954
59.11101905550954
59.279245189895285
59.16783216783218
59.16783216783218
59.16783216783218
59.16783216783218
59.01436750203869
59.16783216783218
59.16783216783218
59.16783216783218
59.39366515837105
59.39366515837105
58.341847905415264
58.341847905415264
58.78692231975074
59.39366515837105
59.39366515837105
59.39366515837105
59.39366515837105
59.39366515837105
59.39366515837105
59.39366515837105
59.39366515837105
59.39366515837105
59.43826997390757
59.43826997390757
59.43826997390757
59.46799550814148
59.46799550814148
59.46799550814148
59.46799550814148
59.46799550814148
59.46799550814148
59.46799550814148
59.46799550814148
59.46799550814148
55.361867644161876
59.324322092677605
59.46799550814148
59.46799550814148
59.46799550814148
59.46799550814148
59.46799550814148
59.46799550814148
59.46799550814148
59.46799550814148
59.46799550814148
59.46799550814148
59.46799550814148
59.46799550814148
59.46799550814148
59.46799550814148
59.517950919840146
59.517950919840146
59.517950919840146
59.55180500049542
59.55180500049542
59.55180500049542
59.55180500049542
59.55180500049542
59.55180500049542
59.55180500049542
59.55180500049542
59.55180500049542
59.55180500049542
59.55180500049542
59.55180500049542
59.55180500049542
59.55180500049542
59.55180500049542
59.560887802622446
59.560887802622446
59.560887802622446
59.742543845162984
57.337822037656736
59.742543845162984
59.742543845162984
59.83750041285464
59.83750041285464
59.9171813587872
59.9171813587872
59.9171813587872
59.9171813587872
59.9171813587872
59.9171813587872
59.9171813587872
59.9171813587872
59.9171813587872
59.9171813587872
59.9171813587872
59.9171813587872
59.9171813587872
59.9171813587872
59.9171813587872
59.9171813587872
59.9171813587872
59.9171813587872
59.9171813587872
59.9171813587872
60.05094626283977
60.05094626283977
60.05094626283977
58.7159398128808
60.05094626283977
60.05094626283977
60.05094626283977
60.57470174470727
60.57470174470727
60.57470174470727
60.57470174470727
61.283367019793694
61.283367019793694
61.283367019793694
61.283367019793694
61.283367019793694
61.44453930861443
61.45325132422637
61.45325132422637
61.45325132422637
61.45325132422637
61.45325132422637
61.45325132422637
61.45325132422637
61.45325132422637
50.15258458929037
61.45325132422637
61.45325132422637
62.15151937552273
62.15151937552273
62.15151937552273
62.15151937552273
62.15151937552273
62.154132980206306
62.154132980206306
62.154132980206306
62.154132980206306
62.154132980206306
62.154132980206306
62.154132980206306
62.154132980206306
62.18985224421523
62.18985224421523
62.18985224421523
62.18985224421523
62.18985224421523
62.08705045999444
62.08705045999444
62.08705045999444
62.08705045999444
62.18985224421523
52.63875492250901
62.18985224421523
62.18985224421523
62.18985224421523
62.18985224421523
62.18985224421523
62.18985224421523
62.18985224421523
62.18985224421523
62.33447170337328
62.33447170337328
62.33447170337328
62.33447170337328
