55.5767461313258
57.175089464955924
61.05438855878224
61.05438855878224
61.05438855878224
61.05438855878224
62.503654970760245
62.503654970760245
62.503654970760245
62.503654970760245
62.503654970760245
62.503654970760245
63.43669768934532
63.43669768934532
64.11391744259993
64.11391744259993
64.11391744259993
64.11391744259993
64.11391744259993
64.11439201951461
65.20499206807699
65.20499206807699
65.20499206807699
65.20499206807699
65.33862700181821
65.33862700181821
65.33862700181821
65.33862700181821
65.33862700181821
65.33862700181821
65.4664026516293
65.4664026516293
65.4664026516293
65.4664026516293
66.08910891089108
66.08910891089108
66.08910891089108
66.08910891089108
66.27593186034746
66.27593186034746
67.65808823529412
67.90913865546219
67.90913865546219
67.90913865546219
67.90913865546219
67.90913865546219
67.90913865546219
67.90913865546219
67.90913865546219
68.23251335972827
68.23251335972827
68.23251335972827
68.23251335972827
68.23251335972827
68.23251335972827
68.23251335972827
68.23251335972827
68.23251335972827
68.23251335972827
68.23251335972827
68.23251335972827
68.23251335972827
68.23251335972827
68.23251335972827
68.23251335972827
68.23251335972827
69.23295089687058
69.23295089687058
69.23295089687058
69.23295089687058
69.23295089687058
69.23295089687058
69.38439145511366
69.38439145511366
69.38439145511366
69.38439145511366
69.43054348056576
69.56579904961684
69.56579904961684
69.56579904961684
69.56579904961684
69.56579904961684
69.67068367652723
69.67068367652723
69.67068367652723
69.67068367652723
69.67068367652723
69.67068367652723
69.72505891594658
69.72505891594658
69.72505891594658
69.72505891594658
69.72505891594658
69.98933901918977
69.98933901918977
69.98933901918977
69.98933901918977
69.98933901918977
69.98933901918977
69.98933901918977
69.98933901918977
69.98933901918977
69.98933901918977
69.98933901918977
69.98933901918977
69.98933901918977
69.98933901918977
69.98933901918977
69.98933901918977
69.98933901918977
70.11053753787454
70.11053753787454
70.11053753787454
70.11053753787454
70.11053753787454
70.11053753787454
70.11053753787454
70.11053753787454
70.1486926270901
70.1486926270901
70.1486926270901
70.1486926270901
70.1486926270901
70.1486926270901
70.15802087533037
70.15802087533037
70.15802087533037
70.15802087533037
70.15802087533037
70.15802087533037
70.15802087533037
70.15802087533037
70.15802087533037
70.15802087533037
70.15802087533037
70.15802087533037
70.15802087533037
70.15802087533037
70.15802087533037
70.15802087533037
70.15802087533037
70.15802087533037
70.15802087533037
70.15802087533037
70.43398181190284
70.43398181190284
70.63312996431448
70.63312996431448
70.63312996431448
70.63312996431448
70.63312996431448
70.63312996431448
70.63312996431448
70.63312996431448
70.63312996431448
70.63312996431448
70.63312996431448
70.63312996431448
70.63312996431448
70.63312996431448
70.63312996431448
70.83573155289513
70.83573155289513
70.83573155289513
70.83573155289513
70.83573155289513
70.83573155289513
70.83573155289513
70.83573155289513
70.83573155289513
70.83573155289513
71.17589501554046
71.17589501554046
71.17589501554046
71.17589501554046
71.17589501554046
71.17589501554046
71.17589501554046
71.17589501554046
71.17589501554046
71.17589501554046
71.17589501554046
71.17589501554046
71.17589501554046
71.17589501554046
71.17589501554046
71.39806607574538
71.39806607574538
71.39806607574538
71.39806607574538
71.39806607574538
71.39806607574538
71.39806607574538
71.39806607574538
71.39806607574538
71.39806607574538
71.39806607574538
71.39806607574538
71.39806607574538
71.39806607574538
71.39806607574538
71.39806607574538
71.39806607574538
71.39806607574538
71.39806607574538
71.39806607574538
71.39806607574538
71.42108898353862
71.42108898353862
71.42108898353862
71.42108898353862
71.42108898353862
71.42108898353862
71.42108898353862
71.42108898353862
71.42108898353862
71.42108898353862
71.42108898353862
71.58224933809142
71.58224933809142
71.58224933809142
71.58224933809142
71.58224933809142
71.58224933809142
71.58224933809142
71.58224933809142
71.68239898699207
71.68239898699207
71.68239898699207
71.68239898699207
71.68239898699207
71.68239898699207
71.68239898699207
71.68239898699207
71.81344348306332
71.81344348306332
71.81344348306332
71.81344348306332
71.81344348306332
71.81344348306332
71.81344348306332
71.81344348306332
71.81344348306332
71.81344348306332
71.81344348306332
71.81344348306332
71.81344348306332
71.81344348306332
71.81344348306332
71.81344348306332
71.81344348306332
71.81344348306332
71.81344348306332
71.81344348306332
71.81344348306332
71.81344348306332
71.81344348306332
71.81344348306332
71.81344348306332
71.81344348306332
71.81344348306332
71.81344348306332
71.81344348306332
71.81344348306332
71.81344348306332
71.81344348306332
71.81344348306332
71.81344348306332
71.81344348306332
71.81344348306332
71.81344348306332
71.81344348306332
71.81344348306332
71.81344348306332
71.81344348306332
71.81344348306332
71.81344348306332
71.81344348306332
71.81344348306332
71.81344348306332
71.81344348306332
71.81344348306332
71.81344348306332
71.81344348306332
71.81344348306332
71.81344348306332
71.81344348306332
71.81344348306332
71.81344348306332
71.81344348306332
71.81344348306332
71.81344348306332
71.81344348306332
71.81344348306332
71.81344348306332
71.81344348306332
72.19853307532762
72.19853307532762
72.19853307532762
72.19853307532762
72.19853307532762
72.19853307532762
72.19853307532762
72.19853307532762
72.19853307532762
72.19853307532762
72.19853307532762
72.19853307532762
72.19853307532762
72.19853307532762
72.19853307532762
72.19853307532762
72.19853307532762
72.19853307532762
72.19853307532762
72.19853307532762
72.19853307532762
72.19853307532762
72.19853307532762
72.19853307532762
72.19853307532762
72.19853307532762
72.27500782128084
72.72365415234096
72.72365415234096
72.72365415234096
72.72365415234096
72.72365415234096
72.72365415234096
72.72365415234096
72.72365415234096
72.72365415234096
72.72365415234096
72.72365415234096
72.72365415234096
72.72365415234096
72.72365415234096
72.72365415234096
72.72365415234096
72.72365415234096
72.76691972217736
72.76691972217736
72.76691972217736
72.76691972217736
72.76691972217736
73.0120912845836
73.0120912845836
73.0120912845836
73.0120912845836
73.0120912845836
73.0120912845836
73.0120912845836
73.33532135840584
73.33532135840584
73.33532135840584
73.33532135840584
73.33532135840584
73.33532135840584
73.33532135840584
73.33532135840584
73.33532135840584
73.33532135840584
73.33532135840584
73.33532135840584
73.33532135840584
73.33532135840584
73.33532135840584
73.33532135840584
73.33532135840584
73.33532135840584
73.33532135840584
73.33532135840584
73.71619550609482
73.78773375668291
73.78773375668291
73.78773375668291
73.78773375668291
73.78773375668291
73.78773375668291
73.78773375668291
73.78773375668291
73.78773375668291
73.78773375668291
73.80757826909158
73.80757826909158
73.82567179511125
73.82567179511125
73.82567179511125
73.82567179511125
73.82567179511125
73.8402633483529
73.8402633483529
73.8402633483529
73.8402633483529
73.8402633483529
73.8402633483529
73.8402633483529
73.8402633483529
73.8402633483529
73.98552249976612
73.98552249976612
73.98552249976612
74.04921439077349
74.04921439077349
74.04921439077349
74.04921439077349
74.04921439077349
74.04921439077349
74.04921439077349
74.04921439077349
74.1673683225746
74.1673683225746
74.1673683225746
74.3042747414377
74.3042747414377
74.3042747414377
74.3042747414377
74.3042747414377
74.3042747414377
74.3042747414377
74.3042747414377
74.3042747414377
74.45369224663229
74.45369224663229
74.45369224663229
74.45369224663229
74.45369224663229
74.45369224663229
74.45369224663229
74.45369224663229
74.45369224663229
74.45369224663229
74.45369224663229
74.45369224663229
74.45369224663229
74.45369224663229
74.57626129386223
74.57626129386223
74.57626129386223
74.57626129386223
74.57626129386223
74.57626129386223
74.57626129386223
74.57626129386223
74.57626129386223
74.57626129386223
74.57626129386223
74.57626129386223
74.57626129386223
74.57626129386223
74.57626129386223
74.57626129386223
74.57626129386223
74.73151542035349
74.73151542035349
74.73151542035349
74.73151542035349
74.73151542035349
74.73151542035349
74.73151542035349
74.73151542035349
74.73151542035349
74.73151542035349
74.73151542035349
74.73151542035349
74.73151542035349
74.73151542035349
74.73151542035349
74.73151542035349
74.73151542035349
74.74202133868747
74.74202133868747
74.74202133868747
74.74202133868747
74.74202133868747
74.74202133868747
74.74202133868747
74.74202133868747
74.74202133868747
74.75953120257746
74.75953120257746
74.75953120257746
74.75953120257746
74.813136503784
74.813136503784
74.813136503784
74.813136503784
74.813136503784
74.813136503784
74.813136503784
74.813136503784
74.813136503784
74.813136503784
74.813136503784
74.813136503784
74.813136503784
74.813136503784
74.813136503784
74.813136503784
74.85810053256095
