26.617539458555452
33.33759263991822
33.33759263991822
33.33759263991822
33.33759263991822
34.748830894554224
40.78896974339334
39.897231187361974
42.118516031559516
42.248774509803916
42.248774509803916
43.95576131687243
43.96508309551787
43.96508309551787
45.138888888888886
45.54463977938642
45.92764060356652
47.41083676268861
43.54614220877458
43.54614220877458
43.54614220877458
43.54614220877458
42.003730349054095
43.54614220877458
43.54614220877458
43.54614220877458
43.54614220877458
43.54614220877458
44.163607760880964
44.163607760880964
44.163607760880964
40.90771558245083
40.90771558245083
47.78275475923853
48.77379619260918
48.77379619260918
47.2508398656215
47.2508398656215
47.2508398656215
47.82194848824188
47.82194848824188
48.46283783783783
48.46283783783783
49.2012012012012
49.2012012012012
49.2012012012012
49.2012012012012
49.46808510638298
49.46808510638298
49.46808510638298
50.11824324324324
50.11824324324324
50.11824324324324
50.11824324324324
50.11824324324324
50.11824324324324
50.966966966966964
50.966966966966964
50.966966966966964
50.966966966966964
50.966966966966964
50.966966966966964
50.966966966966964
50.966966966966964
50.966966966966964
50.966966966966964
50.966966966966964
50.966966966966964
50.966966966966964
50.966966966966964
50.966966966966964
50.966966966966964
50.966966966966964
52.177167810355584
52.177167810355584
52.177167810355584
52.177167810355584
52.177167810355584
52.177167810355584
52.177167810355584
52.177167810355584
52.177167810355584
52.177167810355584
52.177167810355584
52.177167810355584
52.177167810355584
52.177167810355584
52.177167810355584
52.177167810355584
52.177167810355584
52.177167810355584
52.177167810355584
52.177167810355584
52.177167810355584
52.177167810355584
53.05053025577043
53.05053025577043
53.05053025577043
53.05053025577043
53.05053025577043
53.05053025577043
53.05053025577043
53.05053025577043
53.05053025577043
53.05053025577043
53.05053025577043
53.05053025577043
53.05053025577043
53.05053025577043
53.05053025577043
53.05053025577043
53.05053025577043
53.05053025577043
53.05053025577043
53.05053025577043
53.05053025577043
53.05053025577043
53.05053025577043
53.05053025577043
53.05053025577043
53.05053025577043
53.05053025577043
53.05053025577043
53.05053025577043
53.05053025577043
53.05053025577043
53.05053025577043
53.05053025577043
53.05053025577043
53.05053025577043
53.05053025577043
53.05053025577043
53.05053025577043
53.05053025577043
53.05053025577043
53.05053025577043
53.05053025577043
53.05053025577043
53.05053025577043
53.05053025577043
53.05053025577043
53.05053025577043
53.05053025577043
53.05053025577043
53.05053025577043
53.05053025577043
53.05053025577043
53.05053025577043
53.05053025577043
53.05053025577043
53.05053025577043
53.05053025577043
53.05053025577043
53.05053025577043
53.05053025577043
53.05053025577043
53.05053025577043
53.05053025577043
53.05053025577043
53.05053025577043
53.05053025577043
53.05053025577043
51.565814098565184
53.05053025577043
53.05053025577043
53.05053025577043
53.05053025577043
53.05053025577043
53.05053025577043
53.05053025577043
53.05053025577043
53.05053025577043
53.05053025577043
53.05053025577043
53.05053025577043
53.05053025577043
53.05053025577043
53.05053025577043
53.05053025577043
53.05053025577043
53.05053025577043
53.05053025577043
53.05053025577043
53.05053025577043
53.05053025577043
53.05053025577043
53.05053025577043
53.05053025577043
53.05053025577043
53.05053025577043
53.05053025577043
53.05053025577043
53.05053025577043
53.05053025577043
53.05053025577043
53.05053025577043
53.05053025577043
53.05053025577043
53.05053025577043
53.05053025577043
