57.94046539740103
59.44835680751174
59.44835680751174
59.581367924528294
59.581367924528294
59.61354961832062
62.73388773388773
62.73388773388773
62.73388773388773
62.73388773388773
62.84477699530517
63.25030012004802
63.55042016806723
63.55042016806723
63.55042016806723
63.83315733896516
63.83315733896516
63.83315733896516
63.83315733896516
64.34085510688837
67.09694415173868
67.09694415173868
67.09694415173868
67.09694415173868
67.09694415173868
67.09694415173868
67.09694415173868
67.09694415173868
67.09694415173868
67.09694415173868
67.09694415173868
67.09694415173868
67.09694415173868
67.09694415173868
67.09694415173868
67.09694415173868
67.09694415173868
67.09694415173868
67.09694415173868
67.09694415173868
67.09694415173868
67.09694415173868
67.09694415173868
67.09694415173868
67.09694415173868
67.09694415173868
67.09694415173868
67.09694415173868
67.09694415173868
67.09694415173868
67.09694415173868
67.09694415173868
67.09694415173868
67.09694415173868
67.09694415173868
67.09694415173868
67.09694415173868
67.09694415173868
67.09694415173868
67.09694415173868
67.09694415173868
67.09694415173868
67.09694415173868
67.09694415173868
67.09694415173868
67.09694415173868
67.09694415173868
67.09694415173868
67.09694415173868
67.09694415173868
67.09694415173868
67.09694415173868
67.09694415173868
67.09694415173868
67.09694415173868
67.09694415173868
67.09694415173868
67.09694415173868
67.09694415173868
67.09694415173868
67.09694415173868
67.09694415173868
67.09694415173868
67.09694415173868
67.09694415173868
67.09694415173868
67.09694415173868
67.09694415173868
67.09694415173868
67.09694415173868
67.09694415173868
67.09694415173868
67.09694415173868
67.09694415173868
67.09694415173868
67.09694415173868
67.09694415173868
67.09694415173868
67.09694415173868
67.09694415173868
67.09694415173868
67.09694415173868
67.09694415173868
67.09694415173868
67.09694415173868
67.09694415173868
67.09694415173868
67.09694415173868
67.09694415173868
67.09694415173868
67.09694415173868
67.09694415173868
67.09694415173868
67.09694415173868
67.09694415173868
67.09694415173868
67.09694415173868
67.09694415173868
67.09694415173868
67.09694415173868
67.09694415173868
67.09694415173868
67.09694415173868
67.09694415173868
67.09694415173868
67.09694415173868
67.09694415173868
67.09694415173868
67.09694415173868
67.09694415173868
67.09694415173868
67.09694415173868
67.09694415173868
67.09694415173868
67.09694415173868
67.09694415173868
67.09694415173868
67.09694415173868
67.09694415173868
67.09694415173868
67.09694415173868
67.09694415173868
67.09694415173868
67.09694415173868
67.09694415173868
67.09694415173868
67.09694415173868
67.09694415173868
67.09694415173868
67.09694415173868
67.09694415173868
67.09694415173868
67.09694415173868
67.09694415173868
67.09694415173868
67.09694415173868
67.09694415173868
67.09694415173868
67.09694415173868
67.09694415173868
67.09694415173868
67.09694415173868
67.09694415173868
67.09694415173868
67.09694415173868
67.09694415173868
67.09694415173868
67.09694415173868
67.09694415173868
67.09694415173868
67.09694415173868
67.09694415173868
67.09694415173868
67.09694415173868
67.09694415173868
67.09694415173868
67.09694415173868
67.09694415173868
67.09694415173868
67.09694415173868
67.09694415173868
67.09694415173868
67.09694415173868
67.09694415173868
67.09694415173868
67.09694415173868
67.09694415173868
67.09694415173868
67.09694415173868
67.09694415173868
67.09694415173868
67.09694415173868
67.09694415173868
67.09694415173868
67.09694415173868
67.09694415173868
67.09694415173868
67.09694415173868
67.09694415173868
67.09694415173868
