42.37812969739252
45.48624998292985
47.497631112771764
48.628490839177985
49.00924362838241
49.491065234983935
52.20562251551022
51.86499241145564
52.31709801724264
53.04337203528146
52.75088267308156
53.20849170300755
52.098868934558084
53.051202622110495
55.06969309134147
55.322245562523996
55.55832947667473
58.418653550371346
58.619700817812735
58.78955702926654
58.449513843438
58.84248243367851
58.83736207998891
58.56396310816659
58.9728068352847
58.7058650357554
59.20716905324481
58.91899537043772
60.6895788876029
60.25711346733351
58.983330824176406
59.01107245178512
59.06170855723061
60.93445430618359
62.106390558891064
61.99928564690805
62.309339324655696
62.371186631830916
62.11827338366466
61.026196643311835
62.38567449957725
62.252996333732575
62.58579500223559
62.22516101357553
61.87725139756158
62.18785253469169
61.072097940519505
60.75624781452401
61.89924915298165
61.648939982800165
61.77712358050927
62.97392352672979
63.390186496899574
63.63252382968947
63.263079995796225
62.986639085965045
63.11302681084037
62.29072802161015
61.84395102520209
62.041479999875506
61.15386518989864
60.460950014276634
60.62275575812547
60.733291157958114
60.76447334250626
62.1681109941686
61.76152203524256
61.49818216917915
61.60994142826553
61.74396376615503
61.31541768896132
60.97534519647555
61.05254272446446
61.82592928360623
61.676661171585195
61.24938270607386
61.3966406320715
61.790605081225806
61.9903312536634
62.236095020398125
62.07810539086099
60.89705542103934
60.53664036413799
60.781682890327126
61.1450103679893
61.63252164549759
61.1840720890472
60.30860418974403
60.33062277491791
61.207329529716525
61.10343846020794
60.77201224525474
60.25694684474197
60.48030113639462
60.37932300981205
60.509231580199504
61.027515241639854
61.309971203906926
61.30227010863625
60.985524641850816
61.42842289396532
61.149520085801825
61.53629559169375
62.03266399356588
61.76423621676065
60.734963669654476
60.10255289577626
60.43400253513429
60.88065568551043
61.035582246689344
61.024763896065885
61.02141774538162
60.93705837899908
60.730640318799274
60.87947416492733
60.99823721352027
60.35777273032052
60.45655956885425
60.58374121892994
60.97039563948272
60.927085825987774
60.82109015555449
60.29063772602958
59.95512765409683
60.08587924931747
60.46037313016582
60.37513482911413
60.68506756277007
61.08828349899801
61.16157527029857
60.67884900873177
60.57685914298389
60.7422530387807
60.783200045674256
60.68336476128002
60.279204790743066
60.38838450488477
60.44137652096579
59.89189025092385
59.31410967921413
59.69486173379845
59.97599840863562
60.26351333720917
60.51353487271551
60.5258220028869
60.45331315597366
60.20311856810821
59.933737160611244
60.21397823500365
60.17677725175474
59.9498291473672
59.70675466589624
59.97445619630638
60.75527149566117
60.87423041426715
60.97179438021485
60.74063498085003
60.82085878461178
60.648097586732845
60.02336778962001
60.155304627481485
60.51423114902576
61.23140512868315
61.45183161311131
61.605635092059075
61.21373952403925
60.98263624626014
60.81370127217792
60.05110987708358
59.78118008885601
60.2743132477406
60.66843749132188
60.229736906264236
59.955189172395684
59.34356579334376
59.6827448067957
60.00045549497513
59.55894772019476
59.57342658065595
59.97331567985494
60.126179923731016
60.59273672344958
60.82381674313889
60.59295745294257
60.834710329577646
60.257708612288276
60.39389236642145
60.48953671674791
60.42557568301221
60.89534374069423
60.621457606881144
60.6802373591497
60.93341415561237
60.50393653323973
60.58053754915956
60.41086209102103
60.15866442694232
60.12243526980103
60.41617514194421
60.13070178807136
