6940.0
6940.0
6940.0
6940.0
6940.0
4920.0
4820.0
4820.0
4820.0
4820.0
4820.0
4820.0
4920.0
4820.0
4820.0
4820.0
4820.0
4820.0
4820.0
4820.0
4820.0
4820.0
4820.0
4820.0
4820.0
4820.0
4820.0
4820.0
4820.0
4820.0
4820.0
4820.0
4820.0
4820.0
4820.0
4820.0
4820.0
4820.0
4820.0
4820.0
4820.0
4820.0
4820.0
4820.0
4820.0
4820.0
4820.0
4820.0
4820.0
4820.0
4820.0
4820.0
4820.0
4820.0
4820.0
4820.0
4820.0
4820.0
4820.0
4820.0
4820.0
4820.0
4820.0
4820.0
4820.0
4820.0
4820.0
4820.0
4820.0
4820.0
4820.0
4820.0
4820.0
4820.0
4820.0
4820.0
4820.0
4820.0
4820.0
4820.0
4820.0
4820.0
4820.0
4820.0
4820.0
4820.0
4620.0
4620.0
4620.0
4620.0
4620.0
4620.0
4620.0
4620.0
4620.0
4620.0
4620.0
4620.0
4620.0
4620.0
4620.0
4620.0
4620.0
4620.0
4620.0
4620.0
4620.0
4620.0
4620.0
4620.0
4620.0
4620.0
4620.0
4620.0
4620.0
4620.0
4620.0
4620.0
4620.0
4620.0
4620.0
4620.0
4620.0
4620.0
4620.0
4620.0
4620.0
4620.0
4620.0
4620.0
4620.0
4620.0
4620.0
4620.0
4620.0
4620.0
4620.0
4620.0
4620.0
4620.0
4620.0
4620.0
4620.0
4620.0
4620.0
4620.0
4620.0
4620.0
4620.0
4620.0
4620.0
4620.0
4620.0
4620.0
4620.0
4420.0
4420.0
4420.0
4420.0
4420.0
4420.0
4420.0
4420.0
4420.0
4620.0
4620.0
4620.0
4620.0
4620.0
4620.0
4620.0
4620.0
4620.0
4620.0
4620.0
4620.0
4620.0
4620.0
4620.0
4620.0
4620.0
4620.0
4620.0
4620.0
4620.0
4620.0
4620.0
4620.0
4620.0
4620.0
4620.0
4620.0
4620.0
4620.0
4620.0
4620.0
4620.0
4620.0
4620.0
4620.0
