42.445056329079705
46.46628704596559
51.0958748211583
50.8604595415568
51.18489609550033
51.33663548746749
51.96848924264837
53.09828090106068
53.803765534054534
54.664286717761
55.70331276291044
56.77191953872178
56.33212670508518
58.252801010011055
59.97298462674878
60.473515058992746
61.020839839128186
60.06034933893032
61.66306820794027
61.99724227112311
60.90478398730388
60.62027412879983
61.45892814473982
61.35158321993267
61.332428657841106
60.9471249322361
60.125782504621874
60.986733545117374
61.20977546729165
60.714231739301034
60.36345196391544
61.42709116705201
61.64505877335165
60.772576444567335
60.72792725460664
60.58604915042018
60.43791747542575
60.75874244508367
60.7374023082876
60.988741242676596
60.81079420781634
60.23424394366847
61.44891327362133
60.929335220152325
61.592584822650316
61.80172365195964
61.307260935520866
61.56558928525067
61.11717989335203
61.32987267081519
61.443168246259496
61.63182236832849
61.516859446474825
61.49397414527493
62.06114312832457
61.938739617351075
61.49579961019799
61.30945484421481
61.4220289280298
61.249610926093126
62.13889400153503
62.46255337489744
62.57106318030261
62.52391990632975
62.48726545617924
62.52049051514835
62.27847196318701
62.35411801153591
62.24233074293513
63.2035893017888
62.78792600272028
62.84799583610404
62.885061930282006
62.79642746363935
62.317445464544946
62.38331704137103
62.68590024872609
63.25776283326614
63.11979675729386
62.87290050273157
62.88427642337418
62.97661153905538
62.91211626252398
63.303163085424686
63.53401227585753
63.87025824589837
63.62496321256765
63.41747046851185
63.9181510315964
63.654324165001924
63.193750493325595
63.135101195156814
63.01450241330207
62.24807702050695
61.642210371151194
61.466348038217994
61.24501551350886
61.52600211572225
62.02153579145009
62.124751576386416
62.56328344002611
62.89608196617358
62.6684838259233
62.620275793460834
62.22969052878784
62.0846830337954
62.20091287427724
62.225461555532334
62.4529840581828
62.759034332797036
62.84674173968732
62.94303224581661
62.669896690864945
62.74434419722401
62.81807238856243
62.421405852336974
62.50133288129827
62.5038369339173
63.12103376500003
62.630599866664696
62.13311240271846
62.33119364693128
62.00889458938176
61.734140394143836
61.97914058850258
62.23446120917241
61.993292957168194
62.12253175160752
62.26490799265596
62.26434676565958
62.24208907621596
62.73651308249951
62.623232570243786
62.595091510547284
62.65803436775745
62.413113976197636
62.260160544099755
62.277641139364576
62.81275281968603
62.40407106341987
62.35657250183988
62.822498335699244
62.60429253135309
62.35998949535216
62.58584232389944
62.239604783724346
62.05041138001824
61.75053812921409
61.70911173286621
61.692614806725054
61.60243084531184
61.60920433576614
61.93769901034783
61.96795399292091
62.29219441233247
62.214067265474014
62.405292169936025
62.809490118353594
62.35704898848117
62.359600720581135
63.000124061488464
62.674041537204175
63.12821658006644
63.04515523362473
63.55736995696276
63.09108182540397
63.070139166159
62.91407066609183
62.703095753851926
62.80385221621047
62.53730631105505
62.55978596044539
62.42530763431806
62.437783624965434
62.48276131124398
62.78212457511586
62.54450652232906
62.31868747145559
62.481289615813786
62.20911000952956
62.8712450295458
62.90246874927213
62.78608028594399
63.52892415082168
63.24646324531888
62.9094273205558
63.09213757309955
62.986374811520896
63.059406819686636
62.94928932042103
63.214568563205304
63.346616351654106
63.26670877837421
63.16188647909773
63.085633292258386
62.73194017011709
62.65056630551942
62.720912526392304
62.90542169648815
63.17599022187913
