739301.8125
699949.0625
670148.0
636866.3125
604062.375
568437.6875
544298.5625
520413.6875
506092.125
489663.0625
479555.0
468256.625
453968.625
453258.125
458703.4375
452732.375
455006.0
434105.5
438879.25
419808.875
415476.9375
416866.9375
413736.125
402847.25
407283.875
403805.9375
405111.5625
405600.5625
396827.0625
387819.125
387954.375
385220.125
382442.9375
371945.6875
369098.25
369538.125
366388.0
369832.625
361031.25
360379.0
360770.375
356986.6875
355439.875
353581.4375
351228.0
350749.9375
344294.625
348335.875
347331.125
342933.9375
344445.625
345748.125
343994.5625
345126.25
340750.25
340921.1875
347072.5625
350841.8125
354223.875
349966.6875
343147.5625
337854.1875
335400.125
336091.3125
343569.4375
333533.8125
328480.75
328709.875
332251.5
328604.75
330454.1875
333437.6875
332840.25
331667.5625
333640.3125
333405.8125
332015.9375
335557.625
341949.3125
352983.1875
353363.9375
354788.0625
354827.1875
352288.875
353768.6875
352847.9375
345598.5
345514.25
346000.4375
343117.0
338345.25
334538.375
336764.4375
339254.0625
342279.5625
345313.875
342557.375
340258.75
337469.125
336988.9375
335026.25
332621.3125
334683.0
336325.1875
333271.0
333561.5
333725.25
340562.125
339476.9375
338421.375
340138.4375
332451.125
327492.375
327885.0
326227.5625
327500.125
331414.6875
326760.625
328577.0
326228.8125
324138.5625
321537.75
321223.375
321082.1875
322866.3125
325869.5625
327661.5
324126.0
329965.1875
329734.375
329221.0
328239.9375
330779.125
329874.3125
329994.6875
325132.3125
323634.0625
321475.8125
326113.375
323022.5625
325561.25
321127.3125
321590.4375
324680.1875
323491.5
320650.3125
325909.625
326195.0625
322714.9375
320219.8125
319266.875
317525.0625
318853.0625
320152.5
320332.1875
317256.75
316745.0625
319261.25
316305.0625
319197.4375
315198.0625
314292.625
314858.0
311115.5
309209.9375
308919.5
308651.8125
309463.6875
308586.6875
304837.0
304098.875
304469.0
305316.5625
306261.5625
304792.0625
302918.0
300968.875
300428.375
304659.3125
306023.125
309724.4375
309032.1875
307587.8125
309903.3125
309107.375
310065.5
310557.6875
310591.8125
309058.5
309225.1875
310662.1875
309786.9375
309730.1875
308320.625
307245.0
300059.3125
300545.1875
301701.0
298102.875
300210.625
301914.375
302121.125
301765.375
297986.8125
293228.25
290569.375
291308.5
289098.375
284455.4375
285081.125
287005.25
286451.9375
284354.5625
283639.9375
289046.1875
291639.5625
291120.0
288664.4375
284110.4375
286385.1875
285906.6875
289350.375
290830.75
292346.5625
290480.9375
290672.875
289016.125
289811.0625
286148.1875
287014.875
282732.0
280942.3125
279974.6875
278566.625
279512.6875
280258.5625
279354.75
280677.3125
280776.625
279729.0625
279443.0625
277515.875
278983.9375
278298.875
284790.125
289734.125
294396.875
295102.9375
295933.25
295426.5625
294320.6875
294567.6875
294469.3125
288172.1875
285716.0
281718.9375
279726.5
278862.5
279106.3125
285958.8125
284680.3125
284986.8125
287202.0
286621.4375
284800.1875
284848.1875
283073.5625
282658.5625
280453.1875
281767.125
280778.8125
284480.0
282422.75
282586.25
281750.75
282387.8125
281201.375
279893.0
279344.1875
285962.375
286478.9375
289957.3125
291064.5
291209.9375
289946.0
293345.0625
295599.6875
294267.0625
296446.75
294686.75
292643.0625
292327.75
293259.25
293668.5625
293149.5
293829.25
292398.375
290373.1875
288879.0
288476.75
284831.9375
284507.5
284214.4375
285249.3125
287138.3125
288278.8125
290705.75
293025.875
292713.1875
293776.8125
293732.625
295019.125
294508.5
291701.375
290333.1875
287056.5
287643.125
286904.4375
286945.875
286769.5
284409.125
285578.625
280553.4375
279779.375
278577.25
282198.4375
281609.6875
282976.4375
282763.25
282132.0
280848.3125
280705.0625
276303.6875
276739.625
279059.125
274419.0625
272417.1875
273303.6875
273731.125
272743.8125
273290.1875
270232.375
270025.75
267775.5625
265100.8125
265084.125
267094.75
266814.0625
269938.9375
270038.1875
271618.5625
271127.875
270795.8125
271195.5
272158.75
272207.875
271004.125
271907.875
272032.3125
272571.9375
273424.9375
276691.8125
277911.75
279219.4375
278150.1875
277675.0
274228.6875
270702.9375
274272.25
272099.6875
273535.125
276552.875
275571.9375
273374.1875
274576.875
274549.3125
276684.5625
277626.4375
278729.625
274568.125
273933.375
273636.0625
272308.125
272594.125
271611.375
271650.5
272781.1875
272924.9375
272943.125
272078.1875
269226.3125
269102.25
274619.375
275264.3125
276384.5
275699.25
277053.5
274341.0
272893.25
270749.375
268446.3125
266464.125
266244.0
264730.625
266159.0625
267155.5
268340.75
267151.8125
265814.8125
265484.5625
262522.875
263917.75
263883.1875
263043.375
264862.0625
266108.5
264558.8125
265560.625
265613.5625
263742.4375
264235.5625
262767.5
265748.625
264876.375
265579.625
264317.5
263311.75
257170.1875
258063.875
256694.25
255558.5625
250783.0
244376.0625
251789.1875
251258.5
254287.75
254678.0625
259696.125
257651.4375
256671.4375
254610.0
262024.5
259655.3125
259818.0
263604.0625
263701.625
262501.625
262946.625
261637.5
258470.125
257549.625
257314.0625
259798.25
261769.3125
259540.75
260621.0
259529.75
259471.9375
260190.0
259882.0
259202.9375
259331.0
260436.5
264430.3125
264686.3125
263988.125
262363.0625
262807.0
264615.4375
265743.75
264693.1875
263761.6875
261408.5625
261226.5625
263373.625
261042.125
260906.25
259240.0
256169.25
255967.6875
257220.1875
262456.0625
261804.625
261084.5625
261264.0
259438.75
259774.3125
258726.125
257994.25
254341.5
257878.25
257879.4375
258337.1875
260393.3125
258709.125
257302.8125
257705.875
259386.6875
260461.0
257198.0
