42.22207875122847
46.3621115819209
49.49119021934556
49.49119021934556
50.4503582395087
50.4503582395087
52.34936323892796
53.029549298577265
53.029549298577265
53.029549298577265
54.33119037743675
54.33119037743675
54.33449907426454
54.33449907426454
58.85189309576837
58.85189309576837
58.85189309576837
58.85189309576837
58.85189309576837
58.85189309576837
58.85189309576837
58.85189309576837
60.80758752444581
60.80758752444581
60.56951315463295
60.56951315463295
59.329751192248764
59.329751192248764
59.329751192248764
59.329751192248764
59.329751192248764
59.329751192248764
60.7477897010191
60.7477897010191
60.7477897010191
60.7477897010191
60.7477897010191
60.7477897010191
60.7477897010191
60.7477897010191
61.74678783374437
61.74678783374437
61.74678783374437
62.610922624924456
62.610922624924456
62.63753607503608
62.63753607503608
62.63753607503608
62.63753607503608
62.63753607503608
62.63753607503608
62.63753607503608
62.63753607503608
62.63753607503608
62.63753607503608
62.63753607503608
62.63753607503608
62.63753607503608
62.63753607503608
62.63753607503608
63.90167287603185
63.17719254599519
63.17719254599519
63.17719254599519
63.17719254599519
63.17719254599519
61.57735202924708
61.57735202924708
61.57735202924708
61.57735202924708
61.57735202924708
61.57735202924708
61.57735202924708
61.57735202924708
61.57735202924708
61.57735202924708
60.402684563758385
60.402684563758385
60.402684563758385
60.402684563758385
60.402684563758385
60.402684563758385
60.402684563758385
60.402684563758385
60.402684563758385
60.402684563758385
60.402684563758385
60.402684563758385
60.402684563758385
60.402684563758385
60.402684563758385
60.402684563758385
60.402684563758385
63.424526037916976
63.424526037916976
63.424526037916976
63.424526037916976
63.424526037916976
62.69660071029935
62.69660071029935
61.50112493004877
61.50112493004877
61.50112493004877
61.50112493004877
61.50112493004877
61.50112493004877
61.50112493004877
61.50112493004877
61.50112493004877
61.50112493004877
61.50112493004877
59.8592278232067
59.8592278232067
59.8592278232067
59.8592278232067
59.8592278232067
59.8592278232067
59.8592278232067
59.8592278232067
59.8592278232067
59.8592278232067
59.8592278232067
59.8592278232067
59.8592278232067
59.8592278232067
62.69660071029935
62.69660071029935
62.69660071029935
62.69660071029935
62.69660071029935
62.69660071029935
62.69660071029935
62.69660071029935
62.69660071029935
67.43674367436742
67.43674367436742
67.43674367436742
67.43674367436742
67.43674367436742
67.43674367436742
67.34384745611689
67.34384745611689
67.34384745611689
67.34384745611689
67.34384745611689
67.34384745611689
67.34384745611689
67.34384745611689
65.77260034276537
65.77260034276537
65.77260034276537
65.77260034276537
65.77260034276537
65.77260034276537
65.77260034276537
65.77260034276537
65.77260034276537
65.77260034276537
65.77260034276537
65.77260034276537
65.77260034276537
65.77260034276537
65.77260034276537
65.77260034276537
65.77260034276537
65.77260034276537
65.77260034276537
65.77260034276537
65.77260034276537
65.77260034276537
65.77260034276537
65.77260034276537
65.77260034276537
65.77260034276537
65.77260034276537
67.34384745611689
67.13625691130804
67.13625691130804
67.13625691130804
67.13625691130804
67.13625691130804
67.13625691130804
67.13625691130804
67.13625691130804
67.13625691130804
67.13625691130804
67.13625691130804
67.13625691130804
67.34384745611689
67.34384745611689
67.34384745611689
67.34384745611689
67.34384745611689
67.34384745611689
67.34384745611689
67.34384745611689
67.34384745611689
67.34384745611689
67.34384745611689
67.34384745611689
67.34384745611689
67.34384745611689
67.34384745611689
67.34384745611689
67.34384745611689
67.34384745611689
67.34384745611689
67.34384745611689
67.34384745611689
67.34384745611689
67.34384745611689
67.34384745611689
67.34384745611689
67.34384745611689
67.34384745611689
67.34384745611689
67.34384745611689
67.34384745611689
67.34384745611689
67.34384745611689
66.23979630045682
66.47981091683063
66.47981091683063
66.47981091683063
66.47981091683063
66.47981091683063
66.47981091683063
66.47981091683063
66.47981091683063
66.47981091683063
66.47981091683063
66.47981091683063
66.47981091683063
66.47981091683063
66.47981091683063
66.47981091683063
66.47981091683063
66.47981091683063
66.47981091683063
66.47981091683063
66.47981091683063
66.47981091683063
66.47981091683063
66.47981091683063
66.47981091683063
66.47981091683063
66.47981091683063
66.47981091683063
66.47981091683063
66.47981091683063
66.47981091683063
66.47981091683063
66.47981091683063
66.47981091683063
66.47981091683063
66.47981091683063
66.47981091683063
66.47981091683063
66.47981091683063
66.47981091683063
66.47981091683063
64.7944064849509
64.7944064849509
64.7944064849509
64.7944064849509
64.7944064849509
64.7944064849509
64.7944064849509
64.7944064849509
64.7944064849509
64.7944064849509
64.7944064849509
64.7944064849509
64.7944064849509
63.38373424971363
63.38373424971363
63.38373424971363
63.38373424971363
63.38373424971363
63.38373424971363
63.38373424971363
63.38373424971363
63.38373424971363
63.38373424971363
63.38373424971363
63.38373424971363
63.38373424971363
63.38373424971363
63.38373424971363
63.38373424971363
63.38373424971363
63.38373424971363
63.38373424971363
63.38373424971363
63.38373424971363
63.38373424971363
63.38373424971363
63.38373424971363
63.38373424971363
63.38373424971363
63.38373424971363
63.493518990207725
63.493518990207725
63.493518990207725
63.493518990207725
63.493518990207725
64.7944064849509
64.7944064849509
64.7944064849509
64.7944064849509
64.7944064849509
64.7944064849509
64.7944064849509
64.7944064849509
64.7944064849509
64.7944064849509
64.7944064849509
64.7944064849509
64.7944064849509
64.7944064849509
64.7944064849509
65.94878981204903
65.94878981204903
66.23703542339857
66.23703542339857
66.23703542339857
66.23703542339857
66.23703542339857
66.23703542339857
66.23703542339857
66.23703542339857
66.23703542339857
66.23703542339857
66.23703542339857
66.23703542339857
66.23703542339857
66.23703542339857
66.23703542339857
66.23703542339857
66.23703542339857
66.23703542339857
66.23703542339857
66.23703542339857
66.23703542339857
66.31494804156674
66.31494804156674
66.31494804156674
66.31494804156674
66.31494804156674
66.31494804156674
66.31494804156674
66.31494804156674
66.31494804156674
66.31494804156674
66.31494804156674
66.31494804156674
66.31494804156674
66.31494804156674
66.31494804156674
66.31494804156674
66.31494804156674
66.31494804156674
66.31494804156674
66.31494804156674
66.31494804156674
66.31494804156674
66.31494804156674
66.31494804156674
66.31494804156674
66.31494804156674
66.31494804156674
66.31494804156674
66.31494804156674
66.31494804156674
66.31494804156674
66.31494804156674
66.31494804156674
66.31494804156674
66.31494804156674
66.31494804156674
66.31494804156674
66.31494804156674
66.31494804156674
66.31494804156674
66.31494804156674
66.31494804156674
66.31494804156674
66.31494804156674
66.31494804156674
66.31494804156674
65.61998568219408
66.31494804156674
66.31494804156674
66.31494804156674
66.31494804156674
66.31494804156674
66.31494804156674
66.31494804156674
66.31494804156674
66.31494804156674
66.31494804156674
66.31494804156674
66.31494804156674
66.31494804156674
66.31494804156674
66.31494804156674
66.31494804156674
66.31494804156674
66.31494804156674
66.31494804156674
66.31494804156674
66.31494804156674
66.31494804156674
66.31494804156674
66.31494804156674
66.31494804156674
66.31494804156674
66.31494804156674
66.31494804156674
66.31494804156674
66.31494804156674
66.31494804156674
66.31494804156674
66.31494804156674
66.31494804156674
66.31494804156674
66.31494804156674
66.31494804156674
66.31494804156674
66.31494804156674
66.31494804156674
66.31494804156674
66.31494804156674
66.31494804156674
66.31494804156674
66.31494804156674
66.31494804156674
66.31494804156674
66.31494804156674
66.31494804156674
66.31494804156674
66.31494804156674
66.31494804156674
66.31494804156674
66.31494804156674
66.31494804156674
66.31494804156674
66.31494804156674
66.31494804156674
66.31494804156674
66.31494804156674
66.31494804156674
66.31494804156674
66.31494804156674
66.31494804156674
66.31494804156674
66.31494804156674
66.31494804156674
67.04187985597878
67.19178503351165
67.19178503351165
67.19178503351165
67.19178503351165
67.19178503351165
67.19178503351165
67.19178503351165
67.19178503351165
67.19178503351165
67.19178503351165
67.19178503351165
67.19178503351165
67.19178503351165
67.19178503351165
67.19178503351165
67.19178503351165
67.19178503351165
67.19178503351165
67.19178503351165
67.19178503351165
67.19178503351165
67.19178503351165
67.19178503351165
67.19178503351165
67.19178503351165
67.19178503351165
67.19178503351165
67.19178503351165
67.19178503351165
67.19178503351165
67.19178503351165
67.19178503351165
67.19178503351165
67.19178503351165
67.19178503351165
67.19178503351165
67.19178503351165
67.19178503351165
67.19178503351165
67.19178503351165
67.19178503351165
