128196.0
121416.0
105722.0
105722.0
73082.0
73082.0
65174.0
65174.0
65174.0
65174.0
65174.0
65174.0
64116.0
64116.0
64116.0
64116.0
64116.0
64116.0
64116.0
60000.0
54626.0
54626.0
52474.0
52474.0
52474.0
52474.0
45212.0
45212.0
45212.0
45212.0
45212.0
45212.0
45212.0
45212.0
45212.0
45212.0
45212.0
45212.0
45212.0
42809.0
42809.0
42809.0
42809.0
41898.0
41898.0
41898.0
41898.0
41898.0
41898.0
41898.0
41898.0
41898.0
41898.0
41898.0
41898.0
41898.0
41898.0
41898.0
41898.0
41898.0
41898.0
41565.0
41565.0
41565.0
41565.0
41565.0
38624.0
38624.0
38624.0
38624.0
38624.0
38624.0
38624.0
38546.0
38546.0
33330.0
33330.0
33330.0
33330.0
33330.0
33330.0
33330.0
33330.0
33330.0
33330.0
33330.0
33330.0
33330.0
33330.0
33330.0
33330.0
32608.0
32608.0
32608.0
32608.0
32608.0
32608.0
32608.0
29524.0
29524.0
29524.0
29524.0
29524.0
29524.0
29524.0
29524.0
29524.0
29524.0
29524.0
29524.0
29524.0
29524.0
29524.0
29524.0
29524.0
29524.0
29524.0
29524.0
27446.0
27446.0
27446.0
27446.0
27446.0
27446.0
27446.0
27446.0
27446.0
24966.0
24966.0
24966.0
24966.0
24966.0
24966.0
24966.0
24966.0
24966.0
24966.0
24966.0
24966.0
24966.0
24016.0
24016.0
24016.0
24016.0
24016.0
24016.0
24016.0
24016.0
24016.0
24016.0
24016.0
24016.0
24016.0
24016.0
24016.0
24016.0
24016.0
24016.0
24016.0
24016.0
24016.0
24016.0
24016.0
24016.0
24016.0
24016.0
24016.0
24016.0
24016.0
24016.0
24016.0
24016.0
24016.0
24016.0
24016.0
24016.0
24016.0
24016.0
24016.0
24016.0
24016.0
24016.0
24016.0
24016.0
24016.0
24016.0
24016.0
24016.0
24016.0
24016.0
24016.0
24016.0
24016.0
24016.0
24016.0
24016.0
24016.0
24016.0
24016.0
24016.0
24016.0
24016.0
24016.0
24016.0
24016.0
24016.0
24016.0
24016.0
24016.0
24016.0
24016.0
24016.0
24016.0
24000.0
24000.0
24000.0
24000.0
24000.0
24000.0
24000.0
24000.0
23608.0
23608.0
23608.0
23608.0
23608.0
23608.0
23608.0
23608.0
23608.0
23608.0
23608.0
23608.0
23608.0
23608.0
23608.0
23608.0
23608.0
23608.0
23608.0
23608.0
23608.0
23608.0
23608.0
23608.0
23608.0
23608.0
23608.0
23608.0
23608.0
23608.0
23608.0
23608.0
23608.0
23608.0
23608.0
23608.0
23608.0
23608.0
23608.0
23608.0
22556.0
22556.0
22556.0
22556.0
22556.0
22556.0
22556.0
22556.0
22556.0
22556.0
22556.0
22556.0
22556.0
22556.0
22556.0
22556.0
22556.0
22556.0
22556.0
22556.0
22556.0
22556.0
22556.0
22556.0
22556.0
22556.0
22556.0
22556.0
22556.0
22556.0
22556.0
22556.0
22556.0
22556.0
22556.0
22556.0
22556.0
22556.0
22556.0
22556.0
22556.0
22556.0
22556.0
22556.0
22556.0
22044.0
22044.0
22044.0
22044.0
22044.0
22044.0
22044.0
22044.0
22044.0
22044.0
22044.0
22044.0
22044.0
22044.0
22044.0
22044.0
22044.0
20736.0
20736.0
20736.0
20736.0
20736.0
20736.0
20736.0
20736.0
20736.0
20736.0
20736.0
20736.0
20736.0
20736.0
20736.0
20736.0
20736.0
20736.0
20736.0
20736.0
20736.0
20736.0
20736.0
20736.0
20736.0
20736.0
20736.0
20736.0
20736.0
20736.0
20736.0
20736.0
20736.0
20736.0
20736.0
20736.0
20736.0
20736.0
20736.0
20736.0
20736.0
20736.0
20736.0
20736.0
20736.0
20736.0
20736.0
20736.0
20736.0
20736.0
20736.0
20736.0
20736.0
20736.0
20736.0
20736.0
20736.0
20736.0
20736.0
20736.0
20736.0
20736.0
20736.0
20736.0
20736.0
20736.0
20736.0
20736.0
20736.0
20736.0
20736.0
20736.0
20736.0
20736.0
20736.0
20736.0
20736.0
20736.0
20736.0
20736.0
20736.0
20736.0
20736.0
20736.0
20736.0
20736.0
20736.0
20736.0
20736.0
19840.0
19840.0
19840.0
19840.0
19840.0
19840.0
19840.0
19840.0
19840.0
19840.0
19840.0
19840.0
19840.0
19840.0
19840.0
19840.0
19840.0
19840.0
19840.0
19840.0
19840.0
19840.0
19840.0
19840.0
19840.0
19840.0
19840.0
19840.0
19840.0
19840.0
19840.0
19840.0
19840.0
19840.0
19840.0
19840.0
19840.0
19840.0
19840.0
19840.0
19840.0
19840.0
19840.0
19840.0
19840.0
19840.0
19840.0
19840.0
19840.0
19840.0
19840.0
19840.0
19840.0
19840.0
19840.0
19840.0
19840.0
19840.0
19840.0
19840.0
19840.0
19840.0
19840.0
19840.0
19840.0
19840.0
19840.0
19840.0
19840.0
19840.0
19840.0
19840.0
19840.0
18730.0
18730.0
18730.0
18730.0
18730.0
18730.0
18730.0
18730.0
18730.0
18730.0
18730.0
18730.0
18730.0
18730.0
18730.0
