280167.1125
243362.0285714286
213848.84285714285
215617.48571428572
189271.89285714287
207113.05
172597.75
176721.48571428572
154724.5285714286
155401.32857142857
143559.45
159044.6
158212.20714285714
181370.95714285714
170725.72857142857
170148.08571428573
165443.83571428573
172849.42857142858
157404.47857142857
166930.3142857143
162250.24285714285
168676.0285714286
128163.69285714286
155456.50714285715
141796.90714285715
144261.07142857142
146589.32142857142
137414.1857142857
138537.0357142857
139585.01428571428
133974.0
130970.91428571429
128752.29285714286
128525.38571428572
122031.1
123911.37857142858
123876.2642857143
125566.85
128023.02142857143
128196.9857142857
117138.62857142858
128043.82142857143
131856.13571428572
124518.3
122240.54285714286
116407.02857142857
103188.27857142857
112266.14285714286
112536.46428571429
115285.83571428571
109035.50714285714
109440.52857142857
101042.18571428572
107808.17857142857
102192.22142857143
103704.38571428572
104619.02857142857
106902.75
106915.75714285714
102583.20714285714
105332.37857142858
104322.7357142857
113060.5142857143
109872.55714285714
107141.30714285714
111726.55
103701.02857142857
113130.2642857143
99265.82857142857
99629.52142857143
111129.57857142857
107856.4
99915.77857142857
98456.7642857143
103849.47857142857
109555.99285714286
105117.67142857143
101947.38571428572
103525.68571428572
98224.0
105214.18571428572
99391.85714285714
100386.94285714286
102602.90714285715
102607.86428571428
100023.87142857142
101470.03571428571
92220.87857142858
101181.67142857143
96508.68571428572
99075.67142857143
93657.02142857143
99477.65714285715
98389.4
95281.71428571429
99480.67857142857
100462.0142857143
100103.04285714286
105191.90714285715
91975.37857142858
99427.5
96336.72857142857
95639.32142857143
98832.7642857143
90280.88571428572
100035.22857142857
96531.38571428572
103967.62857142858
100667.82857142857
102070.63571428572
95848.64285714286
98785.15714285715
99116.44285714286
97112.45714285714
94615.07857142857
98229.81428571428
94823.66428571429
91708.29285714286
91959.2642857143
98782.49285714286
92207.22857142857
96021.20714285714
103351.4
93785.99285714286
98074.35
96307.67142857143
100246.74285714286
97165.49285714286
93480.52142857143
95999.40714285715
92460.92857142857
97283.33571428571
99774.39285714286
97630.91428571429
92853.42142857143
89222.69285714286
83598.85
102101.78571428571
98287.69285714286
89660.96428571429
94827.62142857142
96288.85714285714
102263.1
92519.7357142857
94343.61428571428
93924.96428571429
87203.9
93929.60714285714
89358.45
100496.21428571429
94018.72142857143
92108.13571428572
92075.37857142858
92353.0
89527.15714285715
91229.82142857143
100110.64285714286
97001.92142857143
92177.22857142857
104575.36428571428
90311.86428571428
98356.97142857143
87107.42142857143
98100.38571428572
88873.08571428571
93681.87142857142
90452.52857142857
90049.40714285715
95881.69285714286
87889.39285714286
92567.62142857142
93507.24285714286
90798.97142857143
92529.86428571428
92553.47857142857
87539.94285714286
93209.95
89562.35714285714
87111.79285714286
91807.95714285714
90729.27857142857
98983.37857142858
84539.25
89970.69285714286
88535.2357142857
92228.6
90156.84285714285
94603.87142857142
85998.21428571429
89363.22142857143
90457.13571428572
93041.63571428572
84474.49285714286
95577.74285714286
88943.47857142857
89362.70714285714
85995.60714285714
94951.77142857143
90876.81428571428
92544.2
85596.40714285715
84803.20714285714
86779.40714285715
91535.99285714286
85731.61428571428
91978.27857142857
85583.42142857143
87385.34285714285
87292.19285714286
83570.40714285715
84335.89285714286
87567.97857142857
86867.34285714285
93615.42857142857
96492.92142857143
92185.86428571428
85619.50714285714
90671.36428571428
87766.37857142858
83650.49285714286
87036.75
90255.85
86267.40714285715
89788.36428571428
88999.0
87744.49285714286
96944.17142857143
84207.10714285714
94392.27857142857
90285.29285714286
88975.12857142858
91508.7357142857
87442.68571428572
89951.12142857142
85213.56428571428
85074.47857142857
87615.6
95781.16428571429
87565.8
96471.57857142857
83324.82857142857
91795.22142857143
89669.17142857143
80243.52857142857
91197.02857142857
83375.18571428572
95680.31428571428
90126.5
87799.33571428571
91144.37142857142
87802.75714285714
83862.85
85655.6
87252.66428571429
87756.85714285714
85864.31428571428
89765.21428571429
91710.74285714286
83181.5142857143
90651.91428571429
86461.14285714286
83852.58571428571
84105.25714285714
84483.07142857143
89943.14285714286
91208.02857142857
87124.32857142857
84642.18571428572
88746.07142857143
87878.4
80014.17142857143
93463.52857142857
88488.13571428572
82860.27142857143
89207.22857142857
84147.24285714286
81188.4
86234.2
84196.2
87930.17857142857
78665.04285714286
95006.9857142857
82064.22857142857
84896.50714285714
91370.67142857143
85015.34285714285
81024.81428571428
86572.82857142857
86385.45714285714
86328.07142857143
86919.38571428572
90214.08571428571
86296.20714285714
84261.67857142857
89982.55714285714
91177.00714285714
89784.47142857143
90711.95714285714
86932.58571428571
79336.55
85017.62857142858
87386.45
89609.12142857142
88954.00714285714
92267.77142857143
80425.3
83525.31428571428
86817.5142857143
81485.52142857143
87141.83571428571
90064.02142857143
82573.57142857143
88837.75714285714
88996.75714285714
87793.91428571429
88360.42142857143
90900.2642857143
88917.91428571429
87117.29285714286
85656.11428571428
87837.36428571428
85331.35714285714
81234.4
83110.97857142857
87328.95
86383.75
90261.68571428572
89060.62142857142
79962.5
87470.79285714286
78649.60714285714
88173.47142857143
90589.18571428572
82411.67142857143
90668.64285714286
82336.57857142857
85820.67142857143
92364.42857142857
90613.56428571428
86007.16428571429
82164.71428571429
89575.50714285714
85192.69285714286
85754.44285714286
83375.28571428571
87696.92142857143
88210.57857142857
97871.21428571429
78260.42142857143
90830.50714285714
88141.75714285714
86117.05714285714
88792.82857142857
85038.66428571429
84140.67142857143
89621.43571428572
85775.31428571428
87482.80714285714
82825.59285714285
84996.08571428571
86501.05714285714
85642.7357142857
79053.40714285715
89034.05714285714
82438.74285714286
84930.58571428571
79537.16428571429
85303.81428571428
83858.82142857143
81447.29285714286
85831.22142857143
88441.83571428571
81405.32142857143
81957.00714285714
88250.54285714286
88556.58571428571
87148.40714285715
79434.22857142857
83000.17142857143
88698.95
83154.0
85642.00714285714
86731.97857142857
78241.94285714286
89262.93571428572
79160.9857142857
81067.37142857142
84487.31428571428
83195.06428571428
83927.82857142857
86531.14285714286
82670.57142857143
83699.22857142857
86347.87142857142
83763.96428571429
81324.95714285714
81283.92857142857
83552.52142857143
88078.67857142857
83322.83571428571
84667.37142857142
79804.22142857143
88581.0142857143
81858.22142857143
83072.52857142857
90589.77857142857
81132.09285714285
79287.06428571428
84566.3
80864.42857142857
84230.92857142857
82593.78571428571
81710.85
78591.19285714286
81164.2
81274.1
79339.5142857143
88395.2
76843.83571428571
84498.7642857143
78526.7
84100.65
79857.89285714286
87827.4
80156.65714285715
78829.77857142857
80168.16428571429
80664.42857142857
86547.34285714285
85728.22142857143
81727.55714285714
80178.57142857143
82151.35
77779.50714285714
83574.72857142857
81054.2
82881.3
76670.34285714285
81458.21428571429
84485.53571428571
83445.44285714286
84944.72857142857
80783.5142857143
83390.49285714286
84913.45714285714
77117.32857142857
83704.71428571429
86976.91428571429
82514.85
80124.5142857143
89875.15714285715
81091.79285714286
82484.82142857143
78890.27142857143
85379.41428571429
81293.75
91627.39285714286
83228.7642857143
81641.28571428571
84229.74285714286
86060.45714285714
88079.42857142857
92789.22142857143
78090.90714285715
83482.58571428571
83551.22857142857
80485.58571428571
83968.59285714285
85890.33571428571
83372.95714285714
83807.62142857142
81335.68571428572
85784.08571428571
84579.87142857142
80694.12142857142
86417.7
81971.89285714286
82793.77857142857
85443.17857142857
82982.0142857143
82584.75714285714
84656.82857142857
77875.60714285714
86354.53571428571
86858.25
83360.13571428572
83364.52142857143
88271.15714285715
81949.7
82052.00714285714
79958.5142857143
82922.29285714286
82466.31428571428
83591.72142857143
92062.65
80092.80714285714
79189.74285714286
86692.92857142857
85358.65
88998.41428571429
