508392.0
479150.0
411926.0
475820.0
404220.0
453718.0
397578.0
377508.0
422998.0
378616.0
377508.0
377508.0
416888.0
387344.0
376314.0
333434.0
405778.0
364054.0
403918.0
407278.0
381404.0
326766.0
301628.0
354192.0
294450.0
351476.0
375030.0
299186.0
326792.0
342636.0
346192.0
342636.0
377210.0
342636.0
342636.0
342636.0
390786.0
342636.0
405608.0
362766.0
342636.0
342636.0
357434.0
342636.0
347988.0
342636.0
205170.0
275780.0
292438.0
342707.0
261280.0
298564.0
247640.0
283232.0
224210.0
274882.0
261926.0
358320.0
276506.0
273038.0
287950.0
249092.0
320576.0
296370.0
266706.0
339746.0
256176.0
293446.0
285958.0
339990.0
291716.0
262558.0
288984.0
256334.0
351174.0
237476.0
241044.0
350178.0
234132.0
300262.0
280242.0
303954.0
268714.0
304490.0
273008.0
286448.0
296594.0
303802.0
362022.0
335782.0
315762.0
292482.0
263300.0
219112.0
285452.0
329168.0
270272.0
290092.0
310460.0
272910.0
294930.0
234252.0
370058.0
315602.0
224624.0
251194.0
272220.0
248294.0
318814.0
330050.0
354966.0
344966.0
286516.0
361086.0
296682.0
220148.0
297676.0
309440.0
263644.0
300468.0
285856.0
233868.0
270879.0
250490.0
285304.0
317298.0
268360.0
262942.0
307402.0
333636.0
266258.0
288912.0
308462.0
343806.0
262660.0
235646.0
209700.0
271794.0
241983.0
220718.0
363012.0
276480.0
263964.0
320000.0
319124.0
227314.0
198252.0
273760.0
291054.0
282940.0
323796.0
337506.0
248912.0
316664.0
234928.0
242062.0
308826.0
241484.0
296822.0
275628.0
225162.0
273394.0
244500.0
347410.0
274606.0
257930.0
358071.0
302382.0
280374.0
231312.0
317356.0
276500.0
255754.0
236890.0
297296.0
275308.0
275712.0
218554.0
254252.0
247654.0
311644.0
292900.0
302546.0
260770.0
274246.0
267910.0
268420.0
300784.0
329118.0
234416.0
324164.0
282690.0
265524.0
261140.0
245054.0
266318.0
272022.0
286346.0
297642.0
268286.0
307172.0
209422.0
222022.0
336854.0
226912.0
271330.0
319500.0
239932.0
269926.0
321656.0
286394.0
210000.0
213564.0
259938.0
294140.0
235674.0
202890.0
300912.0
264792.0
184942.0
284390.0
280228.0
242082.0
335462.0
255586.0
272032.0
352704.0
249588.0
286600.0
237764.0
287572.0
287922.0
269774.0
287255.0
259516.0
237254.0
280242.0
301798.0
253426.0
343304.0
293354.0
310419.0
297388.0
225042.0
327914.0
249740.0
375822.0
235288.0
269336.0
253586.0
257696.0
231332.0
282582.0
350550.0
352564.0
235946.0
350906.0
229464.0
272040.0
252656.0
269098.0
226520.0
307988.0
326658.0
317518.0
241360.0
329852.0
349512.0
300180.0
301100.0
256204.0
255182.0
235098.0
270844.0
295398.0
245504.0
263906.0
319564.0
248230.0
243868.0
260508.0
296774.0
314974.0
333610.0
263482.0
305104.0
240442.0
277870.0
228100.0
241928.0
286912.0
338244.0
307984.0
265684.0
304332.0
325170.0
364164.0
293600.0
209360.0
224468.0
239048.0
325382.0
309826.0
312368.0
297434.0
221072.0
211916.0
264858.0
299655.0
282528.0
291076.0
309690.0
283808.0
252676.0
343488.0
276954.0
353246.0
268846.0
293360.0
301990.0
252996.0
295012.0
290350.0
270676.0
272882.0
285068.0
282970.0
266654.0
275790.0
291322.0
214774.0
356790.0
271722.0
242141.0
283019.0
283388.0
291294.0
355326.0
324506.0
271368.0
268270.0
346646.0
261596.0
302610.0
245796.0
257272.0
315026.0
333814.0
286038.0
272442.0
321268.0
254102.0
354632.0
310250.0
221378.0
280128.0
245286.0
278032.0
225714.0
270308.0
251160.0
251268.0
343746.0
218818.0
246514.0
247086.0
283112.0
290624.0
216822.0
243762.0
268578.0
283443.0
235942.0
242484.0
280386.0
364844.0
331788.0
231610.0
234148.0
241868.0
259998.0
310892.0
273232.0
207490.0
279894.0
290304.0
294606.0
231678.0
279556.0
286230.0
299570.0
308470.0
268577.0
258416.0
283988.0
227376.0
230108.0
243802.0
343540.0
277406.0
249238.0
256906.0
282720.0
251332.0
297683.0
251038.0
271124.0
281870.0
301260.0
321334.0
231434.0
225896.0
252186.0
242526.0
214008.0
261694.0
255830.0
315878.0
216598.0
286450.0
234260.0
298549.0
253770.0
309124.0
274066.0
233806.0
213502.0
209662.0
308576.0
304674.0
236112.0
253608.0
242642.0
197586.0
299502.0
254410.0
250419.0
258418.0
267614.0
379026.0
255436.0
251250.0
225202.0
249942.0
367282.0
324321.0
289652.0
273802.0
297370.0
232386.0
266405.0
277220.0
326172.0
232238.0
264974.0
225830.0
311266.0
234900.0
265656.0
270678.0
267622.0
299114.0
284778.0
289094.0
327100.0
318760.0
251168.0
281488.0
303592.0
292580.0
297910.0
217630.0
288000.0
281988.0
298068.0
314012.0
347194.0
283998.0
308604.0
257416.0
257180.0
219088.0
224578.0
292894.0
310902.0
253796.0
258502.0
289154.0
335506.0
319704.0
335876.0
256719.0
208574.0
213472.0
268512.0
315382.0
235178.0
272758.0
265299.0
296226.0
