56.06471854256747
60.881891157994666
62.904349557207965
63.31057658783956
65.72055253874376
64.09780545140791
66.21244538262899
65.2752953327964
66.64138194156338
66.32454970469153
68.61145270942349
67.82011795247847
69.85733627982958
69.50410620235202
70.35250516903324
70.17382556705479
70.32289809824515
70.47045025146417
70.44165646973941
70.08093339657904
70.58069916236174
70.24201758828204
71.06273265464777
70.87182404902946
70.5251262189095
70.62718948237473
70.27993470746982
70.41104868680277
70.24815305083499
70.46730308379665
70.25845933966916
70.36037024327167
70.68842664776906
70.48170292280857
70.55359034242574
70.91809532743791
71.33588758819333
71.76181988730289
71.7992324640755
71.37394996949818
71.87557908092943
71.86647271173759
71.66756164273569
71.441824784021
71.65830971035058
71.30079284764709
71.53483205326164
71.46990765842254
71.572061200383
71.63931905175383
71.75531617322261
71.5688038148244
71.78689640717053
71.5493703514523
71.54450973236582
71.73203970822682
71.55586410673268
71.55586410673267
71.56269965184578
71.96868504002921
72.40531539708489
72.47433987879991
72.4641125163409
72.67287763116663
72.79450298673058
72.60452260146623
72.50240166425452
72.20220360023298
72.25050622949944
72.30778168401113
72.44181020029896
72.26083025250236
72.29638444950446
72.11441834443637
72.09321793691083
71.87321681267204
71.62766463352156
71.91415077121344
71.55510701505155
71.95594627372151
71.9675160321315
72.04604123138913
72.14297058014668
72.34129658964633
72.29233149790679
72.19939776358251
72.00202430927969
72.5906021879454
72.59060218794541
72.57813418301365
72.88874282648581
72.74578241550755
73.04055854593824
73.20517023265278
73.59981212864696
73.5189366996535
73.64798165947587
73.65195301189415
73.23419004489674
73.23419004489678
73.19106307179769
73.61685292253614
73.3223234266644
73.12602217742993
73.25227641640187
73.40968963469986
73.95182446649927
73.94949176078747
73.96469386338983
73.75791016170868
73.84823921970806
73.55961598072159
73.29120433935077
73.41359738068715
74.03205094353197
74.06361552468972
74.36556218562636
74.28139002421015
74.51154238213806
74.40852315931252
74.65363070944437
74.65480986465784
74.3565884343491
74.32905554701229
74.48204442871526
74.65669170294869
74.48446785611874
74.45689512776121
74.6171485406108
74.42863745107107
74.73417387423139
74.72375952580946
74.73039406755062
74.39502741000507
74.78301298184712
74.96181258048185
75.19118536972277
75.07496741152706
75.07691264435017
74.89418622059654
74.95819667496434
74.95819667496431
74.44115141017514
74.64427822774401
74.51921866594684
74.7481166538943
74.74811665389429
74.75848423536486
74.74060408978431
74.69848749406066
74.84926013884377
74.98531977310455
75.23640233832523
74.86923677994305
75.10566460098379
75.03110101260457
74.96556832927178
75.01907033812127
75.3056525476408
75.3508303156681
75.39597201196483
75.25639786965318
75.4936118916486
75.42488875152824
75.48179340032294
75.48179340032296
75.48179340032297
75.49724159539716
75.49724159539716
75.51181131987855
75.34356680663265
75.47701906212791
75.6339443938419
75.51783459784654
75.53030706391746
75.74876253012823
75.4226054357981
75.42260543579809
75.49299077833732
75.24954711326953
75.24954711326953
75.24954711326951
75.24954711326954
75.38974106404869
75.40026765613048
75.40026765613047
75.32685993312865
75.46923620561572
75.7085958861367
75.56667672212886
75.57191763333502
75.571917633335
75.57096581886887
75.421640539925
75.4245087368909
75.41308935729084
75.41308935729084
75.50176234344652
75.51253425397091
75.44044513618731
75.44404276884367
75.45654386441069
75.62545748225028
75.6254574822503
75.44678306458354
75.37959178419986
75.3527825870201
75.31931237598904
75.23179115658117
75.23179115658114
75.45582598546476
75.45582598546476
75.45964422295987
75.60006573950572
75.53449346348158
75.54484493591491
75.68572620649073
75.68894455627036
75.68894455627036
75.7571154323747
75.67817466857136
75.68217491217757
75.75665206485999
75.76449773167307
75.67997616658992
75.67997616658992
75.68727285388512
75.68718559271798
75.50171997814599
75.49624618072083
75.57592342631885
75.5115350865464
75.46537054117562
75.34413776555076
75.45709839358092
75.40419650444672
75.40419650444673
75.36908026362136
75.47162083066043
75.4716208306604
75.47164439519925
75.47164439519926
75.47268117861572
75.47268117861572
75.33903487003211
75.33253986652967
75.29642516040303
75.3068844803247
75.39653905558673
75.40359882661566
75.45445760206186
75.45445760206186
75.46074528683054
75.46188357456121
75.46188357456121
75.47487045484392
75.47487045484392
75.53309129881815
75.70744690646151
75.53069219481472
75.5306921948147
75.392481008145
75.42203531046243
75.42638467364124
75.36302450232265
75.36302450232266
75.38489104981264
75.34921446623376
75.34921446623376
75.34921446623375
75.50371122061864
75.41931855273221
75.37570130911273
75.244644919794
75.10042766000306
75.01251826153111
75.04180918981022
74.90412596913127
75.04720004436311
75.14535793886604
74.84270417925924
74.86391982683725
75.077860063735
75.14025123285516
75.24815550395577
75.14905336893577
75.14905336893578
75.14905336893578
75.14905336893578
75.14905336893578
75.22666965531094
75.22784756852573
75.22784756852572
75.45010048354742
75.47856673086955
75.47856673086956
75.47998896809729
75.30495637743181
75.30495637743182
75.45044266012916
75.45044266012913
75.76616493205387
75.76616493205388
75.76616493205388
75.56999824501392
75.80341540179543
76.10365671530926
75.86192065041297
75.861920650413
75.86192065041297
75.88340417532618
75.88359997666502
75.883599976665
75.9075504906114
75.90755049061141
75.72139420871291
75.89345269486321
75.8934526948632
75.8934526948632
75.90557043933464
75.91948128647199
76.04181270900807
76.12802004115338
76.12452059885518
75.93505495403937
75.93505495403936
75.89054790632554
75.68787618308069
75.71581899252223
75.7158189925222
75.71581899252223
75.7453448869569
75.63027158898701
75.63027158898703
75.63027158898704
75.87399480924722
75.80729497714485
75.80729497714485
75.82002596552643
75.50592362041651
75.50592362041652
75.50794712093285
75.47092325372437
75.18688468300086
75.42655749238399
75.63175241950374
75.63299413353401
75.65946306534838
75.66586939986102
75.92323983750019
75.92951270752329
75.92951270752329
75.93075344666282
76.04001337305387
76.05768603847204
76.05768603847204
76.06048427269785
75.92838932960167
75.92838932960167
75.71602806188751
75.95630676137917
75.9569061379506
76.15007839705062
76.15062438254228
76.1506243825423
75.92714002810226
76.0500376024672
76.03041749062523
76.03041749062523
76.27534883627342
76.24980099555424
76.04143454184411
76.0414345418441
76.04143454184411
75.76075238593388
75.76075238593386
75.76075238593388
75.53584560076852
75.53584560076852
75.53584560076852
75.53584560076855
75.53584560076852
75.53584560076852
75.53584560076852
75.53584560076852
75.46547406950663
75.46894185091581
75.47775928547786
75.51057530879761
75.85162773561912
75.59969887849469
75.9029079013124
75.90569031644874
75.88485892265027
75.89869258544853
76.05653668052646
76.05099084610502
76.06332844239537
76.02518595000636
76.02518595000635
76.02518595000635
75.95137941269314
76.11027892327193
76.11027892327193
76.11027892327196
76.10854330277908
76.10854330277908
75.95675686722876
75.70661877707964
75.70661877707964
75.70661877707965
75.72578655116894
75.74725454523646
75.75883922043847
75.7633580020222
75.84237627295809
75.84416718720821
75.84416718720821
75.99522680308323
76.03963370409646
76.03963370409647
76.03963370409646
76.13284394161175
75.88682489502784
75.88682489502786
75.88682489502783
75.88682489502783
75.86967236135247
75.86967236135249
76.0858494313989
76.0860327139368
75.86889806864899
75.87601990440686
75.91941980168313
76.0046922937784
76.01171639901904
76.01171639901904
76.03157358006307
76.05112177064355
75.82552083938567
75.8255208393857
75.82552083938569
75.82552083938569
75.86674005191942
75.88904697894391
75.96712729268172
76.0436049591357
76.06071693345629
76.06071693345629
76.15790514522872
76.15790514522872
76.03856193501544
76.27886289061722
76.27886289061722
76.28106221940604
76.49527817077968
76.49527817077968
76.68070036575727
76.70605752962166
76.99238341436595
76.89449510359198
76.89449510359196
76.87207830400047
76.86377497429547
76.86377497429548
76.86377497429547
76.86377497429547
76.76989349994281
76.98271862248279
76.75982388675727
76.89705091226304
76.67403196747067
76.61527713284282
76.61527713284282
76.61527713284282
76.61527713284282
76.6152771328428
76.61527713284285
76.61527713284282
76.52741614329209
76.52741614329209
76.53765407699099
76.5622927852446
76.56507520038095
76.56507520038095
76.5448656042645
76.79992538386041
76.79992538386041
76.79992538386041
76.79992538386043
76.79992538386043
76.79992538386041
76.79992538386043
76.79992538386041
76.79992538386041
77.02843021829497
76.93555625748674
76.94272169454442
76.92286250639606
76.91179216764156
