53.657060477081735
53.657060477081735
53.69185142006404
54.06668098686632
54.614321972592
54.614321972592
54.614321972592
56.18008089230692
57.39830010156626
58.65992995098319
58.65992995098319
58.65992995098319
60.284147025064726
60.284147025064726
60.284147025064726
60.284147025064726
60.284147025064726
60.284147025064726
60.284147025064726
60.284147025064726
60.284147025064726
60.284147025064726
60.284147025064726
60.284147025064726
60.81887518775352
63.098428901371506
63.098428901371506
63.098428901371506
63.098428901371506
63.098428901371506
63.238764851574
63.238764851574
63.238764851574
63.238764851574
63.238764851574
63.238764851574
63.238764851574
63.238764851574
63.238764851574
63.238764851574
63.238764851574
63.238764851574
63.238764851574
63.238764851574
63.238764851574
63.238764851574
63.238764851574
63.238764851574
63.238764851574
63.238764851574
63.69992441421013
63.871666367915616
63.871666367915616
64.46692466109941
64.46692466109941
64.46692466109941
64.46692466109941
64.46692466109941
64.46692466109941
64.46692466109941
64.83110235420772
64.83110235420772
64.83110235420772
64.9128018487505
64.9128018487505
64.9128018487505
64.9128018487505
64.9128018487505
64.9128018487505
64.9128018487505
64.9128018487505
64.9128018487505
64.9128018487505
64.9128018487505
64.9128018487505
64.9128018487505
64.9128018487505
64.9128018487505
64.9128018487505
64.9128018487505
64.9128018487505
64.9128018487505
64.9128018487505
64.9171909696521
64.9171909696521
64.9171909696521
64.9171909696521
64.9171909696521
64.9171909696521
64.9171909696521
64.9171909696521
64.9171909696521
64.9171909696521
64.9171909696521
64.9171909696521
64.9171909696521
64.9171909696521
64.9171909696521
64.9171909696521
64.9706886095818
64.9706886095818
64.9706886095818
65.4029526610624
65.4029526610624
65.4029526610624
65.4029526610624
65.4029526610624
65.4029526610624
65.4029526610624
65.4029526610624
65.4029526610624
65.4029526610624
65.4029526610624
65.4029526610624
65.4029526610624
65.4029526610624
65.4029526610624
65.4029526610624
65.4029526610624
65.4029526610624
65.4029526610624
65.4029526610624
65.4029526610624
65.4029526610624
65.4029526610624
65.4029526610624
65.4029526610624
65.4029526610624
65.4029526610624
65.4029526610624
65.4029526610624
65.4029526610624
65.4029526610624
65.4029526610624
65.4029526610624
65.4029526610624
65.49451246435356
65.49451246435356
65.49451246435356
65.49451246435356
65.49451246435356
65.49451246435356
65.49451246435356
65.49451246435356
65.49451246435356
65.49451246435356
65.49451246435356
65.49451246435356
65.49451246435356
65.49451246435356
65.49451246435356
65.49451246435356
65.60871833516899
65.60871833516899
65.8069978500352
65.8069978500352
65.8069978500352
65.8069978500352
65.8069978500352
65.8069978500352
65.8069978500352
65.8069978500352
65.8069978500352
65.8069978500352
65.8069978500352
65.8069978500352
65.8069978500352
65.8069978500352
65.8069978500352
65.8069978500352
66.38903483017586
66.38903483017586
66.38903483017586
66.38903483017586
66.38903483017586
66.38903483017586
66.48246304009724
66.48246304009724
66.48246304009724
66.48246304009724
66.48246304009724
66.48246304009724
66.48246304009724
66.48246304009724
66.48246304009724
66.48246304009724
66.48246304009724
66.48246304009724
66.48246304009724
66.48246304009724
66.62132194047088
66.62132194047088
66.62132194047088
66.62132194047088
66.62132194047088
66.62132194047088
66.62132194047088
66.62132194047088
66.62132194047088
66.62132194047088
66.62132194047088
66.62132194047088
66.62132194047088
66.62132194047088
66.62132194047088
66.62132194047088
66.62132194047088
66.62132194047088
66.62132194047088
66.62132194047088
66.62132194047088
66.62132194047088
66.62132194047088
66.62132194047088
66.62132194047088
66.62132194047088
66.62132194047088
66.62132194047088
66.62132194047088
66.62132194047088
66.62132194047088
66.62132194047088
66.62132194047088
66.62132194047088
66.62132194047088
66.62132194047088
66.62132194047088
66.8677041062586
66.8677041062586
66.8677041062586
66.8677041062586
66.8677041062586
66.8677041062586
66.8677041062586
66.8677041062586
66.8677041062586
66.8677041062586
66.8677041062586
66.8677041062586
66.8677041062586
66.8677041062586
66.8677041062586
66.8677041062586
66.8677041062586
66.8677041062586
67.87646198830409
67.87646198830409
67.87646198830409
67.87646198830409
67.87646198830409
67.87646198830409
67.87646198830409
67.87646198830409
67.87646198830409
67.87646198830409
67.87646198830409
67.87646198830409
67.87646198830409
67.87646198830409
67.87646198830409
67.87646198830409
67.87646198830409
67.87646198830409
67.87646198830409
67.87646198830409
67.87646198830409
67.87646198830409
67.87646198830409
67.87646198830409
67.87646198830409
67.87646198830409
67.87646198830409
67.87646198830409
67.87646198830409
67.87646198830409
67.87646198830409
67.87646198830409
67.87646198830409
67.87646198830409
67.87646198830409
67.87646198830409
67.96001656118767
67.96001656118767
67.96001656118767
67.96001656118767
67.96001656118767
67.98287778666045
68.48130133912265
68.48130133912265
68.48130133912265
68.48130133912265
68.48130133912265
68.48130133912265
68.48130133912265
68.48130133912265
68.48130133912265
68.48130133912265
68.48130133912265
68.48130133912265
68.48130133912265
68.48130133912265
68.48130133912265
68.48130133912265
68.48130133912265
69.22937223802893
69.22937223802893
69.22937223802893
69.22937223802893
69.22937223802893
69.22937223802893
69.22937223802893
69.22937223802893
69.22937223802893
69.22937223802893
69.22937223802893
69.22937223802893
69.22937223802893
69.22937223802893
69.22937223802893
69.22937223802893
69.22937223802893
69.22937223802893
69.22937223802893
69.22937223802893
69.22937223802893
69.22937223802893
69.22937223802893
69.22937223802893
69.22937223802893
69.22937223802893
69.22937223802893
69.22937223802893
69.22937223802893
69.22937223802893
69.22937223802893
69.22937223802893
70.21058244133448
70.21058244133448
70.21058244133448
70.21058244133448
70.21058244133448
70.21058244133448
70.21058244133448
70.21058244133448
70.21058244133448
70.21058244133448
70.21058244133448
70.21058244133448
70.21058244133448
70.21058244133448
70.21058244133448
70.21058244133448
70.21058244133448
70.21058244133448
70.21058244133448
70.21058244133448
70.21058244133448
70.21058244133448
70.21058244133448
70.21058244133448
70.21058244133448
70.21058244133448
70.21058244133448
70.21058244133448
70.21058244133448
70.21058244133448
70.21058244133448
70.21058244133448
70.21058244133448
70.21058244133448
70.21058244133448
70.21058244133448
70.21058244133448
70.21058244133448
70.21058244133448
70.21058244133448
70.21058244133448
70.21058244133448
70.21058244133448
70.21058244133448
70.21058244133448
70.21058244133448
70.21058244133448
70.21058244133448
70.21058244133448
70.21058244133448
70.21058244133448
70.21058244133448
70.21058244133448
70.21058244133448
70.21058244133448
70.21058244133448
70.21058244133448
70.21058244133448
70.21058244133448
70.21058244133448
70.21058244133448
70.21058244133448
70.21058244133448
70.21058244133448
