47.524134212609894
47.44812484330863
48.58418432891692
48.568016634648146
48.686401615163476
49.11914600101471
49.00338571449329
49.46025961605035
49.62998196880224
49.8134301470163
50.051678763375314
50.07557966873592
50.42114216119316
51.09226889821652
51.99746452497201
52.39864635300889
52.22850704202227
52.252422680131964
52.064780644162056
52.42890730697381
52.388608004357614
52.02472616055087
51.867696212616444
52.07254209999919
52.619471505809415
53.745125515062796
53.95774308210058
53.7463076549966
53.584733823827115
53.92607065591335
53.874700770510216
53.78503504330057
53.70790019843791
54.00004034835689
54.607273370131416
54.894740911164604
55.15457871750486
55.21216440786041
55.19706242093505
55.39282261784115
55.4239572098803
55.894940053689766
56.45203087896323
56.41750470062898
56.43785276714645
56.499577327527426
56.35102918702179
56.70975039071393
56.82325743360285
57.14166196154605
57.334650213252665
57.389360340152436
57.72047583584062
57.92942379686152
57.93977992496134
58.000541925742084
58.3386856495289
58.511180182300485
58.75466762457794
58.840877029060174
59.02948807349797
59.05099116214061
59.21037972842136
59.33575300309182
59.01838627791236
59.270196815660334
59.309507967836055
59.05922334017855
59.08203172290983
59.11668211755271
59.21124781532293
59.042524799852366
59.01714448599013
59.30677586611421
59.25510377325495
59.225376365825795
59.28147293626605
59.229670835213575
59.243413184156466
59.49227416728648
59.45781869453732
59.46472821704712
59.50648569480586
59.922183302959866
60.031734667810625
60.04897932341849
59.98879551086878
59.86673752040788
60.00255480993818
60.23018198148892
60.241309973264514
60.24173053008177
60.1995497863753
60.301317152905234
60.285716357841046
60.36223234780324
60.387183781353784
60.300325168322196
60.5978240179197
60.583212459971286
60.673146070215864
60.66825753836862
60.98251506844862
61.06988114126834
61.078211368644915
61.157674379836024
61.15613043874246
61.24122226323092
61.20845568346819
61.36020237514896
61.384905620071365
61.474249994590515
61.47457216148477
61.51757141257757
61.47193369579795
61.39014690564272
61.518841319004004
61.59696170994213
61.770973574298104
61.85794899449577
61.865078709556585
61.842422964606115
61.78412399886082
61.79093078136532
61.89873998869139
61.90167518592415
61.92089942288504
62.08860740238039
62.14505339680206
62.23299675329995
62.1701770948039
62.1551045305837
62.20166562875202
62.258663309945234
62.25866330994522
62.119785434925255
62.149546472192824
62.10449635280544
62.1386486251168
62.02036866571077
62.063221949393096
62.10212941156787
62.057357630771854
61.96834524952335
61.962514588208805
61.993771449316135
61.93777206450081
61.93636223786142
61.93636223786142
61.97816935391372
61.93799795101593
62.04092543776562
62.06194566911229
62.234431789325
62.36543021173101
62.36543021173102
62.35383742736824
62.35383742736825
62.38320220129714
62.408616778299084
62.44330551836835
62.443305518368334
62.443305518368334
62.443305518368334
62.51076400267291
62.54901597050441
62.496599661727586
62.559563223190615
62.46743341509614
62.45242942973672
62.425396265774545
62.425396265774545
62.426091729551786
62.426091729551786
62.43476792551094
62.436776475302416
62.531909801149006
62.60169365203977
62.654040556047086
62.60688736690177
62.66666905003984
62.66915312214346
62.74193861306996
62.741978371943205
62.81447315967396
62.85139737792626
62.851397377926254
62.85221986020516
62.85221986020515
62.994232177053355
62.87148950506315
62.804088128107196
62.82863057819168
62.805065625409625
62.86505196179212
62.86505196179212
62.86505196179212
62.84501958044044
62.9021051503286
63.01767614468478
63.164027076813944
63.27296570964491
63.34752944190691
63.24877968820867
63.248779688208664
63.25301961844502
63.193219987503916
63.19899081944087
63.19921694267422
63.19921694267422
63.169966224184975
63.22852034529218
63.27478395000473
63.2929867283715
63.31566274961515
63.31827668273196
63.306453147595406
63.39362099834646
63.426362716527805
63.46595490787589
63.48041111035038
63.49192293329636
63.56763179234135
63.56564592010469
63.557416823719805
63.55603149385704
63.535885455734196
63.589142741749754
63.5902451867914
63.562123609332545
63.57590011388339
63.57590011388339
63.57590011388339
63.57866351334978
63.54119722798786
63.595190555380725
63.595190555380725
63.53838306109874
63.53113998972776
63.53113998972776
63.550002270980315
63.58647181124652
63.59309293200478
63.63903253336483
63.68801226739487
63.53297215465943
63.43329525526195
63.64330025154595
63.704443501016804
63.7038741900397
63.74673225609278
63.81893926920293
63.92827593096123
63.9431794984455
63.973231216925775
64.00002901485134
63.83680052953546
63.882519732275384
63.91407665052477
63.90310022657191
63.95014260553288
63.89247330751165
63.89247330751165
63.90983559835736
63.88653324273927
63.96348972693056
64.06436490195692
64.07954398935516
64.12408487185259
64.08215442827716
64.08496103299555
64.08169110664112
64.08988666904983
64.09978210824337
63.92080336684619
64.15396341241703
64.18676964155728
64.14738318684432
64.14738318684432
64.22822306301634
64.22822306301634
64.33429533456584
64.31906782687209
64.36658385838203
64.39128900321603
64.39667200930924
64.42555617146004
64.4883338668705
64.4883338668705
64.4883338668705
64.43881650953304
64.4873862162232
64.55554741128205
64.58304722682105
64.61001305614606
64.64227819973904
64.64709471480892
64.6842495638069
64.6842495638069
64.66062681046533
64.68602776162973
64.69753293878397
64.69790330893154
64.66700015161277
64.88294523887586
64.89062081328288
64.76028397074688
64.87285401079254
65.0030875267328
65.00612234731568
65.06342638580597
65.06762015441065
65.12379599378076
65.0163527418072
65.01672422066001
65.02681016735963
65.02681016735963
65.09909488814819
65.10178781179762
65.11776264641837
65.02792138359696
65.14838070871538
65.19072835110916
65.29558679355918
65.29558679355918
65.22623872987671
65.22623872987671
65.28178873892448
65.412379897958
65.48180904413606
65.48180904413606
65.48127898128442
65.48127898128442
65.48127898128442
65.5565654120059
65.5565654120059
65.53007797062773
65.48231460976423
65.48647804408961
65.45182404950933
65.45130473874147
65.45130473874147
65.45130473874147
65.45532205978608
65.40441518126954
65.4206725078304
65.42924339576072
65.31911469539176
65.32876038555312
65.32346887123364
65.32465637169719
65.39515240242307
65.39515240242307
65.46558024475812
65.46683575544495
65.53056146325046
65.53056146325046
65.51969958137644
65.51969958137644
65.5243530888238
65.48578911719257
65.56669533101429
65.3963563921461
65.37629096027824
65.34938632566906
65.3916664738774
65.41201696767992
65.41201696767992
65.41201696767992
65.37603756643855
65.41479480969697
65.45047613096457
65.49779027074115
65.49779027074115
65.50852451924146
65.45455210237675
65.48566209215866
65.48566209215866
65.48566209215866
65.48783168239132
65.45137144918314
65.43131032670237
65.50032002692001
65.56277180131096
65.58449216153032
65.58449216153032
65.63543879834839
65.66679254328008
65.70210005930872
65.70045676280935
65.6673991842741
65.72008231229127
65.73203238679272
65.73860161402192
65.81485422949177
65.84554804169575
65.88681323096853
65.93133432746951
65.68795006572255
65.62367331449688
