28.25920245398773
28.25920245398773
28.25920245398773
37.477765919601566
37.477765919601566
37.477765919601566
37.477765919601566
37.477765919601566
38.75379939209727
38.75379939209727
39.57233368532206
39.57233368532206
39.57233368532206
41.11512234255917
41.11512234255917
41.11512234255917
41.11512234255917
41.11512234255917
41.11512234255917
41.11512234255917
41.11512234255917
41.11512234255917
41.11512234255917
41.11512234255917
41.11512234255917
41.11512234255917
41.11512234255917
41.11512234255917
41.11512234255917
41.11512234255917
41.11512234255917
41.11512234255917
41.11512234255917
41.11512234255917
44.88286066584463
44.88286066584463
48.139534883720934
48.139534883720934
48.139534883720934
48.139534883720934
48.139534883720934
48.139534883720934
48.139534883720934
50.23255813953489
50.23255813953489
50.23255813953489
50.23255813953489
50.23255813953489
50.23255813953489
50.23255813953489
50.23255813953489
50.23255813953489
50.23255813953489
50.23255813953489
50.23255813953489
50.23255813953489
50.23255813953489
50.23255813953489
50.23255813953489
50.23255813953489
50.23255813953489
50.23255813953489
50.23255813953489
50.23255813953489
50.23255813953489
50.23255813953489
50.23255813953489
50.23255813953489
50.23255813953489
50.23255813953489
50.23255813953489
50.23255813953489
50.23255813953489
50.23255813953489
50.23255813953489
50.23255813953489
50.23255813953489
50.23255813953489
50.23255813953489
50.23255813953489
50.23255813953489
50.23255813953489
50.23255813953489
50.25773195876289
52.30579531442663
52.30579531442663
52.30579531442663
52.30579531442663
52.30579531442663
52.30579531442663
52.30579531442663
52.30579531442663
52.30579531442663
52.30579531442663
52.30579531442663
52.30579531442663
52.30579531442663
52.30579531442663
52.30579531442663
52.30579531442663
52.30579531442663
52.30579531442663
52.30579531442663
52.30579531442663
52.30579531442663
52.30579531442663
52.30579531442663
52.30579531442663
52.30579531442663
52.30579531442663
52.30579531442663
52.30579531442663
52.30579531442663
52.30579531442663
52.30579531442663
52.30579531442663
52.30579531442663
52.30579531442663
52.30579531442663
52.30579531442663
52.30579531442663
52.30579531442663
52.30579531442663
52.30579531442663
52.30579531442663
52.30579531442663
52.30579531442663
52.30579531442663
52.30579531442663
52.30579531442663
52.30579531442663
52.30579531442663
52.30579531442663
52.30579531442663
52.30579531442663
52.30579531442663
52.30579531442663
52.30579531442663
52.30579531442663
52.30579531442663
52.30579531442663
52.30579531442663
52.30579531442663
52.30579531442663
52.30579531442663
52.30579531442663
52.30579531442663
52.30579531442663
52.30579531442663
52.30579531442663
52.30579531442663
52.30579531442663
52.30579531442663
52.30579531442663
52.30579531442663
52.30579531442663
52.30579531442663
52.30579531442663
52.30579531442663
52.30579531442663
52.30579531442663
52.30579531442663
52.30579531442663
52.30579531442663
52.30579531442663
52.30579531442663
52.30579531442663
52.30579531442663
52.30579531442663
52.30579531442663
52.30579531442663
52.30579531442663
52.30579531442663
52.30579531442663
52.30579531442663
52.30579531442663
52.30579531442663
52.30579531442663
52.30579531442663
52.30579531442663
52.30579531442663
52.30579531442663
52.30579531442663
52.30579531442663
52.30579531442663
52.30579531442663
52.30579531442663
52.30579531442663
52.30579531442663
52.30579531442663
52.30579531442663
52.30579531442663
52.30579531442663
52.30579531442663
52.30579531442663
52.30579531442663
52.30579531442663
52.30579531442663
52.30579531442663
52.30579531442663
52.30579531442663
