27.861511577107905
28.25920245398773
28.25920245398773
28.25920245398773
35.51066949014497
33.63970588235294
33.204252622685345
36.62964545066211
35.640346653827635
36.97381504806099
31.444406741318854
34.15181805012313
36.740373044524674
33.992397972792745
41.11512234255917
38.35795629424438
36.61361626878868
32.84606866002215
37.65794379617483
39.48852586542201
41.11512234255917
36.3702512254902
36.03816526610644
37.6844244191183
34.95344083579378
38.282535074987905
39.793962625778626
36.58409491742825
39.02428371767994
39.15050784856879
40.566580385389706
37.92306422321281
41.11512234255917
40.69560047562426
40.614886731391586
42.254641909814325
37.955555555555556
40.828263921385116
35.61528307421532
42.61864565747515
39.46375957572186
40.88555528671667
38.60198226395409
41.45969498910675
42.43501326259947
31.238404452690165
42.148541114058354
37.24493910799258
39.07692307692307
35.959204562070475
40.73111573111573
41.84397163120567
37.34133194227091
34.317180616740096
40.72531586335985
41.77798682972718
36.77772600186393
39.81522003403841
41.29620963968179
39.253308128544425
43.074753173483785
40.4434011476265
38.146040777619724
37.91725434884814
38.241575700047456
43.097800655124004
35.74074074074074
42.23028105167724
42.199095022624434
42.833787465940055
34.6469983854396
37.1713508612874
36.91335740072202
38.25987841945289
37.849872773536894
40.55444887118194
28.756187687373632
35.526809148856394
37.48845798707294
35.52253116011505
36.90149435803599
39.70509383378016
35.176595052083336
38.887867647058826
39.068255687974
39.64063248682319
36.26956752454232
39.64427591188154
36.73406862745098
39.148318412775225
42.74691358024691
40.43224119366251
41.63201663201663
39.34355534259703
36.074561403508774
38.39585239402256
39.09840895698291
41.22952765250415
39.663023679417115
39.52649733458764
37.503883193538364
37.03703703703704
40.05768063145112
37.668195428874654
37.65961021505376
38.244031830238725
39.794967381174274
38.911988911988914
37.755102040816325
38.359718557607735
35.90195215030089
37.839553186087834
36.79882525697504
40.804904051172706
39.35040055729711
33.3136467438381
38.644176193140936
36.414693381906496
41.04914933837429
37.866127583108714
39.543670264965655
40.397877984084886
38.09337506520605
37.31851851851852
41.08986035215543
38.48338950409244
33.41754708314194
34.50539713227002
40.98069900886803
34.159259259259265
39.12778286062824
38.95719489981785
40.08502598016061
37.52952290977799
41.460674157303366
33.61198188784396
38.77910539215686
34.1602006426836
37.733887733887734
37.61379971250599
36.4831092726646
41.9269298762522
35.624311132105184
36.596523330283624
35.117994100294986
41.781076066790355
41.65320409262251
38.21083690987124
37.68382352941176
34.648086915446385
40.791822888769865
35.69559864573715
40.57294429708223
35.87758112094395
38.613217768147344
40.64797794117648
37.7996340347667
39.04139433551198
39.150293002412965
34.97267759562842
38.53171830111034
35.55713833491611
41.891891891891895
36.699740137018665
37.85516285516285
38.469601677148844
35.714835333948905
34.641905657420466
36.98712189278227
37.373641946150215
40.4434011476265
37.844748858447495
39.38247011952192
37.974628171478564
37.42190371187064
40.941500567169015
39.09861008306604
37.06275720164609
36.12629022465088
38.18237267459591
39.112034472145275
39.51081843838194
33.965714285714284
36.856021835551005
36.44061121613107
35.730185229350504
36.335773101555354
38.743559254855334
39.440526563234606
40.95983307250913
39.09446450060168
35.92495428889419
36.801025163094124
37.67666321957945
33.88186660306861
34.20383178313062
40.55936785194427
38.00247371675943
39.945862335653516
39.80708588388054
39.20265780730897
