119280.0
103500.0
95750.0
95750.0
78560.0
66020.0
66020.0
66020.0
54630.0
55380.0
55380.0
51420.0
51420.0
51420.0
51420.0
51420.0
51420.0
51420.0
51420.0
51420.0
51420.0
46800.0
46760.0
46760.0
46760.0
46340.0
46340.0
46340.0
46340.0
46340.0
46340.0
46340.0
45920.0
45920.0
45920.0
54740.0
54740.0
54740.0
54740.0
54740.0
54740.0
54740.0
54740.0
54740.0
54740.0
54740.0
54740.0
54740.0
54740.0
54740.0
54740.0
48140.0
48140.0
48140.0
48140.0
48140.0
48140.0
48140.0
48140.0
48140.0
48140.0
48140.0
48140.0
48140.0
48140.0
48140.0
48140.0
48140.0
48140.0
48140.0
48140.0
48140.0
48140.0
48140.0
48140.0
48140.0
48140.0
48140.0
48140.0
48140.0
48140.0
48140.0
48140.0
46700.0
46700.0
46700.0
46700.0
46700.0
46700.0
46700.0
46700.0
46700.0
46700.0
46700.0
46700.0
46700.0
46700.0
46700.0
46700.0
46700.0
46700.0
46700.0
46700.0
46700.0
46700.0
46700.0
46700.0
46700.0
46700.0
46700.0
46700.0
46700.0
46700.0
46700.0
46700.0
46700.0
46700.0
46700.0
46700.0
46700.0
46700.0
46700.0
46700.0
46700.0
46700.0
46700.0
46700.0
46700.0
46700.0
46700.0
46700.0
46700.0
46700.0
46700.0
46700.0
46700.0
46700.0
46700.0
46700.0
46700.0
46700.0
46700.0
46700.0
46700.0
46700.0
46700.0
46700.0
46700.0
46700.0
46700.0
46700.0
46700.0
46700.0
46700.0
46700.0
46700.0
46700.0
46700.0
46700.0
46700.0
46700.0
46700.0
46700.0
46700.0
46700.0
46700.0
46700.0
46700.0
46700.0
46700.0
46700.0
46700.0
46700.0
46700.0
46700.0
46700.0
46700.0
46700.0
46700.0
46700.0
46700.0
46700.0
46700.0
46700.0
46700.0
46700.0
46700.0
46700.0
46700.0
46700.0
46700.0
46700.0
46700.0
46700.0
46700.0
46700.0
46700.0
46700.0
46700.0
46700.0
46700.0
