42.84721755306035
42.84721755306035
43.1865396676074
43.1865396676074
41.33032548613711
41.33032548613711
41.33032548613711
41.33032548613711
41.33032548613711
46.98486043924774
46.480739648762984
48.0102801919834
48.0102801919834
48.10140733920821
48.10140733920821
48.10140733920821
48.10140733920821
48.10140733920821
48.10140733920821
47.47566749967119
47.47566749967119
47.47566749967119
47.47566749967119
48.612753895097484
48.80318437249131
48.80318437249131
48.80318437249131
48.80318437249131
49.221026713437666
49.619367242309764
49.11123853211009
49.11123853211009
49.12877765785214
49.619367242309764
