49.80592852419425
50.82939842892624
50.82939842892624
50.82939842892624
50.82939842892624
50.99401461329636
51.072309254424134
51.072309254424134
51.072309254424134
51.072309254424134
51.12006912508212
51.072309254424134
50.595537510778954
50.595537510778954
50.595537510778954
50.595537510778954
48.10140733920821
48.10140733920821
48.10140733920821
48.157141917664084
48.80318437249131
48.80318437249131
49.07507327471356
49.45413393689255
48.80318437249131
48.80318437249131
49.619367242309764
49.64972342147868
49.64972342147868
49.64972342147868
50.04196930245307
50.04196930245307
50.41883650815404
50.41883650815404
