1280.0
685.0
640.0
640.0
640.0
640.0
640.0
640.0
620.0
620.0
620.0
620.0
620.0
620.0
620.0
620.0
620.0
620.0
600.0
600.0
600.0
600.0
600.0
600.0
600.0
600.0
600.0
600.0
600.0
600.0
600.0
600.0
600.0
600.0
600.0
600.0
600.0
600.0
600.0
600.0
600.0
600.0
600.0
600.0
600.0
600.0
600.0
600.0
600.0
600.0
600.0
600.0
600.0
600.0
600.0
600.0
600.0
600.0
600.0
600.0
600.0
600.0
600.0
600.0
600.0
600.0
600.0
600.0
600.0
600.0
600.0
600.0
600.0
600.0
600.0
600.0
600.0
600.0
600.0
600.0
600.0
600.0
600.0
600.0
600.0
600.0
600.0
600.0
600.0
600.0
600.0
600.0
600.0
600.0
600.0
600.0
600.0
600.0
600.0
600.0
600.0
600.0
600.0
600.0
600.0
600.0
600.0
600.0
600.0
600.0
600.0
600.0
600.0
600.0
600.0
600.0
600.0
600.0
600.0
600.0
600.0
600.0
600.0
600.0
600.0
600.0
600.0
600.0
600.0
600.0
600.0
600.0
600.0
600.0
600.0
600.0
600.0
600.0
600.0
600.0
600.0
600.0
600.0
600.0
600.0
600.0
600.0
600.0
600.0
600.0
600.0
600.0
600.0
600.0
600.0
600.0
600.0
600.0
600.0
600.0
600.0
600.0
600.0
600.0
600.0
600.0
600.0
600.0
600.0
600.0
600.0
600.0
600.0
600.0
600.0
600.0
600.0
600.0
600.0
600.0
600.0
600.0
600.0
600.0
580.0
580.0
580.0
580.0
580.0
580.0
580.0
580.0
580.0
580.0
580.0
580.0
580.0
580.0
580.0
580.0
