2102.8333333333335
1978.5
2036.3333333333333
1817.5833333333333
1736.5833333333333
1689.3333333333333
1724.75
1569.0833333333333
1671.0
1890.5833333333333
1960.6666666666667
2068.9166666666665
1903.0833333333333
1764.4166666666667
1749.9166666666667
1603.5833333333333
1594.5833333333333
1505.6666666666667
1570.4166666666667
1396.4166666666667
1348.3333333333333
1270.6666666666667
1259.5833333333333
1457.75
1528.75
1505.25
1642.9166666666667
1561.4166666666667
1526.75
1476.6666666666667
1444.9166666666667
1448.8333333333333
1541.0833333333333
1479.9166666666667
1458.0833333333333
1327.5833333333333
1373.0833333333333
1393.9166666666667
1484.25
1445.25
1450.8333333333333
1451.25
1419.1666666666667
1423.8333333333333
1494.1666666666667
1525.6666666666667
1571.1666666666667
1476.1666666666667
1605.75
1524.0833333333333
1564.1666666666667
1640.1666666666667
1543.75
1561.1666666666667
1632.4166666666667
1550.9166666666667
1582.6666666666667
1578.6666666666667
1591.0833333333333
1635.3333333333333
1568.25
1558.8333333333333
1551.25
1567.5833333333333
1559.5
1592.9166666666667
1577.5
1463.8333333333333
1597.5833333333333
1563.5833333333333
1673.5833333333333
1611.3333333333333
1717.1666666666667
1679.75
1642.9166666666667
1677.25
1685.75
1709.75
1716.6666666666667
1683.8333333333333
1682.1666666666667
1739.75
1621.4166666666667
1668.4166666666667
1644.6666666666667
1722.1666666666667
1782.0833333333333
1691.0
1670.0
1649.3333333333333
1775.4166666666667
1646.8333333333333
1689.4166666666667
1641.8333333333333
1629.4166666666667
1765.4166666666667
1622.8333333333333
1652.0
1706.5
1653.3333333333333
1678.5833333333333
1632.3333333333333
1607.0833333333333
1545.3333333333333
1597.75
1649.9166666666667
1657.4166666666667
1590.25
1634.3333333333333
1522.8333333333333
1557.75
1600.9166666666667
1563.75
1688.8333333333333
1717.3333333333333
1663.4166666666667
1605.75
1624.0
1662.5
1729.4166666666667
1697.8333333333333
1616.75
1633.6666666666667
1600.0
1599.1666666666667
1597.0833333333333
1674.25
1724.25
1730.5
1643.3333333333333
1693.6666666666667
1714.3333333333333
1705.0833333333333
1663.0833333333333
1716.0833333333333
1647.5
1659.25
1660.5
1606.9166666666667
1663.0
1611.9166666666667
1703.0833333333333
1676.9166666666667
1735.25
1703.8333333333333
1678.9166666666667
1692.75
1772.6666666666667
1695.3333333333333
1772.25
1785.0833333333333
1706.25
1778.3333333333333
1748.0
1663.1666666666667
1651.1666666666667
1750.25
1732.3333333333333
1733.25
1789.0
1751.0
1688.5
1756.1666666666667
1669.5
1682.6666666666667
1722.75
1711.6666666666667
1704.5
1720.5833333333333
1627.1666666666667
1699.5
1671.25
1660.6666666666667
1648.8333333333333
1680.8333333333333
1657.5833333333333
1565.3333333333333
1612.3333333333333
1692.5833333333333
1557.1666666666667
1588.9166666666667
1676.3333333333333
1726.75
1707.5
1593.1666666666667
1528.0
1681.8333333333333
1659.3333333333333
1653.8333333333333
1713.8333333333333
1675.8333333333333
1711.4166666666667
1669.5833333333333
1724.4166666666667
1643.5
1706.9166666666667
1671.25
1676.5833333333333
1808.8333333333333
1641.8333333333333
