3690.0
3690.0
3690.0
3245.0
3245.0
2980.0
4340.0
3355.0
2890.0
3330.0
3330.0
3090.0
2890.0
2890.0
2890.0
2890.0
2890.0
2890.0
3205.0
3205.0
3205.0
3180.0
3180.0
3180.0
3180.0
3180.0
3180.0
3180.0
3180.0
3180.0
3180.0
3180.0
3180.0
3180.0
3180.0
3155.0
3155.0
3155.0
3155.0
3155.0
3155.0
3155.0
3155.0
3155.0
3155.0
3155.0
3155.0
3155.0
3155.0
3155.0
3155.0
3155.0
3155.0
3155.0
3155.0
3155.0
3155.0
3155.0
3155.0
3155.0
3155.0
3155.0
3155.0
3155.0
3155.0
3155.0
3155.0
3155.0
3195.0
3195.0
3195.0
3195.0
3195.0
3195.0
3195.0
3195.0
3195.0
3195.0
3195.0
3195.0
3195.0
3195.0
3195.0
3195.0
3195.0
3195.0
3195.0
3195.0
3195.0
3195.0
3195.0
3195.0
3195.0
3195.0
3195.0
3195.0
3195.0
3195.0
3195.0
3195.0
3195.0
3195.0
3195.0
3195.0
3195.0
3195.0
3195.0
3195.0
3195.0
3195.0
3195.0
3195.0
3195.0
3195.0
3195.0
3195.0
3195.0
3195.0
3195.0
3195.0
3195.0
3195.0
3195.0
3195.0
3195.0
3195.0
3195.0
3195.0
3195.0
3195.0
3195.0
3195.0
3195.0
3195.0
3195.0
3195.0
3195.0
3195.0
3195.0
3195.0
3195.0
3195.0
3195.0
3195.0
3195.0
3195.0
3195.0
3195.0
3195.0
3195.0
3195.0
3195.0
3195.0
3195.0
3195.0
3195.0
3195.0
3195.0
3195.0
3195.0
3195.0
3195.0
3195.0
3195.0
3195.0
3195.0
3195.0
3195.0
3195.0
3195.0
3195.0
3195.0
3195.0
3195.0
3195.0
3195.0
3195.0
3195.0
3195.0
3195.0
3195.0
3195.0
3195.0
3195.0
3195.0
3195.0
3195.0
3195.0
3195.0
3195.0
3195.0
3195.0
3195.0
3195.0
3195.0
3195.0
3195.0
3195.0
3195.0
3195.0
