130688.0
98630.0
98630.0
98630.0
91866.0
91866.0
91356.0
82790.0
82790.0
82790.0
82790.0
79528.0
73848.0
73848.0
73848.0
73848.0
73848.0
73848.0
73848.0
73848.0
73848.0
73848.0
72472.0
72472.0
71716.0
71716.0
70906.0
70906.0
70906.0
70906.0
70906.0
70906.0
70906.0
70764.0
70764.0
70764.0
70764.0
69936.0
69936.0
69936.0
68482.0
64300.0
64300.0
64300.0
64300.0
64300.0
64300.0
61458.0
61458.0
61458.0
61458.0
61458.0
61458.0
61458.0
61458.0
61458.0
61458.0
61458.0
61108.0
61108.0
61108.0
61104.0
60788.0
60788.0
60788.0
57064.0
57064.0
57064.0
57064.0
57064.0
57064.0
57064.0
57064.0
57064.0
57064.0
57064.0
57064.0
57064.0
56754.0
56754.0
56754.0
56754.0
56754.0
56754.0
56754.0
56754.0
56754.0
55080.0
55080.0
55080.0
55080.0
55080.0
55080.0
55080.0
55080.0
55080.0
55080.0
55080.0
55080.0
55080.0
54357.0
54357.0
54357.0
54357.0
52644.0
52644.0
52644.0
52176.0
49404.0
49404.0
49404.0
49404.0
49404.0
49404.0
49404.0
49404.0
49334.0
49334.0
49334.0
49334.0
49334.0
49334.0
49334.0
49334.0
49334.0
49334.0
49334.0
49334.0
49334.0
49334.0
49016.0
49016.0
49016.0
48114.0
48114.0
48114.0
46434.0
45592.0
45592.0
43764.0
43764.0
43764.0
42590.0
42590.0
42590.0
42590.0
42590.0
42590.0
42590.0
42590.0
42590.0
42590.0
42590.0
42590.0
42590.0
41134.0
41134.0
41134.0
41134.0
41134.0
41134.0
40200.0
40200.0
40200.0
40200.0
36600.0
36600.0
36600.0
36600.0
36600.0
36600.0
36600.0
36600.0
35506.0
35506.0
35506.0
35506.0
35506.0
35506.0
35506.0
35506.0
35506.0
35506.0
35506.0
35506.0
35506.0
35506.0
35506.0
35506.0
35506.0
35506.0
35506.0
35506.0
35506.0
35506.0
35506.0
35506.0
35506.0
35506.0
35506.0
35506.0
35506.0
35506.0
35506.0
35506.0
35506.0
35506.0
35506.0
35506.0
35506.0
35506.0
35506.0
35110.0
35110.0
35110.0
35110.0
35110.0
35110.0
35110.0
35110.0
35110.0
35110.0
35110.0
35110.0
35110.0
35110.0
35110.0
33324.0
33324.0
33324.0
33324.0
33324.0
33324.0
33324.0
33324.0
33324.0
33324.0
33324.0
33324.0
33324.0
33324.0
33324.0
33324.0
33324.0
33324.0
33324.0
32536.0
32536.0
32536.0
32536.0
32536.0
32536.0
32536.0
32536.0
32536.0
32536.0
32536.0
32536.0
32536.0
32536.0
32536.0
32536.0
32536.0
32536.0
32206.0
30902.0
30902.0
30902.0
30902.0
30902.0
30902.0
30902.0
30902.0
30902.0
30902.0
30902.0
30902.0
30902.0
30902.0
30902.0
30902.0
30902.0
30902.0
30902.0
30902.0
30902.0
30902.0
30902.0
30902.0
30902.0
30902.0
30902.0
30902.0
30902.0
30902.0
30902.0
30902.0
30902.0
30902.0
30902.0
30902.0
30902.0
30902.0
30902.0
30902.0
30902.0
30902.0
30902.0
30902.0
30902.0
30902.0
30902.0
30902.0
30902.0
30902.0
30902.0
30902.0
30902.0
30902.0
30902.0
30902.0
30902.0
30902.0
30902.0
30902.0
30902.0
30902.0
30902.0
30902.0
30902.0
30902.0
30902.0
30902.0
30902.0
30902.0
30902.0
30902.0
30902.0
30902.0
30902.0
30902.0
30902.0
30902.0
30902.0
30902.0
30902.0
30902.0
30902.0
30902.0
30902.0
30382.0
30382.0
30382.0
30382.0
30382.0
30382.0
30202.0
30202.0
30202.0
30202.0
30202.0
30202.0
30202.0
30202.0
30202.0
30202.0
30202.0
30202.0
30202.0
30202.0
30202.0
30202.0
30202.0
30202.0
30202.0
30202.0
30202.0
30202.0
29004.0
29004.0
29004.0
29004.0
29004.0
29004.0
29004.0
29004.0
29004.0
29004.0
29004.0
29004.0
29004.0
29004.0
29004.0
29004.0
29004.0
29004.0
29004.0
29004.0
29004.0
29004.0
