44.2701443174985
44.33320874935484
44.33320874935484
42.28381338207928
42.28381338207928
42.28381338207928
46.69751556216603
47.62068471565678
47.62068471565678
47.62068471565678
56.01778901973793
63.43389965179593
64.83799113601397
65.32324035348474
65.32324035348474
65.32324035348474
65.58037616410006
65.58037616410006
64.55570117955439
64.55570117955439
63.8996138996139
65.01199836617992
65.58037616410006
65.13942737846705
65.13942737846705
65.13942737846705
65.13942737846705
65.98444179341882
65.98444179341882
65.98444179341882
65.98444179341882
65.98444179341882
65.98444179341882
65.98444179341882
65.40590053814739
64.14428385335897
64.14428385335897
65.40590053814739
66.18136872235233
66.18136872235233
66.18136872235233
66.18136872235233
66.18136872235233
66.18136872235233
66.18136872235233
66.18136872235233
66.18136872235233
66.18136872235233
66.18136872235233
66.47600321744571
66.6043588927776
67.41824756314851
67.41824756314851
67.41824756314851
66.39097744360903
66.39097744360903
67.41824756314851
67.41824756314851
67.92540312194116
67.92540312194116
65.64798330161457
65.64798330161457
65.64798330161457
65.64798330161457
68.8667844194478
69.5215245407184
69.3122191426957
69.3122191426957
67.83608529981952
67.83608529981952
67.83608529981952
69.04539010886137
69.16882872467703
69.16882872467703
69.16882872467703
69.16882872467703
69.16882872467703
69.16882872467703
69.16882872467703
69.16882872467703
69.16882872467703
69.16882872467703
68.6632848916918
68.6632848916918
68.6632848916918
68.6632848916918
68.6632848916918
68.40142582944887
68.40142582944887
68.40142582944887
68.40142582944887
68.40142582944887
68.40142582944887
68.40142582944887
68.40142582944887
68.40142582944887
68.40142582944887
68.40142582944887
69.69426926240746
69.69426926240746
69.789604967058
69.789604967058
70.21663096819672
70.21663096819672
70.21663096819672
67.25903697381824
70.21663096819672
70.21663096819672
70.21663096819672
70.21663096819672
70.21663096819672
70.21663096819672
70.21663096819672
70.21663096819672
70.21663096819672
71.27801153396335
71.27801153396335
71.27801153396335
71.27801153396335
71.27801153396335
71.27801153396335
68.91762328003938
68.91762328003938
68.91762328003938
68.91762328003938
68.91762328003938
68.91762328003938
68.91762328003938
70.71744478350293
70.92177606904247
70.92177606904247
70.92177606904247
70.92177606904247
70.92177606904247
70.92177606904247
70.92177606904247
70.92177606904247
70.92177606904247
71.06561453978411
70.45748607384607
70.45748607384607
70.45748607384607
70.45748607384607
71.1589011617613
70.01705467200954
70.01705467200954
70.01705467200954
70.01705467200954
70.01705467200954
69.47473022715504
69.47473022715504
70.01705467200954
68.80152099697465
68.80152099697465
71.52178979258915
71.52178979258915
71.52178979258915
71.52178979258915
71.52178979258915
71.52178979258915
72.77424702956617
72.77424702956617
72.77424702956617
72.77424702956617
72.77424702956617
72.77424702956617
72.77424702956617
72.77424702956617
72.77424702956617
72.77424702956617
72.77424702956617
72.77424702956617
72.77424702956617
72.77424702956617
78.34215828686565
78.34215828686565
78.34215828686565
78.34215828686565
78.34215828686565
78.34215828686565
76.90762113919911
77.1628945847586
77.1628945847586
77.1628945847586
77.1628945847586
77.1628945847586
77.1628945847586
76.5017927467231
76.5017927467231
77.1628945847586
77.1628945847586
77.1628945847586
77.1628945847586
77.1628945847586
77.1628945847586
77.1628945847586
78.02196085781672
78.02196085781672
78.23282257938554
78.36558736703996
78.36558736703996
78.36558736703996
77.86552030278958
77.86552030278958
77.86552030278958
77.86552030278958
77.86552030278958
77.86552030278958
76.98029007065823
77.86552030278958
77.86552030278958
77.86552030278958
77.86552030278958
77.86552030278958
77.86552030278958
77.6427892777596
77.6427892777596
77.6427892777596
77.6427892777596
77.6427892777596
77.6427892777596
77.6427892777596
77.6427892777596
77.54154790274596
77.54154790274596
77.54154790274596
77.54154790274596
77.6427892777596
77.8735766833794
77.8735766833794
77.8735766833794
78.02977055120816
78.02977055120816
78.02977055120816
78.02977055120816
78.02977055120816
78.02977055120816
78.02977055120816
78.02977055120816
78.02977055120816
78.02977055120816
78.02977055120816
78.02977055120816
78.02977055120816
78.02977055120816
78.02977055120816
78.02977055120816
78.02977055120816
78.02977055120816
78.02977055120816
78.02977055120816
77.70957312215923
77.70957312215923
77.70957312215923
77.70957312215923
77.70957312215923
78.02977055120816
77.53064498543682
77.53064498543682
77.53064498543682
77.53064498543682
78.02977055120816
78.02977055120816
78.02977055120816
78.02977055120816
78.12223905086456
78.12223905086456
78.12223905086456
78.12223905086456
78.12223905086456
78.12223905086456
78.12223905086456
78.12223905086456
78.12223905086456
78.12223905086456
78.12223905086456
78.12223905086456
78.12223905086456
78.12223905086456
78.12223905086456
78.12223905086456
78.12223905086456
78.12223905086456
78.12223905086456
78.12223905086456
78.12223905086456
78.12223905086456
78.12223905086456
78.12223905086456
78.12223905086456
78.12223905086456
78.12223905086456
78.12223905086456
78.12223905086456
78.12223905086456
78.12223905086456
78.12223905086456
78.12223905086456
78.12223905086456
78.12223905086456
78.12223905086456
78.12223905086456
78.12223905086456
78.12223905086456
78.12223905086456
78.12223905086456
78.78615277514082
78.78615277514082
79.59675393985057
79.59675393985057
79.59675393985057
79.59675393985057
79.59675393985057
79.59675393985057
79.59675393985057
79.59675393985057
79.59675393985057
79.59675393985057
79.59675393985057
79.59675393985057
79.59675393985057
78.9624910209563
78.9624910209563
78.9624910209563
78.9624910209563
78.9624910209563
78.9624910209563
78.9624910209563
78.9624910209563
78.9624910209563
78.8158473033214
78.8158473033214
78.06200821342362
78.9624910209563
78.9624910209563
78.31818743818002
78.31818743818002
78.31818743818002
76.38043512189032
76.38043512189032
76.38043512189032
78.9624910209563
78.61806994412005
78.61806994412005
78.61806994412005
78.72951591636844
78.72951591636844
78.72951591636844
78.72951591636844
78.72951591636844
78.72951591636844
78.72951591636844
79.58498147799334
79.58498147799334
79.58498147799334
79.58498147799334
79.58498147799334
78.25929768304567
78.25929768304567
78.25929768304567
78.25929768304567
78.25929768304567
78.25929768304567
77.27517245743941
77.27517245743941
77.27517245743941
77.27517245743941
77.26726156572369
77.26726156572369
77.27517245743941
77.27517245743941
77.27517245743941
77.27517245743941
77.27517245743941
77.27517245743941
78.27301161751564
78.40865568747607
78.40865568747607
80.07140538786108
80.13631937682571
80.13631937682571
80.13631937682571
80.13631937682571
80.13631937682571
80.13631937682571
80.13631937682571
80.23369036027263
79.3223017869815
79.3223017869815
79.3223017869815
79.3223017869815
79.3223017869815
79.3223017869815
79.3223017869815
79.2455509276789
79.2455509276789
79.09769555339174
79.09769555339174
79.09769555339174
78.55768017165215
78.55768017165215
76.7511506210201
76.7511506210201
76.7511506210201
76.7511506210201
76.7511506210201
76.7511506210201
76.7511506210201
76.7511506210201
79.09769555339174
79.09769555339174
79.15124959428758
79.15124959428758
79.15124959428758
79.15124959428758
79.15124959428758
79.17234664070108
79.17234664070108
79.07335280753001
79.07335280753001
79.07335280753001
79.07335280753001
79.07335280753001
79.07335280753001
79.07335280753001
79.07335280753001
79.07335280753001
79.07335280753001
78.50860110353781
78.50860110353781
78.50860110353781
78.50860110353781
78.96079571142543
78.96079571142543
78.96079571142543
78.96079571142543
78.92891918208373
78.96079571142543
79.07335280753001
79.07335280753001
79.21129503407984
79.21129503407984
78.97598182408309
79.35086011035379
79.35735150925024
79.52108764451334
80.61181434599156
80.61181434599156
80.67185978578384
80.67185978578384
80.67185978578384
80.67185978578384
80.67185978578384
80.67185978578384
80.67185978578384
80.67185978578384
80.67185978578384
80.67185978578384
80.59883154819865
80.18500486854919
80.18500486854919
80.18500486854919
80.18500486854919
78.05371248025277
80.67185978578384
79.12528399870172
79.12528399870172
79.12528399870172
79.12528399870172
79.12528399870172
79.12528399870172
79.12528399870172
79.12528399870172
79.12528399870172
79.12528399870172
79.12528399870172
79.12528399870172
79.12528399870172
79.12528399870172
79.12528399870172
79.12528399870172
79.12528399870172
79.12528399870172
79.14638104511522
79.15774099318402
79.15774099318402
79.15774099318402
79.15774099318402
79.15774099318402
79.15774099318402
79.15774099318402
80.7611165206102
80.7611165206102
80.7611165206102
80.7611165206102
80.75300227198962
80.70756247971438
80.70756247971438
80.70756247971438
