213153.85
193200.95
187023.95
185080.55
177866.4
169605.075
164792.65
164779.9
159167.3625
159373.6875
159659.9125
156759.6875
152855.2875
152039.9375
150509.575
146166.175
143710.5
141307.8
136284.8375
129999.0875
124827.4875
122240.8875
117474.175
118780.0
119618.35
118428.025
115294.05
114310.925
113464.9
112273.7
111044.3
107728.225
106831.975
106754.9
103319.175
104189.75
103477.85
103632.925
103010.9
100808.325
99469.525
98033.475
97580.85
97020.65
96817.075
95992.05
96222.275
95550.125
96598.725
97098.9
96773.925
97491.625
97616.475
99388.05
98038.725
98189.25
96835.825
96678.925
95863.225
96290.6
95821.75
94755.075
95062.325
94702.425
95367.25
98659.825
99196.4
97826.025
92429.675
88564.625
86615.975
85500.425
83241.125
81043.45
83314.6
83773.2
82450.65
80853.4
80815.05
82149.425
83355.825
81622.225
79446.4
78290.4
76649.825
75985.9
76083.5
76082.0
75583.25
75474.45
74352.825
75627.4
76242.4
77324.5
76725.95
77681.975
78909.225
80012.85
81429.425
83035.675
83318.1
84712.725
84218.15
84089.05
83976.95
81518.25
80976.325
80790.95
80259.0
79691.125
79309.25
77539.65
74352.3
73424.225
73272.6
72769.35
71662.45
71586.2
71781.9
71844.875
72349.9375
72947.6375
75699.1125
76188.2625
76989.8625
76096.0125
76733.9625
77898.2875
77964.4125
77257.95
76072.35
75356.7
75224.825
74040.6
73480.325
73400.0
72996.25
72996.25
72604.675
72331.8
73756.4
75761.15
74664.725
74632.5
73392.825
73914.6
75329.6
75369.4
75948.95
77503.125
76613.3
75381.8
74696.85
74855.9
75540.25
76636.05
76127.475
76306.25
75574.175
78625.725
81430.45
82874.25
83168.2
83167.875
85378.0
85632.4
87500.275
88324.625
88206.4
89267.2
90328.0
90328.0
91388.8
92449.6
95632.0
95632.0
95632.0
95577.5375
95577.5375
95577.5375
95452.8625
95398.275
95343.8125
95219.0125
95001.2375
94798.55
94603.4125
94358.875
93970.3
93931.925
93380.85
92860.225
92502.7125
91714.55
91556.7125
91665.65
91568.9625
91578.125
91345.475
91314.375
91338.375
91433.5
91512.375
91152.225
91136.0375
91110.2875
91080.1625
91078.5375
91117.6
91097.6375
90858.7625
90769.0125
91045.725
90827.1625
90836.2625
90716.7625
91097.1375
91104.6375
91154.3625
91128.8625
91162.5875
91212.725
91418.2
91142.6625
91095.85
91186.0125
91126.9875
90873.8
90995.7125
91255.6625
91277.475
91774.0
91746.275
91605.6375
91433.9375
91320.6875
91036.8625
90917.1125
91261.7375
91129.9875
90802.8625
90538.45
90362.8125
90299.5
90494.1375
90742.025
91548.125
91143.35
91401.525
91112.225
91719.0375
92265.225
92829.9875
93110.3125
94343.0625
94775.6625
95112.425
95378.3125
94953.9875
95006.4625
95436.725
95025.7375
95244.575
94800.5875
94923.6875
95006.225
94799.8875
94772.15
94441.575
94570.95
94530.275
94150.475
93783.0125
92701.0875
92289.975
92033.575
91965.6875
92164.9
92340.0875
92384.3375
92563.9
91750.875
91914.175
91967.6125
92011.15
92405.3125
92438.725
92511.275
93651.8875
93650.225
93553.7
93568.55
94040.5125
93914.725
93716.275
93701.5625
94026.1875
94270.475
94384.65
94452.0125
94096.825
93208.95
93015.0375
92849.5125
92852.0625
92619.975
92613.25
92031.8
91911.0125
91702.1625
91147.575
91010.0
91010.0
91010.0
91010.0
91010.0
91169.975
91162.975
91162.975
91416.425
91662.175
91755.95
91116.55
91093.15
91040.7
90962.8
90990.35
91139.1
91123.275
91207.75
90672.275
90520.175
90349.875
90147.55
90328.95
90646.65
90895.4625
91337.0875
92016.625
91685.8125
90901.9375
91068.8875
91348.9625
91432.575
91204.1625
90668.8375
90259.5125
90057.8375
89314.55
89119.1
89016.9
88604.95
87674.0
87674.0
87724.575
87684.875
87699.65
87722.05
87672.85
87639.025
87600.375
87525.675
87555.55
87427.8
87405.3
87304.05
87220.625
86908.925
86869.025
86895.025
86674.375
86619.625
86553.0
86650.95
86626.625
86370.95
86111.95
85985.975
85936.375
86012.075
85996.0
85850.025
85735.4
85686.5
85675.575
85532.5
85613.15
85440.775
85307.475
85452.575
85415.4
85227.025
85015.625
84383.95
84225.7
84330.075
83876.425
83639.15
83453.775
83434.775
83222.85
83287.575
83022.675
82900.375
82827.525
82750.7
82688.375
82551.4
82459.975
82436.65
82590.575
82608.875
82696.85
82810.45
83050.6
83137.125
83125.925
83185.925
83224.325
83296.3
83370.75
83388.8
83274.625
83005.525
82897.375
82897.375
82721.25
82486.9
82232.7
82196.325
82047.625
81854.175
81791.45
81675.15
81354.7
81105.45
80807.425
80844.825
80774.025
81023.2
81083.3
81204.6
81023.675
81005.625
80850.475
80724.125
80842.725
80848.875
80856.0
80856.0
80856.0
80856.0
80856.0
80893.175
80989.775
81101.675
81165.625
81305.65
81512.15
81483.7
81321.675
81610.925
81752.975
81583.375
81644.575
81349.275
80656.6
79692.525
79281.8
79160.175
79308.175
79313.675
79246.525
79389.025
78972.75
78872.025
78761.3
78627.0
78526.275
78492.7
78559.85
78497.825
78833.575
78991.45
78985.95
78942.375
78888.8
78888.8
78909.85
78976.2
79072.425
79106.0
79106.0
79106.0
79106.0
79104.775
79092.575
79068.175
79065.725
