320759.0
265808.0
284746.0
265808.0
265808.0
265808.0
218030.0
212674.0
209710.0
221048.0
221048.0
221048.0
221048.0
221048.0
207756.0
216244.0
210444.0
210444.0
207714.0
207714.0
207714.0
178942.0
175364.0
175364.0
175364.0
169004.0
169004.0
169004.0
169004.0
169004.0
156014.0
154204.0
154204.0
154204.0
154204.0
154204.0
154204.0
154204.0
154204.0
154204.0
154204.0
153106.0
153106.0
153106.0
151626.0
129858.0
126928.0
131252.0
131252.0
130612.0
130612.0
130612.0
130612.0
130978.0
131938.0
130612.0
130612.0
130612.0
130612.0
130612.0
130612.0
130612.0
130612.0
130612.0
130612.0
130612.0
130612.0
130612.0
126312.0
126312.0
126312.0
126312.0
112574.0
112574.0
112574.0
112574.0
112574.0
112574.0
112574.0
116276.0
112574.0
112574.0
110008.0
101658.0
101328.0
101328.0
100350.0
100350.0
100350.0
100350.0
100350.0
100350.0
100350.0
103004.0
111584.0
103004.0
103004.0
103004.0
102242.0
101060.0
101060.0
101060.0
102176.0
102176.0
102176.0
102176.0
101060.0
99190.0
99090.0
99090.0
99090.0
99090.0
99090.0
99090.0
98044.0
98044.0
98044.0
98044.0
98044.0
98044.0
98044.0
98044.0
99244.0
99244.0
104686.0
104686.0
104686.0
104686.0
104686.0
98714.0
98044.0
98044.0
98044.0
98044.0
97966.0
97966.0
97966.0
97966.0
97966.0
97966.0
97966.0
114978.0
97966.0
97966.0
97966.0
97966.0
97966.0
97966.0
110554.0
122810.0
116022.0
111312.0
97966.0
97966.0
97966.0
97966.0
97966.0
102398.0
97966.0
97966.0
97966.0
97966.0
97966.0
97966.0
97966.0
96323.0
95632.0
95632.0
95632.0
95632.0
95632.0
95632.0
95632.0
95632.0
95632.0
95632.0
95632.0
95632.0
95632.0
95632.0
95632.0
95632.0
95632.0
95632.0
95632.0
98284.0
98284.0
96106.0
96106.0
96106.0
97170.0
102165.0
113260.0
113260.0
113260.0
113260.0
104566.0
104566.0
97170.0
97170.0
97170.0
97170.0
97170.0
96813.0
96813.0
96813.0
96813.0
96813.0
97170.0
97170.0
97170.0
97170.0
100292.0
96813.0
96813.0
96813.0
96813.0
96813.0
96813.0
96813.0
96813.0
104536.0
106085.0
106085.0
106085.0
106085.0
106085.0
96813.0
96813.0
96813.0
96813.0
105518.0
105518.0
105518.0
105518.0
105518.0
105518.0
105518.0
105518.0
105518.0
105518.0
105518.0
105518.0
108616.0
108616.0
108616.0
116302.0
108616.0
108616.0
108616.0
109941.0
109941.0
108616.0
108616.0
108616.0
108616.0
109416.0
109416.0
108616.0
108616.0
108616.0
108616.0
108616.0
108616.0
108616.0
108616.0
108616.0
108616.0
108616.0
108616.0
108616.0
108616.0
108616.0
108616.0
103232.0
103232.0
103232.0
103482.0
103482.0
103482.0
103482.0
103482.0
103482.0
103482.0
103482.0
103482.0
103482.0
103482.0
103482.0
103482.0
103482.0
103482.0
103482.0
103482.0
103482.0
103232.0
103232.0
103232.0
103232.0
103232.0
103232.0
100866.0
100866.0
100866.0
100866.0
98962.0
98962.0
98962.0
97536.0
96413.0
96413.0
91010.0
91010.0
91010.0
91010.0
91010.0
98564.0
98004.0
98004.0
98004.0
103676.0
103676.0
95252.0
95252.0
95252.0
95252.0
95252.0
99142.0
99142.0
99142.0
95252.0
95252.0
95252.0
94594.0
103700.0
103700.0
103700.0
117412.0
117412.0
103700.0
99872.0
99872.0
99872.0
99872.0
99872.0
99872.0
99872.0
99872.0
98852.0
98852.0
94594.0
94594.0
87674.0
87674.0
92870.0
89694.0
89694.0
89694.0
89694.0
89694.0
89694.0
89694.0
92834.0
92834.0
95872.0
95872.0
95872.0
95872.0
95872.0
95872.0
95872.0
95872.0
95872.0
95872.0
95872.0
93596.0
95276.0
95276.0
95276.0
95276.0
95276.0
95276.0
95276.0
95276.0
95276.0
90784.0
90784.0
88062.0
87556.0
87556.0
87870.0
87870.0
88464.0
88826.0
88826.0
88826.0
88826.0
88826.0
88826.0
88826.0
88826.0
88826.0
88826.0
88826.0
91850.0
91850.0
91850.0
91850.0
91850.0
91850.0
91850.0
91850.0
91850.0
91850.0
91850.0
90584.0
83814.0
83814.0
83766.0
83766.0
83766.0
83766.0
83766.0
83766.0
83766.0
83766.0
83766.0
83766.0
83766.0
83766.0
83766.0
85322.0
85322.0
85322.0
85322.0
86342.0
86342.0
86342.0
85322.0
85322.0
85322.0
91056.0
85322.0
83766.0
83766.0
83286.0
80934.0
80856.0
80856.0
80856.0
80856.0
80856.0
80856.0
83830.0
85610.0
85610.0
89472.0
89316.0
89316.0
89316.0
87824.0
92644.0
92644.0
92644.0
92644.0
92644.0
92644.0
92644.0
84806.0
84806.0
84806.0
84806.0
84806.0
84806.0
79190.0
79190.0
79190.0
79190.0
79190.0
79190.0
79190.0
79190.0
79190.0
79190.0
79190.0
79190.0
79190.0
79190.0
79190.0
79106.0
79106.0
79106.0
79106.0
79106.0
79106.0
79106.0
79106.0
79106.0
79106.0
