929510.0
869537.0
869537.0
869537.0
792122.0
758585.0
882462.0
882462.0
758342.0
772520.0
740431.0
740431.0
714838.0
707547.0
707547.0
698097.0
698097.0
698097.0
692877.0
622671.0
622671.0
622671.0
621876.0
621876.0
621876.0
621876.0
621876.0
621876.0
622816.0
622816.0
621876.0
637236.0
637236.0
637236.0
637236.0
637236.0
637236.0
637236.0
637236.0
637236.0
637236.0
637236.0
637236.0
637236.0
637236.0
637391.0
637391.0
637391.0
637391.0
637391.0
637391.0
637391.0
637391.0
637391.0
637316.0
637316.0
637316.0
637316.0
637176.0
637176.0
614587.0
614587.0
614587.0
628229.0
628229.0
628229.0
628229.0
628229.0
626475.0
626475.0
626475.0
626475.0
626475.0
626475.0
626475.0
626475.0
626475.0
626475.0
626475.0
626475.0
626475.0
626475.0
626475.0
618020.0
618020.0
618020.0
618020.0
618020.0
618020.0
618020.0
618020.0
596955.0
596955.0
596955.0
596955.0
621820.0
621820.0
621820.0
621820.0
621820.0
621820.0
621820.0
621820.0
621820.0
621820.0
621820.0
621820.0
621820.0
621820.0
621820.0
621820.0
621820.0
366191.0
366191.0
366191.0
366191.0
366191.0
366191.0
366191.0
366191.0
366191.0
366191.0
412050.0
412050.0
366191.0
366191.0
366191.0
366191.0
338305.0
333565.0
338422.0
338422.0
359340.0
359340.0
359340.0
359340.0
359340.0
359340.0
339111.0
339111.0
339111.0
344547.0
344547.0
344547.0
344547.0
344547.0
344547.0
344547.0
344547.0
345577.0
345577.0
345577.0
345577.0
345577.0
345577.0
345577.0
339111.0
432037.0
432037.0
432037.0
432037.0
432037.0
432037.0
432037.0
432037.0
432037.0
432037.0
315978.0
315978.0
315978.0
315978.0
304721.0
304721.0
304721.0
304721.0
304721.0
304721.0
304721.0
304721.0
304721.0
304721.0
287925.0
287925.0
287925.0
304994.0
304994.0
304994.0
304994.0
304994.0
304994.0
304994.0
304994.0
304994.0
304994.0
304994.0
304994.0
304994.0
304994.0
304994.0
304994.0
304994.0
287925.0
287925.0
287925.0
287925.0
287925.0
287925.0
287925.0
287925.0
287925.0
287925.0
287925.0
287925.0
287925.0
418295.0
418295.0
418295.0
418295.0
418295.0
418295.0
418295.0
418295.0
418295.0
418295.0
418295.0
418295.0
443229.0
443229.0
443229.0
443229.0
443229.0
443229.0
443229.0
443229.0
443229.0
443229.0
443229.0
443229.0
443229.0
443229.0
451219.0
451219.0
511077.0
511077.0
511077.0
511077.0
511077.0
511077.0
511077.0
511077.0
511077.0
511077.0
511077.0
511077.0
511077.0
511077.0
511077.0
511077.0
511077.0
511077.0
511077.0
511077.0
511077.0
511077.0
384551.0
384551.0
384551.0
384551.0
384551.0
384000.0
384000.0
384000.0
384000.0
384000.0
384000.0
384000.0
439783.0
439783.0
439783.0
439783.0
439783.0
439783.0
439783.0
439783.0
439783.0
439783.0
517009.0
517009.0
517009.0
517009.0
517009.0
517009.0
517009.0
517009.0
439783.0
439783.0
439783.0
439783.0
472723.0
472723.0
472723.0
472723.0
472723.0
472723.0
472723.0
472723.0
472723.0
472723.0
472723.0
472723.0
472723.0
472723.0
472723.0
472723.0
472723.0
472723.0
472723.0
472723.0
472723.0
474823.0
474823.0
474823.0
474823.0
474823.0
474823.0
474823.0
474823.0
474823.0
479158.0
479158.0
479158.0
479158.0
479158.0
479158.0
494540.0
494540.0
494540.0
494540.0
494540.0
494540.0
494540.0
494540.0
494540.0
494540.0
494540.0
494540.0
494540.0
494540.0
498312.0
498312.0
498312.0
498312.0
498312.0
498312.0
498312.0
498312.0
498312.0
498312.0
498312.0
498312.0
498312.0
498312.0
498312.0
494540.0
494540.0
494540.0
494540.0
494540.0
504421.0
504421.0
504421.0
504421.0
494540.0
494540.0
471907.0
471907.0
471907.0
471907.0
471907.0
471907.0
471907.0
471907.0
471907.0
471907.0
216671.0
216671.0
216339.0
216339.0
216339.0
237183.0
216339.0
216339.0
216339.0
216339.0
216339.0
216339.0
216339.0
216339.0
216339.0
216339.0
216339.0
216339.0
216339.0
216339.0
216339.0
216339.0
200744.0
237051.0
237051.0
237051.0
237051.0
237549.0
314830.0
314830.0
314830.0
314830.0
237549.0
237549.0
237549.0
238959.0
237549.0
237549.0
237549.0
237549.0
237549.0
237549.0
237549.0
240046.0
240046.0
237549.0
237549.0
237549.0
237549.0
237549.0
237741.0
237741.0
237741.0
237741.0
237741.0
237741.0
237741.0
237741.0
237741.0
237549.0
237549.0
237549.0
237549.0
237549.0
237549.0
237549.0
237549.0
237549.0
237549.0
237549.0
237549.0
237549.0
237549.0
237549.0
237549.0
237549.0
237549.0
237549.0
237549.0
237549.0
237549.0
237549.0
237549.0
237549.0
237549.0
237549.0
237549.0
237549.0
237549.0
237549.0
237549.0
237549.0
237549.0
237549.0
237549.0
286928.0
286928.0
286928.0
325599.0
325599.0
286928.0
286928.0
286928.0
286928.0
286928.0
237341.0
237341.0
237341.0
237341.0
237341.0
237341.0
237341.0
237341.0
237341.0
237341.0
237761.0
