52.75143870948504
54.94214779929065
54.94214779929065
54.94214779929065
54.94214779929065
54.94214779929065
56.32866008413589
56.449609296734124
56.77797813842694
58.464591262483324
58.464591262483324
58.464591262483324
58.464591262483324
58.464591262483324
58.464591262483324
58.48909707990415
58.48909707990415
58.48909707990415
58.48909707990415
58.88021673224537
58.88021673224537
58.88021673224537
59.52938840349485
59.52938840349485
59.52938840349485
59.52938840349485
59.52938840349485
59.52938840349485
59.83197168656766
59.83197168656766
59.83197168656766
59.83197168656766
59.83197168656766
59.83197168656766
59.83197168656766
59.83197168656766
59.83197168656766
59.83197168656766
59.83197168656766
60.287807260296276
60.287807260296276
60.287807260296276
60.287807260296276
60.287807260296276
60.5618795499669
60.5618795499669
60.5618795499669
60.5618795499669
60.5618795499669
60.5618795499669
60.5618795499669
60.5618795499669
60.5618795499669
60.5618795499669
60.5618795499669
60.629314635677034
60.86686229757633
60.86686229757633
60.86686229757633
60.86686229757633
60.86686229757633
60.914418142691616
60.914418142691616
60.914418142691616
60.914418142691616
61.16051426364289
61.16051426364289
61.16051426364289
61.16051426364289
61.16051426364289
61.16051426364289
61.169478795500595
61.169478795500595
61.169478795500595
61.169478795500595
61.169478795500595
61.38977677635716
61.38977677635716
61.38977677635716
61.38977677635716
61.38977677635716
61.611384755117726
61.611384755117726
61.611384755117726
61.611384755117726
61.611384755117726
61.611384755117726
61.611384755117726
61.611384755117726
61.611384755117726
61.611384755117726
61.611384755117726
61.611384755117726
61.611384755117726
61.611384755117726
61.611384755117726
61.611384755117726
61.611384755117726
61.61182142108573
61.61182142108573
61.61182142108573
61.61182142108573
61.61182142108573
61.61182142108573
61.61182142108573
61.61553308181374
61.71116292880598
61.71116292880598
61.718804583246005
61.718804583246005
61.718804583246005
61.718804583246005
61.718804583246005
61.85122235359577
61.85122235359577
61.85122235359577
61.85122235359577
61.85122235359577
61.85122235359577
61.85230908332174
61.85230908332174
61.85230908332174
61.85230908332174
61.85230908332174
61.90547928456648
61.947506607316726
61.947506607316726
61.947506607316726
62.12242930591261
62.14159653637502
62.14159653637502
62.14159653637502
62.14159653637502
62.14159653637502
62.14159653637502
62.241575671164284
62.31329983307831
62.31329983307831
62.51760502156071
62.51760502156071
62.51760502156071
62.51760502156071
62.51760502156071
62.51760502156071
62.51760502156071
62.51760502156071
62.51760502156071
62.51760502156071
62.51760502156071
62.51760502156071
62.51760502156071
62.51760502156071
62.51760502156071
62.51760502156071
62.51760502156071
62.52785903329154
62.85613650594866
62.85613650594866
62.85613650594866
62.85613650594866
62.85613650594866
62.85613650594866
62.85613650594866
62.85613650594866
62.85613650594866
62.85613650594866
62.85613650594866
62.85613650594866
62.85613650594866
62.893508845243076
62.893508845243076
62.893508845243076
62.893508845243076
63.04999825881042
63.04999825881042
63.04999825881042
63.04999825881042
63.04999825881042
63.04999825881042
63.04999825881042
63.04999825881042
63.04999825881042
63.04999825881042
63.04999825881042
63.16005525437865
63.16005525437865
63.30231790380873
63.30231790380873
63.30231790380873
63.30231790380873
63.30905094523214
63.405125930564246
63.405125930564246
63.405125930564246
63.405125930564246
63.405125930564246
63.405125930564246
63.428824879983296
63.428824879983296
63.428824879983296
63.428824879983296
63.428824879983296
63.428824879983296
63.430230533500485
63.430230533500485
63.430230533500485
63.430230533500485
63.430230533500485
63.430230533500485
63.430230533500485
63.430230533500485
63.430230533500485
63.81046280819055
63.81046280819055
63.81046280819055
63.81046280819055
63.81046280819055
63.81046280819055
63.81046280819055
63.81046280819055
63.81046280819055
63.81046280819055
63.81046280819055
63.81046280819055
63.81046280819055
63.81046280819055
63.81046280819055
63.81046280819055
63.81046280819055
63.81046280819055
63.81046280819055
63.81046280819055
63.81046280819055
63.91773720589262
63.91773720589262
63.91773720589262
63.91773720589262
63.91773720589262
63.91773720589262
63.91773720589262
63.91773720589262
63.91773720589262
63.943700691195986
63.97221931111577
63.99814626089402
63.99814626089402
63.99814626089402
63.99814626089402
63.99814626089402
63.99814626089402
63.99814626089402
63.99814626089402
63.99814626089402
63.99814626089402
63.99814626089402
63.99814626089402
63.99814626089402
63.99814626089402
63.99814626089402
63.99814626089402
64.24478984849543
64.24478984849543
64.24478984849543
64.24478984849543
64.24478984849543
64.24478984849543
64.24478984849543
64.24478984849543
64.24478984849543
64.24478984849543
64.24478984849543
64.24478984849543
64.24478984849543
64.24478984849543
64.24478984849543
64.24478984849543
64.38224359421909
64.38224359421909
64.38224359421909
64.38224359421909
64.38224359421909
64.38224359421909
64.38224359421909
64.38224359421909
64.38224359421909
64.38224359421909
64.38224359421909
64.38224359421909
64.43017289850998
64.43017289850998
64.43017289850998
64.43017289850998
64.5991150596942
64.5991150596942
64.5991150596942
64.5991150596942
64.5991150596942
64.5991150596942
64.81947741394958
64.92900404943099
64.92900404943099
64.92900404943099
64.92900404943099
64.92900404943099
64.92900404943099
64.92900404943099
64.92900404943099
64.92900404943099
64.92900404943099
64.92900404943099
64.92900404943099
64.92900404943099
64.92900404943099
64.92900404943099
64.92900404943099
64.92900404943099
64.92900404943099
64.92900404943099
64.92900404943099
65.17183900020946
65.17183900020946
65.17183900020946
65.17183900020946
65.17183900020946
65.17183900020946
65.17183900020946
65.17183900020946
65.17183900020946
65.17183900020946
65.17183900020946
65.17183900020946
65.17183900020946
65.17183900020946
65.17183900020946
65.20344989725191
65.20344989725191
65.20344989725191
65.20344989725191
65.20344989725191
65.20344989725191
65.20344989725191
65.20344989725191
65.20344989725191
65.20344989725191
65.20344989725191
65.20344989725191
65.20344989725191
65.31425237713768
65.37063320678485
65.37063320678485
65.4513949357389
65.4513949357389
65.4513949357389
65.4513949357389
65.4513949357389
65.4513949357389
65.4513949357389
65.4513949357389
65.4513949357389
65.4513949357389
65.4513949357389
65.4513949357389
65.4513949357389
65.57934235641159
65.57934235641159
65.57934235641159
65.57934235641159
65.57934235641159
65.57934235641159
65.57934235641159
65.57934235641159
65.57934235641159
65.57934235641159
65.57934235641159
65.57934235641159
65.57934235641159
65.57934235641159
65.57934235641159
65.57934235641159
65.57934235641159
65.57934235641159
65.57934235641159
65.57934235641159
65.57934235641159
65.68345479784834
65.68345479784834
65.68345479784834
65.76023772340794
65.76023772340794
65.76023772340794
65.79385736595522
65.79385736595522
65.79385736595522
65.79385736595522
65.79385736595522
65.79385736595522
65.79385736595522
65.79385736595522
65.79385736595522
65.79385736595522
65.79385736595522
65.79385736595522
65.84504598299495
65.84504598299495
65.84504598299495
65.84504598299495
65.88625715773034
66.07367428212115
66.07367428212115
66.07367428212115
66.07367428212115
66.40182875707399
66.40182875707399
66.40182875707399
66.40182875707399
66.40182875707399
66.40182875707399
66.40182875707399
66.40182875707399
66.40182875707399
66.40182875707399
66.40182875707399
66.40182875707399
66.40182875707399
66.40182875707399
66.40182875707399
66.40182875707399
66.40182875707399
66.40182875707399
66.40182875707399
66.40182875707399
66.40182875707399
66.40182875707399
66.40182875707399
66.40182875707399
66.40182875707399
66.40182875707399
66.40182875707399
66.40182875707399
66.40182875707399
66.40182875707399
66.40182875707399
66.40182875707399
66.50007859987423
66.50007859987423
66.50007859987423
66.50007859987423
66.50007859987423
66.50007859987423
66.50007859987423
66.50007859987423
66.50007859987423
66.50007859987423
66.50007859987423
66.50007859987423
66.50007859987423
66.50007859987423
66.50007859987423
66.50007859987423
66.50007859987423
66.50007859987423
66.50007859987423
66.50007859987423
66.50007859987423
66.50007859987423
66.50007859987423
66.50007859987423
66.50007859987423
66.50007859987423
66.50007859987423
66.50007859987423
66.50007859987423
66.50007859987423
66.50007859987423
66.50007859987423
66.50007859987423
66.50007859987423
66.50007859987423
66.52082023335429
66.61470341647453
66.61470341647453
66.61470341647453
66.70203661007476
66.70203661007476
66.70203661007476
66.70203661007476
66.70203661007476
66.70203661007476
66.70203661007476
66.70203661007476
66.70203661007476
66.70640326975477
66.70640326975477
66.70640326975477
66.70640326975477
66.70640326975477
66.70640326975477
66.70640326975477
66.84560992538609
66.84560992538609
