41.18071854125293
49.341012198376426
48.841713798713876
52.45466134420158
52.43123562973687
54.04520669421331
61.892601780242224
64.03448917560945
63.165141123377786
62.7966620731894
63.16269524569605
63.1780529081678
63.1780529081678
63.1780529081678
63.30089866749303
61.18609906553473
57.53423094477408
57.47549840376844
66.12556999326804
63.51769777184141
68.35346638655462
60.01520013511231
65.87519623233909
65.04060854903273
64.20458673382898
63.4292809000152
60.79490688403642
65.28314637113124
60.92419460489491
64.38704074113065
61.390686017369
66.71754921570691
61.52511118342553
61.95637596166741
65.74131639410732
65.45245545692572
64.73218359339356
65.86812776622408
62.15104609208565
64.24471051336722
61.87444674839633
61.77335794676353
62.92371503985229
62.243582661216074
62.90040344140378
64.25887866371693
61.08646776447712
64.59649035221288
61.832272017301456
65.96352247605012
66.77562182575856
62.86807709912018
66.16555210362803
68.61079155636253
66.37710584818618
67.10510847842839
67.26654937616675
63.07805858848082
64.26711476545364
64.39568308526418
61.856141608672544
66.62810873337189
66.26294272723801
62.142001125051976
63.04767117575
66.03814840062252
67.98874139027592
62.37959329290046
