49.341012198376426
49.341012198376426
52.767774893225024
54.04520669421331
54.04520669421331
63.95219566425793
64.03448917560945
64.59294765559267
65.74024305510035
65.74024305510035
65.74024305510035
63.1780529081678
63.1780529081678
65.74024305510035
66.80015756302521
67.73838966749106
67.81349394329025
67.81349394329025
67.47645211930926
68.35346638655462
68.66823652537938
68.66823652537938
67.70435268897381
68.03216650898769
66.54253079271503
66.71754921570691
66.71754921570691
66.71754921570691
66.71754921570691
66.71754921570691
66.71754921570691
66.75176334350984
67.08732498157701
67.08732498157701
67.08732498157701
67.6969361736573
67.74550409454555
71.72410962277833
68.61048838520678
68.61018984836699
68.61018984836699
69.57407587076743
69.57407587076743
69.4285437081595
69.2081664333532
69.63228873581062
69.63228873581062
69.86929825777212
68.61079155636253
68.68009258617583
68.36823795201597
68.36823795201597
68.68009258617583
68.68009258617583
68.68009258617583
68.68009258617583
68.5830711444372
68.5830711444372
68.5830711444372
68.12845638886195
68.12845638886195
68.12845638886195
68.12845638886195
68.12845638886195
70.11984707684817
70.47065393261644
67.98874139027592
70.47065393261644
