53.6130418681312
59.2199427879578
57.57571111864977
59.39992129887708
59.93865550419229
64.31035520972281
64.37158547801532
65.7867601909565
65.13537395952174
66.18651729388888
66.35150698065512
65.78080931409605
66.64808191191862
66.03783266848767
67.57826599029302
66.65546790899398
67.27141585222144
67.45334839993684
69.11462049682385
68.6378597792857
70.95651881321601
69.04195071982099
68.50804368191908
68.77747770668346
68.90190938639176
67.82818825514818
69.31669243469825
68.20287416199925
69.15536933517268
68.76271161490416
66.94846421324021
69.70354469338879
67.6513869352898
68.89101992471761
69.26142284210609
70.04849431084943
69.75269627824619
69.08109136550684
70.16273552063154
69.79267751946945
68.1409668406906
69.11556966977092
69.61351674202108
69.0907383047869
69.39922542088401
70.14297405595876
69.42359550489113
70.93531726956971
69.85542998640527
69.32239609161634
70.7205311765496
68.60983796102809
68.28806086242295
69.56855831902953
70.18500916921005
69.59473253641211
68.80353124089663
69.29233911531382
69.41565300278609
69.4051399953722
68.16398666786574
69.39190177279075
69.0391606774577
70.0025748046242
69.63152979551857
71.00235974177424
71.32667522106003
70.2323158525369
