9700.0
5320.0
5320.0
5320.0
5320.0
5320.0
5320.0
5320.0
5280.0
5280.0
5280.0
4320.0
4320.0
4320.0
4320.0
4320.0
4320.0
4320.0
4320.0
4320.0
4320.0
4320.0
4320.0
4320.0
4320.0
4320.0
4320.0
4320.0
4320.0
4320.0
4320.0
4320.0
4320.0
4320.0
4320.0
4320.0
4320.0
4320.0
4320.0
4320.0
4320.0
4320.0
4320.0
4320.0
4320.0
4320.0
4320.0
4320.0
4320.0
4320.0
4320.0
4320.0
4320.0
4320.0
4320.0
4320.0
4320.0
4320.0
4320.0
4320.0
4320.0
4320.0
4320.0
4320.0
4320.0
4320.0
4320.0
4320.0
4320.0
4320.0
4320.0
4320.0
4320.0
4320.0
4320.0
4320.0
4320.0
4320.0
4320.0
4320.0
4320.0
4320.0
4320.0
4320.0
4320.0
4320.0
4320.0
4320.0
4320.0
4320.0
4320.0
4320.0
4320.0
4320.0
4320.0
4320.0
4320.0
4320.0
4320.0
4320.0
4320.0
4320.0
4320.0
4320.0
4320.0
4320.0
4320.0
4320.0
4320.0
4320.0
4320.0
4320.0
4320.0
4320.0
4320.0
4320.0
4320.0
4320.0
4320.0
4320.0
4320.0
4320.0
4320.0
4320.0
4320.0
4320.0
4320.0
4320.0
4320.0
4320.0
4320.0
4320.0
4320.0
4320.0
4320.0
4320.0
4320.0
4320.0
4320.0
4320.0
11880.0
11880.0
11680.0
5320.0
5320.0
5320.0
5320.0
5320.0
5320.0
5320.0
5320.0
5320.0
5320.0
5320.0
5320.0
5320.0
5320.0
5320.0
5320.0
5320.0
5320.0
5320.0
5320.0
5320.0
5320.0
5320.0
5320.0
5320.0
5320.0
5280.0
5280.0
5280.0
5280.0
4920.0
4920.0
4920.0
4920.0
4920.0
4920.0
4920.0
4920.0
4920.0
4920.0
4920.0
4920.0
4920.0
4920.0
4920.0
4720.0
4720.0
4720.0
4720.0
4720.0
4720.0
4720.0
4720.0
4720.0
4720.0
4720.0
4720.0
4720.0
