29.526748971193417
32.489047097480835
32.77054794520548
34.825668159001495
32.8039592258827
39.26724774708229
39.26724774708229
38.09523809523809
40.21889003791796
39.891416752843845
39.891416752843845
39.891416752843845
39.891416752843845
39.891416752843845
39.891416752843845
39.891416752843845
39.891416752843845
39.891416752843845
40.14906609195402
42.61642156862745
42.61642156862745
44.536356209150334
44.536356209150334
44.536356209150334
44.536356209150334
43.00611290902554
44.536356209150334
44.536356209150334
44.536356209150334
44.536356209150334
44.536356209150334
44.536356209150334
44.7081792026305
44.7081792026305
44.7081792026305
44.7081792026305
44.7081792026305
44.7081792026305
44.7081792026305
44.7081792026305
44.7081792026305
44.7081792026305
44.7081792026305
44.7081792026305
44.7081792026305
44.7081792026305
44.7081792026305
45.33497739416359
45.33497739416359
45.33497739416359
45.33497739416359
45.33497739416359
45.33497739416359
45.33497739416359
45.33497739416359
45.33497739416359
45.33497739416359
45.33497739416359
45.33497739416359
45.33497739416359
45.33497739416359
45.33497739416359
45.33497739416359
45.33497739416359
45.33497739416359
45.33497739416359
45.33497739416359
45.33497739416359
45.33497739416359
45.33497739416359
45.33497739416359
45.33497739416359
45.33497739416359
45.33497739416359
45.33497739416359
45.33497739416359
45.33497739416359
45.33497739416359
45.33497739416359
45.33497739416359
45.33497739416359
45.33497739416359
45.33497739416359
45.33497739416359
45.33497739416359
45.33497739416359
45.33497739416359
45.33497739416359
45.33497739416359
45.33497739416359
45.33497739416359
45.33497739416359
45.89536807278743
45.89536807278743
45.89536807278743
45.89536807278743
45.89536807278743
47.425558312655085
47.425558312655085
47.425558312655085
47.425558312655085
47.425558312655085
47.425558312655085
47.60132340777502
47.60132340777502
47.60132340777502
47.60132340777502
47.60132340777502
47.60132340777502
47.60132340777502
47.60132340777502
47.60132340777502
47.60132340777502
47.60132340777502
47.60132340777502
47.60132340777502
47.60132340777502
47.60132340777502
47.60132340777502
47.60132340777502
47.60132340777502
47.60132340777502
47.60132340777502
47.60132340777502
47.60132340777502
47.60132340777502
47.60132340777502
47.60132340777502
47.60132340777502
47.60132340777502
47.60132340777502
47.60132340777502
47.60132340777502
47.60132340777502
47.60132340777502
47.60132340777502
47.60132340777502
47.60132340777502
47.60132340777502
57.42489270386265
57.42489270386265
57.42489270386265
53.66952789699572
54.570815450643785
54.570815450643785
54.570815450643785
54.570815450643785
54.570815450643785
54.570815450643785
54.570815450643785
54.570815450643785
54.570815450643785
54.570815450643785
54.570815450643785
54.570815450643785
54.570815450643785
54.570815450643785
54.570815450643785
54.570815450643785
54.570815450643785
54.570815450643785
54.570815450643785
54.570815450643785
54.570815450643785
54.570815450643785
54.570815450643785
54.570815450643785
54.570815450643785
54.570815450643785
51.49501661129568
51.49501661129568
51.49501661129568
51.49501661129568
51.65421558164354
51.65421558164354
51.65421558164354
51.65421558164354
51.65421558164354
51.65421558164354
51.65421558164354
51.65421558164354
51.65421558164354
51.65421558164354
51.65421558164354
51.65421558164354
51.65421558164354
51.65421558164354
51.65421558164354
53.09015421115065
53.09015421115065
53.09015421115065
53.09015421115065
53.09015421115065
53.09015421115065
53.09015421115065
53.09015421115065
53.09015421115065
53.09015421115065
53.09015421115065
53.09015421115065
53.09015421115065
