12240.0
12240.0
12240.0
12240.0
12240.0
12240.0
11800.0
11800.0
11800.0
5880.0
5880.0
5880.0
5880.0
5880.0
5880.0
5880.0
5880.0
5880.0
5880.0
4920.0
4920.0
4920.0
4920.0
4920.0
4920.0
4920.0
4920.0
4920.0
4920.0
4920.0
4920.0
4920.0
4920.0
4920.0
4920.0
4920.0
4920.0
4920.0
4920.0
4920.0
4920.0
4920.0
4920.0
4920.0
4920.0
4920.0
4920.0
4920.0
4920.0
4920.0
4920.0
4920.0
4920.0
4920.0
4920.0
4920.0
4920.0
4920.0
4920.0
4920.0
4920.0
4920.0
4920.0
4920.0
4920.0
4920.0
4920.0
4920.0
4920.0
4820.0
4520.0
4520.0
4520.0
4520.0
4520.0
4520.0
4520.0
4520.0
4520.0
4520.0
4520.0
4520.0
4520.0
4520.0
4520.0
4520.0
4520.0
4520.0
4520.0
4520.0
4520.0
4520.0
4520.0
4520.0
4520.0
4520.0
4520.0
4520.0
4520.0
4520.0
4520.0
4520.0
4520.0
4520.0
4520.0
4520.0
4520.0
4520.0
4520.0
4520.0
4520.0
4520.0
4520.0
4520.0
4520.0
4520.0
4520.0
4520.0
4520.0
4520.0
4520.0
4520.0
4520.0
4520.0
4520.0
4520.0
4520.0
4520.0
4520.0
4520.0
4520.0
4520.0
4520.0
4520.0
4520.0
4520.0
4520.0
4520.0
4520.0
4520.0
4520.0
4520.0
4520.0
4520.0
4520.0
4520.0
4520.0
4520.0
4520.0
4520.0
4520.0
4520.0
4520.0
4520.0
4520.0
4520.0
4520.0
4520.0
4520.0
4520.0
4520.0
4520.0
4520.0
4520.0
4520.0
4520.0
4520.0
4520.0
4520.0
4520.0
4520.0
4520.0
4520.0
4520.0
4520.0
4520.0
4520.0
4520.0
4520.0
4520.0
4520.0
4520.0
4520.0
4520.0
4520.0
4520.0
4520.0
4520.0
4520.0
4520.0
4520.0
4520.0
4520.0
4520.0
4520.0
4520.0
4520.0
4520.0
4520.0
4520.0
