58.40227507755946
58.40227507755946
59.81661272923408
61.58350305498981
61.58350305498981
62.2398414271556
64.37569988801792
64.37569988801792
64.37569988801792
64.37569988801792
64.37569988801792
65.02079002079003
65.58164354322307
65.58164354322307
65.58164354322307
65.58164354322307
65.58164354322307
65.58164354322307
65.58164354322307
65.58164354322307
65.58164354322307
65.58164354322307
65.58164354322307
65.58164354322307
65.58164354322307
65.58164354322307
65.58164354322307
65.58164354322307
65.58164354322307
65.58164354322307
65.58164354322307
65.58164354322307
65.58164354322307
65.58164354322307
65.58164354322307
65.58164354322307
65.58164354322307
65.58164354322307
65.58164354322307
65.58164354322307
66.61655211912944
66.61655211912944
66.61655211912944
66.61655211912944
66.61655211912944
66.61655211912944
66.61655211912944
66.61655211912944
66.61655211912944
66.61655211912944
66.61655211912944
66.61655211912944
66.61655211912944
66.61655211912944
66.61655211912944
66.61655211912944
66.61655211912944
66.61655211912944
66.61655211912944
66.61655211912944
66.61655211912944
66.61655211912944
66.61655211912944
66.61655211912944
66.61655211912944
66.61655211912944
66.61655211912944
66.61655211912944
66.61655211912944
66.61655211912944
66.61655211912944
66.61655211912944
66.61655211912944
66.61655211912944
66.61655211912944
66.61655211912944
66.61655211912944
66.61655211912944
66.61655211912944
66.61655211912944
66.61655211912944
66.61655211912944
66.61655211912944
66.61655211912944
66.61655211912944
66.61655211912944
66.61655211912944
66.61655211912944
66.7556029882604
66.7556029882604
66.7556029882604
66.7556029882604
66.7556029882604
66.7556029882604
66.7556029882604
66.7556029882604
66.7556029882604
66.7556029882604
66.7556029882604
66.7556029882604
66.7556029882604
66.7556029882604
66.7556029882604
66.7556029882604
66.7556029882604
66.7556029882604
66.7556029882604
66.7556029882604
66.7556029882604
66.7556029882604
66.7556029882604
66.7556029882604
66.7556029882604
66.7556029882604
66.7556029882604
66.7556029882604
66.7556029882604
66.7556029882604
66.7556029882604
66.7556029882604
66.7556029882604
66.7556029882604
66.7556029882604
66.7556029882604
66.7556029882604
66.7556029882604
66.7556029882604
66.7556029882604
66.7556029882604
66.7556029882604
66.7556029882604
66.7556029882604
66.7556029882604
66.7556029882604
66.7556029882604
66.7556029882604
66.7556029882604
66.7556029882604
66.7556029882604
66.7556029882604
66.7556029882604
66.7556029882604
66.7556029882604
66.7556029882604
66.7556029882604
67.23585912486661
67.23585912486661
67.23585912486661
67.23585912486661
67.23585912486661
67.23585912486661
67.23585912486661
67.23585912486661
67.23585912486661
67.23585912486661
67.23585912486661
67.23585912486661
67.23585912486661
67.23585912486661
67.23585912486661
67.23585912486661
67.23585912486661
67.23585912486661
67.23585912486661
67.23585912486661
67.23585912486661
67.23585912486661
67.23585912486661
67.23585912486661
67.23585912486661
67.23585912486661
67.23585912486661
67.23585912486661
67.23585912486661
67.23585912486661
67.23585912486661
67.23585912486661
67.23585912486661
67.23585912486661
67.23585912486661
67.23585912486661
67.23585912486661
67.23585912486661
67.23585912486661
67.23585912486661
67.23585912486661
67.23585912486661
67.23585912486661
67.23585912486661
67.23585912486661
67.23585912486661
67.23585912486661
67.23585912486661
67.23585912486661
67.23585912486661
67.23585912486661
67.23585912486661
67.23585912486661
67.23585912486661
67.23585912486661
