39.18970391075752
41.305848104968604
43.459419303385616
46.29434452110335
47.68717384758916
49.889440675036994
50.32752265760486
51.02345903245761
50.91008660705933
50.362743224738196
51.22241562666769
51.74884513672189
51.96267015953343
51.28586059713798
50.66455482890181
51.09221947354265
50.91776040853783
51.813474647183924
52.50016608039651
51.97782726164652
51.595567761735914
50.833163222292775
51.338925837166904
52.123407018111756
52.878664983501
53.66623333003789
53.9683709157383
54.128936262514024
54.34491281490402
54.60988558885705
55.04607174379363
56.45096011001183
55.48873826324156
54.632107672446146
55.36865818111653
55.32844005764908
54.23268668433819
54.670625557127835
54.28602705224106
53.86690444988204
54.783300276893804
54.54970557823727
54.432147886405446
54.123670962528095
54.33489626585482
54.051219515762206
54.89875960362696
54.944754096377004
55.3367875064366
55.41681557971746
55.581303549975736
55.79276344445573
55.74379428964371
55.42847852039348
55.784063068120176
56.279986830805186
56.174474978358774
55.83881082223026
56.38539227766813
56.76072232354613
56.92653899299531
57.84279116190591
56.89888134094848
56.26990179043825
57.72001910139939
57.53524921537489
57.04682279168209
56.52497986349984
56.47825617520804
58.827610211775564
59.284550780214815
58.77950415982984
58.81152265621995
58.93112290424024
58.91579666278714
58.953989008939075
59.03940907627327
59.7286978110197
59.81780675164274
59.85352374289657
59.86510745333804
60.106893710877934
60.127829794075566
60.17144828372026
60.026347120507694
59.72718403493995
59.706195217206826
59.79783158477146
59.637001105695084
59.87382471568884
59.80356890581531
59.56590131237228
59.56149077246681
60.432198103447924
60.450503908512665
61.494032212973046
61.37452546591605
61.578195971341074
61.466893841891704
61.362304195604864
61.41756827402419
61.4909813790317
61.36835389732262
61.50540612753683
61.38866752111578
60.87983320015119
60.48171076647834
60.5477244768597
59.78041671143056
59.17520001991345
59.219212826845386
59.61744574537131
59.417157171872454
59.34214242669818
59.105122504505175
59.29817772728374
60.1554988720754
60.408773432092595
61.65204727873218
61.90851212703318
61.29290542347868
60.88009677666368
60.399215549971686
60.07027250005076
60.219697539988296
60.14640079426407
59.880860758182145
59.62690826237588
59.16174733046815
58.75191945570483
59.97640487773151
60.14990613767543
60.20750403824765
61.04829660445539
60.652164373146874
60.36489536012251
60.14637596329702
60.058003964841554
60.159346616492144
60.30449037722391
60.43863977142222
60.22634066244048
60.09775497080435
59.838356466986355
59.899013278547535
58.955216815053305
58.67202406794736
59.11434065298388
59.69468581293679
59.52098519420215
59.00991101707418
59.580953753972516
59.68429670711775
59.24320555917019
59.33434048206406
59.630909428512894
59.625330155130065
59.27216616533381
59.149491141750204
59.07517918212479
59.178721430707355
59.41461939820855
59.32280445439763
58.91667555451776
58.78615920188914
58.6821798238113
59.05310834741571
58.85463771465843
58.80695595599436
58.325032688605766
58.71202606913948
58.83534325564115
58.345338498004594
58.22358186474256
58.71588940528877
58.86408251373028
58.63511893399963
58.815190256575974
58.71572785398274
58.948395169115294
58.92210965912776
59.61100775037448
59.64624252171792
59.62093317471415
59.40170913136258
59.42373118563067
59.41304199725779
59.189603348406955
59.367294817434
59.51621314784878
59.049743260882884
58.77413931929276
59.32352644772669
59.308109756053646
59.42553378397838
58.94006810251744
59.008182831000546
59.334950142809916
59.355236108443464
59.680469123729075
