995.0
995.0
995.0
720.0
720.0
720.0
720.0
720.0
720.0
720.0
720.0
700.0
620.0
620.0
620.0
620.0
620.0
620.0
620.0
620.0
620.0
620.0
620.0
620.0
620.0
620.0
620.0
620.0
620.0
620.0
620.0
620.0
620.0
620.0
620.0
620.0
620.0
620.0
620.0
620.0
620.0
620.0
620.0
620.0
620.0
620.0
620.0
620.0
620.0
620.0
620.0
620.0
620.0
620.0
620.0
620.0
620.0
620.0
620.0
620.0
620.0
620.0
620.0
620.0
620.0
620.0
620.0
620.0
620.0
620.0
620.0
620.0
620.0
620.0
620.0
620.0
620.0
620.0
620.0
620.0
620.0
620.0
620.0
620.0
620.0
620.0
620.0
620.0
620.0
620.0
620.0
620.0
620.0
620.0
620.0
620.0
620.0
620.0
620.0
620.0
620.0
620.0
620.0
620.0
620.0
620.0
620.0
620.0
620.0
620.0
620.0
620.0
620.0
620.0
620.0
620.0
620.0
620.0
620.0
620.0
620.0
620.0
620.0
620.0
620.0
620.0
620.0
620.0
620.0
620.0
620.0
620.0
620.0
620.0
620.0
620.0
620.0
620.0
620.0
620.0
620.0
620.0
620.0
620.0
620.0
620.0
620.0
620.0
620.0
620.0
620.0
620.0
620.0
620.0
620.0
620.0
620.0
620.0
620.0
620.0
620.0
620.0
620.0
620.0
620.0
620.0
620.0
620.0
620.0
620.0
620.0
620.0
620.0
620.0
620.0
620.0
620.0
620.0
620.0
620.0
620.0
620.0
620.0
620.0
620.0
620.0
620.0
620.0
620.0
620.0
620.0
620.0
620.0
620.0
620.0
620.0
620.0
620.0
620.0
620.0
620.0
