32.123447204968954
32.09901800327332
40.02164502164502
40.36796536796537
40.1318781264211
46.92179700499168
44.530201342281885
41.529411764705884
42.625
37.20338983050847
39.74167908594138
39.53754578754579
41.545432864297645
37.613019891500905
37.73722627737226
39.64371980676329
39.522946859903385
42.35294117647059
42.74170274170274
45.41033434650456
46.79867986798679
39.94932432432432
40.065243179122184
39.283699943598414
47.763074984247005
44.025477707006374
43.21126760563381
42.75741710296684
47.763074984247005
47.763074984247005
47.48554913294797
46.755407653910154
44.06035665294924
41.9
47.38574040219379
48.11982154238368
47.28442728442728
48.11982154238368
37.02414113277623
46.33499170812603
48.11982154238368
42.35099337748345
48.11982154238368
48.11982154238368
48.11982154238368
48.11982154238368
48.11982154238368
48.11982154238368
48.11982154238368
48.11982154238368
48.11982154238368
48.11982154238368
53.4375
53.96946564885495
53.96946564885495
51.474878444084275
44.393099199014166
52.42038216560509
53.00546448087432
53.96946564885495
45.660919540229884
51.31868131868132
41.62011173184358
53.96946564885495
53.96946564885495
53.96946564885495
53.96946564885495
53.96946564885495
53.96946564885495
53.96946564885495
53.96946564885495
53.96946564885495
53.96946564885495
53.96946564885495
53.96946564885495
53.96946564885495
53.96946564885495
53.96946564885495
53.96946564885495
53.96946564885495
53.96946564885495
53.96946564885495
53.96946564885495
53.96946564885495
53.96946564885495
53.96946564885495
53.96946564885495
53.96946564885495
53.96946564885495
53.96946564885495
46.93627450980392
48.63333333333333
42.13395638629283
45.00782472613459
47.69509981851179
45.1123254401943
51.25
40.32567049808429
50.86743044189852
52.027027027027025
56.26485568760611
58.159722222222214
58.159722222222214
58.159722222222214
58.159722222222214
58.159722222222214
58.159722222222214
58.159722222222214
48.42047930283224
49.13117546848382
49.572649572649574
58.159722222222214
58.159722222222214
58.159722222222214
58.159722222222214
58.159722222222214
58.159722222222214
58.159722222222214
51.371115173674596
58.159722222222214
58.159722222222214
58.159722222222214
58.159722222222214
58.159722222222214
58.159722222222214
58.159722222222214
58.159722222222214
58.159722222222214
58.159722222222214
58.159722222222214
58.159722222222214
58.159722222222214
46.46840148698885
49.373040752351095
45.27363184079602
49.11347517730496
50.333333333333336
58.159722222222214
51.267605633802816
52.52669039145908
48.52459016393443
47.171052631578945
57.05772811918064
52.24264705882352
45.76433121019109
45.557350565428116
53.38735818476499
40.28050490883591
46.32822477650064
48.18923327895595
43.88148148148149
42.969984202211684
44.12782956058588
50.28960817717206
47.757009345794394
41.40449438202246
50.32258064516129
54.15692821368948
52.915980230642504
58.472222222222214
58.472222222222214
58.472222222222214
58.472222222222214
58.472222222222214
58.472222222222214
58.472222222222214
58.472222222222214
58.472222222222214
58.472222222222214
58.472222222222214
58.472222222222214
58.472222222222214
58.472222222222214
58.472222222222214
58.472222222222214
58.472222222222214
58.472222222222214
58.472222222222214
58.472222222222214
58.472222222222214
58.472222222222214
47.45874587458746
50.42789223454834
58.472222222222214
58.472222222222214
58.472222222222214
58.472222222222214
58.472222222222214
58.472222222222214
43.45794392523364
58.472222222222214
58.472222222222214
58.472222222222214
58.472222222222214
58.472222222222214
58.472222222222214
58.472222222222214
58.472222222222214
58.472222222222214
58.472222222222214
58.472222222222214
