2571.3333333333335
2545.3333333333335
2452.1666666666665
2317.0
2439.1666666666665
2255.0
2429.0
2633.5
2624.5
2518.6666666666665
2475.6666666666665
2098.8333333333335
2070.0
2101.5
2083.6666666666665
1827.5
1769.1666666666667
1807.3333333333333
1817.6666666666667
1803.0
1702.6666666666667
1685.1666666666667
1740.5
1849.1666666666667
1700.0
1673.3333333333333
1662.8333333333333
1546.0
1794.6666666666667
1755.8333333333333
1700.0
1773.1666666666667
1590.5
1702.8333333333333
1778.6666666666667
1683.6666666666667
1736.8333333333333
1702.3333333333333
1557.5
1530.0
1481.1666666666667
1546.1666666666667
1517.8333333333333
1474.3333333333333
1503.1666666666667
1387.5
1408.0
1421.1666666666667
1421.0
1422.8333333333333
1460.8333333333333
1459.5
1666.8333333333333
1582.1666666666667
1596.6666666666667
1593.8333333333333
1606.8333333333333
1624.8333333333333
1515.3333333333333
1530.0
1617.3333333333333
1608.1666666666667
1618.8333333333333
1562.1666666666667
1520.6666666666667
1532.6666666666667
1481.8333333333333
1481.8333333333333
1487.0
1484.5
1484.5
1484.5
1456.0
1487.0
1443.0
1408.0
1383.1666666666667
1417.3333333333333
1417.3333333333333
1417.3333333333333
1417.3333333333333
1426.5
1425.3333333333333
1416.6666666666667
1416.6666666666667
1416.6666666666667
1418.5
1408.3333333333333
1406.3333333333333
1406.3333333333333
1680.1666666666667
1746.3333333333333
1681.8333333333333
1732.6666666666667
1704.1666666666667
1674.0
1811.6666666666667
1781.3333333333333
1754.1666666666667
1768.6666666666667
1723.6666666666667
1748.5
1748.5
1726.0
1700.3333333333333
1700.3333333333333
1700.3333333333333
1700.3333333333333
1678.6666666666667
1703.1666666666667
1669.3333333333333
1680.3333333333333
1680.3333333333333
1647.3333333333333
1647.3333333333333
1647.3333333333333
1648.6666666666667
1704.5
1639.8333333333333
1639.5
1638.1666666666667
1638.1666666666667
1638.1666666666667
1588.8333333333333
1588.8333333333333
1588.8333333333333
1588.8333333333333
1558.0
1532.8333333333333
1532.8333333333333
1532.8333333333333
1553.5
1489.8333333333333
1474.6666666666667
1451.3333333333333
1373.0
1337.5
1309.0
1330.5
1299.3333333333333
1333.5
1346.0
1303.0
1285.6666666666667
1782.0
2062.3333333333335
1659.5
1843.1666666666667
1853.0
1768.8333333333333
1632.1666666666667
1684.0
1744.6666666666667
1442.8333333333333
1568.1666666666667
1603.6666666666667
1530.0
1506.0
1387.5
1351.8333333333333
1351.8333333333333
1338.6666666666667
1338.6666666666667
1347.8333333333333
1333.3333333333333
1343.1666666666667
1343.1666666666667
1344.0
1334.3333333333333
1329.8333333333333
1315.0
1280.6666666666667
1250.1666666666667
1250.1666666666667
1249.6666666666667
1248.3333333333333
1248.3333333333333
1248.3333333333333
1243.6666666666667
1248.1666666666667
1248.1666666666667
1327.1666666666667
1327.1666666666667
1334.3333333333333
1356.5
1355.5
1387.0
1389.3333333333333
1389.3333333333333
1460.0
1339.0
1369.8333333333333
1361.1666666666667
1361.1666666666667
1361.1666666666667
1361.1666666666667
1361.1666666666667
1361.1666666666667
1363.6666666666667
1363.6666666666667
1363.6666666666667
