60.20979020979021
63.54330708661417
65.73482428115015
65.73482428115015
65.73482428115015
65.73482428115015
65.73482428115015
65.73482428115015
65.73482428115015
65.73482428115015
66.25984251968504
66.25984251968504
66.25984251968504
66.25984251968504
66.25984251968504
66.25984251968504
66.25984251968504
66.25984251968504
66.25984251968504
66.25984251968504
66.25984251968504
66.25984251968504
66.25984251968504
66.25984251968504
67.16666666666667
67.16666666666667
67.16666666666667
67.16666666666667
67.16666666666667
67.16666666666667
67.16666666666667
67.16666666666667
67.16666666666667
67.16666666666667
67.16666666666667
67.16666666666667
67.16666666666667
67.16666666666667
67.16666666666667
67.16666666666667
67.16666666666667
67.16666666666667
67.16666666666667
67.16666666666667
67.16666666666667
67.16666666666667
67.16666666666667
67.16666666666667
67.16666666666667
67.16666666666667
67.16666666666667
67.16666666666667
67.16666666666667
67.16666666666667
67.16666666666667
67.16666666666667
67.16666666666667
67.16666666666667
67.16666666666667
67.16666666666667
67.16666666666667
67.16666666666667
67.16666666666667
67.16666666666667
67.16666666666667
67.16666666666667
67.16666666666667
67.16666666666667
67.16666666666667
67.16666666666667
67.16666666666667
67.16666666666667
67.16666666666667
67.16666666666667
67.16666666666667
67.16666666666667
67.16666666666667
67.16666666666667
67.16666666666667
67.16666666666667
67.16666666666667
67.16666666666667
67.16666666666667
67.16666666666667
67.16666666666667
67.16666666666667
67.16666666666667
67.16666666666667
67.16666666666667
67.16666666666667
67.16666666666667
67.16666666666667
67.16666666666667
67.16666666666667
67.16666666666667
67.16666666666667
67.16666666666667
67.16666666666667
67.16666666666667
67.16666666666667
67.16666666666667
67.16666666666667
67.16666666666667
67.16666666666667
67.16666666666667
67.16666666666667
67.16666666666667
67.16666666666667
67.16666666666667
67.16666666666667
67.16666666666667
67.16666666666667
67.16666666666667
67.16666666666667
67.16666666666667
67.16666666666667
67.16666666666667
67.16666666666667
67.16666666666667
67.16666666666667
67.16666666666667
67.16666666666667
67.16666666666667
67.16666666666667
67.16666666666667
67.16666666666667
67.16666666666667
67.16666666666667
67.16666666666667
67.16666666666667
67.16666666666667
67.16666666666667
67.16666666666667
67.16666666666667
67.16666666666667
67.16666666666667
67.16666666666667
67.16666666666667
67.16666666666667
67.16666666666667
67.16666666666667
67.16666666666667
67.16666666666667
67.16666666666667
67.16666666666667
67.16666666666667
67.16666666666667
67.16666666666667
67.16666666666667
67.16666666666667
67.16666666666667
67.16666666666667
67.16666666666667
67.16666666666667
67.16666666666667
67.16666666666667
67.16666666666667
67.16666666666667
67.16666666666667
67.16666666666667
67.16666666666667
67.16666666666667
67.16666666666667
67.16666666666667
67.16666666666667
67.16666666666667
67.16666666666667
67.16666666666667
67.16666666666667
67.16666666666667
67.16666666666667
67.16666666666667
67.16666666666667
67.16666666666667
67.16666666666667
67.16666666666667
67.16666666666667
67.16666666666667
67.16666666666667
67.16666666666667
67.16666666666667
67.16666666666667
67.16666666666667
67.16666666666667
67.16666666666667
67.16666666666667
67.16666666666667
67.16666666666667
67.16666666666667
67.16666666666667
67.16666666666667
67.16666666666667
67.16666666666667
67.16666666666667
67.16666666666667
67.16666666666667
67.16666666666667
67.16666666666667
67.16666666666667
67.16666666666667
67.16666666666667
