39.087379841365184
42.046184207823515
46.54652528866984
51.130564898615326
54.11951332324026
57.14401637287321
57.53354168630156
57.550622754435814
56.865182333904336
56.52714306543149
53.48468511026841
53.59865567454968
54.7846702507805
54.711877283784695
56.34343089993363
54.062024820488475
54.370825582581126
55.9592411818265
55.543507903352705
55.180367939604054
55.47099943593573
53.92963892429004
52.0657290065842
54.118189882190244
57.285113253739006
55.62545221876446
55.193926371372335
56.047729945871346
56.519004003882586
56.848154982106045
56.56651456075816
56.0942643706396
54.490111885599596
56.337387116890234
56.122038496545336
57.72566776633232
57.51662184079176
57.44044498310826
56.081831528643285
56.77913789330003
56.81798140898264
57.170031558427276
56.21952184980434
57.07156435549105
57.37142723099042
56.540316138355124
56.68410534205744
56.27775186211578
57.35578272458993
56.654170124109804
57.43129486906494
56.82810307649898
56.56670051475957
57.78344844440954
58.49615345634377
59.25254382812716
58.0901374010895
58.49912058277214
57.699832726525464
57.34951773609547
58.507595982787294
58.486105574624595
55.45132744615342
58.25105006576072
58.732475442549436
58.13299238241594
57.439281324939294
58.12284276699162
58.93914322941102
57.50629227202537
56.6481072767245
57.6217763085544
57.97545981852446
58.502828028946276
57.282616391373736
56.80102471558653
58.35107842249931
58.85707362782457
58.10186181159944
56.09540901085921
58.02778769079535
58.2217774315169
58.18199872011748
58.87901835388074
57.1814962123976
57.84542550847105
58.78588183335058
56.40647591860947
57.87965569947682
57.98393944816007
57.81315913564731
57.595267144138816
58.83967180127261
58.34706074597902
57.51605202796129
57.42591568946382
58.027524137729635
57.56090775065624
58.81125759439544
59.00891956982832
57.69381305052571
59.320433249964836
58.721924814434274
60.117118413803404
59.014090910208566
57.89413570544568
59.53905223122009
59.093385516910594
59.57854130746715
58.15916565756559
59.562359361632666
58.60441617945238
60.17742720275145
58.885582761030584
58.91021854567579
60.086471653694566
59.64932534064701
60.11483101829294
58.32885998411056
59.59670330705985
58.58785386313612
59.04929971156889
59.21545149731375
60.65865611875128
60.518832209039765
58.65064510177662
59.899530006904136
58.98517503999146
58.49428523062445
57.526717846359034
59.368449861794325
60.05175769936947
58.619168687589685
56.42794492375611
57.64173116788951
57.69855744192659
56.29430434514321
59.41673319070954
58.01392354413591
58.38302862905086
57.43301219479132
56.38263684566566
58.06065065797438
58.429285774273936
57.4899205002686
57.54009619847185
57.56438236788587
57.43150002370215
57.05389391142714
56.9995064799525
57.7303307999908
56.26318429019898
55.68574672227746
57.69205298589481
57.448839488890826
55.645300802190576
57.397246627254624
58.177720245793964
58.281707338114884
58.80110865449494
58.585670795444074
58.624265723584145
57.74757026433073
58.756282666521656
57.800676188061495
58.36283683166135
58.08139602705345
58.5447926428139
60.52677551884239
58.225464094045414
59.68906320204731
57.855549453711276
58.717677338026206
57.37530689743526
58.644754755221534
59.6945647608203
58.14898892319764
59.02924732503675
57.625305726798466
57.74568157911046
58.29116947233676
58.77794447875469
58.223916205753795
58.80735807173672
58.48552184224889
59.22089359454557
59.818964244002224
60.27685463924823
58.890993679253
59.77570430663396
59.76375232329495
58.06736547679279
59.01124481262502
59.791263236927996
58.605657262247306
57.985259471086366
59.20673748186547
59.272344771560704
59.62723495339385
59.09829954094236
58.590523672866844
