2361720.0
2411640.0
1986490.0
1952790.0
1952790.0
1891145.0
1796335.0
1799505.0
1742360.0
1523665.0
1424130.0
1424130.0
1424130.0
1055125.0
1055125.0
743640.0
565945.0
289690.0
289690.0
219140.0
219140.0
214600.0
214600.0
202520.0
100440.0
49900.0
49900.0
49900.0
49900.0
49900.0
49900.0
49900.0
49900.0
49900.0
49900.0
49900.0
49900.0
49900.0
49900.0
49900.0
29690.0
29690.0
29690.0
29690.0
29690.0
29690.0
29690.0
29690.0
29690.0
29690.0
29690.0
29690.0
29690.0
29690.0
29690.0
29690.0
29690.0
29690.0
29690.0
29690.0
29690.0
29690.0
29690.0
29690.0
29690.0
29690.0
29690.0
29690.0
29690.0
29690.0
29690.0
29690.0
29690.0
29690.0
29690.0
29690.0
29690.0
29690.0
29690.0
29690.0
29690.0
29690.0
29690.0
29690.0
29690.0
29690.0
29690.0
29690.0
26960.0
26960.0
26960.0
26960.0
26960.0
26960.0
26960.0
26960.0
26960.0
26960.0
26960.0
26960.0
26960.0
26960.0
26960.0
26960.0
26960.0
26960.0
26960.0
26960.0
26760.0
26760.0
26760.0
26760.0
26760.0
26760.0
26760.0
26760.0
26760.0
26760.0
26760.0
26760.0
26760.0
26760.0
26760.0
26760.0
26320.0
26320.0
26320.0
26320.0
26320.0
26320.0
26320.0
26320.0
26320.0
26320.0
26320.0
26320.0
26320.0
26320.0
26320.0
26320.0
26320.0
26320.0
26320.0
26320.0
26320.0
26320.0
26320.0
26320.0
26320.0
26320.0
26320.0
26320.0
26320.0
26320.0
21820.0
21820.0
21820.0
21820.0
21820.0
21820.0
21820.0
21820.0
21820.0
21820.0
21820.0
21820.0
21820.0
21820.0
21820.0
21820.0
21820.0
21820.0
21820.0
21820.0
21820.0
21820.0
21820.0
21820.0
21820.0
20920.0
20920.0
20920.0
20920.0
20920.0
20920.0
20920.0
20920.0
20920.0
20920.0
20920.0
20920.0
20920.0
20920.0
20920.0
20920.0
20920.0
20920.0
20920.0
20920.0
20920.0
20920.0
20920.0
20920.0
20920.0
20920.0
20920.0
20920.0
20920.0
20920.0
20920.0
20920.0
20920.0
20920.0
20920.0
20920.0
20920.0
20920.0
20920.0
20920.0
20920.0
20920.0
20710.0
20710.0
20710.0
20710.0
20710.0
20710.0
20710.0
20710.0
20710.0
20710.0
20710.0
20710.0
20710.0
20710.0
20710.0
20710.0
20710.0
20710.0
20710.0
20710.0
20710.0
20710.0
20710.0
20710.0
20710.0
20710.0
20710.0
20710.0
20710.0
20710.0
20710.0
20710.0
20710.0
20710.0
20710.0
20710.0
20710.0
20710.0
20710.0
20710.0
20710.0
20710.0
20710.0
20710.0
20710.0
20710.0
20710.0
20710.0
20710.0
20710.0
20710.0
20710.0
20710.0
20710.0
20710.0
20710.0
20710.0
20710.0
20710.0
20710.0
20710.0
20710.0
20710.0
20710.0
20710.0
20710.0
20710.0
20710.0
20710.0
20710.0
20710.0
20710.0
20710.0
20710.0
20710.0
20710.0
20710.0
20710.0
20710.0
20710.0
20710.0
20710.0
20710.0
20710.0
20710.0
20710.0
20710.0
20710.0
20710.0
20710.0
20710.0
20710.0
20710.0
20710.0
20710.0
20710.0
20710.0
20710.0
20710.0
20710.0
20710.0
20710.0
20710.0
20710.0
20710.0
20710.0
20710.0
20710.0
20710.0
20710.0
20710.0
20710.0
20710.0
20710.0
20710.0
20710.0
15520.0
15520.0
15520.0
15520.0
15520.0
15520.0
15520.0
15520.0
15520.0
15520.0
15520.0
15520.0
15520.0
15520.0
15520.0
15520.0
15520.0
15520.0
15520.0
15520.0
15520.0
15520.0
15520.0
15520.0
15520.0
15520.0
15520.0
15520.0
15520.0
15520.0
15520.0
15520.0
15520.0
15520.0
15520.0
15520.0
15520.0
15520.0
15520.0
15520.0
15520.0
15520.0
15520.0
15520.0
15520.0
15520.0
15520.0
15520.0
15520.0
15520.0
15520.0
15520.0
15520.0
15520.0
15520.0
15520.0
15520.0
15520.0
15520.0
15520.0
15520.0
15520.0
15520.0
15520.0
15520.0
15520.0
15520.0
15520.0
15520.0
15520.0
15520.0
15520.0
15520.0
15520.0
15520.0
15520.0
15520.0
15520.0
15520.0
15520.0
15520.0
15520.0
15520.0
15520.0
15520.0
15520.0
15520.0
15520.0
15520.0
15520.0
15520.0
15520.0
15520.0
15520.0
15520.0
15520.0
15520.0
15520.0
15520.0
15520.0
15520.0
15520.0
15520.0
15520.0
15520.0
15520.0
15520.0
15520.0
15520.0
15520.0
15520.0
15520.0
15520.0
15520.0
15520.0
15520.0
15520.0
15520.0
15520.0
15520.0
15520.0
15520.0
15520.0
15520.0
15520.0
15520.0
15520.0
15520.0
15520.0
15520.0
15520.0
15520.0
15520.0
15520.0
15520.0
15520.0
15520.0
15520.0
15520.0
15520.0
15520.0
15520.0
15520.0
15520.0
15520.0
15520.0
15520.0
15520.0
15520.0
15520.0
15520.0
15520.0
15520.0
15520.0
15520.0
15520.0
15520.0
15520.0
15520.0
15520.0
15520.0
15520.0
15520.0
