49.59665885592955
51.275859150728856
51.29375752072734
51.9064989324351
54.49695527941763
56.63567572542492
57.3246057204718
59.15594108136148
59.299821129432395
59.89282465134437
59.35344242874677
61.41213866073558
61.06661243463086
62.611698296645066
62.7391936705906
62.33905599287243
59.75909901571134
60.63448263552946
60.72957248757183
61.00229504463418
61.3073779984811
61.221124465237665
61.60686378505524
62.20081823541274
62.36145206531103
62.18609845987312
62.49694757518216
62.62177718739449
62.54693895757454
62.86848530121132
63.01371958037273
63.351675404844705
63.372361987231194
63.34457328969378
63.733477953477106
63.845287084840265
63.79094290120113
63.83462232885698
63.834482852746454
63.94441206123101
63.85514345438821
63.786242422142585
63.61142691711292
63.61756266625768
63.65197580938148
63.68919164427132
63.64171836713814
63.52751622861761
63.552585967900065
63.52417085009682
63.51404589632834
63.529004791286866
63.54640344413035
63.5694404774185
63.79241188954741
63.803727035138934
63.776858738591066
63.80176771408179
63.81496526110656
63.77355043384726
63.778001733451994
63.654674840441444
63.723409486550224
63.72224336452799
63.70971861542266
63.71017372015689
63.6666027122014
64.03786491426602
63.91228595452468
63.86848353214432
63.80278582229026
63.91176680442091
63.892330677496965
63.8433335625529
64.0007884329934
64.01123753919893
64.14281937563501
64.11925796306406
64.14040577107623
64.09980504147846
64.09980504147846
64.1204209404925
64.24990564491188
64.3186491931585
64.29505150072764
65.2504078089762
65.343694000344
65.27019831300757
65.38969228031046
65.40978176881787
65.31315030469527
65.2293183584117
65.35546992385011
65.40503689403486
65.32966064254369
65.37704472042418
65.34147360715615
65.35431971912601
65.26425947664592
65.35548023848905
65.3293510644705
65.28907630253352
65.242785749163
65.24822095827518
65.28287278031394
65.4063416561356
65.47009140242191
65.46868201228239
65.50185998848262
65.5017401348678
65.54444264505773
65.52502284983588
65.48095872254405
65.51259707911626
65.70616726080644
65.72561752570923
65.73985889079894
65.7891118221895
65.78240110582935
65.7486132894872
65.7627854446662
65.86358943572701
65.85500627437455
65.83261711278192
65.85114413789601
65.85835326041436
65.85835326041436
65.86322583096482
65.85417058017737
65.84664381003185
65.84664381003185
65.84664381003185
65.84664381003185
65.90458888755104
65.90458888755104
65.90458888755104
65.93427431746649
65.87544930109614
65.87544930109614
65.89959575451478
65.89959575451478
65.89714613070892
65.89782993036324
65.90849763189016
65.91802506055328
65.89775518850946
65.89531595113185
65.89536215282932
65.90902005428646
65.9155846296224
65.9155846296224
65.91777722544015
65.91777722544015
65.91777722544015
65.91779210459923
65.9182390707078
65.92261318333175
65.95531705340328
65.9485885292307
65.95183283159786
65.9528239700168
65.94582973301934
66.10656883297891
66.10656883297891
66.11662708215204
66.10794138561339
66.10794138561339
66.10794138561339
66.10794138561339
66.08475152638104
66.08948773698083
66.1733408237231
66.17677013596249
66.15692280948534
66.21551323971453
66.2886894744278
66.3033483862512
66.29962994008227
66.24572577264428
66.25659664571916
66.25659664571916
66.28724614371936
66.2275087630918
66.20242809703947
66.20242809703947
66.20242809703947
66.20301346390947
66.21626419502282
66.21626419502282
66.21626419502282
66.21626419502282
66.22065801529929
66.25356800747105
66.25356800747105
66.25827508471586
66.252619663465
66.26834083017626
66.30832623272592
66.35677486862113
66.35677486862113
66.36573493149731
66.36020130431679
66.34561245228444
66.34852534116348
66.34852534116348
66.34852534116348
66.40882534969481
66.4171108193876
66.37138614232424
66.36282681385822
66.36282681385822
66.35835144015803
66.42692582463192
66.43209211875117
66.41638785914448
66.41638785914448
66.41638785914448
66.41638785914448
66.4014878498646
66.40010967368964
66.40010967368964
66.33739597669843
66.37152183598825
66.39675864121983
66.39675864121983
66.48094320978873
66.48094320978873
66.48094320978873
66.46672083598246
66.46393430317441
66.46393430317441
66.46393430317441
66.46393430317441
66.42905623667455
66.42905623667455
66.42905623667455
66.42905623667455
66.42905623667455
66.42674064614405
66.52372831592602
66.52372831592602
66.52372831592602
66.52372831592602
66.53926152304338
66.53926152304338
66.70174007255719
66.690742939692
66.690742939692
66.69676863441869
66.74994642437996
66.74874793933886
66.74874793933886
66.72496518704334
66.73069149751565
66.73069149751565
66.74318156400952
66.73087611580226
66.73087611580226
66.75077417373139
66.78411543692768
66.7907638339919
66.7907638339919
66.7881244710795
66.78429971323123
66.78429971323123
66.78492654039201
66.78298640833474
66.78989198285123
66.78989198285123
66.78989198285123
66.78989198285123
66.83837867687186
66.94407864030221
66.94188775081372
66.93556058499904
66.92188931374525
66.9177482443482
66.94138118199815
66.95728130774724
66.97739609548753
66.97739609548753
67.00066166097527
66.99043811776701
66.99360921448348
67.00863704498667
67.00863704498667
67.10374421117868
67.10598636024581
67.49821737622712
67.43953349224633
67.44503776575068
67.45129568398958
67.45721431001488
67.45721431001488
67.93012823815295
67.91380954923628
67.9707863099976
68.01827225334134
68.01827225334134
67.99117591400454
67.9224989926927
68.01135762544145
68.43639516057124
68.37134847327614
68.37451685121691
68.48744703447665
68.45705996826267
68.45859236961506
68.45859236961506
68.60936912321597
68.5401651725499
68.5158672349641
68.52027964300419
68.55531296447586
68.60051719056571
68.60051719056571
68.60051719056571
68.63951144685336
68.64740908802668
68.65060022763095
68.66872260733237
68.6694781313855
68.72860556354117
68.69312005061393
68.69657788386544
68.70040229079322
68.70937432065145
68.70696066664478
68.70696066664478
68.70548479766033
68.72362038915884
68.69213979830374
68.76224211386833
68.73074354536148
68.74953410818347
68.81252650390331
68.78284788689436
68.75076021983429
68.70647455065233
68.75808241521045
68.79656786855466
68.75006111667201
68.7764585340122
68.77295444364741
68.77295444364741
68.72787185389711
68.7267226624773
68.86984055706537
68.86984055706537
68.86984055706537
69.06699895385933
69.03995766888777
68.99264598876184
68.97179425476494
68.94782135534639
68.94416257078714
68.98935735409579
69.17395728030243
69.13345284890549
69.08799834242537
69.05691042793991
69.12066984043044
69.08909797522813
69.08909797522813
69.23309896649702
69.16740577587589
69.16601165930537
69.27460066611542
69.23378894999487
69.23072208408057
69.51916839066901
69.50312554697786
69.52597088246688
69.70185161593693
69.64738607855858
69.63525631620226
69.63161681975575
69.77192800104088
69.77192800104088
69.80154356033202
69.80479042685008
69.88542574951167
69.90697937667007
69.89797686891316
70.25690475627123
70.22707406240144
70.351550885094
70.26816664483499
70.25139902554993
70.34206630615611
70.27875841746955
70.27836310038442
70.27681037871406
70.60114364338976
70.61139640450713
70.64104929472812
70.61447914773335
70.61447914773335
70.61447914773335
70.57391452236797
70.5795493245279
70.58770144028233
70.64642437955807
70.64642437955807
70.72379954626223
70.74911646390099
70.69951357238055
70.7150517940749
70.71635369163518
70.70138762031749
70.62842507604567
70.64922571332154
70.79911038540978
70.82889640664152
70.80572836961927
70.78488251494055
70.75780127120935
70.78792375677196
70.78792375677196
70.84351314398124
70.84840281298825
70.80377148414678
70.80636973836458
70.84777000929824
70.78735640338607
70.78185439386417
70.82285387554734
70.8286321880064
70.82932511168434
70.80855903405703
70.79768531261547
70.72095461110449
70.71157049665386
70.71560139439481
70.83956108260081
70.83956108260081
70.83956108260081
70.74482826547053
70.7973710917235
70.79068436487628
70.79068436487628
70.79073038007826
70.79073038007826
70.8440163387047
70.8660113338934
70.8660113338934
70.8660113338934
70.8660113338934
70.8660113338934
70.90333202912515
70.87814836482771
70.88620169965546
70.88620169965546
70.88620169965546
70.88620169965546
70.88620169965546
70.88881941708563
70.98590457601686
70.98590457601686
70.96264118889994
70.94585567701847
70.94585567701847
70.95381346103092
71.071770703619
71.0257352852565
71.03606496902007
71.04742680205075
71.03206775236482
71.01895950703003
70.99369244604011
71.0304636111143
70.98781559406366
70.9880303860734
70.98824517808313
70.98824517808313
70.98248567318974
71.03318740413062
71.01400919953468
71.03197017943876
71.01878756169619
71.00465305416654
71.01586004938122
71.01586004938122
71.01586004938122
71.01586004938122
71.00753147133597
70.98431330964311
70.99468897324573
71.04165058102062
70.99641468841374
70.99419517097978
70.99419517097978
70.99419517097978
71.07419863314206
71.07419863314206
71.07419863314206
71.03875795153542
71.03913383755244
71.04467548063839
71.04318961448166
