28.89927127409497
37.39856429463171
37.63861709067188
39.84018264840182
40.973333333333336
41.42815420560748
39.180384087791495
41.958161865569274
41.958161865569274
45.43485793485794
41.40383426097712
41.40383426097712
41.40383426097712
41.40383426097712
41.40383426097712
41.40383426097712
41.40383426097712
41.40383426097712
41.40383426097712
41.40383426097712
42.88441145281018
48.13750641354541
48.13750641354541
46.430834213305175
46.430834213305175
46.430834213305175
46.09595484477893
46.09595484477893
49.92608236536431
49.92608236536431
49.92608236536431
49.92608236536431
49.92608236536431
49.92608236536431
51.193241816261875
51.193241816261875
51.193241816261875
51.193241816261875
51.193241816261875
51.193241816261875
47.37394957983192
47.37394957983192
47.37394957983192
47.37394957983192
47.37394957983192
47.37394957983192
47.37394957983192
47.37394957983192
47.37394957983192
47.11721224920803
47.11721224920803
47.11721224920803
47.11721224920803
47.11721224920803
47.11721224920803
47.11721224920803
47.11721224920803
47.11721224920803
47.11721224920803
47.11721224920803
47.11721224920803
47.11721224920803
47.11721224920803
47.11721224920803
47.11721224920803
47.11721224920803
47.11721224920803
46.97478991596639
46.97478991596639
50.204081632653065
50.204081632653065
53.6734693877551
47.18978102189781
47.18978102189781
47.18978102189781
47.18978102189781
47.18978102189781
47.18978102189781
47.18978102189781
47.18978102189781
47.18978102189781
47.18978102189781
47.18978102189781
46.36460554371002
46.36460554371002
46.36460554371002
46.36460554371002
46.36460554371002
46.36460554371002
46.36460554371002
46.36460554371002
46.36460554371002
46.36460554371002
42.64392324093817
41.279317697228144
41.279317697228144
41.279317697228144
41.279317697228144
41.279317697228144
41.279317697228144
41.279317697228144
53.6734693877551
53.6734693877551
53.6734693877551
53.6734693877551
53.6734693877551
53.6734693877551
53.6734693877551
53.6734693877551
53.6734693877551
44.349680170575695
44.349680170575695
54.96998799519808
54.96998799519808
54.96998799519808
54.96998799519808
54.96998799519808
54.96998799519808
54.96998799519808
54.96998799519808
54.96998799519808
54.96998799519808
54.96998799519808
54.96998799519808
54.96998799519808
54.96998799519808
54.96998799519808
54.96998799519808
54.96998799519808
54.96998799519808
54.96998799519808
54.96998799519808
54.96998799519808
54.96998799519808
54.96998799519808
54.96998799519808
54.96998799519808
54.96998799519808
54.96998799519808
54.96998799519808
54.96998799519808
54.96998799519808
54.96998799519808
54.96998799519808
54.96998799519808
50.78031212484994
50.78031212484994
50.78031212484994
50.78031212484994
50.78031212484994
50.78031212484994
50.78031212484994
50.78031212484994
50.78031212484994
50.78031212484994
50.78031212484994
50.78031212484994
50.78031212484994
50.78031212484994
50.78031212484994
50.78031212484994
50.78031212484994
50.78031212484994
50.78031212484994
50.78031212484994
50.78031212484994
50.78031212484994
50.78031212484994
50.78031212484994
54.96998799519808
54.96998799519808
44.18379685610641
44.18379685610641
44.18379685610641
44.18379685610641
44.18379685610641
44.18379685610641
44.18379685610641
44.18379685610641
44.18379685610641
44.18379685610641
44.18379685610641
44.18379685610641
44.18379685610641
44.18379685610641
44.18379685610641
44.18379685610641
53.913565426170464
53.913565426170464
53.913565426170464
53.913565426170464
53.913565426170464
53.913565426170464
53.913565426170464
53.913565426170464
53.913565426170464
53.913565426170464
53.913565426170464
53.913565426170464
53.913565426170464
