11680.0
11680.0
7780.0
6040.0
6040.0
6040.0
6040.0
5980.0
5980.0
5720.0
5720.0
5720.0
5720.0
5720.0
5720.0
5720.0
5720.0
5720.0
5720.0
5720.0
4820.0
4820.0
4820.0
4820.0
4820.0
4820.0
4820.0
4820.0
4820.0
4820.0
4820.0
4820.0
4820.0
4820.0
4820.0
4820.0
4820.0
4820.0
4820.0
4820.0
4820.0
4820.0
4820.0
4820.0
4820.0
4820.0
4820.0
4820.0
4820.0
4820.0
4820.0
4820.0
4820.0
4820.0
4820.0
4820.0
4820.0
4820.0
4820.0
4820.0
4820.0
4820.0
4820.0
4820.0
4820.0
4820.0
4820.0
4820.0
4820.0
4720.0
4720.0
4720.0
4720.0
4720.0
4720.0
4720.0
4720.0
4720.0
4720.0
4720.0
4720.0
4720.0
4720.0
4720.0
4720.0
4720.0
4720.0
4720.0
4720.0
4720.0
4720.0
4720.0
4720.0
4720.0
4720.0
4720.0
4720.0
4720.0
4720.0
4720.0
4720.0
4720.0
4720.0
4720.0
4720.0
4720.0
4720.0
4720.0
4720.0
4720.0
4720.0
4720.0
4720.0
4720.0
4720.0
4720.0
4720.0
4720.0
4720.0
4720.0
4720.0
4720.0
4720.0
4720.0
4720.0
4720.0
4720.0
4720.0
4720.0
4720.0
4720.0
4720.0
4720.0
4720.0
4720.0
4720.0
4720.0
4720.0
4720.0
4720.0
4720.0
4720.0
4720.0
4720.0
4720.0
4720.0
4720.0
4720.0
4720.0
4720.0
4720.0
4720.0
4720.0
4720.0
4720.0
4720.0
4720.0
4720.0
4720.0
4720.0
4720.0
4720.0
4720.0
4720.0
4720.0
4720.0
4720.0
4720.0
4720.0
4720.0
4720.0
4720.0
4720.0
4720.0
4720.0
4720.0
4720.0
4720.0
4720.0
4720.0
4720.0
4720.0
4720.0
4720.0
4720.0
4720.0
4720.0
4720.0
4720.0
4720.0
4720.0
4720.0
4720.0
4720.0
4720.0
4720.0
4720.0
4720.0
4720.0
4720.0
