100680.0
86260.0
69990.0
88500.0
52740.0
63640.0
63640.0
63640.0
57020.0
57020.0
58880.0
58880.0
54440.0
54440.0
54440.0
52430.0
52430.0
52430.0
52430.0
52430.0
52430.0
52430.0
60580.0
60580.0
60580.0
60580.0
60580.0
60580.0
60580.0
52730.0
52730.0
52730.0
52730.0
43920.0
39280.0
39160.0
39160.0
45620.0
45620.0
45620.0
45620.0
45620.0
45620.0
45620.0
45620.0
45620.0
45620.0
45620.0
45620.0
45620.0
45620.0
45620.0
45620.0
45620.0
45620.0
59980.0
59980.0
59980.0
59980.0
59980.0
59980.0
59980.0
59980.0
59980.0
59980.0
59980.0
59980.0
59980.0
59980.0
59980.0
59980.0
59980.0
44800.0
44800.0
44800.0
44800.0
44800.0
44800.0
44800.0
44800.0
44800.0
44800.0
44800.0
44800.0
44800.0
44800.0
44800.0
44800.0
44800.0
44800.0
44800.0
44800.0
44800.0
44800.0
44800.0
44800.0
44800.0
44800.0
44800.0
44800.0
44800.0
44800.0
44800.0
44800.0
44800.0
44800.0
44800.0
44800.0
44800.0
44800.0
44800.0
44800.0
44800.0
44800.0
44800.0
44800.0
52040.0
52940.0
52940.0
52940.0
52940.0
52940.0
52940.0
52940.0
52940.0
52940.0
52940.0
52940.0
52940.0
52940.0
52940.0
52940.0
52940.0
52940.0
52940.0
52940.0
52940.0
45000.0
45000.0
45000.0
45000.0
45000.0
45000.0
45000.0
45000.0
45000.0
45000.0
45000.0
45000.0
45000.0
45000.0
45620.0
45620.0
45620.0
45620.0
45620.0
45620.0
45620.0
45620.0
45620.0
45620.0
45620.0
45620.0
45620.0
45620.0
45620.0
45620.0
45620.0
45620.0
45620.0
45620.0
45620.0
45620.0
45620.0
45620.0
45620.0
45620.0
45620.0
45620.0
45620.0
45620.0
45620.0
45620.0
45620.0
45620.0
45620.0
45620.0
45620.0
45620.0
45620.0
45620.0
45620.0
45620.0
45620.0
45620.0
45620.0
45620.0
45620.0
45620.0
45620.0
