54.41176470588235
57.41778319123021
58.044806517311606
58.45701125895599
62.03801478352693
63.55578727841501
65.07510729613733
65.07510729613733
65.07510729613733
65.07510729613733
65.07510729613733
65.07510729613733
66.1773428232503
66.1773428232503
66.1773428232503
66.1773428232503
66.1773428232503
66.1773428232503
66.1773428232503
66.1773428232503
66.1773428232503
66.1773428232503
66.48873072360617
66.48873072360617
66.48873072360617
66.48873072360617
66.48873072360617
66.48873072360617
66.48873072360617
66.71146953405018
66.71146953405018
66.71146953405018
66.71146953405018
66.71146953405018
67.34088457389429
67.34088457389429
67.34088457389429
67.58360302049621
67.58360302049621
67.58360302049621
67.58360302049621
67.58360302049621
67.58360302049621
67.58360302049621
67.58360302049621
67.58360302049621
67.58360302049621
67.58360302049621
67.58360302049621
67.58360302049621
67.58360302049621
67.58360302049621
67.58360302049621
67.58360302049621
67.58360302049621
68.26716738197425
68.26716738197425
68.26716738197425
68.26716738197425
68.26716738197425
68.26716738197425
68.26716738197425
68.26716738197425
68.26716738197425
68.26716738197425
68.26716738197425
68.26716738197425
68.26716738197425
68.26716738197425
68.26716738197425
68.26716738197425
68.26716738197425
68.26716738197425
68.26716738197425
68.26716738197425
68.26716738197425
68.26716738197425
68.26716738197425
68.26716738197425
68.26716738197425
68.26716738197425
68.26716738197425
68.26716738197425
68.26716738197425
68.26716738197425
68.26716738197425
68.26716738197425
68.26716738197425
68.26716738197425
68.26716738197425
68.26716738197425
68.26716738197425
68.26716738197425
68.26716738197425
68.26716738197425
68.26716738197425
68.26716738197425
68.26716738197425
68.26716738197425
68.26716738197425
68.26716738197425
68.26716738197425
68.26716738197425
68.26716738197425
68.26716738197425
68.26716738197425
68.26716738197425
68.26716738197425
68.26716738197425
68.26716738197425
68.26716738197425
68.26716738197425
68.26716738197425
68.26716738197425
68.26716738197425
68.26716738197425
68.26716738197425
68.6353829557713
68.6353829557713
68.6353829557713
68.6353829557713
68.6353829557713
68.6353829557713
68.6353829557713
68.6353829557713
68.6353829557713
68.6353829557713
68.6353829557713
68.6353829557713
68.6353829557713
68.6353829557713
68.6353829557713
68.6353829557713
68.6353829557713
68.6353829557713
68.6353829557713
68.6353829557713
68.6353829557713
68.6353829557713
68.6353829557713
68.6353829557713
68.6353829557713
68.6353829557713
68.6353829557713
68.6353829557713
68.6353829557713
68.6353829557713
68.6353829557713
68.6353829557713
68.6353829557713
68.6353829557713
68.6353829557713
68.6353829557713
68.6353829557713
68.6353829557713
68.6353829557713
68.6353829557713
68.6353829557713
68.6353829557713
68.6353829557713
68.6353829557713
68.6353829557713
68.6353829557713
68.6353829557713
68.6353829557713
68.6353829557713
68.6353829557713
68.6353829557713
68.6353829557713
68.6353829557713
68.6353829557713
68.6353829557713
68.6353829557713
68.6353829557713
68.6353829557713
68.6353829557713
68.6353829557713
68.6353829557713
68.6353829557713
68.6353829557713
68.6353829557713
68.6353829557713
68.6353829557713
68.6353829557713
68.6353829557713
68.6353829557713
68.6353829557713
68.6353829557713
68.6353829557713
68.6353829557713
68.6353829557713
68.6353829557713
68.6353829557713
68.6353829557713
68.6353829557713
68.6353829557713
68.6353829557713
68.6353829557713
68.6353829557713
68.6353829557713
