46.3434931360468
50.32290143664606
50.71879430730454
53.201234227457206
53.05398131838864
55.52208642967377
55.084430920453705
55.4758885277133
55.61968657225263
56.18612646184919
56.26128168184923
56.53717855750987
56.87653375013149
56.69774567332323
56.9407022955647
57.38299878077147
57.18769102513623
57.80779291885965
57.948057449532286
58.589764537976244
58.78488058718698
58.50352022273998
58.84578872525555
58.92473873035804
58.92367194657048
59.25052731411393
59.20288370739357
59.32834363162156
59.46248895886504
59.55883710676123
59.18353890127989
59.85172747536847
59.73581013797275
59.82439371762335
60.4004540482751
60.54421745005964
60.49704070925323
60.551777387795795
60.81717981215517
60.812845019079454
60.97211920263316
60.858738729426584
60.975485940568305
60.87696865873953
60.69843141514575
60.729716566805934
60.88005306720182
60.842714680121375
60.81423238582693
60.809953430316526
61.08110511115196
61.03429196784238
60.97249957718655
61.22619221459342
61.098368105954364
60.920764337776816
60.88692776276675
61.115745110651794
61.136629703006
60.98858413494913
61.3334107093381
61.30044048145122
61.41542426709239
61.28921344637097
61.28819615267259
61.414592417644045
61.43568239435474
61.608825789600715
61.594629534874095
61.38325691215349
61.349856397156415
61.28101736156621
61.421356978154385
60.861123861432
61.082335532046066
61.067533942969135
61.067079086934626
61.0788204769581
61.07509269781845
61.114189452755106
61.24759014482394
61.29803920033636
61.34481021254873
61.51075977829277
61.51075977829277
61.3634775161464
61.37460995739486
61.438269925244875
61.438269925244875
61.438269925244875
61.27620067418433
61.32706762393663
61.40345706774966
61.3414456960368
61.26705016813378
61.13572677141634
61.461243784626205
61.11721562861601
61.20153630700109
61.162854983284845
61.02889277622551
61.762203691697145
61.723658494830424
61.50524249541575
61.54400296307543
61.55367556884749
61.55490332948636
61.55161411143456
61.78225138228757
61.504356747964266
61.34896026101127
61.3133074903018
61.462758147190115
61.64299547412957
61.78282296539383
61.175648770274265
61.45026804954363
61.748664065507405
61.84901782373418
61.79384938735197
61.82800520875891
61.881454447307604
61.61209862605129
61.71809384789549
61.81425349167043
61.81425349167043
61.780721972492564
61.69162239025755
61.61262340701056
61.90698773865811
61.948063629339195
61.86636087000479
62.121115758188424
61.89458511265935
61.850690900609806
62.15821321176947
61.91621485228135
61.57431813614046
61.6451281576013
61.46723027182643
61.82911762477761
61.80484094592411
62.18314855035998
62.09940958676021
62.16448959286408
61.78489370004325
61.935419365468455
61.854562341621055
61.988249080390936
61.864151526423704
61.798820209070406
61.85832709766283
61.77578134075741
61.73225282071696
61.76422654013823
61.722333906508545
61.80610087341731
61.79370479578644
61.87238513811549
61.8751838852681
61.77294078663136
61.698947879567065
61.90490357754623
61.86620603201971
61.6892497143311
61.74728118601973
61.75777089065285
61.700264122512664
61.748084360884505
61.79430962956542
61.90038769074673
61.720617838428545
61.67700018158452
61.602738353053745
61.777156844710625
61.63521360796278
61.745274617170004
61.60287686437898
61.697014904535095
61.75180379787243
61.722242178129385
61.598563347013865
61.835080330066425
61.61067298900885
61.75786491248145
61.48900403281704
61.66353821844767
61.85646434597433
61.88622734299416
61.88622734299416
61.7688043778145
61.788796460158125
61.788796460158125
62.13494014889455
62.27910510638506
62.17741343496595
61.932721395564435
61.784330287783504
61.672873536670416
61.69189295968248
