55.09953076875375
55.10408458103494
64.24929386302777
64.24929386302777
64.24929386302777
64.24929386302777
64.24929386302777
64.24929386302777
64.24929386302777
64.64546421627966
64.64546421627966
64.43637430761895
64.43637430761895
63.71816260705149
63.71816260705149
63.61347813979393
63.61347813979393
63.61347813979393
63.8150932887775
63.8150932887775
62.95293790030631
62.95293790030631
65.20607888356692
66.39528984224746
66.39528984224746
65.33182929122015
65.33182929122015
65.26602744876855
65.26602744876855
65.26602744876855
65.53746004888136
65.53746004888136
65.0482618477393
65.0482618477393
65.0482618477393
68.99146451033243
68.99146451033243
70.08635051441507
70.08635051441507
70.08635051441507
70.17597590699692
70.17597590699692
70.17597590699692
70.17597590699692
68.62912929676355
68.62912929676355
71.01055344997002
71.01055344997002
71.01055344997002
71.01055344997002
71.01055344997002
71.01055344997002
71.01055344997002
71.01055344997002
72.01740617383204
72.01740617383204
72.01740617383204
72.01740617383204
72.01740617383204
72.01740617383204
72.234345290507
72.234345290507
72.234345290507
72.42831438306342
