384682.0
368252.0
247566.0
228906.0
206486.0
194508.0
275450.0
233478.0
198774.0
199174.0
222824.0
209938.0
177400.0
164266.0
227250.0
158576.0
166932.0
166932.0
199282.0
213452.0
177600.0
168880.0
258354.0
168992.0
210462.0
195524.0
227154.0
210160.0
197156.0
197156.0
195556.0
209154.0
193278.0
214556.0
191004.0
236742.0
197374.0
201160.0
191004.0
226910.0
192404.0
212246.0
208040.0
206260.0
184228.0
257500.0
184228.0
219614.0
226712.0
184628.0
220472.0
184228.0
184228.0
216338.0
203118.0
222408.0
184228.0
234496.0
195046.0
180198.0
180198.0
102404.0
149986.0
108174.0
