60.4207740973047
62.332636146361466
66.02665865100467
67.5247571979789
67.72043654184434
68.31213032432433
68.02072948414111
66.6529590674328
66.78012485983466
66.93136043940345
67.46614936470911
66.30435490590207
66.36290781263567
66.3762463724049
65.49368806419203
65.37415495286407
65.58637512609262
64.9047987267258
67.98953043318416
68.05099102609812
66.01406789675029
66.19686260902944
68.56974448029392
69.06111012900992
69.52315846592491
69.16376947448973
69.73122715381163
66.61576738741346
68.82638458998281
68.69967131050326
69.86484380325142
69.89111309262334
69.20592090936601
69.05673043416617
69.73239277409068
70.9767649334526
70.04650666175654
70.78504076696892
70.78504076696892
71.03088313862474
71.39818096772501
71.75574520731101
71.80050397661981
71.81762574362648
72.04432464770794
72.06440201904137
72.89448849121504
72.92539144346374
72.62531874535439
73.13168872395617
73.24594986743725
72.02329340717358
72.02648368830116
72.53285366690294
73.59000102347628
72.86940578101773
72.89884448644908
72.13516099555747
72.0468448792634
72.08300139870923
72.234345290507
72.25922948330206
72.35876625448235
72.43214272041652
