11800.0
11800.0
9500.0
4920.0
4920.0
4920.0
4920.0
4920.0
4920.0
4920.0
4920.0
4920.0
4920.0
4920.0
4920.0
4920.0
4920.0
4920.0
4920.0
4820.0
4820.0
4820.0
4820.0
4820.0
4820.0
4820.0
4720.0
4520.0
4520.0
4520.0
4520.0
4520.0
4520.0
4520.0
4520.0
4520.0
4520.0
4520.0
4520.0
4520.0
4520.0
4520.0
4520.0
4520.0
4520.0
4520.0
4520.0
4520.0
4520.0
4520.0
4520.0
4520.0
4520.0
4520.0
4520.0
4520.0
4520.0
4520.0
4520.0
4520.0
4520.0
4520.0
4520.0
4520.0
4520.0
4520.0
4520.0
4520.0
4520.0
4520.0
4520.0
4520.0
4520.0
4520.0
4520.0
4520.0
4520.0
4520.0
4520.0
4520.0
4520.0
4520.0
4520.0
4520.0
4520.0
4520.0
4520.0
4520.0
4520.0
4520.0
4520.0
4520.0
4520.0
4520.0
4520.0
4520.0
4520.0
4520.0
4520.0
4520.0
4520.0
4520.0
4520.0
4520.0
4520.0
4520.0
4520.0
4520.0
4520.0
4520.0
4520.0
4520.0
4520.0
4520.0
4520.0
4520.0
4520.0
4520.0
4520.0
4520.0
4520.0
4520.0
4520.0
4520.0
4520.0
4520.0
4520.0
4520.0
4520.0
4520.0
4520.0
4520.0
4520.0
4520.0
4520.0
4520.0
4520.0
4520.0
4520.0
4520.0
4520.0
4520.0
4520.0
4520.0
4520.0
4520.0
4520.0
4520.0
4520.0
4520.0
4520.0
4520.0
4520.0
4520.0
4520.0
4520.0
4520.0
4520.0
4520.0
4520.0
4520.0
4520.0
4520.0
4520.0
4520.0
4520.0
4520.0
4520.0
4520.0
4520.0
4520.0
4520.0
4520.0
4520.0
4520.0
4520.0
4520.0
4520.0
4520.0
4520.0
4520.0
4520.0
4520.0
4520.0
4520.0
4520.0
4520.0
4520.0
4520.0
4520.0
4520.0
4520.0
4520.0
4520.0
4520.0
4520.0
4520.0
4520.0
4520.0
4520.0
