305885.54285714286
285351.34285714285
253281.07142857142
238090.0285714286
232343.95714285714
234022.07142857142
207518.35714285713
198726.9714285714
196395.54285714286
175631.2857142857
173101.3142857143
172440.82857142857
162567.54285714286
164778.67142857143
160085.37142857144
147912.65714285715
163933.88571428572
157729.82857142857
145022.0
143710.0
142018.6857142857
140498.94285714286
131676.42857142858
136051.25714285715
144823.54285714286
131103.88571428572
127691.82857142857
124609.45714285714
123663.91428571429
122903.88571428572
117712.14285714286
121470.74285714286
114028.37142857142
115566.62857142858
104776.42857142857
120125.97142857143
118980.74285714286
109204.28571428571
112438.97142857143
112382.85714285714
112308.8
108511.02857142857
106710.31428571428
109059.57142857143
115556.6
117640.85714285714
113294.05714285714
109478.6
109478.6
109783.45714285714
105945.62857142858
104722.11428571428
104004.4857142857
109527.57142857143
106811.05714285714
106811.05714285714
108018.14285714286
108624.74285714286
108028.2
107170.31428571428
101543.74285714286
100930.0
100580.54285714286
100019.78571428571
99845.78571428571
90540.78571428571
102722.87142857142
89709.0142857143
87016.47142857143
87140.35714285714
86309.5
79409.57142857143
78152.74285714286
78152.74285714286
78152.74285714286
78152.74285714286
84525.5
83593.07142857143
83593.07142857143
84616.55714285714
69690.5142857143
69604.11428571428
66854.71428571429
66866.4857142857
66866.4857142857
66866.4857142857
66866.4857142857
66590.8
66590.8
66590.8
66301.14285714286
64495.57142857143
64487.71428571428
64514.97142857143
64514.97142857143
64437.28571428572
61407.65714285714
61341.34285714286
61517.828571428574
61517.828571428574
61460.91428571429
61460.91428571429
61460.91428571429
61485.02857142857
61138.94285714286
61138.94285714286
61166.97142857143
61166.97142857143
61016.44285714286
61137.142857142855
61137.142857142855
59140.77142857143
59140.77142857143
59140.77142857143
59140.77142857143
59140.77142857143
59093.114285714284
59093.114285714284
59093.114285714284
59093.114285714284
59093.114285714284
59093.114285714284
58096.77142857143
58541.54285714286
58541.54285714286
58541.54285714286
58432.62857142857
58432.62857142857
58167.0
58200.42857142857
57721.42857142857
57476.71428571428
57455.45714285714
57224.6
56833.05714285714
56833.05714285714
56833.05714285714
56833.05714285714
56607.8
56296.0
56296.0
56296.0
56296.0
56296.0
55653.25714285715
55653.25714285715
55653.25714285715
55653.25714285715
55653.25714285715
55234.71428571428
55234.71428571428
55234.71428571428
55234.71428571428
55234.71428571428
55234.71428571428
55234.71428571428
55206.857142857145
55206.857142857145
55206.857142857145
54676.6
54371.114285714284
54371.114285714284
54407.171428571426
54637.8
54637.8
54549.485714285714
54549.485714285714
54527.4
54427.4
54358.142857142855
54381.114285714284
54579.28571428572
54579.28571428572
54579.28571428572
54579.28571428572
54579.28571428572
54622.485714285714
54622.485714285714
54704.885714285716
54704.885714285716
54382.45714285714
54382.45714285714
54204.25714285715
54272.34285714286
54272.34285714286
54263.28571428572
54263.28571428572
54263.28571428572
54263.28571428572
54282.142857142855
54280.65714285714
53937.18571428571
53937.18571428571
53852.92857142857
53926.514285714286
54023.4
54019.357142857145
54019.357142857145
54019.357142857145
54019.357142857145
54057.671428571426
54163.9
54163.9
54163.9
54163.9
54104.08571428571
54101.72857142857
54101.72857142857
54091.92857142857
54091.92857142857
54091.92857142857
54111.04285714286
54111.04285714286
54111.04285714286
54111.04285714286
54093.15714285714
53889.52857142857
53434.52857142857
53434.52857142857
53434.52857142857
53292.5
53282.4
53282.4
53281.514285714286
53281.514285714286
53281.514285714286
53272.71428571428
53272.71428571428
53272.71428571428
53272.71428571428
53272.71428571428
53272.71428571428
53257.885714285716
53086.885714285716
53086.885714285716
53086.885714285716
53086.885714285716
53086.885714285716
53086.885714285716
53086.885714285716
53086.885714285716
53181.42857142857
53008.22857142857
53144.72857142857
53144.72857142857
53144.72857142857
53144.72857142857
53144.72857142857
53144.72857142857
52577.84285714286
52810.41428571429
52794.985714285714
52794.985714285714
52782.9
52782.9
52002.3
52002.3
52002.3
51962.3
51962.3
51715.75714285715
51024.07142857143
51024.07142857143
51024.07142857143
51027.328571428574
51027.328571428574
51027.328571428574
51027.328571428574
51027.328571428574
51473.671428571426
51473.671428571426
51473.07142857143
51473.07142857143
51469.985714285714
51469.985714285714
51445.04285714286
51445.04285714286
51445.04285714286
51445.04285714286
51451.81428571429
51403.24285714285
51403.24285714285
51517.75714285715
51498.02857142857
51498.02857142857
51455.142857142855
51455.142857142855
51455.142857142855
51549.857142857145
51549.857142857145
51549.857142857145
51549.857142857145
51543.45714285714
51482.2
51249.328571428574
51249.328571428574
51287.27142857143
51287.27142857143
51086.95714285714
51086.95714285714
51086.95714285714
51086.95714285714
51086.95714285714
51086.95714285714
51051.12857142857
51051.12857142857
51051.12857142857
51051.12857142857
51055.614285714284
50628.9
50130.55714285714
50286.014285714286
50286.014285714286
50231.5
50231.5
50188.55714285714
50188.55714285714
50188.55714285714
50188.55714285714
50220.014285714286
50210.84285714286
50210.84285714286
50210.84285714286
50210.84285714286
50210.84285714286
50149.3
50617.985714285714
50596.92857142857
50596.92857142857
50217.04285714286
50217.04285714286
50217.04285714286
50217.04285714286
50217.04285714286
50217.04285714286
50217.04285714286
50217.04285714286
50217.04285714286
50217.04285714286
50217.04285714286
50217.04285714286
50217.04285714286
50217.04285714286
50217.04285714286
50217.04285714286
50217.04285714286
50217.04285714286
50217.04285714286
50217.04285714286
50217.04285714286
50217.04285714286
50217.04285714286
50213.614285714284
50213.614285714284
50093.357142857145
50093.357142857145
50093.357142857145
50082.385714285716
50082.385714285716
50082.385714285716
50082.385714285716
50082.385714285716
50082.385714285716
50215.7
49954.357142857145
50116.75714285715
50116.75714285715
50263.72857142857
50263.72857142857
50263.72857142857
50263.72857142857
50232.87142857143
50232.87142857143
50232.87142857143
50232.87142857143
50399.21428571428
50399.21428571428
50399.21428571428
50399.21428571428
50399.21428571428
50399.21428571428
50393.27142857143
50256.8
50050.65714285714
50050.65714285714
50050.65714285714
50050.65714285714
50050.65714285714
49945.65714285714
49663.04285714286
49780.885714285716
49780.885714285716
49780.885714285716
49780.885714285716
49780.885714285716
49780.885714285716
49823.65714285714
49732.37142857143
49732.37142857143
49732.37142857143
