68.52912303664921
70.7047034103766
71.87856147904267
73.23674229822343
73.23674229822343
73.92411467116358
74.18549747048904
74.18549747048904
74.18549747048904
74.18549747048904
74.18549747048904
74.18549747048904
74.18549747048904
74.18549747048904
75.1343215950285
75.1343215950285
75.45648981676563
75.45648981676563
75.79566643091364
75.79566643091364
75.79566643091364
76.13482929338392
76.13482929338392
76.13482929338392
76.13482929338392
76.13482929338392
76.13482929338392
76.13482929338392
76.13482929338392
76.13482929338392
76.13482929338392
76.13482929338392
76.13482929338392
76.13482929338392
76.13482929338392
76.13482929338392
76.16858483893782
76.16858483893782
76.16858483893782
76.16858483893782
76.16858483893782
76.16858483893782
76.16858483893782
76.16858483893782
76.16858483893782
76.16858483893782
76.16858483893782
76.16858483893782
76.16858483893782
76.16858483893782
76.16858483893782
76.58972545489615
76.58972545489615
76.58972545489615
76.58972545489615
76.58972545489615
76.58972545489615
76.58972545489615
76.58972545489615
76.58972545489615
76.58972545489615
76.58972545489615
76.58972545489615
76.58972545489615
76.58972545489615
76.58972545489615
76.58972545489615
76.58972545489615
76.58972545489615
76.58972545489615
76.58972545489615
76.58972545489615
76.58972545489615
76.58972545489615
76.58972545489615
76.58972545489615
76.58972545489615
76.58972545489615
76.58972545489615
76.58972545489615
76.58972545489615
76.58972545489615
76.58972545489615
76.58972545489615
76.58972545489615
76.58972545489615
76.58972545489615
76.58972545489615
76.58972545489615
76.58972545489615
76.58972545489615
76.67913631292248
76.67913631292248
76.67913631292248
76.67913631292248
76.9154032946118
77.00203452123122
77.00203452123122
77.11360504036229
77.11360504036229
77.11360504036229
77.11360504036229
77.11360504036229
77.11360504036229
77.11360504036229
77.11360504036229
77.11360504036229
77.11360504036229
77.11360504036229
77.17004659709917
77.17004659709917
77.17004659709917
77.17004659709917
77.17004659709917
77.17004659709917
77.17004659709917
77.17004659709917
77.17004659709917
77.17004659709917
77.17004659709917
77.17004659709917
77.17004659709917
77.17004659709917
77.17004659709917
77.17004659709917
77.17004659709917
77.17004659709917
77.17004659709917
77.17004659709917
77.17004659709917
77.17004659709917
77.17004659709917
77.17004659709917
77.17004659709917
77.17004659709917
77.17004659709917
77.17004659709917
77.17004659709917
77.17004659709917
77.17004659709917
77.17004659709917
77.17004659709917
77.17004659709917
77.17004659709917
77.17004659709917
77.17004659709917
77.17004659709917
77.17004659709917
77.17004659709917
77.17004659709917
77.17004659709917
77.17004659709917
77.17004659709917
77.17004659709917
77.17004659709917
77.17004659709917
77.17004659709917
77.17004659709917
77.17004659709917
77.17004659709917
77.17004659709917
77.17004659709917
77.17004659709917
77.17004659709917
77.17004659709917
77.17004659709917
77.17004659709917
77.17004659709917
77.54151079608847
77.54151079608847
77.54151079608847
77.54151079608847
77.54151079608847
77.54151079608847
77.54151079608847
77.54151079608847
77.54151079608847
77.54151079608847
77.54151079608847
77.54151079608847
77.54151079608847
77.54151079608847
77.54151079608847
77.54151079608847
77.54151079608847
77.56119971122924
77.56119971122924
77.56119971122924
77.56119971122924
77.56119971122924
77.56119971122924
77.56119971122924
77.56119971122924
77.57549487068344
77.82178087769765
77.82178087769765
77.82178087769765
77.82178087769765
77.82178087769765
77.82178087769765
77.82178087769765
77.82178087769765
77.82178087769765
77.82178087769765
77.82178087769765
77.82178087769765
77.82178087769765
77.82178087769765
77.82178087769765
77.82178087769765
77.82178087769765
77.82178087769765
77.82178087769765
77.82178087769765
77.82178087769765
77.82178087769765
77.82178087769765
77.82178087769765
77.82178087769765
77.82178087769765
77.82178087769765
77.82178087769765
77.82178087769765
77.82178087769765
77.82178087769765
77.82178087769765
77.82178087769765
77.82178087769765
77.82178087769765
77.82178087769765
77.82178087769765
77.82178087769765
77.82178087769765
77.82178087769765
77.82178087769765
77.82178087769765
77.82178087769765
77.82178087769765
77.82178087769765
77.82178087769765
77.82178087769765
77.82178087769765
77.82178087769765
77.82178087769765
77.82178087769765
77.82178087769765
77.82178087769765
77.82178087769765
77.82178087769765
77.82178087769765
77.82178087769765
77.82178087769765
77.82178087769765
77.82178087769765
77.82178087769765
77.82178087769765
77.82178087769765
77.82178087769765
77.82178087769765
77.82178087769765
77.82178087769765
77.82178087769765
77.82178087769765
77.82178087769765
77.82178087769765
77.82178087769765
77.82178087769765
77.82178087769765
77.82178087769765
77.82178087769765
77.82178087769765
77.82178087769765
77.82178087769765
77.82178087769765
77.82178087769765
77.82178087769765
77.82178087769765
77.82178087769765
77.82178087769765
77.82178087769765
77.82178087769765
77.82178087769765
77.82178087769765
77.82178087769765
77.82178087769765
77.82178087769765
77.82178087769765
77.82178087769765
77.82178087769765
77.82178087769765
77.82178087769765
77.82178087769765
77.82178087769765
77.82178087769765
77.75216403304832
77.75216403304832
77.75216403304832
77.75216403304832
77.75216403304832
77.75216403304832
77.75216403304832
77.75216403304832
77.75216403304832
77.75216403304832
77.75216403304832
77.75216403304832
77.75216403304832
77.75216403304832
77.75216403304832
77.75216403304832
77.75216403304832
77.75216403304832
77.75216403304832
77.75216403304832
77.75216403304832
77.75216403304832
77.75216403304832
77.75216403304832
77.75216403304832
77.75216403304832
77.75216403304832
77.75216403304832
77.75216403304832
77.75216403304832
77.75216403304832
77.75216403304832
77.75216403304832
77.75216403304832
77.75216403304832
77.75216403304832
77.75216403304832
77.75216403304832
77.75216403304832
77.75216403304832
77.75216403304832
77.75216403304832
77.75216403304832
77.75216403304832
77.75216403304832
77.75216403304832
77.75216403304832
77.75216403304832
77.75216403304832
77.75216403304832
77.75216403304832
77.75216403304832
77.75216403304832
77.75216403304832
77.75216403304832
77.75216403304832
77.75216403304832
77.75216403304832
77.75216403304832
77.84739462242712
77.84739462242712
77.84739462242712
77.84739462242712
77.84739462242712
77.84739462242712
77.84739462242712
77.84739462242712
77.84739462242712
77.84739462242712
77.84739462242712
77.84739462242712
77.84739462242712
77.84739462242712
77.84739462242712
77.84739462242712
77.84739462242712
77.84739462242712
77.94614772178498
77.94614772178498
77.94614772178498
77.94614772178498
77.94614772178498
77.94614772178498
77.94614772178498
77.94614772178498
77.94614772178498
77.94614772178498
77.94614772178498
77.84739462242712
77.84739462242712
77.84739462242712
77.84739462242712
77.84739462242712
77.84739462242712
77.84739462242712
77.96572562225093
77.96572562225093
77.96572562225093
77.96572562225093
77.96572562225093
77.96572562225093
77.96572562225093
77.96572562225093
77.96572562225093
77.96572562225093
77.96572562225093
