41.56132849109654
43.646011413161254
42.32285569187181
40.60808476333064
42.82829290184249
45.59566191983122
44.481541315143886
41.59603278946763
41.185335801979335
46.88961338338932
41.8121534328017
48.07363105683487
48.67602067728662
47.40922568414912
49.57680135423567
46.003270726993414
47.36608973232588
45.5262945180012
47.887199607650814
45.561019670814936
48.513413716217165
44.46476600322754
49.354185067802774
47.20953780177891
48.9683734939759
46.544868312929154
47.66994852956879
47.85835848004234
45.999490831429846
47.130376019693976
48.72207046554716
50.24804694531448
44.87735310895607
48.9179275243735
45.007648029626054
48.319286554292425
48.84922394678492
46.970533590317935
44.525279549975984
50.49288475650811
46.242458043908115
48.97493529491894
46.923531896915925
47.006180469715694
49.00269115086275
50.891944014259415
48.894220283533265
46.93504415821865
49.45127552823122
47.710874537137876
45.831987945323434
48.66443714027357
49.59994322919437
44.250014081598174
47.063743353844316
46.38204828876906
49.220661808689975
47.784926470588246
49.62517575406442
49.00288656360154
50.260238704448284
47.21017404800177
49.406696065916215
49.48709086764371
50.68865435356201
49.9959287305782
50.72840571373789
50.450412398052435
45.00026495681203
45.13085798582756
49.47343625425818
48.82689705423128
49.952373510742
48.400761713135964
49.55694374781511
48.32639731010913
44.71236531943952
46.1091533815363
43.366945799897664
49.05924417156338
48.792162443697826
45.39286905726404
49.084566802592356
45.7998652291105
45.97310832132812
47.40300994636254
44.98013782451915
49.93006736965435
46.25854038674133
45.056071152358854
45.25
50.58815671315022
48.98317868731143
49.90153124446805
49.33330496333177
48.67837934251687
49.531939490490764
45.971875934975564
45.622753295167094
50.132554239030455
48.11594817532177
49.14368618553102
47.61504942076734
48.51638741202438
49.05058672426879
47.678659264984894
49.58088526071973
48.183778168337604
52.76833527357392
49.58389817743636
50.548112058465286
47.60437670805228
49.46328770637494
50.56006551306701
46.99662699452979
48.415420637528754
47.46849002035206
49.099497245812145
50.43056358845832
50.25217044059575
49.88304093567251
47.87071382547063
50.35336865786514
51.136940844965984
50.21759357622735
48.345475662548836
50.59575972251883
49.885457710986906
41.53588035089401
48.45656673856086
50.2635046113307
50.787044044195554
52.242588187740004
50.37981530852748
50.76754051332133
53.280011684128795
48.635070753039884
50.217181467181476
47.140260684426444
47.62277631436509
44.785103072734344
46.38737302787983
45.353770867363885
47.8786112668575
48.34388876756206
51.17546938992607
47.16660768728224
46.211084970181105
46.422331818328324
53.054013124684495
48.279158004913576
48.4255705213204
48.20888427966469
47.06826347305389
49.20316660412087
51.5182001097494
49.90891071792928
52.213756400377356
46.295303835820036
49.03015093921838
47.19245834634271
45.75740614051455
51.95880138158509
49.67530010662814
48.598407248174965
49.01708648934298
50.002659251154874
49.993573167596665
46.891287091925484
52.52848746551518
49.014392115136914
47.82081703798099
48.74105897203092
50.800237107291046
46.50428239021734
47.86083925095461
49.46430689839254
49.050369606326285
50.6952743074416
52.780739638388766
49.26518651262881
44.647419095837506
48.714617330145856
46.75437388069982
49.351681653335994
49.676910159529804
51.00316549383982
49.83676544450025
49.86734908609909
47.83602601059194
49.17407878017788
48.287397230039176
49.680592396109645
50.01275640371467
51.65871703239907
48.85203324428614
48.439587340444135
48.158371368543065
46.74515575177827
48.918632110722506
50.17018082167819
44.61323092004108
44.17181865018031
47.207460922850494
46.65713289648745
48.7916411199673
48.569676708249084
45.9436212747371
45.30921992805401
45.74436536180308
45.360025255298126
45.89692034449248
51.570410204186295
49.44752753491541
48.02805210284351
50.37948972392995
49.686455923927014
47.32064801661021
47.17208182912153
50.24223570809323
43.969058004516
49.94122144011078
46.520003426711206
53.153762858689774
50.09321052341294
46.55841105817621
50.13424059761104
50.60474024784811
43.207456519650236
52.13454640888811
48.29379577694299
48.01926761949968
49.42847577598163
49.48670377241806
48.5214679512168
50.42906847552775
50.679265658747305
49.22314604854288
47.22281578493882
48.00650415740629
46.42798617790603
49.825844653430856
48.74773804242975
45.07485625307548
49.16477173342661
47.69590278859635
49.25997315251436
48.52705197387105
49.460579430571926
49.709501513161655
50.70866263037082
48.88606651764547
48.51289984530167
49.995876381412224
52.788571428571444
46.97565713167787
53.48509235240804
51.86136653847026
47.04303885694371
47.459048679778334
49.41229195207976
47.35631432060004
49.546667060762125
47.870356317768675
49.09132582142961
49.55520669806385
48.83476463671026
49.550263134421556
51.911204165995606
47.49747006240512
49.1782023128752
51.05618127587588
46.909700042132734
50.44739901926091
44.92717476457703
44.10817140325337
48.24831909408018
48.26596467391304
48.1909413165888
45.93534189969433
50.74520830684783
54.6527846966225
53.28086493361952
51.7258382642998
50.5834965034965
48.88521257731067
48.6075243522052
44.219529097577876
47.871554943416584
50.232426893202444
50.41826742129968
50.38502399531083
48.68429604061207
49.15402195496609
48.08604417189672
52.87692194990924
50.48358799802066
50.342258004119074
47.447821681864234
50.90530303030303
48.62085070194761
52.85023464113008
44.9209362027529
48.97036037386915
48.497995270895444
49.872398344014066
48.64745531186831
46.974129757551125
50.96491038574815
51.55908415192234
49.237480493687045
50.62339780936844
50.73125073125073
44.853645237651946
43.44403091898082
48.46775688804836
51.494527452880504
51.65450540620045
51.16967848284573
48.827011168871266
50.870254341970146
48.99492159160666
48.90555974173723
52.818105562008
45.30196642624788
49.47945430392405
46.39464068209501
49.277965448039936
50.33824545675277
46.161190814278015
49.69088753387534
49.571485328338724
47.636196512600996
50.01458321180657
52.18598875963927
50.53853086976115
52.26204348894544
49.36766491299069
48.11305557589514
48.142108957399714
47.57672477289468
48.88655149699326
50.268214511420744
50.131675739296746
48.640636508827846
48.183386170970486
49.56161250357381
50.204288980006524
47.81641506159986
48.04494540828945
48.69706046252438
51.06730693083563
51.723261263651246
49.863674651613
48.707734092271686
48.60486082700728
49.058009579563596
48.269428253229
47.87073538716114
50.09755265246776
50.35860542335363
48.46503152233015
47.18359532446594
46.00663716814159
51.23692664251244
48.622624040084965
49.08059383414691
42.76898170632994
49.98921010529448
50.463119211009854
49.0252846940745
48.34399988796617
49.66017316017316
46.36073770040219
48.218439798292124
47.351566324853955
49.29383670684558
51.12189137950262
47.67621879325371
53.10950999800499
52.31787109553781
50.703693717983285
50.92501142444389
51.135377711293934
48.32737210880612
46.42463450594574
50.08480745432045
43.93665158371042
44.368209669944896
48.48630280950045
46.410236709948244
46.65808573778112
44.82396935425027
47.38920872941492
48.63026718766501
47.84636051896632
50.702206724340456
43.666506024096385
49.67246221553072
48.28456930217343
49.90511133603239
48.30960353414559
46.615661872215995
48.9003066621652
49.07948395523166
47.107858086815085
49.575465488744904
49.26614550320445
48.98877773415819
50.761424916912915
49.39023114736952
50.68028947867576
51.1032591692891
46.66933306669332
46.37919684002633
51.24995358164061
47.8992393505693
47.16262797756855
46.57427705183753
51.65309073737955
47.122682294168506
52.3411673249523
48.51638712989902
49.38757655293089
49.567869852567355
47.59740926561629
49.01244789786921
51.55272822262174
49.91735413003953
51.84964547250958
51.57150320943425
51.850746268656714
48.850369517228145
50.92655685252117
50.380797270048085
49.8567901234568
46.46038200351298
47.852560422527134
48.41766557052438
49.50250847837663
50.85055470959321
49.12762795856411
49.33499670790449
49.673529433078976
49.25341311599436
49.078673454665385
45.21438242816307
45.33866800033342
46.520180134250985
49.73042390023137
50.866089020410335
50.4587930943456
46.54054163955758
50.190184373184
46.61482063731662
48.89904887811685
46.233949342867206
50.74361702127659
48.17950949479962
51.330974478868384
48.62893239184276
44.23352996006231
50.97404243912688
49.29428630545949
51.164342480131964
51.478427683396966
47.24804817063838
47.2678304045426
48.705767019210825
46.369292503495934
49.00858968684298
49.293642602350296
49.555520096448774
49.21210075207713
49.68189261698198
53.17584069881224
48.217478747317
48.1873504629148
49.36450959123088
50.99620315025751
45.771927131306924
47.799841254368985
48.590423117479865
50.32988716792248
47.10962847872778
52.16755721342877
49.67826980651504
49.12922766279656
46.377271377271384
48.694526435710216
48.661158833506605
49.47581749465959
49.2205398944118
46.72630161101035
48.53486350199966
47.55908548986604
46.17268678871846
49.23123943763259
47.88248562501156
47.19125378642805
47.35694437069683
