39.78251006949055
41.56132849109654
42.32285569187181
40.60808476333064
40.60808476333064
42.82829290184249
44.481541315143886
41.59603278946763
41.185335801979335
41.185335801979335
41.8121534328017
41.8121534328017
48.07363105683487
47.40922568414912
47.40922568414912
46.003270726993414
44.83965284576509
45.5262945180012
45.5262945180012
45.561019670814936
45.561019670814936
44.46476600322754
44.46476600322754
47.20953780177891
47.20953780177891
46.544868312929154
46.544868312929154
47.66994852956879
45.999490831429846
45.999490831429846
47.130376019693976
46.86863879329281
44.87735310895607
44.87735310895607
44.86439040943916
45.007648029626054
46.72714776632303
46.970533590317935
44.525279549975984
44.525279549975984
46.242458043908115
46.242458043908115
46.923531896915925
46.923531896915925
47.006180469715694
44.51695019285812
46.30277911905145
46.93504415821865
46.93504415821865
45.21976967370442
45.831987945323434
45.831987945323434
46.76283475941773
44.250014081598174
44.250014081598174
46.38204828876906
46.38204828876906
47.784926470588246
46.22340641631569
48.0111581405009
46.462277380451546
47.21017404800177
47.21017404800177
49.406696065916215
49.48709086764371
49.00921076395161
48.18922076336943
45.79798102816005
45.00026495681203
45.00026495681203
45.13085798582756
48.82689705423128
48.82689705423128
48.400761713135964
48.400761713135964
46.746503788722976
44.71236531943952
44.71236531943952
43.366945799897664
43.366945799897664
48.792162443697826
45.39286905726404
45.39286905726404
45.7998652291105
45.7998652291105
45.97310832132812
44.98013782451915
44.98013782451915
46.25854038674133
45.056071152358854
45.056071152358854
45.25
46.65611207061984
48.98317868731143
49.33330496333177
48.67837934251687
47.19137770546113
45.971875934975564
45.622753295167094
45.622753295167094
48.11594817532177
48.11594817532177
47.61504942076734
47.61504942076734
48.51638741202438
47.678659264984894
47.678659264984894
48.183778168337604
48.183778168337604
49.58389817743636
49.58389817743636
47.60437670805228
47.60437670805228
49.46328770637494
46.99662699452979
46.99662699452979
47.46849002035206
47.46849002035206
49.099497245812145
49.900962395163724
49.88304093567251
47.87071382547063
47.87071382547063
48.661734035157416
48.65668527309718
48.345475662548836
48.345475662548836
48.89436804330422
41.53588035089401
41.53588035089401
46.21247765126566
50.2635046113307
50.787044044195554
50.37981530852748
50.37981530852748
49.588259982343665
47.635650393657514
48.635070753039884
47.140260684426444
47.140260684426444
44.785103072734344
44.785103072734344
45.353770867363885
45.353770867363885
47.8786112668575
46.586027583088395
47.16660768728224
46.211084970181105
46.211084970181105
46.422331818328324
48.279158004913576
48.279158004913576
48.16955684007707
47.06826347305389
47.06826347305389
47.980305840465405
49.90891071792928
49.90891071792928
46.295303835820036
46.295303835820036
47.19245834634271
45.75740614051455
45.75740614051455
49.67530010662814
48.598407248174965
48.598407248174965
49.01708648934298
49.993573167596665
46.891287091925484
46.891287091925484
49.014392115136914
47.82081703798099
47.82081703798099
45.80109224898013
46.50428239021734
46.50428239021734
45.00536453914867
48.84849156644314
49.050369606326285
50.48488441019561
49.26518651262881
44.647419095837506
44.647419095837506
46.75437388069982
46.75437388069982
49.351681653335994
47.089446776674
47.240856883526355
49.83676544450025
47.83602601059194
47.83602601059194
48.287397230039176
48.287397230039176
49.680592396109645
50.01275640371467
48.63468634686346
48.439587340444135
45.40235811763089
46.74515575177827
46.74515575177827
48.918632110722506
44.61323092004108
44.17181865018031
44.17181865018031
46.65713289648745
46.65713289648745
48.569676708249084
45.9436212747371
45.30921992805401
45.30921992805401
45.360025255298126
45.360025255298126
45.89692034449248
45.60059799047387
48.02805210284351
46.070867467175404
49.686455923927014
47.32064801661021
47.17208182912153
47.17208182912153
43.969058004516
43.969058004516
46.520003426711206
46.520003426711206
48.96236866686458
46.55841105817621
46.55841105817621
50.13424059761104
43.207456519650236
43.207456519650236
48.29379577694299
48.01926761949968
48.01926761949968
49.42847577598163
48.5214679512168
48.5214679512168
50.42906847552775
49.22314604854288
47.22281578493882
47.22281578493882
46.42798617790603
46.42798617790603
43.72526907909223
45.07485625307548
45.07485625307548
47.69590278859635
47.69590278859635
48.52705197387105
48.52705197387105
49.460579430571926
47.32797533854454
48.88606651764547
48.41862205808626
48.51289984530167
49.84012110918288
46.97565713167787
46.97565713167787
51.86136653847026
47.04303885694371
47.04303885694371
47.459048679778334
47.35631432060004
47.35631432060004
47.870356317768675
47.870356317768675
49.09132582142961
48.52581937874081
48.83476463671026
49.550263134421556
47.49747006240512
47.49747006240512
49.1782023128752
46.909700042132734
46.909700042132734
44.92717476457703
44.10817140325337
44.10817140325337
47.49111051550075
48.1909413165888
45.93534189969433
45.93534189969433
50.74520830684783
53.28086493361952
51.7258382642998
49.86027067350294
48.88521257731067
48.6075243522052
44.219529097577876
44.219529097577876
47.871554943416584
50.232426893202444
50.38502399531083
48.68429604061207
48.68429604061207
48.08604417189672
48.08604417189672
50.48358799802066
50.342258004119074
47.447821681864234
47.447821681864234
48.62085070194761
48.62085070194761
44.9209362027529
44.9209362027529
48.497995270895444
48.497995270895444
48.64745531186831
46.974129757551125
46.974129757551125
50.30487921871104
49.16146589259796
49.237480493687045
47.87721027223127
44.853645237651946
43.44403091898082
43.44403091898082
48.23776791051149
51.494527452880504
51.16967848284573
48.827011168871266
48.827011168871266
48.70393272322533
48.431889345321885
48.79042151234113
45.30196642624788
45.30196642624788
46.39464068209501
46.39464068209501
49.277965448039936
46.161190814278015
46.161190814278015
46.87909810059647
47.636196512600996
47.636196512600996
50.01458321180657
50.15280446518439
50.53853086976115
47.50357745002196
48.11305557589514
48.11305557589514
44.90770067504879
47.57672477289468
48.88655149699326
48.20613656915732
48.640636508827846
48.183386170970486
48.183386170970486
49.56161250357381
47.81641506159986
47.81641506159986
48.04494540828945
48.69706046252438
51.06730693083563
49.863674651613
48.707734092271686
48.60486082700728
48.60486082700728
47.99453748890861
47.87073538716114
47.87073538716114
49.847132376856635
43.23789549900443
47.18359532446594
46.00663716814159
46.00663716814159
46.5458750449886
42.91403341702018
42.76898170632994
42.76898170632994
49.657617388324
47.83905583048484
48.34399988796617
48.34399988796617
46.36073770040219
46.36073770040219
47.351566324853955
47.351566324853955
49.29383670684558
47.67621879325371
47.67621879325371
52.31787109553781
50.703693717983285
50.703693717983285
47.11689703651119
48.32737210880612
46.42463450594574
46.42463450594574
43.93665158371042
43.93665158371042
44.368209669944896
46.410236709948244
46.410236709948244
44.82396935425027
44.82396935425027
46.11536547383968
47.84636051896632
47.84636051896632
43.666506024096385
43.666506024096385
48.28456930217343
48.28456930217343
48.30960353414559
46.615661872215995
46.615661872215995
48.9003066621652
47.107858086815085
47.107858086815085
49.26614550320445
45.180207288532266
48.98877773415819
46.350362568494276
49.39023114736952
49.72202918693539
46.66933306669332
46.37919684002633
46.37919684002633
46.16888622873959
47.06292051256043
46.57427705183753
46.57427705183753
47.122682294168506
47.122682294168506
48.51638712989902
48.51638712989902
49.38757655293089
47.59740926561629
47.59740926561629
49.01244789786921
47.72717497275907
49.91735413003953
50.936469215246085
50.205076203593
48.25853658536585
48.553225284997396
49.26051856114103
47.57985934587358
46.46038200351298
46.46038200351298
47.852560422527134
48.41766557052438
49.50250847837663
48.58176401744868
46.46507338815031
49.33499670790449
49.25341311599436
49.078673454665385
45.21438242816307
45.21438242816307
45.33866800033342
46.520180134250985
49.73042390023137
48.440792687181634
46.54054163955758
46.54054163955758
46.61482063731662
46.61482063731662
46.233949342867206
46.233949342867206
48.17950949479962
48.17950949479962
48.62893239184276
44.23352996006231
44.23352996006231
49.29428630545949
48.16467303533791
49.60695345854154
47.24804817063838
47.24804817063838
47.2678304045426
46.369292503495934
46.369292503495934
49.00858968684298
49.293642602350296
49.21210075207713
48.00279744732931
49.54405028230532
48.217478747317
48.1873504629148
47.90227284824612
49.36450959123088
45.771927131306924
45.771927131306924
47.799841254368985
48.590423117479865
47.10962847872778
47.10962847872778
45.52994327925076
49.12922766279656
46.377271377271384
46.377271377271384
48.661158833506605
48.661158833506605
49.2205398944118
45.142283563362604
46.72630161101035
47.55908548986604
45.805233342325344
46.17268678871846
47.88248562501156
46.79506320294615
47.19125378642805
