58.25573872523728
58.25573872523728
59.51716970510544
60.18645438678644
60.57607110238689
60.57607110238689
60.886389278559264
60.886389278559264
61.28306334946688
61.28306334946688
62.017245859357715
63.96063226960931
63.96063226960931
63.96063226960931
63.96063226960931
64.899337661486
64.899337661486
64.899337661486
64.899337661486
64.899337661486
64.899337661486
66.2109634867233
66.2109634867233
66.2109634867233
66.2109634867233
66.2109634867233
66.2109634867233
66.2109634867233
66.2109634867233
66.2109634867233
66.2109634867233
66.2109634867233
66.2109634867233
66.2109634867233
66.2109634867233
66.2109634867233
66.2109634867233
66.2109634867233
66.2109634867233
66.2109634867233
66.2109634867233
66.2109634867233
66.2109634867233
66.2109634867233
66.2109634867233
66.98142705271715
66.98142705271715
66.98142705271715
66.98142705271715
66.98142705271715
66.98142705271715
66.98142705271715
66.98142705271715
66.98142705271715
66.98142705271715
66.98142705271715
66.98142705271715
66.98142705271715
66.98142705271715
66.98142705271715
66.98142705271715
66.98142705271715
66.98142705271715
66.98142705271715
66.98142705271715
66.98142705271715
66.98142705271715
66.98142705271715
66.98142705271715
67.11451444483117
67.11451444483117
67.11451444483117
67.11451444483117
67.11451444483117
67.11451444483117
67.11451444483117
67.11451444483117
67.11451444483117
67.11451444483117
67.11451444483117
67.11451444483117
67.11451444483117
67.11451444483117
67.11451444483117
67.11451444483117
67.12178633616716
67.12178633616716
67.70311330527839
67.70311330527839
67.70311330527839
67.70311330527839
67.70311330527839
67.70311330527839
67.70311330527839
67.70311330527839
67.70311330527839
67.70311330527839
67.70311330527839
67.70311330527839
67.70311330527839
67.70311330527839
67.70311330527839
67.70311330527839
67.70311330527839
67.70311330527839
67.70311330527839
67.70311330527839
67.70311330527839
67.70311330527839
67.70311330527839
67.70311330527839
67.70311330527839
67.70311330527839
67.70311330527839
67.70311330527839
67.70311330527839
67.70311330527839
67.70311330527839
67.70311330527839
69.12487073422957
69.12487073422957
69.12487073422957
69.12487073422957
69.12487073422957
69.12487073422957
69.12487073422957
69.12487073422957
69.12487073422957
69.12487073422957
69.12487073422957
69.12487073422957
69.12487073422957
69.12487073422957
69.12487073422957
69.12487073422957
69.12487073422957
69.12487073422957
69.12487073422957
69.12487073422957
69.12487073422957
69.12487073422957
69.12487073422957
69.12487073422957
69.12487073422957
69.12487073422957
69.12487073422957
69.12487073422957
69.12487073422957
69.12487073422957
69.12487073422957
69.27302919417707
69.27302919417707
69.40930455067789
69.40930455067789
70.28953341740227
70.28953341740227
70.28953341740227
70.28953341740227
70.28953341740227
70.28953341740227
70.28953341740227
70.28953341740227
70.28953341740227
70.28953341740227
70.28953341740227
70.28953341740227
70.28953341740227
70.28953341740227
70.63598626556653
70.63598626556653
70.63598626556653
70.63598626556653
70.63598626556653
70.63598626556653
70.63598626556653
70.63598626556653
70.63598626556653
70.63598626556653
70.63598626556653
70.63598626556653
70.63598626556653
70.63598626556653
70.63598626556653
70.63598626556653
70.63598626556653
70.63598626556653
70.9136867683247
70.9136867683247
70.9136867683247
70.9136867683247
70.9136867683247
70.9136867683247
70.984303415647
70.984303415647
70.984303415647
70.984303415647
70.984303415647
71.13617505147668
71.13617505147668
71.13617505147668
71.13617505147668
71.13617505147668
71.13617505147668
71.13617505147668
71.13617505147668
71.13617505147668
71.13617505147668
71.13617505147668
71.13617505147668
71.13617505147668
71.13617505147668
71.13617505147668
71.13617505147668
71.13617505147668
71.13617505147668
71.13617505147668
71.13617505147668
71.13617505147668
71.13617505147668
71.13617505147668
71.13617505147668
71.13617505147668
71.13617505147668
71.13617505147668
71.13617505147668
71.13617505147668
71.13617505147668
71.13617505147668
71.13617505147668
71.13617505147668
71.13617505147668
71.13617505147668
71.13617505147668
71.13617505147668
71.13617505147668
71.13617505147668
71.13617505147668
71.13617505147668
71.13617505147668
71.13617505147668
71.13617505147668
71.13617505147668
71.13617505147668
71.13617505147668
71.13617505147668
71.13617505147668
71.13617505147668
71.13617505147668
71.13617505147668
71.13617505147668
71.13617505147668
71.13617505147668
71.13617505147668
71.13617505147668
71.13617505147668
71.13617505147668
71.13617505147668
71.13617505147668
71.13617505147668
71.13617505147668
71.13617505147668
71.13617505147668
71.13617505147668
71.13617505147668
71.13617505147668
71.13617505147668
71.13617505147668
71.13617505147668
71.13617505147668
71.13617505147668
71.13617505147668
71.13617505147668
71.13617505147668
71.13617505147668
71.13617505147668
71.13617505147668
71.13617505147668
71.13617505147668
71.13617505147668
71.13617505147668
71.13617505147668
71.13617505147668
71.13617505147668
71.13617505147668
71.13617505147668
71.13617505147668
71.13617505147668
71.13617505147668
71.13617505147668
71.13617505147668
71.13617505147668
71.36513107348105
71.36513107348105
71.36513107348105
71.36513107348105
71.36513107348105
71.36513107348105
71.36513107348105
71.36513107348105
71.36513107348105
71.36513107348105
71.36513107348105
71.36513107348105
71.36513107348105
71.36513107348105
71.36513107348105
71.36513107348105
71.36513107348105
71.36513107348105
71.36513107348105
71.36513107348105
71.36513107348105
71.36513107348105
71.36513107348105
71.36513107348105
71.36513107348105
71.36513107348105
71.36513107348105
71.36513107348105
71.36513107348105
71.36513107348105
71.36513107348105
71.36513107348105
71.36513107348105
71.36513107348105
71.36513107348105
71.36513107348105
71.36513107348105
71.36513107348105
71.36513107348105
71.36513107348105
71.36513107348105
71.36513107348105
71.36513107348105
71.66002710583597
71.66002710583597
71.66002710583597
71.66002710583597
71.66002710583597
71.66002710583597
71.66002710583597
71.66002710583597
71.66002710583597
71.66002710583597
71.66002710583597
71.66002710583597
71.66002710583597
71.66002710583597
71.66002710583597
71.66002710583597
71.66002710583597
71.66002710583597
71.66002710583597
71.66002710583597
71.66002710583597
71.66002710583597
71.66002710583597
71.66002710583597
71.66002710583597
71.66002710583597
71.66002710583597
71.66002710583597
71.66002710583597
71.66002710583597
71.66002710583597
71.66002710583597
71.66002710583597
71.66002710583597
71.66002710583597
71.66002710583597
71.66002710583597
71.66002710583597
71.66002710583597
71.66002710583597
71.66002710583597
71.66002710583597
71.66002710583597
71.66002710583597
71.66002710583597
71.66002710583597
71.66002710583597
71.66002710583597
71.66002710583597
71.66002710583597
71.66002710583597
71.66002710583597
71.66002710583597
71.66002710583597
71.66002710583597
71.66002710583597
71.66002710583597
71.66002710583597
71.66002710583597
71.66002710583597
71.66002710583597
71.66002710583597
71.66002710583597
71.66002710583597
71.66002710583597
71.66002710583597
71.66002710583597
71.66002710583597
71.66002710583597
71.66002710583597
71.66002710583597
71.66002710583597
71.66002710583597
71.66002710583597
71.66002710583597
71.66002710583597
71.66002710583597
71.66002710583597
71.66002710583597
71.66002710583597
71.66002710583597
71.66002710583597
71.66002710583597
71.66002710583597
71.66002710583597
71.66002710583597
71.66002710583597
71.66002710583597
71.66002710583597
71.66002710583597
71.66002710583597
71.66002710583597
71.66002710583597
71.66002710583597
71.66002710583597
71.66002710583597
71.66002710583597
71.66002710583597
71.66002710583597
71.66002710583597
71.66002710583597
71.66002710583597
71.66002710583597
71.66002710583597
71.66002710583597
71.66002710583597
71.66002710583597
71.66002710583597
71.66002710583597
71.66002710583597
71.66002710583597
71.66002710583597
71.66002710583597
71.66002710583597
71.66002710583597
71.66002710583597
71.66002710583597
71.66002710583597
71.66002710583597
71.66002710583597
71.66002710583597
71.66002710583597
71.66002710583597
71.66002710583597
71.66002710583597
71.66002710583597
71.66002710583597
71.66002710583597
71.66002710583597
71.66002710583597
71.66002710583597
71.66002710583597
71.66002710583597
71.66002710583597
71.66002710583597
71.66002710583597
71.66002710583597
71.66002710583597
71.66002710583597
71.66002710583597
71.66002710583597
71.66002710583597
71.66002710583597
71.66002710583597
71.66002710583597
71.66002710583597
71.66002710583597
71.66002710583597
71.66002710583597
71.66002710583597
71.66002710583597
71.77348145714403
71.77348145714403
71.77348145714403
71.77348145714403
71.77348145714403
71.77348145714403
71.77348145714403
71.77348145714403
71.77348145714403
71.77348145714403
71.77348145714403
71.77348145714403
71.77348145714403
71.77348145714403
71.77348145714403
71.77348145714403
