48.336202450222366
49.9702026072345
51.10868979894894
51.74486683469127
52.81803612419584
53.56451665809584
53.23230213788671
53.8995976483353
54.488378516530005
54.72896916501053
55.28516492537221
55.66494192513575
56.03889430301888
57.08372825064253
56.41782244507308
55.79599759889606
56.11488408431219
56.96949728467827
57.2024628334371
57.8069823485263
57.870219290828246
55.885710451692596
57.36825855020949
55.92988494062983
56.39785932547478
57.46555270092067
57.87094449040695
57.05847830810934
58.746562227182
57.074358750094106
58.019584607859464
59.42044974815727
58.50844508051288
58.064062158813414
58.442862922052555
58.353608211122065
58.05014378152382
58.53725993548252
57.47509151628087
59.42623103612702
58.16317760078253
58.71625792516367
58.157113967296354
57.44482933104078
57.95557668784816
58.303186692343594
57.73679777885281
57.30036459198303
56.96804642229397
56.56685532718834
57.35342258857672
57.77535558743283
57.18139939115728
57.73260108233168
57.696562191019645
58.71806340389203
58.4690810653537
58.67210124506724
59.10492333209599
58.432016883491855
58.836642295147406
58.65419689665686
58.452267498907744
58.849458653670474
59.42855165508453
58.811038513561364
58.49312793799671
58.10346369853445
56.47792083580237
56.934940734912054
57.73035164781913
57.5716186404925
57.27821304494512
58.00069466156234
57.9251517446002
59.42065623502285
59.822217567665966
59.62449568012715
58.72764496927244
58.52519892261784
58.86515661384168
59.79165593297408
59.55891199830832
58.44092467426374
58.243188679388254
58.200744055129476
58.74196460769436
59.77898778724306
59.06249541673772
58.84031899138335
59.21914880807597
61.064993660856395
60.571449654890294
60.93149183341202
59.176370172593224
60.23162542996824
59.44186650343327
58.91201356404992
59.931924644524074
60.06666211975286
59.43092612512458
59.48457759377386
59.86900890149174
60.314765246690854
60.52727471457654
60.237747979354126
59.628380874032516
60.46359892671908
61.84031421967577
60.79601391551307
60.98640602966566
61.22339658568194
61.35007750056024
60.25403581663269
59.713137415389156
60.173868218337326
60.042960966097915
60.48021955369495
60.73008745279439
60.26413062814502
60.11332260548566
60.02855060441453
60.2525973167599
60.68688529581087
60.70781893424408
60.1936125891145
60.76866519290634
60.5959441294946
60.49228758435198
60.13353051143938
60.99328394902929
60.83575646499443
61.4326746557615
61.2561327491647
61.798220550258165
61.84654653747494
60.986288238537576
61.76985254435767
59.8613951611589
58.415866746501074
57.28636318124404
57.80275977728261
58.96873313260078
59.7336656985433
59.66038772784065
60.798276960427174
60.99394071919173
60.55480625319098
60.721310287522286
61.33572563049196
61.050142195347945
59.929388253178935
61.185505478094335
60.840997559000215
59.331029283761595
59.889361707245854
59.802910577772856
59.55252558390129
59.13703526640346
59.58686461070681
59.73538212548512
61.059680985747384
61.2070560795897
60.10899019216215
59.25774963671211
59.414043518891646
60.54928387435226
60.311309745799555
61.149712471711474
60.66827843887048
59.6743623396646
59.68981941608272
60.66676748839607
61.64419017570256
61.282220786518515
60.980656185886275
60.85182510863092
61.605193244391664
62.332184174151294
61.8408509927721
61.12519392888198
61.528877217207956
60.7494886137737
60.22458005829888
62.19512105605881
61.362444997397894
61.48930708714999
61.014758404501784
60.251909782564624
59.76580022309343
60.83617536827165
60.17821125266745
61.452989779923726
60.76940303681718
61.460930843832344
61.118138804237816
61.03868020883352
61.82890371940195
60.023232643627935
60.97974246930282
61.11364103398821
60.74164362544372
60.00808162085419
60.380681885724066
60.89751971707671
60.97890691813407
61.29327937479213
60.779125904215206
60.58429584025749
59.77964968324459
60.60771667967741
60.04204714897204
60.523287194322755
59.95185125250085
59.9486915621117
61.07822796802473
61.44130260665757
61.29284928778843
60.89965392199315
61.780180217957266
60.4488579874396
61.201468045807005
60.88819421401068
61.79844549734301
61.61978156466728
61.35361057777262
61.21703593495743
61.21654185774288
61.121324217486084
61.49471632171324
61.34810094588085
62.04651020912575
60.78101912853015
60.405931001049375
59.79094530851789
60.10547848341119
59.41143440857297
59.72035429718384
59.11068930540982
59.311051800072704
59.26507257563981
58.88776639310429
58.649115787374704
58.31341549161861
59.71548249766811
60.08151145409502
59.83391016547437
60.47352028588707
60.29103873807978
60.96081717315619
61.78272044127716
60.66926829653149
59.94571537796496
59.87757504898958
61.45407753654589
60.92837101998057
61.95234591420056
61.874468383744876
60.57173725447815
59.88454207652022
60.86237599443212
60.02754813113864
60.42628818353091
61.94115012559537
60.83224801542905
60.55862268539826
60.581516862279464
61.63972432398052
62.02081013153632
61.59159467891314
61.76910655808097
62.21638858033512
62.44750920306047
62.39165165592645
61.81839741124357
61.01707465376713
60.15573553479393
60.179164923503066
61.06467816120066
60.975153230736716
62.18559236465058
61.93050898927696
62.437260616587565
62.71719193171448
61.88204203506171
61.665758454766554
61.462852817357685
61.510066070848296
61.84042809759864
61.60553324909775
62.28436079076845
62.824153517633775
61.56844242066008
61.326423469573676
61.844057638990584
62.166040321520335
62.03196484472208
61.37002256557828
61.65691807980317
62.30645910473293
61.05502624337277
62.56137951393126
62.18189627753659
61.476633477774065
61.32601134370638
61.034424723421665
61.21892754642919
60.78893239496645
60.555256623507525
61.06307585900479
61.51089689214032
61.26678390492414
61.02414618766891
60.26105105956104
59.78386735587539
60.99059171669903
61.56520216908243
61.256087292258016
61.71087433469791
61.05363455231784
61.30282603039953
60.68828374833988
61.271256844838526
62.34217498577831
61.58988622991845
62.06346040624383
61.86156239116437
61.64350823327031
61.692450140604734
60.89759857302764
61.11577376184398
63.456638205274956
62.10348965873665
62.31916765378849
61.48505888989096
61.32141053719326
61.767861013638665
61.19261218371066
61.11058537944495
59.89878197726144
60.86005317120445
60.23112383470822
60.78407418572203
60.585707050958725
61.32373045762404
61.487246666770055
61.74392831290608
61.310036956530176
59.80146460655726
60.28630570846782
61.269013001203675
61.42198541215599
61.336867782513345
60.8948285834304
59.564061814775414
59.95183468278682
59.7262103503815
59.654557146683516
60.55178830992779
61.63183259668367
61.43130804664659
60.56484151554054
59.71588813364526
60.58028514986036
59.52628450027149
60.235825033803934
59.31466333478766
59.44802713464935
60.19830511414373
61.352207234502416
59.98799060965075
60.5671437679462
60.633110827193974
60.38661193618031
59.8480489691076
59.90323693735813
60.9011301470093
61.56620736344694
61.639575057318176
61.46924658150813
60.50866233209804
61.465155151192604
61.50720663325348
61.81933459463707
61.55730345707851
60.63842263609948
60.790068295954306
60.03082616676299
59.69708538774176
61.602916658869624
61.48678027922335
60.106960227621585
60.865823996672454
60.83539251470496
61.4003853048432
61.3723095138665
62.191724285995505
61.35148031892115
61.05556095635079
61.099963852771815
60.75429960532986
60.14740815314667
61.07888262884399
61.228413453924965
61.46936863168413
60.97031459959529
61.44193462855065
61.537158007530024
60.78377400592321
60.56912784522759
61.50447432861607
60.479199820092816
60.48251971064188
60.35023786507576
60.39509570466425
61.00988894930285
61.37829773104434
60.6446537209425
60.39665469343541
61.23535743962133
61.90284417035864
62.074140565214904
61.10906139313123
61.729923611467406
62.51305791289645
61.56488392283212
61.94792845572672
61.39058570953835
61.16540745909763
61.264855705347756
61.17780588504286
59.876893358933245
60.08875665240273
60.4033378729807
59.621110800349626
59.040085397155146
59.37463160851452
58.60556499715104
59.12936144915375
60.516725201786265
59.82438915404441
59.26131164236053
59.976850333250766
60.124613454286
60.09578270407896
60.81005358119743
61.007961242595314
59.148646522270106
59.520146458659966
60.82325419835413
60.63295412540002
60.51570705795111
60.10949144522872
60.567855083550235
60.1972785654691
60.20162707476475
58.702979161341986
60.09214643801658
60.39314309858024
60.2309310509287
61.315961843176915
59.998031081677034
61.10085486489902
60.521724464272104
60.653838875260085
60.09444778850314
61.04869476122108
61.11016932774731
61.74941798765031
61.52688710013434
61.4044796117963
61.89512008535458
60.69543062289209
60.695259637301824
61.175790491340415
62.11152296739723
61.13658466136777
60.454324852150584
60.4917073317545
60.04382910843308
60.67809188302756
59.804096260056625
61.219153508205224
61.39530516221209
61.0488366819148
61.03378170479653
60.23074470048654
60.105727311416224
60.93858066193554
61.27864383740619
60.58024611398164
60.34286231801887
60.722010631182684
60.91996142424886
60.40132734372072
60.36572049337098
60.03502539395986
60.791780438437414
60.33319929391746
60.01539256013169
60.846253848075634
