47.77732783001312
48.61800820295817
50.03374389910679
50.78083058814546
51.73056163165169
52.69688904368308
53.040663676087306
52.78382061747974
53.48009646395005
53.74318518556637
54.28137905335844
55.30951275023295
55.61842948272157
56.412655281994894
56.35810825406257
55.53375616881204
55.31188848682548
56.13456590344559
56.65470887216981
56.8256932785744
57.09234485073536
56.81249069553376
56.45399388280046
56.057680227607165
55.778247772085734
56.417213668039246
56.9987746706007
56.497214575442854
57.19088256825567
57.20520774084254
56.37045906068972
57.841346679097995
58.24544812851666
56.988691455715845
57.06212830034704
57.08339690022492
57.3318156982309
57.39564857253997
56.55908712864653
57.17195564365362
57.848387812267354
57.18047587228387
57.583445041052975
56.645882914369395
56.400036093017704
57.22370451570568
57.106720081977876
56.798714093878885
56.03695359478637
55.68140665727379
55.73040363207875
56.68938693098599
56.47745278655352
56.257531342244405
56.35598738425821
56.72882667874583
57.12160534721946
57.30598656706573
57.319785070486574
57.725503913971004
57.32954876580687
57.596573840887835
57.27991312131349
57.63961576645252
58.73805425012001
58.31614974233596
58.03383761335241
57.65309648810488
56.41918711017531
56.164985091261585
56.54885435730894
57.13554398635074
56.46326915745198
57.09459560478306
57.29284369347602
58.093125526521824
58.81685196445747
58.831766988051825
58.4307059283962
57.962665367946606
58.045587980486744
58.72504738107377
59.033980256873846
58.27811527323063
57.35464788411346
57.365270218548105
57.324996930388544
58.51022101003244
58.43259859171551
58.150857651206415
57.84804747910705
59.236782379202715
59.77465485492858
60.20479892824137
59.28021478670185
58.941016391258565
59.015761321045304
58.20269925452701
58.78669611170316
59.32701656835008
59.1033094974154
58.928322251044015
58.71064895594384
59.47263025179288
59.849246525643025
59.50148214973001
59.39800580590317
59.14347972461763
60.41335172752805
60.25887932617452
59.69617334510191
59.89431154654905
59.910157570623504
60.12972857054204
58.73920402472741
58.827353449634515
59.002632411738816
59.31130515946217
59.73236233616254
59.65890660227786
59.356602044973236
58.96830371101962
58.839023086672434
59.49613164963482
59.58345226071398
59.67258009998351
59.447189780961274
59.33326503197837
58.896175827825694
58.644049907598834
59.28302266356305
59.949867775694955
59.868426001530715
60.56610589989645
60.34700302585093
60.498105881327106
60.11748564975874
60.18303219438985
60.45138719794583
58.54266804353635
56.915608842567394
56.599893766882154
57.475122990586804
58.54270854180299
59.05766217554501
58.97281425819755
60.07955959713721
59.6384161934955
59.44892869305613
59.900115172124565
60.550857621362454
59.92304366466173
59.292556790387174
59.9198516042314
59.48398614299928
58.78052572452457
58.93172559100943
58.56574211667782
58.44111880368157
58.22604635053877
58.742698001831634
59.35854368766996
60.29607283354452
59.66887254845552
58.66652957212005
58.536789908955264
59.0660820033313
59.58559996447525
59.83944401985142
60.24523703952304
59.55131616462381
58.43087696315466
59.03495006238106
59.53724816827346
60.0057495699685
59.97764888991305
59.55602660887179
59.6568011141623
60.7419891443517
61.09296685000652
60.606840174616885
60.20146787395701
59.89131045557762
59.68385180215088
60.19375219805717
61.11840617263631
60.364614758166894
60.168736756157976
59.96173464573935
58.94216047576367
59.469866092196334
59.75034299653146
59.913842922740855
59.784777345993476
60.0764054440423
60.187386093430796
59.76626534613954
60.664182199132625
59.817475560273905
59.13539341552511
60.08927519750216
60.049306773268356
59.1264849078684
58.669099796950135
59.40003579683225
59.6846393786086
60.10573545320426
59.90788078822933
59.75040996393655
59.12663414724744
59.08786147635363
59.18560243605169
59.5637720827633
58.956380256023834
58.63476801468221
59.47929214103194
60.31949578845686
60.165009378134044
59.8757887672468
60.27794574667674
60.10669457908044
59.50774934601096
59.931630727390385
60.251047716955064
60.65662776180918
60.06213830156652
60.53523021374392
60.30071672680652
59.952461298727414
60.16215794391916
60.164267936490475
60.46150661156858
61.136378013712445
60.0957830952814
59.64099664800605
59.332564094383436
59.27027532422774
58.98280302083733
58.99686598408143
58.6164046183782
58.572421890593155
58.53616642910885
57.64333263111465
57.777532616799725
57.94621871259789
59.106187199018365
59.14784736684159
59.40323157993227
59.66639862334194
59.86250437817599
60.75020664921506
60.29055909795518
59.1855305246753
59.187191411462514
59.94045412490679
60.134870587322204
60.202650374654674
61.28075512587485
60.22369629463547
59.50545453441455
59.197163677768614
59.54107965981684
59.01887915314565
60.355179910141445
59.92017862533451
59.549035981155114
59.33822413147964
60.1538010377345
60.73144472472521
60.58657755080035
60.375747908014354
61.136294353055
61.01364815596363
61.05731156514912
61.12404440670612
60.41491160462387
59.29240406165372
58.9769936429981
59.29825413120742
59.60617700576229
60.56068865265265
61.13920588553311
61.077120115747626
61.93682033559954
61.17975858632851
60.695684533660504
60.46089387513037
60.695250576060616
60.629834399286906
60.507048654038016
60.976248912716564
61.775743971798185
60.88724565278382
60.01318316743051
60.134803010197764
60.92887794212421
60.68875935493678
60.74714876996912
60.50938197355974
60.82845578818719
60.536456865017186
60.70426941759207
60.616505760913356
60.534673959462836
60.03929500335267
60.22872092179146
59.763452318525886
59.646477636123784
59.73576173267413
59.862438050664764
60.17297129607987
60.103147015956644
60.26091204279749
59.62886229729667
59.04533950794517
59.285956553605324
60.10755360982747
60.692631461646094
60.39115332217035
60.54169958302363
60.089145599105066
59.83292791743955
59.322246367939115
60.42861229968686
60.55908250767511
60.298805497215376
61.0452621297297
60.56149092948053
60.34217324865585
60.228893326255275
58.91935461308611
61.015113574741584
61.38895530232153
61.34878388857623
61.235108018267105
59.76473974256424
60.7148790758898
59.77872674093658
59.9469986947824
59.13965341718633
59.153688640077476
59.33300009923623
59.50136507848231
59.21280227038773
59.245669391137234
60.29268512837378
59.92219577820693
60.797102272211276
59.469263148688164
59.091241461815976
59.86531857253211
60.23749959400244
60.59304597656093
60.14384256438225
59.39977982353495
58.780742413120684
58.49224025042994
58.380950188385135
59.22735127923311
60.14295936980286
60.47858088743087
59.911784687177615
59.139699030549124
58.8944097748567
59.20378000918052
58.65413273803322
58.574448021255236
58.21295878354145
58.7934099578256
59.71641337023269
59.50093815779783
59.39586775363318
59.525534333342634
59.786140207546836
59.24649764704747
59.08357830547498
59.40309761524161
60.01687929551656
60.854528556963785
60.232437130751464
60.008568914037845
59.96318727937601
60.57554125830355
60.64308529095867
60.75316496279508
59.877855049829115
59.53336978508204
59.30525026900539
58.60923035841507
59.53644596231718
59.80215338991297
59.55732994239897
59.333343768618235
59.37928280692233
59.68802511789331
59.95468690253233
60.78218702470863
60.59124125079388
59.53410880060922
59.95067702469876
59.40179531709416
59.26818093153195
59.25133529451759
60.094465869818656
60.0166289587122
60.323475597261805
59.959714925713115
59.94685492394311
59.6434522048669
59.33735786799805
59.84060434376185
59.779906967838066
59.1844599591536
58.94368135804208
59.1655560539397
59.16690027828296
59.87392389246127
59.53162908044473
58.87047614973597
59.23931034475402
60.338182029745646
60.4877950687086
60.64331053783823
60.03818318267448
61.528785131465064
61.130086932177974
60.40779602343192
60.52031242144223
60.59973675421116
59.975091598282184
60.236256123996846
59.59454063351135
58.7241341569422
59.11065873709733
58.80038803015737
58.530403600854214
58.04221300992385
58.07797118134386
57.81021701559168
58.673436445031385
59.01331298417824
58.409100403515694
58.47535973752974
58.81927813795134
59.168184347745566
59.58766238925204
59.642113529901714
58.74575689402397
58.07902517297395
59.42108460438691
59.775883888885254
59.339536227170285
59.5182941633121
59.39399615014137
59.08580048304307
59.05459834705469
57.81809509414373
57.790831399988654
59.569614829521996
59.188236721345085
59.5661425481403
59.31075089944038
59.57704247895056
59.871850124122744
59.346206638458746
59.12238829116805
59.30925829477225
60.19939927116551
60.55935957136994
60.8514667474088
60.3500539020132
60.66661426608466
60.2425227033164
59.689668435282144
59.75892205364992
60.48437047842273
60.53582738234714
59.64011929722038
59.416774300927
59.0127426691577
58.91088101932398
58.99744071787777
59.477189703375416
60.42388988715425
60.22580091136637
59.98124615313275
59.209628173235416
59.14990820739981
59.21190012998431
60.12638638872632
60.100254972943326
59.34302813450374
59.33908869631036
59.634831599482034
59.48667675757541
59.485700796696186
58.841502623170534
59.48457167641562
59.36062766116636
58.692371181048614
59.23517550231387
