32.80295315682281
32.589747377751515
31.40911405295316
35.162601626016254
31.79098778004073
35.67185850052798
33.55228237791932
33.55228237791932
36.809568606370114
38.791672952179816
46.814744801512276
46.814744801512276
46.814744801512276
48.98944193061841
48.98944193061841
50.19108280254777
50.19108280254777
50.8067940552017
50.8067940552017
50.8067940552017
50.8067940552017
50.8067940552017
50.8067940552017
50.8067940552017
50.8067940552017
51.63481953290871
51.63481953290871
52.48407643312102
52.48407643312102
52.48407643312102
48.14225053078557
50.86595492289443
50.86595492289443
50.86595492289443
50.86595492289443
50.86595492289443
50.86595492289443
50.86595492289443
50.86595492289443
50.86595492289443
51.81494661921708
51.81494661921708
46.80709534368071
51.81494661921708
51.81494661921708
51.81494661921708
51.81494661921708
51.81494661921708
51.81494661921708
51.81494661921708
51.81494661921708
46.7686658506732
46.7686658506732
51.81494661921708
51.81494661921708
51.81494661921708
51.81494661921708
51.81494661921708
51.81494661921708
51.81494661921708
51.81494661921708
51.81494661921708
51.81494661921708
51.81494661921708
51.81494661921708
51.81494661921708
51.81494661921708
51.81494661921708
51.81494661921708
51.81494661921708
51.81494661921708
51.81494661921708
51.81494661921708
51.81494661921708
51.81494661921708
51.81494661921708
51.81494661921708
51.81494661921708
51.81494661921708
51.81494661921708
51.81494661921708
51.81494661921708
51.81494661921708
51.81494661921708
51.81494661921708
51.81494661921708
51.81494661921708
51.81494661921708
53.41637010676156
53.41637010676156
53.41637010676156
53.41637010676156
53.41637010676156
53.41637010676156
53.41637010676156
53.41637010676156
53.41637010676156
53.41637010676156
53.41637010676156
53.41637010676156
53.41637010676156
53.41637010676156
53.41637010676156
53.41637010676156
53.41637010676156
53.41637010676156
53.41637010676156
53.41637010676156
53.41637010676156
53.41637010676156
53.41637010676156
53.41637010676156
53.41637010676156
53.41637010676156
53.41637010676156
53.41637010676156
53.41637010676156
53.41637010676156
53.41637010676156
53.41637010676156
53.41637010676156
53.41637010676156
53.41637010676156
53.41637010676156
53.41637010676156
53.41637010676156
53.41637010676156
53.41637010676156
53.41637010676156
53.41637010676156
53.41637010676156
53.41637010676156
53.41637010676156
53.41637010676156
53.41637010676156
53.41637010676156
53.41637010676156
53.41637010676156
53.41637010676156
53.41637010676156
53.41637010676156
53.41637010676156
53.41637010676156
53.41637010676156
53.41637010676156
53.41637010676156
53.41637010676156
53.41637010676156
53.41637010676156
53.41637010676156
53.41637010676156
53.41637010676156
53.41637010676156
53.41637010676156
53.41637010676156
53.41637010676156
53.41637010676156
53.41637010676156
53.41637010676156
53.41637010676156
53.41637010676156
53.41637010676156
53.41637010676156
53.41637010676156
53.41637010676156
53.41637010676156
53.41637010676156
53.41637010676156
53.41637010676156
53.41637010676156
53.41637010676156
53.41637010676156
53.41637010676156
53.41637010676156
53.41637010676156
53.41637010676156
53.41637010676156
53.41637010676156
53.41637010676156
53.41637010676156
53.41637010676156
53.41637010676156
53.41637010676156
53.41637010676156
53.41637010676156
53.41637010676156
53.41637010676156
53.41637010676156
53.41637010676156
53.41637010676156
53.41637010676156
53.41637010676156
53.41637010676156
53.41637010676156
53.41637010676156
53.41637010676156
53.41637010676156
53.41637010676156
53.41637010676156
53.41637010676156
