11300.0
5620.0
5620.0
5620.0
5620.0
4820.0
4820.0
4820.0
4820.0
4820.0
4820.0
4820.0
4820.0
4820.0
4820.0
4820.0
4820.0
4820.0
4820.0
4820.0
4820.0
4820.0
4820.0
4820.0
4820.0
4820.0
4820.0
4820.0
4820.0
4820.0
4820.0
4620.0
4620.0
4620.0
4620.0
4620.0
4620.0
4620.0
4620.0
4620.0
4620.0
4620.0
4620.0
4620.0
4620.0
4620.0
4620.0
4620.0
4620.0
4620.0
4620.0
4620.0
4620.0
4620.0
4620.0
4620.0
4620.0
4620.0
4620.0
4620.0
4620.0
4620.0
4620.0
4620.0
4620.0
4620.0
4620.0
4620.0
4620.0
4620.0
4620.0
4620.0
4620.0
4620.0
4620.0
4620.0
4620.0
4620.0
4620.0
4620.0
4620.0
4620.0
4620.0
4620.0
4620.0
4620.0
4620.0
4620.0
4620.0
4620.0
4620.0
4620.0
4620.0
4620.0
4620.0
4620.0
4620.0
4620.0
4620.0
4620.0
4620.0
4620.0
4620.0
4620.0
4620.0
4620.0
4620.0
4620.0
4620.0
4620.0
4620.0
4620.0
4620.0
4620.0
4620.0
4620.0
4620.0
4620.0
4620.0
4620.0
4620.0
4620.0
4620.0
4620.0
4620.0
4620.0
4620.0
4620.0
4620.0
4620.0
4620.0
4620.0
4620.0
4620.0
4620.0
4620.0
4620.0
4620.0
4620.0
4620.0
4620.0
4620.0
4620.0
4620.0
4620.0
4620.0
4620.0
4620.0
4620.0
4620.0
4620.0
4620.0
4620.0
4620.0
4620.0
4620.0
4620.0
4620.0
4620.0
4620.0
4620.0
4620.0
4620.0
4620.0
4620.0
4620.0
4620.0
4620.0
4620.0
4620.0
4620.0
4620.0
4620.0
4620.0
4620.0
4620.0
4620.0
4620.0
4620.0
4620.0
4620.0
4620.0
4620.0
4620.0
4620.0
4620.0
4620.0
4620.0
4620.0
4620.0
4620.0
4620.0
4620.0
4620.0
4620.0
4620.0
4620.0
4620.0
4620.0
4620.0
