42346.0
36876.75
36063.833333333336
34512.583333333336
31662.416666666668
28408.916666666668
29635.75
27912.083333333332
31187.333333333332
35589.166666666664
37303.833333333336
37645.75
37444.0
38625.25
35987.166666666664
36415.5
37819.083333333336
40412.666666666664
39196.916666666664
38230.166666666664
41003.333333333336
40341.333333333336
42316.666666666664
41322.5
36416.333333333336
36525.333333333336
37825.0
38692.333333333336
37527.333333333336
36263.0
30378.0
28089.333333333332
27182.0
28447.333333333332
29367.333333333332
29946.666666666668
28453.333333333332
28277.0
29812.666666666668
29118.0
29686.0
30470.0
27851.333333333332
29127.666666666668
27939.0
25655.333333333332
31046.0
28754.0
28137.416666666668
28979.333333333332
31900.333333333332
27668.75
26187.0
26541.333333333332
24867.0
22872.666666666668
25064.0
26153.0
25547.333333333332
26794.666666666668
25429.333333333332
25694.666666666668
28394.666666666668
26528.0
26702.0
26030.666666666668
27345.666666666668
26180.333333333332
28323.333333333332
29515.333333333332
30511.333333333332
29296.333333333332
28843.666666666668
31234.0
29759.666666666668
28956.0
30909.333333333332
30685.666666666668
28652.666666666668
30853.333333333332
31043.666666666668
31305.0
30014.666666666668
28996.333333333332
29033.0
29950.0
30446.333333333332
30877.666666666668
31878.333333333332
31205.666666666668
31989.0
32608.0
33018.0
31635.333333333332
31699.0
32011.333333333332
30403.0
31341.333333333332
30598.333333333332
30346.666666666668
29134.666666666668
30429.333333333332
30751.0
29406.666666666668
29971.333333333332
31044.0
30689.0
30664.0
31191.333333333332
31435.333333333332
30428.666666666668
31196.666666666668
31070.333333333332
29553.666666666668
31586.0
29921.666666666668
31221.666666666668
30281.333333333332
29756.0
29567.666666666668
29299.666666666668
30471.666666666668
30754.333333333332
30476.666666666668
29166.0
29940.333333333332
30665.0
28594.333333333332
30451.666666666668
30893.666666666668
29568.333333333332
30444.0
31430.333333333332
30029.666666666668
30099.0
31117.666666666668
29882.666666666668
29675.666666666668
30538.0
31506.666666666668
31138.666666666668
31184.0
30449.0
31384.0
30577.666666666668
31247.0
30635.333333333332
28783.666666666668
31288.0
30694.666666666668
30260.666666666668
29215.666666666668
30459.333333333332
28519.666666666668
31458.0
31293.666666666668
31042.0
30359.666666666668
29932.666666666668
30470.666666666668
29718.666666666668
31319.333333333332
29635.333333333332
28292.333333333332
30011.0
30387.0
28943.666666666668
31220.666666666668
29494.666666666668
31091.666666666668
31473.0
30826.0
30373.333333333332
30476.666666666668
30003.0
28864.333333333332
29688.0
30261.0
29720.333333333332
30892.0
30194.333333333332
30993.333333333332
30510.333333333332
30826.0
30797.333333333332
30881.333333333332
28865.0
29214.0
30391.666666666668
29320.0
29722.666666666668
30004.333333333332
31244.0
30282.666666666668
29403.333333333332
30204.333333333332
30838.333333333332
30792.666666666668
30675.666666666668
30825.0
