133828.0
114948.0
114948.0
114948.0
114948.0
114948.0
99438.0
99438.0
99438.0
95158.0
81548.0
81548.0
81548.0
81548.0
81548.0
72052.0
72052.0
72052.0
72052.0
72052.0
71850.0
71850.0
71850.0
71850.0
70864.0
67824.0
67824.0
67824.0
67824.0
67824.0
67824.0
67824.0
67824.0
67824.0
65176.0
65176.0
65176.0
65176.0
65176.0
65176.0
65176.0
65176.0
65176.0
65176.0
65176.0
65176.0
65176.0
65176.0
65176.0
65176.0
65176.0
65176.0
65176.0
63430.0
63430.0
63430.0
63430.0
63430.0
63430.0
51818.0
51818.0
51818.0
51818.0
50888.0
50888.0
50888.0
50888.0
50888.0
50888.0
50888.0
50888.0
49714.0
49714.0
49714.0
49714.0
48722.0
48722.0
48722.0
48722.0
48722.0
48722.0
48722.0
48722.0
48722.0
48722.0
48722.0
48722.0
48722.0
46834.0
46834.0
46834.0
46834.0
46834.0
46834.0
46834.0
46834.0
44174.0
44174.0
44174.0
44174.0
43960.0
43960.0
43960.0
43960.0
43960.0
43960.0
43960.0
42544.0
42544.0
42544.0
42544.0
42544.0
42544.0
42544.0
42544.0
42544.0
42544.0
42544.0
42544.0
42544.0
42544.0
40056.0
40056.0
40056.0
40056.0
40056.0
40056.0
40056.0
40056.0
39874.0
39874.0
39874.0
39874.0
39874.0
39874.0
39564.0
39564.0
39564.0
39564.0
39564.0
39564.0
39564.0
39564.0
39564.0
39564.0
38636.0
38636.0
37594.0
33924.0
33924.0
33924.0
33924.0
33924.0
33924.0
33924.0
33924.0
33924.0
33924.0
33924.0
33924.0
33924.0
33924.0
33924.0
33924.0
33924.0
31258.0
31258.0
31258.0
31258.0
31258.0
29414.0
29414.0
29414.0
29414.0
29414.0
29414.0
29414.0
29414.0
29414.0
29414.0
29414.0
29414.0
29414.0
29414.0
29414.0
29414.0
29414.0
29414.0
29414.0
29414.0
29414.0
29414.0
29414.0
29414.0
29414.0
29414.0
29414.0
29414.0
29414.0
29414.0
29414.0
29414.0
29414.0
29414.0
29414.0
29414.0
29414.0
29414.0
29414.0
29414.0
29414.0
29414.0
29414.0
29414.0
29414.0
29414.0
29414.0
29414.0
29134.0
29134.0
29134.0
29134.0
29134.0
29134.0
29134.0
29054.0
29054.0
29054.0
29054.0
29054.0
29054.0
29054.0
29054.0
29054.0
29054.0
29054.0
29054.0
29054.0
29054.0
29054.0
29054.0
29054.0
29054.0
29054.0
29054.0
29054.0
29054.0
29054.0
29054.0
29054.0
29054.0
29054.0
29054.0
29054.0
29054.0
29054.0
29054.0
29054.0
29054.0
29054.0
27736.0
27736.0
27736.0
27736.0
27736.0
27736.0
27736.0
27736.0
27736.0
27736.0
27736.0
27736.0
27736.0
27736.0
27736.0
27736.0
27736.0
27736.0
27736.0
27736.0
27736.0
27736.0
27736.0
27736.0
27666.0
27666.0
27666.0
27666.0
27666.0
27666.0
27666.0
27666.0
27666.0
27666.0
27666.0
27666.0
27666.0
27666.0
27296.0
27296.0
27296.0
27296.0
27296.0
27296.0
27296.0
27296.0
27296.0
27296.0
27296.0
27296.0
27296.0
27296.0
27296.0
27296.0
27296.0
27296.0
27296.0
27296.0
27296.0
27296.0
27296.0
27296.0
27296.0
27296.0
27296.0
27296.0
27296.0
27296.0
27296.0
27296.0
27296.0
27296.0
27296.0
27296.0
27296.0
27296.0
27296.0
27296.0
27296.0
27296.0
26866.0
26866.0
26866.0
26866.0
26866.0
26866.0
26866.0
26866.0
26866.0
26866.0
26866.0
26866.0
26866.0
26866.0
26866.0
26866.0
26866.0
26866.0
26586.0
26586.0
26586.0
26506.0
26146.0
26146.0
26146.0
26146.0
26146.0
26146.0
26146.0
26146.0
26146.0
26146.0
26146.0
26146.0
26146.0
26146.0
26146.0
26146.0
26146.0
26146.0
26146.0
26146.0
26146.0
26146.0
26146.0
26146.0
26146.0
26146.0
26146.0
26146.0
26146.0
26146.0
26146.0
26146.0
26146.0
26146.0
26146.0
26146.0
26146.0
26146.0
