46.44260560719414
47.64675724173289
50.63745769086124
52.7014835605453
52.7014835605453
52.7014835605453
51.32023503488799
50.73461091753775
50.73461091753775
51.11894450599255
50.56427469835798
50.56427469835798
50.41730926245124
50.41730926245124
50.41730926245124
50.41730926245124
50.36015603737639
50.36015603737639
50.36015603737639
50.37194956001089
53.305311425296146
53.586511155123816
54.87546215216969
54.99610173420148
54.99610173420148
57.19607642093032
57.19607642093032
57.19607642093032
57.19607642093032
64.32306151963512
64.32306151963512
64.32306151963512
64.32306151963512
64.32306151963512
64.87929691845589
64.87929691845589
64.87929691845589
64.95428221196545
65.8649353204466
65.8649353204466
65.8649353204466
63.28344575604271
65.8649353204466
64.39925598804103
65.8649353204466
64.05735084353942
65.3324971718066
65.3324971718066
65.3324971718066
65.3324971718066
65.3324971718066
65.3324971718066
65.3324971718066
63.12796638008178
63.12796638008178
63.12796638008178
63.12796638008178
63.12796638008178
63.12796638008178
63.58106500832568
63.58106500832568
63.58106500832568
62.83058037729037
62.6738248301646
62.6738248301646
62.6738248301646
64.56381138166068
64.56381138166068
64.56381138166068
64.56381138166068
64.56381138166068
64.56381138166068
68.79083137342741
68.79083137342741
68.79083137342741
68.79083137342741
68.79083137342741
68.98371100409402
68.98371100409402
68.98371100409402
68.98371100409402
68.8951628082063
68.98371100409402
68.98371100409402
68.98371100409402
68.98371100409402
68.98371100409402
69.38829286655374
67.23135149514515
67.23135149514515
67.23135149514515
67.23135149514515
64.5637645022828
67.23135149514515
64.62893691696685
64.62893691696685
64.62893691696685
66.57235099938332
66.57235099938332
66.57235099938332
66.57235099938332
66.57235099938332
66.57235099938332
66.57235099938332
66.57235099938332
66.81418604369959
66.81418604369959
66.81418604369959
66.81418604369959
66.81418604369959
66.81418604369959
67.45773732119636
67.45773732119636
67.45773732119636
67.45773732119636
67.24275295703868
67.24275295703868
67.24275295703868
67.268699128257
67.45773732119636
67.45773732119636
66.59201464142946
66.59201464142946
66.59201464142946
66.59201464142946
66.59201464142946
66.59201464142946
66.59201464142946
66.59201464142946
66.59201464142946
66.59201464142946
66.59201464142946
66.59201464142946
66.59201464142946
66.59201464142946
66.59201464142946
66.59201464142946
66.59201464142946
66.59201464142946
66.59201464142946
69.61164439425309
69.61164439425309
69.61164439425309
69.61164439425309
69.61164439425309
67.5492462553581
67.47820642489043
67.5492462553581
67.85628281076917
67.85628281076917
67.87675191446323
67.87675191446323
67.87675191446323
67.87675191446323
67.87675191446323
67.87675191446323
67.87675191446323
67.87675191446323
67.87675191446323
67.87675191446323
67.87675191446323
67.87675191446323
67.37706497134326
67.37706497134326
67.37706497134326
67.34094302364784
65.08287422067819
65.08287422067819
65.08287422067819
67.34094302364784
67.58175600828397
67.56971535905217
67.56971535905217
67.56971535905217
67.58175600828397
67.58175600828397
67.58175600828397
67.58175600828397
67.58175600828397
67.58175600828397
67.58175600828397
67.58175600828397
67.58175600828397
67.58175600828397
67.58175600828397
67.58175600828397
67.58175600828397
67.58175600828397
67.58175600828397
67.58175600828397
67.58175600828397
67.58175600828397
67.58175600828397
67.58175600828397
67.58175600828397
67.58175600828397
67.58175600828397
67.58175600828397
67.58175600828397
67.58175600828397
67.58175600828397
67.58175600828397
67.58175600828397
67.58175600828397
67.58175600828397
67.58175600828397
67.58175600828397
67.58175600828397
67.58175600828397
67.58175600828397
67.58175600828397
67.58175600828397
67.58175600828397
67.58175600828397
67.58175600828397
67.58175600828397
67.58175600828397
67.58175600828397
67.58175600828397
67.58175600828397
67.59981698213168
67.59981698213168
67.59981698213168
67.59981698213168
67.59981698213168
66.81717478206426
66.81717478206426
66.81717478206426
66.81717478206426
66.81717478206426
66.81717478206426
66.81717478206426
66.81717478206426
66.81717478206426
66.81717478206426
66.81717478206426
67.04233492269904
67.04233492269904
67.04233492269904
67.04233492269904
67.04233492269904
67.99956653662767
67.99956653662767
67.99956653662767
67.99956653662767
68.05976978278669
68.05976978278669
68.05976978278669
68.05976978278669
68.05976978278669
68.05976978278669
68.05976978278669
68.05976978278669
68.05976978278669
68.05976978278669
68.05976978278669
68.05976978278669
68.05976978278669
68.05976978278669
68.05976978278669
68.33068439050234
68.33068439050234
68.33068439050234
68.33068439050234
68.33068439050234
68.33068439050234
68.33068439050234
68.36078601358186
68.36078601358186
68.36078601358186
68.36078601358186
68.36078601358186
68.36078601358186
68.36078601358186
68.63170062129751
68.63170062129751
68.63170062129751
68.63170062129751
68.63170062129751
68.63170062129751
68.63170062129751
68.63170062129751
68.63170062129751
66.9773852910943
68.63170062129751
68.41617300004818
68.49323315513173
68.49323315513173
68.49323315513173
68.63170062129751
68.63170062129751
68.63170062129751
68.63170062129751
68.63170062129751
68.63170062129751
64.34857771491436
68.63170062129751
68.63170062129751
68.63170062129751
68.63170062129751
68.63170062129751
68.63170062129751
68.63170062129751
68.63170062129751
68.63170062129751
68.63170062129751
68.7376583345374
68.7376583345374
68.7376583345374
68.7376583345374
68.7376583345374
68.7376583345374
68.7376583345374
68.7376583345374
68.7376583345374
68.7376583345374
68.67745508837838
68.67745508837838
68.66541443914656
68.66541443914656
68.66541443914656
68.7376583345374
68.7376583345374
68.7376583345374
68.7376583345374
68.7376583345374
68.7376583345374
68.05976978278669
68.63531281606704
68.7376583345374
66.97087518450518
68.7376583345374
68.51490632374899
68.7376583345374
68.7376583345374
68.7376583345374
68.7376583345374
68.78822906131099
68.78822906131099
68.78822906131099
69.39989404228676
69.39989404228676
69.39989404228676
67.48060802114856
69.39989404228676
69.39989404228676
68.4264075518952
68.4264075518952
69.39989404228676
69.39989404228676
69.39989404228676
69.39989404228676
69.39989404228676
69.39989404228676
69.15065260318836
69.15065260318836
69.15065260318836
69.15065260318836
69.0988778114916
69.0988778114916
69.0988778114916
68.79184125608053
68.07542262678804
68.8062900351587
68.8062900351587
68.8062900351587
67.67446900736887
68.8062900351587
68.8062900351587
68.8062900351587
68.8062900351587
68.8062900351587
68.5871502191398
68.8062900351587
68.8062900351587
68.8062900351587
68.8062900351587
68.8062900351587
68.8062900351587
68.8062900351587
68.8062900351587
68.8062900351587
68.8062900351587
68.8062900351587
68.8123103597746
68.8123103597746
69.11934691518566
69.11934691518566
69.11934691518566
69.11934691518566
69.11934691518566
69.11934691518566
69.11934691518566
69.11934691518566
69.11934691518566
69.11934691518566
69.11934691518566
69.11934691518566
69.11934691518566
69.11934691518566
