71.03686243326138
71.2058389185505
71.39753493127343
72.26182489097619
73.95348176757923
73.95348176757923
74.58915631469979
74.58915631469979
74.58915631469979
75.38185682029486
75.38185682029486
75.38185682029486
75.38185682029486
75.38185682029486
76.32084080682212
76.4530035558073
76.71223785505708
77.99773000400587
78.08452396848712
78.08452396848712
78.08452396848712
78.08452396848712
78.08452396848712
78.19228517530736
78.19228517530736
78.19228517530736
78.19228517530736
78.19228517530736
78.19228517530736
78.19228517530736
78.19228517530736
78.19228517530736
78.19228517530736
78.19228517530736
78.19228517530736
78.19228517530736
78.19228517530736
78.19228517530736
78.23944578156508
78.44922916802186
78.44922916802186
78.44922916802186
78.44922916802186
78.44922916802186
78.44922916802186
78.44922916802186
78.44922916802186
78.44922916802186
78.44922916802186
78.53351582320738
78.53351582320738
78.53351582320738
78.53351582320738
78.53351582320738
78.53351582320738
78.53351582320738
78.53351582320738
78.53351582320738
78.53351582320738
78.53351582320738
78.53351582320738
78.54853785552143
78.54853785552143
78.54853785552143
78.54853785552143
78.54853785552143
78.54853785552143
78.54853785552143
78.54853785552143
78.54853785552143
78.54853785552143
78.54853785552143
78.54853785552143
78.67876564661968
78.67876564661968
78.67876564661968
78.67876564661968
78.67876564661968
78.67876564661968
78.67876564661968
78.67876564661968
78.7124227421286
78.7124227421286
78.7124227421286
78.74963595767402
78.74963595767402
78.74963595767402
78.74963595767402
78.74963595767402
78.74963595767402
80.12776186242549
80.12776186242549
80.12776186242549
80.12776186242549
80.12776186242549
80.12776186242549
80.12776186242549
80.12776186242549
80.12776186242549
80.12776186242549
80.12776186242549
80.12776186242549
80.63952908310885
80.63952908310885
80.63952908310885
80.63952908310885
80.63952908310885
80.63952908310885
80.63952908310885
80.63952908310885
80.63952908310885
80.63952908310885
80.63952908310885
80.63952908310885
80.63952908310885
80.63952908310885
80.63952908310885
80.95494437375616
80.95494437375616
80.95494437375616
80.95494437375616
80.95494437375616
80.95494437375616
80.95494437375616
80.95494437375616
80.95494437375616
80.95494437375616
80.95494437375616
80.95494437375616
80.95494437375616
80.95494437375616
80.95494437375616
80.95494437375616
80.95494437375616
80.95494437375616
81.66534679601399
81.66534679601399
81.66534679601399
81.66534679601399
81.66534679601399
81.66534679601399
81.66534679601399
81.66534679601399
81.66534679601399
81.66534679601399
81.66534679601399
81.66534679601399
81.66534679601399
81.66534679601399
81.87982577707385
81.87982577707385
81.87982577707385
81.87982577707385
81.8963241602323
81.90952286675905
81.90952286675905
81.90952286675905
81.90952286675905
81.90952286675905
81.90952286675905
81.90952286675905
81.90952286675905
81.90952286675905
81.9260212499175
82.23124133834885
82.23124133834885
82.23124133834885
82.23124133834885
82.23124133834885
82.23124133834885
82.23124133834885
82.23124133834885
82.23124133834885
82.23124133834885
82.23124133834885
82.23124133834885
82.23124133834885
82.23124133834885
82.23124133834885
82.52940595038055
82.52940595038055
82.52940595038055
82.52940595038055
82.52940595038055
82.52940595038055
82.52940595038055
82.52940595038055
82.52940595038055
82.52940595038055
82.52940595038055
82.52940595038055
82.52940595038055
82.52940595038055
82.52940595038055
82.52940595038055
82.52940595038055
82.52940595038055
82.52940595038055
82.52940595038055
82.52940595038055
82.52940595038055
82.52940595038055
82.52940595038055
82.52940595038055
82.52940595038055
82.52940595038055
82.52940595038055
82.52940595038055
82.52940595038055
82.52940595038055
82.96267009324241
82.96267009324241
82.96267009324241
82.96267009324241
82.96267009324241
82.96267009324241
82.96267009324241
82.96267009324241
82.96267009324241
82.96267009324241
82.96267009324241
82.96267009324241
82.96267009324241
82.96267009324241
82.96267009324241
82.96267009324241
82.96267009324241
82.96267009324241
82.96267009324241
82.96267009324241
82.96267009324241
82.96267009324241
82.96267009324241
82.96267009324241
82.96267009324241
82.98738097591513
82.98738097591513
82.98738097591513
82.98738097591513
82.98738097591513
82.98738097591513
82.98738097591513
82.98738097591513
82.98738097591513
82.98738097591513
82.98738097591513
82.98738097591513
82.98738097591513
82.98738097591513
82.98738097591513
82.98738097591513
82.98738097591513
82.98738097591513
82.98738097591513
82.98738097591513
82.98738097591513
82.98738097591513
82.98738097591513
82.98738097591513
82.98738097591513
82.98738097591513
82.98738097591513
82.98738097591513
82.98738097591513
82.98738097591513
82.98738097591513
82.98738097591513
82.98738097591513
82.98738097591513
82.98738097591513
82.98738097591513
82.98738097591513
82.98738097591513
82.98738097591513
82.98738097591513
82.98738097591513
82.98738097591513
82.98738097591513
82.98738097591513
82.98738097591513
82.98738097591513
82.98738097591513
82.98738097591513
82.98738097591513
82.98738097591513
82.98738097591513
82.98738097591513
82.98738097591513
82.98738097591513
82.98738097591513
82.98738097591513
82.98738097591513
82.98738097591513
82.98738097591513
82.98738097591513
82.98738097591513
82.98738097591513
82.98738097591513
82.98738097591513
82.98738097591513
82.98738097591513
82.98738097591513
82.98738097591513
82.98738097591513
82.98738097591513
82.98738097591513
82.98738097591513
82.98738097591513
82.98738097591513
82.98738097591513
82.98738097591513
82.98738097591513
82.98738097591513
82.98738097591513
82.98738097591513
82.98738097591513
83.0087970742315
83.0087970742315
83.0087970742315
83.0087970742315
83.0087970742315
83.0087970742315
83.0087970742315
83.0087970742315
83.0087970742315
83.0087970742315
83.0087970742315
83.0087970742315
83.06645580046786
83.06645580046786
83.06645580046786
83.06645580046786
83.06645580046786
83.06645580046786
83.06645580046786
83.06645580046786
83.06645580046786
83.06645580046786
83.06645580046786
83.06645580046786
83.06645580046786
83.06645580046786
83.06645580046786
83.06645580046786
83.06645580046786
83.06645580046786
83.06645580046786
83.06645580046786
83.06645580046786
83.06645580046786
83.06645580046786
83.06645580046786
83.06645580046786
83.06645580046786
83.06645580046786
83.06645580046786
83.06645580046786
83.06645580046786
83.06645580046786
83.06645580046786
83.06645580046786
83.06645580046786
83.12411452670422
83.12411452670422
83.12411452670422
83.12411452670422
83.12411452670422
83.12411452670422
83.12411452670422
83.12411452670422
83.12411452670422
83.12411452670422
83.12411452670422
83.12411452670422
83.12411452670422
83.12411452670422
83.12411452670422
83.12411452670422
83.12411452670422
83.20648413561332
83.20648413561332
83.20648413561332
83.20648413561332
83.20648413561332
83.20648413561332
83.20648413561332
83.20648413561332
83.20648413561332
83.20648413561332
83.20648413561332
83.20648413561332
83.20648413561332
83.20648413561332
83.20648413561332
83.20648413561332
83.20648413561332
83.20648413561332
83.20648413561332
83.20648413561332
83.20648413561332
