56.62217266076864
59.21065738041017
62.249975369115205
64.51327988074178
65.61035465963471
65.95001771045114
66.32696737852278
64.51413075846881
63.481679495970184
63.499322116296106
65.01830331854306
67.74476548632721
68.97487000937218
69.08143265063137
69.43360083732009
68.91483705338936
67.921740551385
68.37805632013536
69.02021638486444
69.41794365118098
70.36257156887847
70.55531145343463
71.0674383532627
71.7106155151044
72.24002877476848
73.12347050019066
73.15242192769749
73.08128273967739
73.49952990438666
74.87000316808711
75.49724687788618
75.41260580666392
75.5703200529585
75.59134571219381
75.77486771629653
75.80970537848306
75.89454825492516
76.19321142883307
76.96053345707173
76.86068120600686
76.6718652434538
76.34351759237776
76.64761200013626
76.18404924897888
75.91068571288824
75.74642747917657
75.82988104996653
75.85397099476549
75.84219120749779
75.87336066862981
75.60538781134412
75.54948364375542
75.49242317251391
74.88324395606001
74.51998499569983
74.48051029385546
74.3304799904501
74.87161632824184
74.55670459066145
75.28190838758233
75.4373192367698
75.11519694234931
74.65667581189322
74.31252489559229
74.07894957942096
74.76577029628974
75.41556837965763
75.56857569936253
75.6470967333644
75.66040792310936
75.78509402819495
75.62409115989047
75.9492572781626
75.69918731098599
75.629071945652
75.921413474486
75.8722035293724
75.77899736730403
75.33393141296162
75.49287722319362
75.41600786754344
74.86538952412782
74.57357608691234
74.48147555630023
74.38451416297707
74.47147346008629
74.48395811971565
74.67824565769477
74.68956079586243
74.5678894070914
74.63134370015227
74.63582655935798
74.06526228392491
74.30899626652078
74.26761922112894
74.11912197881115
73.55756538256132
73.45102925231525
73.52956681456709
73.4642337567459
74.0052468403463
73.97862868115324
73.89787772803116
73.95703708635857
73.90262082598801
73.61960175393274
73.40624914373504
73.41144420977795
73.3743507156444
73.79169928952243
74.06296077595903
74.56519277202716
74.57160088318955
74.47011661304813
74.67144688407626
74.36705833032264
74.43412655428992
74.88291570149423
74.60815806704636
74.67968600251547
74.77317806471942
74.73782099820558
74.74871760110145
74.65311962150744
74.83632626643741
75.27385734836989
75.1981187399839
75.31402285707387
75.22060012334333
75.22069171329642
75.20920113533344
75.27650973233769
74.9853682597627
75.0795921764694
74.78184505353128
75.15649771968864
75.46811018102889
75.67457803908827
75.4775642116868
75.64189402610407
75.83791800334788
75.83791800334782
75.26281596431744
74.94025372762312
75.43744343222441
75.42086135306621
75.15137754393012
75.08900232426038
75.28475641004005
75.34238984072489
75.6135032902096
76.12412160774947
77.53052686725417
77.26181406056037
77.18270070645397
76.72422513538478
76.96858368180354
77.11974339852057
76.94942603508403
76.815253843705
76.89725831822321
76.45668733321578
76.31240258351433
76.06465905222792
75.47857088769281
75.20233821047991
74.81603467860182
75.06031667086127
75.61221048167506
75.55723540085286
75.64751683810745
75.70270383335448
75.66661765031222
75.50266232957446
75.20106668012276
74.79941307124827
74.94048740207097
75.45127906724483
76.51271133901804
76.97798240417627
77.03810441508132
76.99634139920103
77.18832936386688
77.5888403694121
77.81493662415713
77.7106012701566
77.45781966556287
77.61457933957188
77.85087769466239
77.90521229155293
77.86928880097426
77.95347813197864
77.9698648789814
77.39829726880197
77.30593362111166
76.99902578620978
76.7917055246008
76.79787030556977
76.9813909273211
76.9887612501252
76.96611771195658
76.95448219974104
76.6959441307324
76.76045824848941
76.99184492174683
76.91274841874977
76.82231212282025
76.81337836960714
76.77341578582589
76.59462108643348
76.51273132593101
76.51940312378193
76.64936446745945
76.54388474646332
76.56306163048092
76.4840416647755
76.45735943267199
76.44710184041494
76.46649613148665
76.79652379959657
76.77848855218139
77.16945127915663
77.526627153915
77.30393938275466
77.25170758024397
77.28414432896238
76.974785937132
77.09753941064248
76.92579341477472
76.88474104296105
77.2844387797557
77.24889460965503
77.50962519594067
77.55985193355457
77.56366822653534
77.82790087851245
78.05998028595492
78.15433925523
78.17745995299514
78.33037269040064
77.95017465386107
78.15248341071091
78.15248341071091
78.13742744048473
78.36648640002406
78.10572994210256
77.99997261489867
77.91474312075255
77.9816256561015
78.2276727854337
78.16000038926117
78.19144210506427
77.78597868976073
77.38039824510045
77.49815262493453
77.40556361925904
77.2504195315919
77.14915119675054
76.69621558070479
76.6366814347624
76.88005009682323
76.83596534503975
76.70723043509504
77.029202372225
76.84017403547547
77.14324868359404
77.33612706516877
77.51515306364304
77.7404087453676
77.66477901116681
77.89374268084052
78.44979311103859
78.37767309795734
78.13008268320822
78.27622323688237
77.86305464604243
77.52094611997391
77.49224621529491
77.29231347761592
77.21833951239155
77.22976487958508
76.78280423947145
76.55875432726313
76.27326435792659
75.95467824139295
76.14569183561679
76.28386188455084
76.00976920919814
76.39992421347782
76.18779164009644
76.26182833529698
76.59655138773869
76.84931117335472
77.01861318828125
76.88874027851114
76.99822477895187
77.18329155282436
77.51878577406552
76.74249274459223
76.15878360286656
75.8419444806217
75.9627885554667
76.2130580984945
75.94323894856731
76.04838235400344
76.29100667094366
76.47494901622993
76.88069205774018
76.69285234282296
76.85449573538637
76.90093921537833
76.90093921537833
77.03940438186055
77.13166490352174
76.61699079214456
76.79234636482629
76.04810447685122
76.01053462120318
76.4241426932563
75.5379158330317
75.32107259609577
75.86336790658389
75.5349209891347
75.48774025001065
75.97471017872058
75.97907642179649
75.96750234772243
75.49622051447751
75.33986894233335
75.05161598784866
75.21142898910907
75.25152922219438
75.30201994044276
74.94552793346938
75.6137917173598
76.4403596235165
76.76674725587495
76.83753544368622
76.66024217781552
76.50682312090797
76.91437483689354
76.95528297480732
76.89887141451996
76.81112077348406
76.73960953837825
77.23200802938278
76.71417909457108
76.32854611087406
76.34350008143446
76.66719723697435
76.66750505321838
77.10188923212404
77.00860735384614
76.77966401995215
76.17407518392228
76.16142349866257
76.12371239078507
76.04620370005279
75.75983740610356
75.79239784201543
75.88579754042932
75.98021674913707
75.44431924706299
75.50417942652446
75.54589877270836
75.8333711045346
75.89764520331741
75.96072886884184
76.4087707544492
76.32615032358412
76.19188048388398
76.16285581348801
75.99380227594267
76.30840953410733
76.2059420694435
76.27003820299583
76.32453754554784
76.63604499604573
76.93173446819767
77.1741019746171
77.23053484106762
76.98778102377779
77.04916678443598
77.0729982028073
77.39830534840792
77.35826846760631
77.16393908625211
76.99950527227361
77.5757890890682
77.68092050294474
77.58542520721844
77.77656627233367
77.42253863488664
77.59824691593545
77.85457790497972
77.67774392622366
77.51447391562641
77.7126025967264
77.81483655698861
77.40647774558745
