11080.0
11080.0
11080.0
11080.0
11080.0
4820.0
4820.0
4820.0
4820.0
4820.0
4820.0
4820.0
4820.0
4820.0
4720.0
4720.0
4720.0
4720.0
4720.0
4720.0
4720.0
4720.0
4720.0
4720.0
4720.0
4720.0
4720.0
4720.0
4720.0
4720.0
4720.0
4720.0
4720.0
4720.0
4720.0
4720.0
4720.0
4720.0
4720.0
4720.0
4720.0
4720.0
4720.0
4720.0
4720.0
4720.0
4720.0
4720.0
4720.0
4720.0
4720.0
4720.0
4720.0
4720.0
4720.0
4720.0
4720.0
4720.0
4720.0
4720.0
4720.0
4720.0
4720.0
4720.0
4720.0
4720.0
4720.0
4720.0
4720.0
4720.0
4720.0
4720.0
4720.0
4720.0
4720.0
4720.0
4720.0
4720.0
4720.0
4720.0
4720.0
4720.0
4720.0
4720.0
4720.0
4720.0
4720.0
4720.0
4720.0
4720.0
4720.0
4720.0
4720.0
4720.0
4720.0
4720.0
4720.0
4720.0
4720.0
4720.0
4720.0
4720.0
4720.0
4720.0
4720.0
4720.0
4720.0
4720.0
4720.0
4720.0
4720.0
4520.0
4520.0
4520.0
4520.0
4520.0
4520.0
4520.0
4520.0
4520.0
4520.0
4520.0
4520.0
4520.0
4520.0
4520.0
4520.0
4520.0
4520.0
4520.0
4520.0
4520.0
4520.0
4520.0
4520.0
4520.0
4520.0
4520.0
4520.0
4520.0
4520.0
4520.0
4520.0
4520.0
4520.0
4520.0
4520.0
4520.0
4520.0
4520.0
4520.0
4520.0
4520.0
4520.0
4520.0
4520.0
4520.0
4520.0
4520.0
4520.0
4520.0
4520.0
4520.0
4520.0
4520.0
4520.0
4520.0
4520.0
4520.0
4520.0
4520.0
4520.0
4520.0
4520.0
4520.0
4520.0
4520.0
4520.0
4520.0
4520.0
4520.0
4520.0
4520.0
4520.0
4520.0
4520.0
4520.0
4520.0
4520.0
4520.0
4520.0
4520.0
4520.0
4520.0
4520.0
4520.0
4520.0
4520.0
4520.0
4520.0
4520.0
