57027.78571428572
46372.607142857145
51207.25
48602.857142857145
44585.357142857145
47453.67857142857
43992.32142857143
43180.607142857145
46443.53571428572
41023.21428571428
43929.107142857145
40877.96428571428
44011.53571428572
45492.142857142855
42466.03571428572
39977.357142857145
45966.78571428572
42915.642857142855
46814.75
40901.17857142857
48778.82142857143
41685.21428571428
43964.96428571428
46262.07142857143
43580.32142857143
44273.107142857145
42944.142857142855
39188.75
39490.92857142857
40734.892857142855
41993.42857142857
41069.892857142855
39046.25
40805.892857142855
40631.392857142855
36811.07142857143
40097.07142857143
40905.96428571428
39525.0
42190.67857142857
42778.71428571428
41471.75
41089.857142857145
37958.142857142855
38677.21428571428
39728.07142857143
42070.92857142857
38392.607142857145
39107.21428571428
40526.107142857145
41730.5
41773.07142857143
37154.71428571428
40635.03571428572
39260.5
39624.92857142857
39700.78571428572
39399.96428571428
38726.96428571428
38777.92857142857
43424.392857142855
39650.32142857143
38388.42857142857
40333.357142857145
40122.32142857143
40818.42857142857
40572.607142857145
43235.142857142855
39126.25
37743.82142857143
41847.46428571428
38954.96428571428
40592.357142857145
40564.17857142857
41136.53571428572
42179.78571428572
40527.82142857143
38614.642857142855
37759.0
39037.5
41823.53571428572
40130.32142857143
38873.32142857143
37327.17857142857
36185.392857142855
40335.46428571428
38419.21428571428
40251.857142857145
38683.32142857143
40165.5
42197.82142857143
40272.53571428572
39222.75
38060.71428571428
41084.82142857143
41182.21428571428
38822.57142857143
39785.392857142855
38924.67857142857
40551.78571428572
40330.607142857145
40459.17857142857
36860.17857142857
39966.857142857145
37955.03571428572
39247.857142857145
38371.642857142855
36855.67857142857
38996.82142857143
36466.75
36607.28571428572
37743.17857142857
38021.53571428572
38686.25
36212.75
38376.392857142855
39552.07142857143
37590.25
35347.607142857145
36326.57142857143
39448.53571428572
33884.92857142857
35773.0
36882.42857142857
38961.142857142855
36046.67857142857
38211.21428571428
37919.5
38902.0
37258.75
41435.42857142857
38096.92857142857
41161.67857142857
36647.642857142855
40043.32142857143
37167.357142857145
37930.46428571428
40542.28571428572
38312.57142857143
37910.07142857143
38717.607142857145
37680.75
39824.78571428572
38087.42857142857
43219.21428571428
39956.96428571428
35414.0
40094.17857142857
39913.28571428572
37977.5
37813.78571428572
39512.107142857145
38845.607142857145
36755.96428571428
38934.357142857145
38454.357142857145
41347.07142857143
38956.857142857145
37401.107142857145
36161.07142857143
39206.107142857145
37271.357142857145
36442.96428571428
40075.92857142857
37883.71428571428
38615.32142857143
40079.42857142857
37442.0
36929.607142857145
38625.21428571428
38818.107142857145
38216.0
38001.71428571428
36528.107142857145
34599.25
34177.17857142857
35689.92857142857
35600.07142857143
36449.46428571428
36592.75
33609.21428571428
36913.392857142855
35508.67857142857
36964.107142857145
35720.607142857145
35956.46428571428
34748.32142857143
36522.82142857143
34236.107142857145
33477.03571428572
34849.892857142855
33189.03571428572
35185.642857142855
34818.92857142857
32992.75
36074.53571428572
35952.107142857145
36371.25
37407.75
33558.357142857145
36882.642857142855
