99000.0
99000.0
87780.0
88060.0
87780.0
87780.0
70620.0
70620.0
68510.0
68510.0
68510.0
68820.0
68820.0
68820.0
68820.0
68820.0
68820.0
68820.0
68820.0
68820.0
68820.0
68820.0
68820.0
60880.0
60800.0
60800.0
60800.0
60800.0
60800.0
61220.0
61220.0
61220.0
61220.0
61220.0
61220.0
61220.0
61220.0
61220.0
61220.0
61220.0
61220.0
61220.0
61220.0
61220.0
61220.0
61220.0
61220.0
61220.0
57640.0
57640.0
57640.0
57640.0
57640.0
57640.0
57640.0
57640.0
57640.0
57640.0
57640.0
57640.0
57640.0
57640.0
57640.0
57640.0
57640.0
57640.0
57640.0
57640.0
57640.0
57640.0
57640.0
57640.0
50940.0
50940.0
50940.0
50940.0
50940.0
61300.0
61300.0
61300.0
61300.0
61300.0
61300.0
61300.0
61300.0
46040.0
46040.0
46040.0
46040.0
46040.0
46040.0
46040.0
46040.0
46040.0
46040.0
46040.0
46040.0
46040.0
46040.0
46040.0
46040.0
46040.0
46040.0
46040.0
46040.0
46040.0
45000.0
45000.0
45000.0
45000.0
45000.0
45000.0
45000.0
45000.0
45000.0
45000.0
45000.0
45000.0
45000.0
45000.0
45000.0
45000.0
45000.0
45000.0
45000.0
45000.0
45000.0
45000.0
45000.0
45000.0
45000.0
45000.0
45000.0
45000.0
45000.0
45000.0
45000.0
45000.0
45000.0
45000.0
45000.0
45000.0
45000.0
45000.0
45000.0
45000.0
45000.0
45000.0
45000.0
45000.0
45000.0
45000.0
45000.0
45000.0
45000.0
45000.0
45000.0
45000.0
45000.0
45000.0
45000.0
45000.0
45000.0
45000.0
45000.0
45000.0
45000.0
45000.0
45000.0
45000.0
45000.0
45000.0
45000.0
45000.0
45000.0
45000.0
45000.0
45000.0
45000.0
45000.0
45000.0
45000.0
45000.0
45000.0
45000.0
45000.0
45000.0
45000.0
45000.0
45000.0
45000.0
45000.0
45000.0
45000.0
45000.0
45000.0
45000.0
45000.0
45000.0
45000.0
45000.0
