57.9939138576779
61.32418812989922
65.93455188679245
66.2190082644628
66.2190082644628
66.8329831932773
66.8329831932773
66.8329831932773
66.8329831932773
66.8329831932773
66.8329831932773
66.8329831932773
66.8329831932773
66.8329831932773
66.8329831932773
66.8329831932773
66.97961373390558
66.97961373390558
66.97961373390558
66.97961373390558
66.97961373390558
66.97961373390558
66.97961373390558
66.97961373390558
66.97961373390558
66.97961373390558
66.97961373390558
66.97961373390558
66.97961373390558
67.08690987124464
67.08690987124464
67.08690987124464
67.08690987124464
67.08690987124464
67.08690987124464
67.08690987124464
67.08690987124464
67.08690987124464
67.08690987124464
67.23585912486661
67.23585912486661
67.23585912486661
67.23585912486661
67.23585912486661
67.23585912486661
68.15987124463518
68.15987124463518
68.15987124463518
68.26716738197425
68.26716738197425
68.26716738197425
68.26716738197425
68.26716738197425
68.26716738197425
68.26716738197425
68.26716738197425
68.26716738197425
68.26716738197425
68.26716738197425
68.26716738197425
68.26716738197425
68.26716738197425
68.26716738197425
68.26716738197425
68.26716738197425
68.26716738197425
68.26716738197425
68.26716738197425
68.26716738197425
68.26716738197425
68.26716738197425
68.26716738197425
68.26716738197425
68.26716738197425
68.26716738197425
68.26716738197425
68.26716738197425
68.26716738197425
68.26716738197425
68.26716738197425
68.26716738197425
68.26716738197425
68.26716738197425
68.26716738197425
68.26716738197425
68.26716738197425
68.26716738197425
68.6353829557713
68.6353829557713
68.6353829557713
68.6353829557713
68.6353829557713
68.6353829557713
68.6353829557713
68.6353829557713
68.6353829557713
68.6353829557713
68.6353829557713
68.6353829557713
68.6353829557713
68.6353829557713
68.6353829557713
68.6353829557713
68.6353829557713
68.6353829557713
68.6353829557713
68.6353829557713
68.6353829557713
68.6353829557713
68.6353829557713
68.6353829557713
68.6353829557713
68.6353829557713
68.6353829557713
68.6353829557713
68.6353829557713
68.6353829557713
68.6353829557713
68.6353829557713
68.6353829557713
68.6353829557713
68.6353829557713
68.6353829557713
68.6353829557713
68.6353829557713
68.6353829557713
68.6353829557713
68.6353829557713
68.6353829557713
68.6353829557713
68.6353829557713
68.6353829557713
68.6353829557713
68.6353829557713
68.6353829557713
68.6353829557713
68.6353829557713
68.6353829557713
68.6353829557713
68.6353829557713
68.6353829557713
68.6353829557713
68.6353829557713
68.6353829557713
68.6353829557713
68.6353829557713
68.6353829557713
68.6353829557713
68.6353829557713
68.6353829557713
68.6353829557713
68.6353829557713
68.6353829557713
68.6353829557713
68.6353829557713
68.6353829557713
68.6353829557713
68.6353829557713
68.6353829557713
68.6353829557713
68.6353829557713
68.6353829557713
68.6353829557713
68.6353829557713
68.6353829557713
68.6353829557713
68.6353829557713
68.6353829557713
68.6353829557713
68.6353829557713
68.6353829557713
68.6353829557713
68.6353829557713
68.6353829557713
68.6353829557713
68.6353829557713
68.6353829557713
68.6353829557713
68.6353829557713
68.6353829557713
68.6353829557713
68.6353829557713
68.6353829557713
68.6353829557713
68.6353829557713
68.6353829557713
68.6353829557713
68.6353829557713
68.6353829557713
68.6353829557713
68.6353829557713
68.6353829557713
68.6353829557713
68.6353829557713
68.6353829557713
68.6353829557713
68.6353829557713
68.6353829557713
68.6353829557713
68.6353829557713
68.6353829557713
