42.76728240380415
49.54832281544632
51.22382255469541
52.46620913570095
53.69683424004449
54.52374353266131
55.82500988377403
57.70214683987585
57.556912968760074
57.84450015696677
57.59677783396305
57.75194853783878
57.85176818987561
57.88580650528572
57.90120974628115
59.511625810345016
59.09909680503467
59.93334456838338
59.44848625796661
60.32217098123575
60.13901618633453
60.44049970736168
60.28040484732774
59.98962127473997
59.99742143846845
60.14679540179889
59.735809798050674
59.648567275147734
59.56953124486644
59.71827278495166
59.54628776547168
59.37291542885339
59.50162706425759
59.61024117202679
59.30226777810677
59.90635778589999
59.9081177295818
59.8106701460733
59.797867532630214
59.984324549988216
59.84981342007606
59.73860286686705
59.7724317452716
60.32699358971299
60.330264044338826
60.14549639014137
60.03985978829142
60.03452320638576
60.31146706157693
60.31146706157693
60.30159328701448
60.41132526793494
60.478829218878396
60.478829218878374
60.010914890349824
60.24386539224613
60.345349655479325
60.52776099457807
60.666690301039935
60.85163211688753
60.85163211688753
60.95186808091418
60.95186808091418
61.1214976795072
60.86755025200593
60.75408023175665
60.852727736237895
61.17396147715007
61.33780006871875
61.6752025957936
61.394159978931874
61.271787991401226
61.17085701518388
61.35635107969656
61.327744295742654
61.34034933775946
61.347938833612936
61.06048926697905
61.13361140457274
61.01999303560997
61.019993035609964
60.59302012177501
60.22436021970991
60.22436021970991
60.19087316646741
60.11740404861173
60.27710816779525
60.500405722204576
60.500405722204576
60.777283233898096
60.787554242696174
60.696548649290534
60.696548649290534
60.49401211165816
60.49401211165816
60.639470294931456
60.708948086047904
60.912767006031935
60.912767006031935
60.768739890144246
60.70597141625823
60.42596896622265
60.42596896622265
60.47403679580759
60.392644524869596
60.313542054806
60.13824193401275
60.13824193401275
60.13824193401275
60.191162094238095
60.191162094238095
59.877764913104286
59.877764913104286
59.877764913104286
59.841098231969
59.841098231969
59.841098231969
59.841098231969
59.76022284440305
59.76022284440305
59.76022284440305
59.76022284440305
59.747161917814886
59.66742800374193
59.42582665995694
59.52212756629076
59.627200746945356
59.72350165327917
59.72350165327917
59.73910789577618
59.73910789577617
59.73910789577617
59.73910789577617
59.73638366637149
59.024215069214776
59.320007338575245
59.66845501555681
59.72137517578215
59.826448356436764
59.88252976004013
59.88252976004013
59.88252976004013
60.00174847723002
60.00174847723002
59.998587233851985
59.998587233851985
60.09488814018581
60.09488814018581
60.220243783605646
60.24933385984897
60.24933385984897
60.24933385984897
60.24933385984897
60.23045818272548
60.23045818272548
60.07164463404304
60.07164463404304
60.07164463404304
60.07164463404304
60.00497164655826
60.00497164655826
60.00497164655826
60.00497164655826
60.00497164655826
60.00497164655826
60.00497164655826
60.00497164655826
60.00497164655826
59.88122582994183
59.82830566971649
59.82830566971649
59.761632682231706
59.761632682231706
59.63845196331214
59.63845196331214
59.52922611375124
59.53973676056155
59.590107779235225
59.57270525706246
59.588835791922534
59.47726254029409
59.55145148216244
59.64252452618693
59.47358998331963
59.47358998331963
59.536749858361006
59.47701063937468
59.47701063937468
59.47701063937468
59.47701063937468
59.47747779723466
59.47747779723464
59.47747779723464
59.47747779723464
59.42572791143581
59.42572791143581
59.42572791143581
59.43008262244136
59.53515580309595
59.63926719371901
59.63926719371902
