39.12299271210722
44.04721553817591
48.74295920536843
50.548528416248665
50.408300895616954
51.54098740300193
53.168105069797456
52.97450211830676
54.292190188728874
53.61642332932418
54.47806810544902
53.27194872252601
53.474118349345
54.7878914646519
54.98281574753569
54.4234204630671
56.264783447896505
54.91965810338094
56.115992062843056
54.82585849155188
55.84986895653367
53.96869553698759
55.01547587994563
55.42216403061819
55.050129154961894
55.566123780076055
54.68640544009361
52.84080750093996
54.80368812023663
54.17678743593643
54.676536253567335
55.200317804620255
54.84848879291248
54.0351719480875
54.90071370154603
53.88010681808355
54.15650521839211
54.459889164677605
54.614991704028405
54.65595428873213
55.1588224184219
54.77469518233278
54.751832008852695
54.69753761095592
54.772540944513395
55.29190905147156
55.54177492656414
55.04868042758843
55.24459400964209
55.03690941852888
55.28238120395184
55.118379195450295
54.86858526103799
55.28284408067431
55.3014665526772
54.25088265160506
55.049980853304845
55.12934016268033
55.83412042267441
55.27563308159072
55.43603583898926
55.16229330311739
54.652591484448585
56.111119754301576
55.67620759219722
55.73407945427466
55.22110913602775
55.57780197833406
54.60950768737127
55.71109709807199
55.69970619060347
55.34453727794809
55.56374431194673
54.839662780499644
56.29693159761152
55.023013635782206
54.871316507663316
55.696157641884575
54.917529739671046
55.661982882473836
55.502166511395465
55.036505857613285
55.467873959171875
54.942605869672775
54.3831848720565
55.20443636307046
54.910905776349324
55.11710752455429
54.587982005638985
55.276982363083256
55.407237680523224
56.20359866508545
54.952489360906256
55.51377741923256
54.76059590412784
54.72743742798097
54.55359000480693
54.95366979129668
55.35634734245128
55.970555303095516
54.59656315386876
55.07499547409633
54.58358726105174
55.26821506804606
54.309826232219244
55.84331537979298
55.182227888360444
55.2606129206047
54.949560152878064
54.67521085969881
54.654940974999555
54.37713092335634
54.781062741575596
54.198519276064516
54.73564001611104
55.252103195471044
54.09150823713062
54.288921006648366
55.149682530537355
54.915378039799336
54.0452169654189
53.65645474673193
53.534561212890694
54.46793283825373
54.3667977742345
54.54276686212591
55.11454251546766
54.2459072582216
53.84604979781043
54.2197592044222
55.041076036660165
53.81395671540148
55.43168367152113
54.1619522260706
54.880529179003446
54.31559734086123
54.75570678260437
54.265604890800525
54.79114756736898
54.14218483536663
54.99213226123735
54.58278879963546
55.28179681289274
54.386603745139325
54.837775667587074
54.858767805875615
54.64783261371705
54.93871708769185
55.8935965517075
55.37234153580014
55.21698139485913
55.30974206520789
55.09855190948076
55.5088312305642
55.19879279003939
55.01204899432872
55.531037777767665
54.76665939690283
54.204116500079685
54.50024483139262
54.58990399196663
54.39118865171858
54.62657305010842
53.857644193591526
53.64324278936826
54.98933505731203
54.80271726256038
54.8596656759803
54.24381102283557
54.91533095124314
54.91874720962395
54.451857048814155
54.39886500686283
53.93688095881145
53.47794072414835
52.998539048310896
54.06044028705943
54.33037798420094
54.58202731594512
54.41663303772807
54.08493849315096
53.678230887511404
54.30163135721809
54.18047112679461
54.263407076619806
53.51244190012693
53.89993608328145
53.61283911604414
53.54210559386735
53.88671212830672
54.62085753741904
53.545291858923406
53.41169920650898
53.76776561412689
53.70301733363069
53.68842244548129
53.458997344277954
54.42349308237865
53.58302812260615
54.479477386386755
53.660867826617874
