12440.0
12200.0
12200.0
11880.0
11880.0
11880.0
5420.0
5420.0
5420.0
5420.0
5420.0
5420.0
5420.0
5420.0
5420.0
5420.0
5420.0
5420.0
5420.0
5420.0
5420.0
5420.0
5320.0
5320.0
5320.0
5320.0
5320.0
5320.0
5320.0
5320.0
5320.0
5320.0
5320.0
5320.0
5320.0
5320.0
5320.0
5320.0
5320.0
5320.0
5320.0
5320.0
5320.0
5320.0
5320.0
5320.0
5320.0
5320.0
5320.0
5320.0
5320.0
5320.0
5320.0
5320.0
5320.0
5320.0
5320.0
5320.0
5320.0
5320.0
5320.0
5320.0
5320.0
5320.0
5320.0
5320.0
5320.0
5320.0
5320.0
5320.0
5320.0
5320.0
5320.0
5320.0
5320.0
5320.0
5320.0
5320.0
5320.0
5320.0
5320.0
5320.0
5320.0
5320.0
5320.0
5320.0
5320.0
5320.0
5320.0
5320.0
5320.0
5320.0
5320.0
5320.0
5320.0
5320.0
5320.0
5320.0
5320.0
5320.0
5320.0
5320.0
5320.0
5320.0
5320.0
5320.0
5320.0
5320.0
5320.0
5320.0
5320.0
5320.0
5320.0
5280.0
5280.0
5280.0
5280.0
5280.0
5280.0
5280.0
5280.0
5280.0
4320.0
4320.0
4320.0
4320.0
4320.0
4320.0
4320.0
4320.0
4320.0
4320.0
4320.0
4320.0
4320.0
4320.0
4320.0
4320.0
4320.0
4320.0
4320.0
4320.0
4320.0
4320.0
4320.0
4320.0
4320.0
4320.0
4320.0
4320.0
4320.0
4320.0
4320.0
4320.0
4320.0
4320.0
4320.0
4320.0
4320.0
4320.0
4320.0
4320.0
4320.0
4320.0
4320.0
4320.0
4320.0
4320.0
4320.0
4320.0
4320.0
4320.0
4320.0
4320.0
4320.0
4320.0
4320.0
4320.0
4320.0
4320.0
4320.0
4320.0
4320.0
4320.0
4320.0
4320.0
4320.0
4320.0
4320.0
4320.0
4320.0
4320.0
4320.0
4320.0
4320.0
4320.0
4320.0
4320.0
4320.0
4320.0
