50658.833333333336
44499.75
48687.666666666664
43481.416666666664
39740.166666666664
38736.833333333336
39956.5
35607.666666666664
39464.5
38647.5
30484.833333333332
31540.833333333332
33988.833333333336
32950.666666666664
32266.666666666668
32093.666666666668
32026.333333333332
33595.0
29473.333333333332
27008.0
27600.333333333332
24079.333333333332
28739.333333333332
33974.666666666664
37930.333333333336
36992.666666666664
35883.333333333336
34436.333333333336
30903.333333333332
28021.0
21632.333333333332
22780.666666666668
25528.666666666668
30375.333333333332
32311.0
35478.0
35578.666666666664
33606.333333333336
35112.666666666664
33964.0
35533.666666666664
34233.333333333336
32190.666666666668
31098.666666666668
31460.333333333332
32732.666666666668
32260.666666666668
33576.666666666664
33352.0
34398.666666666664
35885.0
36066.333333333336
32635.666666666668
32814.333333333336
32824.666666666664
33675.666666666664
35051.333333333336
34024.666666666664
34349.0
34219.666666666664
33492.333333333336
33491.666666666664
36007.0
34449.333333333336
34263.666666666664
35028.333333333336
35978.333333333336
36796.333333333336
36463.666666666664
35925.333333333336
33603.666666666664
34449.666666666664
34797.666666666664
35258.0
36470.0
34616.666666666664
35096.0
35216.666666666664
34972.333333333336
36363.666666666664
34308.666666666664
36242.666666666664
34415.333333333336
36501.0
34208.0
33859.333333333336
39015.0
37545.666666666664
38165.666666666664
37160.333333333336
35832.666666666664
36370.333333333336
35163.666666666664
36325.333333333336
35494.0
34310.333333333336
36150.666666666664
35315.0
35087.666666666664
36282.333333333336
35241.666666666664
35456.333333333336
33745.333333333336
35243.666666666664
35424.333333333336
34531.0
35580.333333333336
34665.0
35697.0
32787.666666666664
36434.333333333336
34531.333333333336
34135.333333333336
33016.333333333336
33734.333333333336
32011.0
30705.333333333332
30507.333333333332
32240.0
34505.666666666664
29525.0
33825.666666666664
28032.333333333332
24763.666666666668
30646.0
30570.666666666668
30047.0
31578.333333333332
31637.0
31083.666666666668
29927.0
28491.666666666668
27943.333333333332
31487.333333333332
29157.0
27970.0
29866.0
31007.666666666668
30734.333333333332
31748.333333333332
30306.333333333332
30621.666666666668
31598.0
31115.0
29881.333333333332
29695.333333333332
30676.333333333332
28209.333333333332
29697.333333333332
30303.333333333332
30632.666666666668
32067.666666666668
28876.0
28823.666666666668
31600.0
31092.666666666668
29286.666666666668
29923.666666666668
27717.0
30618.333333333332
30228.666666666668
32314.0
30076.0
28050.333333333332
31715.666666666668
29459.0
29378.333333333332
26784.333333333332
27631.333333333332
28820.666666666668
28478.333333333332
28856.666666666668
28516.666666666668
29616.666666666668
30765.666666666668
31942.666666666668
28505.0
30122.333333333332
31258.666666666668
28773.666666666668
30625.333333333332
31580.666666666668
31223.0
27398.333333333332
31701.0
31905.0
30059.666666666668
29714.0
29405.333333333332
31010.666666666668
31720.333333333332
30438.333333333332
29115.666666666668
28109.333333333332
30100.0
31252.666666666668
30868.333333333332
31251.666666666668
29504.333333333332
31376.666666666668
