27.701762523191093
33.114495798319325
31.790123456790127
33.96248812915479
33.96248812915479
34.21516079632465
34.21516079632465
34.21516079632465
34.352836879432616
34.352836879432616
33.56733914940022
31.419543773119607
31.419543773119607
31.419543773119607
31.419543773119607
31.419543773119607
31.419543773119607
31.419543773119607
31.419543773119607
31.419543773119607
31.419543773119607
32.714241676942045
32.714241676942045
32.714241676942045
32.714241676942045
33.63131935881627
33.63131935881627
33.63131935881627
35.40382244143033
35.40382244143033
35.40382244143033
35.40382244143033
35.40382244143033
35.40382244143033
35.40382244143033
35.40382244143033
35.40382244143033
35.642725030826135
35.642725030826135
35.642725030826135
35.642725030826135
35.642725030826135
35.642725030826135
35.642725030826135
35.85850801479655
35.85850801479655
38.04716399506782
38.04716399506782
38.04716399506782
38.08090705487122
38.08090705487122
38.08090705487122
38.08090705487122
38.08090705487122
38.08090705487122
38.08090705487122
38.08090705487122
38.08090705487122
38.08090705487122
38.08090705487122
38.08090705487122
38.08090705487122
