758084.5375
661001.775
668507.575
658384.85
624407.8625
585312.625
554893.0375
547140.8375
526693.6625
498509.0
457449.575
449919.35
468957.75
472527.275
464733.025
442062.25
458506.75
455376.7
463112.325
473939.5625
440260.3375
432809.0625
393213.325
390550.25
390822.3
406439.35
415943.175
434052.9375
396598.8125
421333.8
396812.025
381340.45
378638.05
375145.5375
374301.4
373169.8
368555.975
382351.7625
366709.675
376260.65
369902.2625
360478.725
345156.65
343727.1625
349604.0625
353398.7375
344571.4625
348013.25
333127.5875
364395.225
365656.475
356001.675
350818.5
354092.05
331496.075
341490.925
353013.8125
347688.8875
353390.7875
346362.6375
344251.8625
340717.9
333798.4
306357.375
300146.4625
314514.55
319326.425
335050.7125
353331.0125
352027.475
349939.95
329132.7875
331830.9875
333832.3375
345297.3125
339012.5125
348804.4375
331438.8
336387.6375
330831.975
319149.2625
325650.25
322604.525
347096.1
327704.6
310319.2875
300282.225
284506.0125
299378.85
298032.5625
307766.9625
292537.675
277663.5
275057.0125
288919.2625
285358.225
286325.8
282131.825
287223.075
302177.425
320338.6375
321620.775
329048.6375
324143.8375
331578.4
350348.0
334622.05
345919.2875
350518.0
353197.1
357780.75
335971.575
316095.75
299019.7875
294713.6125
286906.325
266975.0375
231651.875
234858.5
229634.95
235437.175
219974.7625
228642.55
233100.2125
227539.725
254132.7625
263025.6125
264678.325
265499.525
279042.825
262164.2
258185.3875
276479.2875
260177.1375
261191.6625
251416.1875
263991.7
271450.6875
271250.4375
279383.0125
263501.7625
252420.675
253190.75
253502.525
255893.4625
255179.4875
260605.525
270335.25
282119.95
274791.525
273031.2
276152.6
264480.075
282698.0
277441.825
281038.9125
272279.0125
251173.5
256015.675
260362.5625
268355.3875
269488.175
268801.275
260990.6875
246140.425
256210.45
266547.55
255249.3625
259584.25
255810.525
254457.725
254189.3
253065.05
238035.5125
231533.875
233082.8
238932.45
251918.825
238383.625
233600.6625
232681.775
242160.9375
236898.9375
235979.975
230804.1
233817.225
220106.55
224157.3625
228800.625
236378.55
232195.9125
218982.225
219912.125
235560.4625
248119.95
251733.7125
274751.9875
250956.5
257659.925
274213.4375
268606.9875
258426.5375
252106.0375
238317.125
226083.8375
228144.625
219499.775
245546.525
230940.575
233445.325
234272.6
224580.5
226958.875
235577.15
230960.5625
239928.625
249501.775
248359.6875
241956.9125
244405.6875
238720.75
244602.3
227965.15
231064.7625
220324.65
221817.9375
231411.7125
238871.35
255620.05
263644.3
258111.1625
263502.8
278595.6625
297816.675
285284.5125
292367.2125
299405.5125
288341.575
300218.7125
275236.825
292149.55
284625.325
271543.1625
290549.8125
273351.3125
272532.1875
269539.9875
250890.6375
254211.85
258479.425
253222.3125
267505.8
289790.2375
286815.4375
265937.4
256581.075
260769.8625
289606.25
282474.625
283032.95
302352.0
311793.0875
307057.9125
294123.55
281467.4125
266695.0125
264035.9
283273.8375
314014.9125
284277.4
279182.4
298146.6625
295509.0625
288403.7375
285523.0875
286772.15
279109.6375
269762.1375
267803.65
268030.5
246865.225
241844.0375
250130.7125
249244.5375
238563.8625
230239.225
229007.3625
232016.725
213731.3875
209297.2125
254155.425
270621.2375
279493.425
260837.9
264157.4875
260309.1875
280017.1875
265225.7375
254213.8125
272838.5375
247491.95
231693.2
205537.4
215981.8125
226370.6625
219261.4375
215974.725
226315.175
231819.1125
278228.7875
285657.275
293570.1375
284506.35
271940.3875
283591.9
286614.0625
277283.55
291815.7625
281313.4625
295810.3125
292198.15
303090.5
285078.525
276279.85
271001.3125
270957.4
275228.05
265697.25
269692.675
298340.375
283493.05
277809.15
259326.5
279410.9375
280273.5375
285055.975
244998.0625
243983.9875
250719.575
243644.7625
255517.95
262803.075
238544.3125
233277.275
235129.3
235146.875
250564.1
248827.7875
255380.1875
252196.325
254291.3375
258431.5125
255036.075
265945.85
266433.325
276818.8375
262420.0375
274420.0625
280605.5
272950.225
249360.1375
236365.9125
223098.5875
213282.925
202873.9625
207446.1625
212777.7125
197978.6625
212660.275
205958.4375
198076.05
203229.775
204390.1125
216596.6
223565.975
226697.4125
221193.225
207744.625
192139.775
182937.6375
183613.625
186029.8
187739.4375
195280.3625
198912.4625
206553.0
233002.3
245285.3375
242397.2125
244746.7875
243737.75
244875.2625
248042.8375
252923.15
250589.4375
242308.2
237000.7
228028.075
225724.1125
233674.075
234549.225
245431.625
245083.325
251410.275
250762.4875
246898.625
239905.225
233338.5375
230689.025
230562.3375
230515.225
230984.525
241831.2375
260027.875
264423.1
263357.975
257336.2875
249560.4125
245148.9875
232945.7125
237148.3375
241786.8125
252123.5
249509.775
244420.8875
237595.5375
237563.85
236669.375
238161.8125
224979.8125
220456.375
223553.45
223069.35
233974.6625
234847.2375
251736.4625
225524.075
226246.3875
238102.2625
236959.7125
230198.475
224418.875
220577.9375
237874.275
253179.7375
254714.6875
239265.9125
247909.5375
234621.1125
237588.325
222967.4
209011.025
209194.6
214089.125
208741.3875
233077.125
230562.45
236183.1
218199.9375
226155.4625
234735.95
235285.9875
240523.8375
224453.5875
231682.575
252619.5875
244166.375
247983.0
241883.4
232107.275
231146.7125
237285.7875
229797.9625
225582.05
247451.675
243239.3
237719.0625
230707.6125
241064.275
236126.7625
235481.225
228172.2875
227501.2875
232548.425
227916.85
226440.4125
225088.2625
223118.025
228146.6875
214748.35
218539.425
238860.175
240171.475
240331.3625
240320.425
238751.4125
230041.7375
237231.8125
237668.2375
228642.525
