54.27511085405823
57.043496021519864
57.99214522527441
57.99214522527441
65.32223089600139
63.20301264098101
65.87583023753237
66.37029370309307
66.37029370309307
66.37029370309307
66.91445946402887
66.91445946402887
68.61831458101234
68.61831458101234
68.61831458101234
67.51949925551803
67.51949925551803
67.51949925551803
68.6908629482478
68.6908629482478
68.6908629482478
68.6908629482478
69.3053499375889
69.3053499375889
69.3053499375889
69.3053499375889
69.3053499375889
70.61497660260778
70.61497660260778
70.61497660260778
70.61497660260778
70.61497660260778
70.61497660260778
70.61497660260778
70.32870151809026
70.32870151809026
70.96246923140748
70.96246923140748
70.96246923140748
70.96246923140748
70.96246923140748
70.96246923140748
70.96246923140748
70.96108637331639
70.96108637331639
70.96108637331639
70.32870151809026
70.32870151809026
71.18347389172173
71.18347389172173
70.32870151809026
70.54423149409958
70.54423149409958
70.54423149409958
70.95465856574994
71.78295169656514
71.53691195639293
71.53691195639293
71.53691195639293
71.53691195639293
71.53691195639293
71.53691195639293
71.53691195639293
71.53691195639293
71.53691195639293
71.53691195639293
71.53691195639293
71.53691195639293
71.53691195639293
71.53691195639293
71.67210677697702
72.06417623221134
72.06417623221134
72.06417623221134
72.06417623221134
72.06417623221134
72.06417623221134
72.06417623221134
72.06417623221134
72.06417623221134
72.06417623221134
72.06417623221134
72.06417623221134
72.06417623221134
72.06417623221134
72.06417623221134
72.06417623221134
72.06417623221134
72.06417623221134
72.06417623221134
72.06417623221134
72.06417623221134
72.06417623221134
72.06417623221134
72.06417623221134
72.06417623221134
72.06417623221134
72.06417623221134
72.13774790205646
72.13774790205646
72.13774790205646
72.13774790205646
72.13774790205646
72.13774790205646
72.13774790205646
72.13774790205646
72.13774790205646
72.13774790205646
72.13774790205646
72.13774790205646
72.61769643162411
72.61769643162411
72.61769643162411
74.15940417900653
74.15940417900653
74.15940417900653
72.42683259582645
72.42683259582645
72.42683259582645
72.42683259582645
72.01173097053321
72.02952314019934
72.02952314019934
72.02952314019934
72.02952314019934
72.02952314019934
72.02952314019934
72.02952314019934
72.02952314019934
72.02952314019934
72.02952314019934
72.01173097053321
71.94797569589623
71.94797569589623
71.94797569589623
71.94797569589623
71.94797569589623
71.94797569589623
71.94797569589623
71.9969041624781
71.9969041624781
72.49478837696861
72.49478837696861
72.49478837696861
72.49478837696861
72.67953040533529
72.67953040533529
72.67953040533529
72.67953040533529
72.67953040533529
72.49478837696861
72.49478837696861
72.49478837696861
72.49478837696861
72.49478837696861
72.49478837696861
72.49478837696861
72.49478837696861
72.49478837696861
72.49478837696861
72.49478837696861
72.58374922529927
72.58374922529927
72.58374922529927
72.58374922529927
72.58374922529927
72.58374922529927
72.58374922529927
72.60491150871972
72.58374922529927
72.27133849054151
72.27133849054151
72.27133849054151
72.27133849054151
72.27133849054151
72.27133849054151
72.27133849054151
72.27133849054151
71.88155159580936
71.88155159580936
71.43785169637108
71.43785169637108
71.43785169637108
71.57239495664878
71.32525111373525
71.32525111373525
71.32525111373525
71.32525111373525
71.32525111373525
71.32525111373525
71.30966026383182
71.30966026383182
71.30966026383182
71.30966026383182
71.23603680595454
71.23603680595454
71.23603680595454
71.23603680595454
71.23603680595454
71.23603680595454
71.23603680595454
71.23603680595454
71.23603680595454
71.23603680595454
71.23603680595454
71.06540361534485
71.06540361534485
71.06540361534485
71.06540361534485
71.06540361534485
71.06540361534485
71.06540361534485
71.06540361534485
70.97156979648166
70.97156979648166
70.35118134484549
70.46896718438387
70.46896718438387
70.46896718438387
70.46896718438387
70.13355895328458
70.13355895328458
70.13355895328458
70.13355895328458
70.13355895328458
70.13355895328458
70.13355895328458
70.13355895328458
70.13355895328458
70.13355895328458
70.26998032246318
70.26998032246318
71.40145154799406
71.5339762217116
71.5339762217116
71.5339762217116
71.5339762217116
71.5339762217116
71.5339762217116
71.40145154799406
71.40145154799406
71.65127433151848
71.65127433151848
71.65127433151848
71.65127433151848
71.65127433151848
71.7888617773543
71.7888617773543
71.7888617773543
71.7888617773543
71.7888617773543
71.7888617773543
71.7888617773543
71.7888617773543
71.7888617773543
71.72061091266025
71.72061091266025
71.72061091266025
71.72061091266025
71.72061091266025
71.72061091266025
71.72061091266025
71.72061091266025
71.72061091266025
71.72061091266025
71.72061091266025
72.20030933584789
72.20030933584789
72.20030933584789
72.20030933584789
72.20030933584789
72.20030933584789
72.20030933584789
72.20030933584789
72.20030933584789
72.20030933584789
72.20030933584789
72.20030933584789
72.20030933584789
72.20030933584789
72.20030933584789
73.14763134026371
73.14763134026371
72.24630723144418
72.24630723144418
72.24630723144418
72.24630723144418
72.20030933584789
72.20030933584789
72.20030933584789
72.20030933584789
71.97156752712309
71.97156752712309
72.28327512160537
72.28327512160537
72.28327512160537
72.28327512160537
72.28327512160537
72.28327512160537
72.28327512160537
72.28327512160537
73.72800552284541
73.72800552284541
73.72800552284541
73.72800552284541
72.28327512160537
71.8046562491007
71.8046562491007
71.8046562491007
71.8046562491007
71.8046562491007
71.8046562491007
71.8046562491007
71.8046562491007
71.8046562491007
71.8046562491007
72.47830569039728
72.47830569039728
72.47830569039728
72.47830569039728
72.30205232470024
72.30205232470024
72.30205232470024
72.30205232470024
72.54938386277787
72.54938386277787
72.54938386277787
72.54938386277787
72.54938386277787
72.36682314733619
72.36682314733619
72.36682314733619
72.36682314733619
72.36682314733619
72.36682314733619
72.36682314733619
72.79851855777241
72.79851855777241
72.79851855777241
72.79851855777241
72.79851855777241
72.79851855777241
72.79851855777241
72.79851855777241
72.79851855777241
72.79851855777241
72.79851855777241
72.79851855777241
72.79851855777241
72.79851855777241
72.79851855777241
72.79851855777241
72.79851855777241
72.79851855777241
72.79851855777241
72.79851855777241
72.96161851685022
72.96161851685022
72.96161851685022
72.96161851685022
73.55321685030671
73.55321685030671
73.55321685030671
73.55321685030671
72.96161851685022
72.96161851685022
72.96161851685022
72.96161851685022
72.96161851685022
72.96161851685022
73.06318798595102
73.06318798595102
73.06318798595102
72.96161851685022
72.96161851685022
72.96161851685022
72.96161851685022
72.96161851685022
72.96309053814154
72.96161851685022
72.96161851685022
72.96161851685022
72.96161851685022
72.96161851685022
72.81029472810295
72.81029472810295
72.81029472810295
72.81029472810295
72.81029472810295
72.81029472810295
72.81029472810295
72.81029472810295
72.81029472810295
72.81029472810295
72.81029472810295
72.81029472810295
72.81029472810295
72.81029472810295
72.81029472810295
73.80927020645825
73.80927020645825
73.80927020645825
73.80927020645825
73.80927020645825
72.87838227886787
72.87838227886787
72.46855980215038
72.46855980215038
72.46855980215038
72.46855980215038
72.46855980215038
72.46855980215038
72.34438633941232
72.35172695267653
72.35172695267653
72.35172695267653
72.35172695267653
72.35172695267653
72.35172695267653
72.35172695267653
72.35172695267653
72.35172695267653
72.35172695267653
72.35172695267653
72.35172695267653
72.35172695267653
72.35172695267653
72.35172695267653
72.35172695267653
72.35172695267653
72.35172695267653
72.35172695267653
72.35172695267653
72.35172695267653
72.35172695267653
72.35172695267653
72.35172695267653
72.47332842275341
72.47332842275341
72.47332842275341
72.35172695267653
72.35172695267653
72.33062708340593
72.67616757842899
72.67616757842899
72.67616757842899
72.67616757842899
72.67616757842899
72.73843886261744
72.73843886261744
72.73843886261744
73.04690335151552
73.04690335151552
73.04690335151552
72.98178636761315
72.98178636761315
72.98178636761315
72.98178636761315
72.98178636761315
72.98178636761315
72.98178636761315
72.98178636761315
72.98178636761315
72.98178636761315
73.5918158928037
73.5918158928037
73.5918158928037
73.5918158928037
73.5918158928037
73.5918158928037
73.5918158928037
73.5918158928037
73.5918158928037
73.5918158928037
73.5918158928037
73.5918158928037
73.65548498292428
73.65548498292428
73.65548498292428
73.66128812300336
73.66128812300336
73.65548498292428
73.8746461406129
73.8746461406129
73.8746461406129
73.8746461406129
73.8746461406129
73.80748281885641
73.80748281885641
73.80748281885641
73.80748281885641
73.80748281885641
74.12669451098064
74.12669451098064
74.12669451098064
74.12669451098064
74.12669451098064
74.12669451098064
74.12669451098064
74.12669451098064
