54.20809380885638
59.648512317936046
60.7651196122255
61.825146033856505
63.14705281172808
63.963928391792756
63.24519921363869
64.9447434991027
64.6731896193614
65.60507149911619
65.36771468242137
65.18278073397744
66.38478080177404
65.06083912583624
66.36033475994594
66.26483423496866
66.3592414735357
64.98539299645968
66.4959415222299
67.00478619635254
67.14036037411476
67.54249213273754
66.65623664316041
67.65790362362208
67.8313716444166
67.93722873527878
67.98706519851166
67.63084328882297
68.22527085971129
69.04050781007595
68.3491804051657
68.03665699749021
68.89685930864415
68.70686610240159
68.6420953897535
68.72275617105515
68.44667204624324
68.46229296829196
69.18948957796711
68.62184551859731
69.11560646605241
69.06089576269808
69.64697801752149
69.40585655843124
69.33429522150468
69.50320691866395
69.26554731338378
68.6524370212598
68.9622259618283
69.18726175101446
69.41961850067462
68.8320377660384
69.35021214021215
69.36600526463347
69.30556100359053
69.74522344756359
70.64072363725266
70.29554931274718
70.46522809281628
71.30863155013847
71.12564356343333
71.03604897241947
71.11351568003647
70.64458927921481
70.84661644562924
70.5506187979329
71.03236884509079
71.20009559133705
71.0304818910996
70.98921325296335
70.75182953478647
70.64784728962273
70.81606918679037
70.89295223125025
70.91230926605279
70.59642722365354
70.71354851315424
71.09217757561667
71.31168319116023
71.33064526495619
71.37149535840628
71.28655943942722
71.14511035755751
71.05491114125697
70.98209558420129
71.14018308943942
71.14860753860161
71.3448893526633
71.349772567932
71.34977256793199
71.96059473192526
71.74235635582473
71.76319856929221
71.40869619048001
71.78296906476263
71.22736333418412
71.10331117575676
71.46082083330636
71.63152519639566
71.4721250596456
71.72524400269806
71.6206973545069
71.64254508282907
71.55704093381549
71.78257421878992
72.07050643665455
72.08160706130256
72.11959232356939
72.12040118053055
72.31212534651137
71.90485106587373
72.05164187095157
72.07547558145649
72.07932929657257
72.15471051574688
72.00959129283346
72.04338901777925
72.1599314550224
72.16204767993317
72.16204767993317
72.38944772380579
72.27944614880863
72.27944614880865
72.54923448425097
73.00947782781422
73.02576776876506
73.32780979619633
73.34002163860215
73.32474798650767
73.3108078556032
73.32731588268656
73.22929265585455
73.24112774989429
73.01828593576575
73.15358394016356
73.35919411788873
73.17164335501433
73.22944497448343
73.22944497448344
73.25121180790576
73.25121180790578
73.25121180790578
73.37429082106604
73.37429082106604
73.2225290873269
73.22513057404535
73.31917766134907
73.59715529121013
73.86347268638818
73.86347268638819
74.05467068217158
74.04359473854018
73.7115918787626
73.67108286463422
73.67108286463422
73.67108286463423
73.84562142280537
73.99428120697664
74.08304252999024
74.10232008911744
74.10971164197319
74.34484705786244
74.26073262942148
74.39613177144878
74.59989474300419
74.51916695491893
74.6435664702881
74.63499057406106
74.64624441233879
74.39409773971983
74.50831316188571
74.43919853299255
74.4802415366738
74.74499542119244
74.65215476910734
74.65730675172325
74.9108792274446
74.7402543537262
74.7306816554266
74.62329977361414
74.51965870846314
74.51965870846314
74.39741577064174
74.40184226527572
74.34901817391057
74.13881752805109
74.2520422560577
74.03239221315955
74.2396529805995
74.27760546128034
74.36181513487621
74.37739723375684
74.3701279152011
74.38802262591616
74.50584144635465
74.37144653110747
74.18268443989255
74.1847000128457
74.1847000128457
74.12072049223441
74.18815141799661
74.20089220479831
74.2008922047983
74.13609152922317
74.13609152922314
74.24230170727472
74.24230170727473
74.25040887983732
74.28406948719302
74.28685970294079
74.29407980760064
74.29407980760064
74.29407980760065
74.44237289312649
74.44237289312649
74.44237289312649
74.43589074391015
74.61999024251081
74.5782214204192
74.49647641857779
74.70150535009576
74.74064822827906
74.65227967282125
74.68118392356797
74.6813606815731
74.86817901863039
75.0457398008256
75.05374908634482
75.05374908634482
75.05374908634482
75.05630842164682
75.0660852985838
75.0660852985838
75.39315571896063
75.15904100652025
75.11888648255292
75.12193293932779
75.1219329393278
75.12193293932778
75.12193293932779
74.98108900641432
74.92565125730353
74.98918895487925
74.9610459740873
74.96104597408728
74.76385501414038
74.84610087587909
74.71399479618971
74.8193665957996
74.97393748913437
75.0119258867712
74.99116084895671
75.00529075403341
74.98473864920294
75.20309995774406
75.20309995774406
75.2078381714375
75.20894356444809
75.28459565128779
75.34571758173303
75.27252146879465
75.22216899478222
75.33444705940232
75.21637597203338
75.21637597203336
75.35743034965823
75.28609644843804
75.41121208862074
75.41121208862076
75.42456678103049
75.45043811529182
75.5354910884138
75.53549108841382
75.61185329145515
75.57500023072478
75.5750002307248
75.57724155654059
75.53169094266818
75.73260849465963
75.91686979514745
75.91686979514745
75.80473995876622
75.72625104472468
75.73628937489183
75.73628937489183
75.73628937489183
75.77609124217155
75.77609124217156
75.77609124217155
75.77914089916113
75.9148523132728
75.91315594109757
75.91315594109754
75.91315594109754
75.82812340276278
75.94481588130499
75.94481588130499
75.94481588130499
76.10641676610699
76.11271931509897
76.112719315099
76.112719315099
76.112719315099
76.19816647487463
76.19816647487463
76.26403337644041
76.26403337644041
76.18731042241399
76.45968682693835
76.45968682693834
76.45968682693832
76.45968682693832
76.77323880556166
76.67697845761059
76.64110692813584
76.57667427788277
76.57667427788277
76.27699129680893
76.44511827885275
76.44511827885275
76.4511171982527
76.34444424437878
76.34444424437879
76.41504091275564
76.28275385261722
76.26846513774915
76.26846513774913
76.22551326099008
76.22551326099007
76.30326781405901
76.3034871498226
76.3034871498226
76.3034871498226
76.31798588963007
76.11128386446201
75.61031512332536
75.61031512332535
75.61031512332535
75.61598727931407
75.61598727931407
75.41297489989897
74.88975195474266
74.88975195474266
74.85367500241146
74.86831222392011
75.02020968592645
75.02020968592645
74.87722166993898
74.99894752366014
75.09638941484211
75.1183740897278
75.22373500659076
75.22373500659077
74.98635591930358
74.98635591930356
75.0253422474395
74.89592962128788
74.89592962128788
74.78703802271433
74.70572853392834
74.8223702689931
74.8223702689931
74.90909734253407
74.82255293649804
74.82255293649806
74.82255293649801
74.82255293649804
74.72176888001988
74.7217688800199
74.7217688800199
74.72342051054845
74.81137902383199
74.6980129076646
74.8784368358399
75.06482607274285
75.09033761642446
75.28726439022006
75.28726439022006
75.29575439070693
75.29575439070692
75.2603871325015
75.21285131006054
75.3184998602109
75.2113400789623
75.43122701604327
75.39820350694775
75.35072222005356
75.35090603972121
75.49949423178595
75.49949423178595
75.49949423178596
75.37088435815431
75.3708843581543
75.3708843581543
75.52141457114782
75.52923302938599
75.56154762313139
75.42608968417206
75.16664332296897
75.3562154902504
75.3562154902504
75.1337925383677
75.1337925383677
75.1337925383677
74.99016069343165
74.99016069343165
74.99016069343165
74.8828911502995
74.9586855523768
74.9586855523768
75.0485841233634
75.22265203361003
75.13917314992904
75.01376698026426
75.02333561989958
74.81345783267624
74.81345783267624
74.81345783267625
74.99332137527522
74.99332137527522
75.00238862037267
75.00939208275857
75.15256984189655
75.22063536699939
75.13390902113711
75.16200077438052
75.19200132424584
75.19722705479771
75.00009836925263
75.00009836925263
75.00009836925261
75.25069822433262
75.25069822433261
75.25069822433262
75.37341097819625
75.3477286304728
75.50590712941418
75.50590712941418
75.50590712941415
75.39768625453665
75.3849309150018
75.38804014087792
75.58055191481776
75.58055191481775
75.4720343435824
75.5356955356695
75.5356955356695
75.66733131542459
75.60996212263315
75.84525692168317
75.8452569216832
75.94449332695521
75.95170414102382
75.97871328655019
75.97871328655017
76.04166278397398
76.0417973140872
76.0417973140872
76.22851050301205
76.10066149357189
76.10066149357189
76.16659663651522
76.16678497867373
76.25314892842248
76.44471328753293
76.590897089472
76.590897089472
76.59459486501503
76.57510402981966
76.63560037381959
76.63560037381959
76.63560037381959
76.6356003738196
76.71436332400222
76.72358129535941
76.72358129535942
76.72358129535945
76.72121618120495
76.73158597204676
76.76943034164394
76.76943034164395
76.76943034164398
76.76943034164395
76.77443178943147
76.79002725012236
76.79041033102413
76.67437025469094
76.67437025469096
76.67437025469094
76.70349305089371
76.70349305089371
76.45274110303733
76.45274110303734
76.45573332571499
76.19027116813184
76.19027116813186
76.19027116813187
76.19027116813186
76.19027116813187
76.11758024041936
