29.03283796740173
32.80450358239509
32.80450358239509
32.60521500457456
32.60521500457456
32.60521500457456
32.60521500457456
32.60521500457456
32.60521500457456
32.60521500457456
32.85163776493256
32.85163776493256
32.85163776493256
32.85163776493256
32.85163776493256
32.85163776493256
32.85163776493256
32.85163776493256
32.85163776493256
35.382955771305284
38.40254105980788
38.40254105980788
38.40254105980788
39.07607867052905
39.07607867052905
39.07607867052905
39.07607867052905
39.07607867052905
39.07607867052905
40.81189959714906
40.81189959714906
40.81189959714906
40.81189959714906
40.81189959714906
40.81189959714906
40.81189959714906
41.664084288813136
42.71219197938477
42.71219197938477
45.39391010149831
45.39391010149831
45.39391010149831
45.47128927410618
46.95557963163597
46.95557963163597
46.95557963163597
46.95557963163597
46.95557963163597
46.95557963163597
46.95557963163597
46.95557963163597
46.95557963163597
46.95557963163597
46.95557963163597
46.95557963163597
47.99013563501849
47.99013563501849
47.99013563501849
47.99013563501849
47.99013563501849
47.99013563501849
47.99013563501849
47.99013563501849
48.225238813474114
48.3538633818589
48.3538633818589
48.3538633818589
48.3538633818589
48.3538633818589
48.3538633818589
49.776035834266516
49.776035834266516
49.776035834266516
49.776035834266516
49.39244663382594
49.39244663382594
49.39244663382594
49.39244663382594
49.39244663382594
49.39244663382594
49.39244663382594
49.39244663382594
49.39244663382594
49.776035834266516
49.776035834266516
49.776035834266516
49.776035834266516
49.776035834266516
49.776035834266516
49.776035834266516
49.99999999999999
51.236660389202754
51.40567200986436
51.40567200986436
51.40567200986436
51.40567200986436
51.40567200986436
48.23284823284824
51.40567200986436
51.40567200986436
51.40567200986436
51.40567200986436
51.40567200986436
51.40567200986436
51.40567200986436
51.40567200986436
51.40567200986436
51.40567200986436
51.40567200986436
51.40567200986436
51.40567200986436
51.40567200986436
51.40567200986436
52.293464858199755
52.293464858199755
52.293464858199755
52.293464858199755
52.293464858199755
52.293464858199755
52.293464858199755
52.293464858199755
52.293464858199755
52.293464858199755
52.293464858199755
52.293464858199755
52.293464858199755
52.293464858199755
52.293464858199755
52.293464858199755
52.293464858199755
52.293464858199755
52.293464858199755
52.293464858199755
52.293464858199755
52.293464858199755
52.293464858199755
52.293464858199755
52.293464858199755
52.293464858199755
52.293464858199755
52.293464858199755
52.293464858199755
52.293464858199755
52.293464858199755
52.293464858199755
52.293464858199755
52.293464858199755
52.293464858199755
52.293464858199755
52.293464858199755
52.293464858199755
52.293464858199755
52.293464858199755
52.293464858199755
52.293464858199755
52.293464858199755
52.293464858199755
52.293464858199755
52.293464858199755
52.293464858199755
52.293464858199755
52.293464858199755
52.293464858199755
52.293464858199755
52.293464858199755
52.293464858199755
52.293464858199755
52.293464858199755
52.293464858199755
52.293464858199755
52.293464858199755
52.293464858199755
52.293464858199755
52.293464858199755
52.293464858199755
52.293464858199755
52.293464858199755
52.293464858199755
52.293464858199755
52.293464858199755
52.293464858199755
52.293464858199755
52.293464858199755
52.293464858199755
52.293464858199755
52.293464858199755
52.293464858199755
52.293464858199755
52.293464858199755
52.293464858199755
52.293464858199755
52.293464858199755
52.293464858199755
52.293464858199755
52.293464858199755
52.293464858199755
52.293464858199755
52.293464858199755
52.293464858199755
52.293464858199755
52.293464858199755
