97360.0
78830.0
73700.0
86580.0
71600.0
71600.0
71600.0
61280.0
61280.0
61280.0
56320.0
56320.0
56320.0
56320.0
56320.0
56320.0
56320.0
56320.0
56320.0
56320.0
56320.0
59380.0
59380.0
59380.0
59380.0
59380.0
59380.0
59380.0
59380.0
59380.0
59380.0
59380.0
59380.0
59380.0
49080.0
49080.0
49080.0
49080.0
49080.0
49080.0
49080.0
49080.0
49080.0
49080.0
49080.0
49080.0
49080.0
49080.0
49080.0
49080.0
49080.0
49080.0
45640.0
45640.0
46860.0
46860.0
46860.0
46860.0
46860.0
46860.0
52940.0
52940.0
52940.0
52940.0
52940.0
52940.0
52940.0
52940.0
52940.0
46860.0
46860.0
46860.0
46860.0
46860.0
46860.0
46860.0
46860.0
46860.0
46860.0
46860.0
46860.0
46860.0
46860.0
46860.0
45620.0
45620.0
45620.0
45620.0
45620.0
45620.0
45620.0
45620.0
45620.0
45620.0
45620.0
45620.0
45620.0
45620.0
45620.0
45620.0
45620.0
45620.0
45620.0
45620.0
45620.0
45620.0
45620.0
45620.0
45620.0
45620.0
45620.0
45620.0
45000.0
45000.0
45000.0
45000.0
45000.0
45000.0
45000.0
45000.0
45000.0
45000.0
45000.0
45000.0
45000.0
45000.0
45000.0
45000.0
45000.0
45000.0
45000.0
45000.0
45000.0
45000.0
45000.0
45000.0
45000.0
45000.0
45000.0
45000.0
45000.0
45000.0
45000.0
45000.0
45000.0
45000.0
45000.0
45000.0
45000.0
45000.0
45000.0
45000.0
45000.0
45000.0
45000.0
45000.0
45000.0
45000.0
45000.0
45000.0
45000.0
45000.0
45000.0
45000.0
45000.0
45000.0
45000.0
45000.0
45000.0
45000.0
45000.0
45000.0
45000.0
45000.0
45000.0
45000.0
45000.0
45000.0
45000.0
45000.0
45000.0
45000.0
45000.0
45000.0
45000.0
45000.0
45000.0
45000.0
45000.0
45000.0
45000.0
45000.0
45000.0
45000.0
45000.0
45000.0
45000.0
45000.0
45000.0
45000.0
45000.0
