38.91900032632959
43.94984139977132
46.526667408869116
50.06522440813818
48.76858429175758
48.22964480102314
48.3757157523082
48.893018004523704
48.0561498064504
48.4166699927363
48.88091625816829
51.64045700263089
48.00145963910375
51.07625472529795
50.213332609218256
50.48134736121098
51.57822911098753
48.09026132928692
49.80588994940295
49.79858437924887
50.361347196632984
51.18255008195272
51.3084570416078
49.75737508858877
50.214125281632654
50.64119845888743
50.723155579459736
50.85653576165098
51.54852966072074
51.05508429735577
52.78928364559681
53.098526551137816
53.649376585876425
52.025778979719654
53.817347788341394
53.224736748412425
52.88282542730375
53.98768654953987
53.43626014349451
53.82879501686283
54.31814680887975
54.36064197375673
54.117071320587094
54.19890226589286
55.49297614314394
55.239964357151045
55.29790875569548
55.58334645409833
55.68825339662632
55.66864200831787
55.425149632336115
56.22658517852809
56.50842423987427
56.54347276708605
55.95482348909131
55.5051135328638
56.022557767022334
56.28465423557192
55.157829178511484
56.28505778227393
55.80246864276449
56.367508888410846
55.92827361915871
55.43630116029623
56.10910962390859
55.102391716164696
56.48426842882943
56.65459211535871
55.92492026141306
56.57871643877358
55.64134584501973
56.12774251609583
55.36803457699585
55.745960695313784
56.19081275426756
55.979428490556984
55.824945637733016
56.542090878507544
56.48357335688612
56.185123495717335
55.95122184340317
56.11143448453936
56.743964656770935
56.4988931182005
57.05120366040927
56.628248203237774
56.42923730432407
57.07189912716811
57.14224144602557
56.918610628012594
56.705364450725895
57.47735978337676
57.21442516846651
56.95027196111364
57.48870635956529
57.825961485367216
56.05457012014199
58.46881373841914
57.72309911934783
58.054471528363294
58.18462384226585
57.19342470825891
58.083107931422255
57.95022931556652
57.96117616626051
57.4760690187747
57.59829203586911
57.998956888298316
57.8926436693857
58.05458250736405
58.74162894991912
57.21170588970601
57.07719198139895
57.58625290637194
58.10650879171478
58.389240940838874
57.44113744649058
57.31709236271527
58.19253589512323
57.96943120707792
57.47484911650226
57.52616000451604
57.39975858638711
58.0161202267273
57.80540244415629
57.46631628681592
57.43753994187071
57.28932870767301
58.10443886600068
57.52029787291353
57.88130509522292
57.50791697490159
57.90994246105549
57.51445651833706
59.004773633243246
57.44018950023533
58.21706271059682
57.996218040574
58.13883644001829
57.879227629988414
58.962086691291525
58.420422140274
58.41300968461407
56.51005957449301
57.728821421742474
58.75709677457284
58.8283039673557
58.00272240339615
58.441542578703086
57.988083065277614
57.21739071705269
58.0225295528131
58.46299604085032
57.79546944848487
58.30859223674436
57.47260900211818
57.5947407244664
57.87809635384103
58.20193263225892
58.47176290747369
57.55181263406525
57.76606244066742
58.51738202976745
58.522315740060094
58.143505363556486
58.21311422074492
57.269377160113606
57.83948846303862
57.45513024885379
58.30894324578311
57.477446985526875
58.02704556888495
58.4903322289197
57.745314699314605
57.34649454398331
57.08338648625054
58.0476978705568
58.08948153879954
56.70839564164917
57.7320126455264
57.94274653520126
57.753329524600964
58.09626529913163
57.64282820413013
58.497604844516495
57.82359904378878
57.55469637551947
57.67401539846571
57.06044404339276
58.09914737451479
57.68768177962295
57.36962140741765
58.12543858959433
58.28385676659904
57.669804199710306
57.399300104945986
57.803802557657576
57.76991086034213
56.742175500381215
57.19346137226717
57.00942893976417
