341728.0
438964.0
418372.0
418372.0
420812.0
408814.0
301228.0
299224.0
268470.0
285872.0
285872.0
261904.0
261904.0
181088.0
167276.0
183838.0
192922.0
192922.0
190542.0
190542.0
190542.0
190542.0
190542.0
190542.0
190542.0
190542.0
190542.0
116716.0
124302.0
124302.0
124302.0
124302.0
124302.0
124302.0
124302.0
119010.0
119010.0
119010.0
119010.0
119010.0
119010.0
119010.0
119010.0
119010.0
119010.0
142362.0
119010.0
119010.0
119010.0
119010.0
119010.0
119010.0
119010.0
119010.0
119010.0
119010.0
119010.0
119010.0
88742.0
95842.0
93138.0
87832.0
83882.0
83182.0
87012.0
87012.0
114568.0
123424.0
123424.0
123424.0
123424.0
123424.0
123424.0
123424.0
123424.0
123424.0
123424.0
123424.0
123424.0
123424.0
123424.0
123424.0
123424.0
123424.0
123424.0
123424.0
123424.0
123424.0
123424.0
123424.0
123424.0
123424.0
123424.0
89258.0
89258.0
96410.0
96410.0
94508.0
95888.0
95888.0
95888.0
95888.0
98828.0
95888.0
95888.0
95888.0
95888.0
95888.0
95888.0
95888.0
95888.0
95888.0
96230.0
96230.0
96230.0
96230.0
96230.0
96230.0
96230.0
96230.0
96230.0
96230.0
96230.0
96230.0
96230.0
96230.0
96230.0
96230.0
96230.0
96230.0
96230.0
96230.0
96230.0
96230.0
95888.0
95888.0
95888.0
95888.0
95888.0
95888.0
95888.0
95888.0
95888.0
95888.0
95888.0
95888.0
95888.0
95888.0
95888.0
95888.0
95888.0
95888.0
95888.0
95888.0
94840.0
94840.0
94840.0
94840.0
94840.0
94840.0
94840.0
94840.0
94840.0
94840.0
94840.0
94840.0
94840.0
106740.0
106740.0
106740.0
106740.0
106740.0
106740.0
106740.0
106740.0
106740.0
106740.0
106740.0
106740.0
106740.0
106740.0
106740.0
106740.0
106740.0
106740.0
106740.0
106740.0
106740.0
106740.0
106740.0
106740.0
106740.0
106740.0
106740.0
106740.0
106740.0
106740.0
106740.0
106740.0
106740.0
106740.0
106740.0
106740.0
106740.0
106740.0
106740.0
106740.0
106740.0
106740.0
106740.0
106740.0
106740.0
106740.0
106740.0
106740.0
106740.0
139330.0
139330.0
139330.0
139330.0
139330.0
139330.0
139330.0
139330.0
139330.0
139330.0
139330.0
139330.0
139330.0
139330.0
139330.0
139330.0
139330.0
139330.0
139330.0
139330.0
139330.0
139330.0
139330.0
139330.0
139330.0
139330.0
139330.0
139330.0
139330.0
139330.0
139330.0
139330.0
139330.0
139330.0
139330.0
139330.0
139330.0
139330.0
139330.0
139330.0
139330.0
139330.0
139330.0
139330.0
139330.0
139330.0
139330.0
139330.0
139330.0
139330.0
139330.0
139330.0
139330.0
139330.0
139330.0
139330.0
139330.0
139330.0
139330.0
139330.0
139330.0
139330.0
139330.0
139330.0
139330.0
139330.0
139330.0
139330.0
139330.0
139330.0
139330.0
139330.0
139330.0
139330.0
139330.0
139330.0
139330.0
139330.0
139330.0
139330.0
139330.0
139330.0
139330.0
139330.0
139330.0
139330.0
139330.0
139330.0
139330.0
139330.0
139330.0
139330.0
139330.0
139330.0
139330.0
139330.0
139330.0
139330.0
139330.0
139330.0
139330.0
139330.0
139330.0
139330.0
139330.0
139330.0
139330.0
139330.0
139330.0
139330.0
139330.0
139330.0
139330.0
139330.0
139330.0
139330.0
139330.0
139330.0
139330.0
139330.0
139330.0
139330.0
139330.0
139330.0
139330.0
139330.0
139330.0
139330.0
139330.0
139330.0
139330.0
139330.0
139330.0
139330.0
139330.0
139330.0
139330.0
139330.0
139330.0
139330.0
139330.0
139330.0
139330.0
139330.0
139330.0
139330.0
139330.0
139330.0
139330.0
139330.0
139330.0
139330.0
139330.0
139330.0
139330.0
139330.0
139330.0
139330.0
139330.0
139330.0
139330.0
139330.0
139330.0
139330.0
139330.0
139330.0
139330.0
139330.0
139330.0
139330.0
139330.0
139330.0
139330.0
139330.0
139330.0
139330.0
139330.0
139330.0
139330.0
139330.0
139330.0
139330.0
139330.0
139330.0
