62.58990663999238
66.03608515386273
67.97572735740508
67.97572735740508
71.49304677623262
71.49304677623262
75.17784552845528
71.41804906167937
71.41804906167937
71.74894828012869
72.15986605481831
72.76265843144824
72.87977088082296
73.64743011722273
74.31015710063774
74.60953555281544
74.60953555281544
74.60953555281544
74.60953555281544
74.60953555281544
74.60953555281544
74.59339508214798
74.59339508214798
74.59339508214798
74.59339508214798
74.59339508214798
74.59339508214798
75.58146355770641
75.58146355770641
75.58146355770641
75.58146355770641
75.58146355770641
75.58146355770641
75.58146355770641
75.58146355770641
75.63624468433105
75.63624468433105
75.63624468433105
75.63624468433105
75.63624468433105
75.63624468433105
75.63624468433105
75.63624468433105
75.63624468433105
75.63624468433105
75.63624468433105
75.63624468433105
75.63624468433105
75.63624468433105
75.63624468433105
75.63624468433105
75.63624468433105
75.63624468433105
75.63624468433105
75.63624468433105
75.63624468433105
75.63624468433105
75.63624468433105
75.66458170445661
75.66458170445661
75.66458170445661
75.66458170445661
75.66458170445661
75.66458170445661
76.5052881987977
76.5052881987977
76.5052881987977
76.60179208016187
76.60179208016187
76.60179208016187
76.60179208016187
76.60179208016187
76.60179208016187
76.60179208016187
76.60179208016187
76.60179208016187
76.60179208016187
76.60179208016187
76.60179208016187
76.60179208016187
76.60179208016187
76.60179208016187
76.60179208016187
76.60179208016187
76.60179208016187
76.60179208016187
76.60179208016187
76.60179208016187
76.60179208016187
76.60179208016187
76.87397233775026
76.87397233775026
76.87397233775026
77.11093916239481
77.11093916239481
77.11093916239481
77.11093916239481
77.3930425250669
77.69017445422593
77.97886910585014
77.97886910585014
77.97886910585014
77.97886910585014
77.97886910585014
77.97886910585014
77.97886910585014
77.97886910585014
77.97886910585014
77.70658057783865
77.70658057783865
77.70658057783865
77.70658057783865
77.70658057783865
77.70658057783865
77.70658057783865
77.70658057783865
77.70658057783865
77.70658057783865
77.69017445422593
77.69017445422593
77.69017445422593
77.69017445422593
77.69017445422593
77.69017445422593
77.69017445422593
77.69017445422593
77.69017445422593
77.69017445422593
77.69017445422593
77.69017445422593
77.69017445422593
77.69017445422593
77.69017445422593
77.69017445422593
77.69017445422593
77.69017445422593
77.69017445422593
77.69017445422593
77.69017445422593
77.69017445422593
77.69017445422593
77.69017445422593
77.69017445422593
77.69017445422593
77.69017445422593
77.69017445422593
77.69017445422593
77.69017445422593
77.69017445422593
77.69017445422593
77.69017445422593
77.69017445422593
77.69017445422593
77.69017445422593
77.71912675138482
77.71912675138482
77.71912675138482
77.71912675138482
77.71912675138482
77.71912675138482
77.71912675138482
77.71912675138482
77.71912675138482
77.71912675138482
77.71912675138482
77.71912675138482
77.71912675138482
78.05167709837907
78.05167709837907
78.05167709837907
78.05167709837907
78.05167709837907
78.05167709837907
78.05167709837907
78.05167709837907
78.05167709837907
78.05167709837907
78.05167709837907
78.05167709837907
78.05167709837907
78.05167709837907
78.05167709837907
78.05167709837907
78.05167709837907
78.05167709837907
78.05167709837907
78.05167709837907
78.05167709837907
78.05167709837907
78.05167709837907
78.05167709837907
78.05167709837907
78.05167709837907
78.05167709837907
78.05167709837907
78.05167709837907
78.05167709837907
78.05167709837907
78.05167709837907
78.05167709837907
78.05167709837907
78.05167709837907
78.05167709837907
78.05167709837907
78.05167709837907
78.05167709837907
78.05167709837907
78.05167709837907
78.05167709837907
78.05167709837907
78.05167709837907
78.05167709837907
78.05167709837907
78.05167709837907
78.05167709837907
78.05167709837907
78.30021640763329
78.30021640763329
78.30021640763329
78.30021640763329
78.30021640763329
78.30021640763329
78.30021640763329
78.30021640763329
78.30021640763329
78.30021640763329
78.30021640763329
78.30021640763329
78.30021640763329
78.30021640763329
78.30021640763329
78.30021640763329
78.30021640763329
78.30021640763329
78.30021640763329
78.30021640763329
78.30021640763329
78.30021640763329
78.30021640763329
78.30021640763329
78.30021640763329
78.30021640763329
78.30021640763329
78.30021640763329
78.30021640763329
78.30021640763329
78.30021640763329
78.30021640763329
78.30021640763329
78.30021640763329
78.30021640763329
78.30021640763329
78.30021640763329
78.30021640763329
78.30021640763329
78.30021640763329
78.30021640763329
78.30021640763329
78.30021640763329
78.30021640763329
78.30021640763329
78.30021640763329
78.30021640763329
78.30021640763329
78.30021640763329
78.30021640763329
78.30021640763329
78.30021640763329
78.30021640763329
78.30021640763329
78.30021640763329
78.30021640763329
78.30021640763329
78.30021640763329
78.30021640763329
78.30021640763329
78.30021640763329
78.30021640763329
78.30021640763329
78.30021640763329
78.30021640763329
78.30021640763329
78.30021640763329
78.30021640763329
78.30021640763329
78.30021640763329
78.30021640763329
78.30021640763329
78.30021640763329
78.30021640763329
78.30021640763329
78.30021640763329
78.30021640763329
78.30021640763329
78.30021640763329
78.30021640763329
78.30021640763329
78.30021640763329
78.30021640763329
78.30021640763329
78.30021640763329
78.30021640763329
78.30021640763329
78.30021640763329
78.30021640763329
78.30021640763329
78.30021640763329
78.30021640763329
78.30021640763329
78.30021640763329
78.30021640763329
78.30021640763329
78.30021640763329
78.30021640763329
78.30021640763329
78.30021640763329
78.30021640763329
78.30021640763329
78.30021640763329
78.30021640763329
78.30021640763329
78.30021640763329
78.30021640763329
78.30021640763329
78.30021640763329
78.30021640763329
78.30021640763329
78.30021640763329
78.30021640763329
78.30021640763329
78.30021640763329
78.30021640763329
78.30021640763329
78.30021640763329
78.30021640763329
78.30021640763329
78.30021640763329
78.30021640763329
78.30021640763329
78.30021640763329
78.30021640763329
78.30021640763329
78.30021640763329
78.30021640763329
78.30021640763329
78.30021640763329
78.30021640763329
78.30021640763329
78.30021640763329
78.30021640763329
78.30021640763329
78.30021640763329
78.30021640763329
78.30021640763329
78.30021640763329
78.30021640763329
78.30021640763329
78.30021640763329
78.30021640763329
78.30021640763329
78.30021640763329
78.30021640763329
78.30021640763329
78.30021640763329
78.30021640763329
78.30021640763329
78.30021640763329
78.30021640763329
78.30021640763329
78.30021640763329
78.30021640763329
78.30021640763329
78.30021640763329
78.30021640763329
78.30021640763329
78.30021640763329
78.30021640763329
78.30021640763329
78.30021640763329
78.30021640763329
78.30021640763329
78.30021640763329
78.30021640763329
78.30021640763329
78.30021640763329
78.30021640763329
78.30021640763329
78.30021640763329
78.30021640763329
78.30021640763329
78.30021640763329
78.30021640763329
78.30021640763329
78.30021640763329
78.30021640763329
78.30021640763329
78.30021640763329
78.30021640763329
78.30021640763329
78.30021640763329
