30.06317354143441
35.16483516483517
35.57808716707022
38.98365316275764
38.98365316275764
38.98365316275764
39.71579961464355
39.71579961464355
39.71579961464355
39.71579961464355
39.71579961464355
39.71579961464355
39.71579961464355
39.71579961464355
39.71579961464355
42.22766217870257
42.22766217870257
42.22766217870257
42.22766217870257
42.22766217870257
42.22766217870257
42.22766217870257
42.22766217870257
42.22766217870257
42.22766217870257
42.22766217870257
42.22766217870257
42.22766217870257
42.22766217870257
45.2672378620971
45.2672378620971
45.2672378620971
45.2672378620971
45.48864557988645
39.40693104680243
41.0546715626275
45.48864557988645
45.48864557988645
40.79106280193236
45.48864557988645
45.707070707070706
46.1374695863747
46.1374695863747
46.1374695863747
44.37893081761006
44.37893081761006
44.37893081761006
44.37893081761006
44.37893081761006
44.37893081761006
44.37893081761006
46.1374695863747
46.1374695863747
46.17327117327117
46.17327117327117
46.17327117327117
46.17327117327117
46.17327117327117
46.17327117327117
43.93040727560301
43.93040727560301
43.93040727560301
43.93040727560301
42.75493752519146
42.75493752519146
42.75493752519146
42.75493752519146
39.13219789132199
42.75493752519146
42.75493752519146
42.75493752519146
46.17327117327117
46.17327117327117
46.17327117327117
46.17327117327117
46.17327117327117
46.17327117327117
46.17327117327117
46.17327117327117
46.17327117327117
46.17327117327117
46.17327117327117
46.17327117327117
46.17327117327117
46.17327117327117
46.17327117327117
46.17327117327117
46.17327117327117
46.17327117327117
46.17327117327117
46.17327117327117
46.17327117327117
46.17327117327117
46.17327117327117
42.24268689057421
42.24268689057421
42.24268689057421
42.24268689057421
42.24268689057421
42.24268689057421
42.24268689057421
42.24268689057421
42.24268689057421
42.24268689057421
42.24268689057421
42.24268689057421
42.24268689057421
42.24268689057421
42.24268689057421
42.24268689057421
44.18300653594771
47.25359911406424
47.25359911406424
47.25359911406424
47.25359911406424
47.25359911406424
47.25359911406424
47.25359911406424
47.25359911406424
47.25359911406424
47.25359911406424
47.25359911406424
47.25359911406424
47.25359911406424
47.25359911406424
47.25359911406424
47.25359911406424
47.25359911406424
47.25359911406424
47.25359911406424
47.25359911406424
47.25359911406424
47.25359911406424
47.25359911406424
47.25359911406424
47.25359911406424
47.25359911406424
47.25359911406424
47.25359911406424
47.25359911406424
47.25359911406424
47.25359911406424
47.25359911406424
47.25359911406424
47.25359911406424
47.25359911406424
47.25359911406424
47.25359911406424
47.25359911406424
47.25359911406424
47.25359911406424
47.25359911406424
47.25359911406424
47.25359911406424
48.59357696566999
50.121816168327804
50.121816168327804
50.121816168327804
50.121816168327804
50.121816168327804
50.121816168327804
50.121816168327804
50.121816168327804
50.121816168327804
50.23255813953489
50.23255813953489
50.23255813953489
50.23255813953489
50.23255813953489
50.23255813953489
50.23255813953489
50.23255813953489
50.23255813953489
50.23255813953489
50.23255813953489
50.23255813953489
50.23255813953489
50.23255813953489
50.23255813953489
50.23255813953489
50.23255813953489
50.23255813953489
50.23255813953489
45.57610241820768
45.57610241820768
45.57610241820768
45.57610241820768
50.23255813953489
50.23255813953489
50.23255813953489
50.23255813953489
50.23255813953489
50.23255813953489
50.23255813953489
50.23255813953489
50.23255813953489
50.23255813953489
50.23255813953489
50.23255813953489
50.23255813953489
50.23255813953489
50.23255813953489
50.23255813953489
50.23255813953489
50.23255813953489
50.23255813953489
50.23255813953489
50.23255813953489
50.23255813953489
50.23255813953489
49.10630291627469
50.23255813953489
50.23255813953489
50.23255813953489
50.23255813953489
50.23255813953489
50.23255813953489
50.23255813953489
50.23255813953489
50.23255813953489
50.23255813953489
50.23255813953489
50.23255813953489
50.23255813953489
50.23255813953489
50.23255813953489
50.23255813953489
50.23255813953489
50.23255813953489
50.23255813953489
50.23255813953489
50.23255813953489
50.23255813953489
50.23255813953489
50.23255813953489
50.23255813953489
50.23255813953489
50.23255813953489
50.23255813953489
50.23255813953489
50.23255813953489
50.23255813953489
50.23255813953489
50.23255813953489
50.23255813953489
50.23255813953489
50.23255813953489
50.23255813953489
50.23255813953489
50.23255813953489
50.23255813953489
50.23255813953489
50.23255813953489
50.23255813953489
50.23255813953489
50.23255813953489
50.23255813953489
50.23255813953489
50.23255813953489
50.23255813953489
50.23255813953489
50.23255813953489
50.23255813953489
50.23255813953489
50.23255813953489
50.23255813953489
50.23255813953489
50.23255813953489
50.23255813953489
50.23255813953489
50.23255813953489
50.23255813953489
50.23255813953489
50.23255813953489
50.23255813953489
50.23255813953489
50.23255813953489
50.23255813953489
50.23255813953489
50.23255813953489
50.23255813953489
50.23255813953489
50.23255813953489
50.23255813953489
50.23255813953489
50.23255813953489
50.23255813953489
50.23255813953489
50.23255813953489
50.23255813953489
50.23255813953489
50.23255813953489
50.23255813953489
50.23255813953489
50.23255813953489
50.23255813953489
50.23255813953489
50.23255813953489
50.23255813953489
50.23255813953489
50.23255813953489
50.23255813953489
50.23255813953489
50.23255813953489
50.23255813953489
50.23255813953489
50.23255813953489
50.23255813953489
50.23255813953489
50.23255813953489
50.23255813953489
50.23255813953489
50.23255813953489
50.23255813953489
50.23255813953489
50.23255813953489
50.23255813953489
50.23255813953489
50.23255813953489
50.23255813953489
50.23255813953489
50.23255813953489
50.23255813953489
50.23255813953489
50.23255813953489
50.23255813953489
50.23255813953489
50.23255813953489
50.23255813953489
50.23255813953489
50.23255813953489
50.23255813953489
50.23255813953489
50.23255813953489
50.23255813953489
50.23255813953489
50.23255813953489
50.23255813953489
50.23255813953489
50.23255813953489
50.23255813953489
50.23255813953489
52.30579531442663
52.30579531442663
52.30579531442663
52.30579531442663
52.30579531442663
52.30579531442663
52.30579531442663
52.30579531442663
52.30579531442663
52.30579531442663
52.30579531442663
52.30579531442663
52.30579531442663
52.30579531442663
52.30579531442663
52.30579531442663
52.30579531442663
52.30579531442663
52.30579531442663
52.30579531442663
52.30579531442663
52.30579531442663
52.30579531442663
52.30579531442663
52.30579531442663
52.30579531442663
52.30579531442663
52.30579531442663
52.30579531442663
52.30579531442663
52.30579531442663
52.30579531442663
52.30579531442663
52.30579531442663
52.30579531442663
52.30579531442663
52.30579531442663
52.30579531442663
52.30579531442663
52.30579531442663
52.30579531442663
52.30579531442663
52.30579531442663
52.30579531442663
52.30579531442663
52.30579531442663
52.30579531442663
52.30579531442663
52.30579531442663
52.30579531442663
52.30579531442663
52.30579531442663
52.30579531442663
52.30579531442663
52.30579531442663
52.30579531442663
52.30579531442663
52.30579531442663
52.30579531442663
52.30579531442663
52.30579531442663
52.30579531442663
52.30579531442663
52.30579531442663
52.30579531442663
52.30579531442663
52.30579531442663
52.30579531442663
52.30579531442663
52.30579531442663
52.30579531442663
52.30579531442663
52.30579531442663
52.30579531442663
52.30579531442663
52.30579531442663
52.30579531442663
52.30579531442663
52.30579531442663
52.30579531442663
52.30579531442663
52.30579531442663
52.30579531442663
52.30579531442663
52.30579531442663
52.30579531442663
52.30579531442663
52.30579531442663
52.30579531442663
52.30579531442663
52.30579531442663
52.30579531442663
52.30579531442663
52.30579531442663
52.30579531442663
52.30579531442663
52.30579531442663
52.30579531442663
52.30579531442663
52.30579531442663
52.30579531442663
52.30579531442663
52.30579531442663
52.30579531442663
52.30579531442663
52.30579531442663
52.30579531442663
52.30579531442663
52.30579531442663
52.30579531442663
52.30579531442663
52.30579531442663
52.30579531442663
52.30579531442663
52.30579531442663
52.30579531442663
52.30579531442663
52.30579531442663
52.30579531442663
52.30579531442663
52.30579531442663
52.30579531442663
52.30579531442663
52.30579531442663
52.30579531442663
52.30579531442663
52.30579531442663
52.30579531442663
52.909987669543774
52.909987669543774
52.909987669543774
52.909987669543774
52.909987669543774
52.909987669543774
52.909987669543774
52.909987669543774
52.909987669543774
52.909987669543774
52.909987669543774
52.909987669543774
52.909987669543774
52.909987669543774
52.909987669543774
52.909987669543774
52.909987669543774
52.909987669543774
52.909987669543774
52.909987669543774
52.909987669543774
52.909987669543774
52.909987669543774
52.909987669543774
52.909987669543774
52.909987669543774
52.909987669543774
52.909987669543774
50.012406947890824
50.012406947890824
52.909987669543774
