27.37654320987654
30.06317354143441
35.115164425509256
34.066943775979
36.54165573913804
37.04171934260431
34.75789192081327
34.39689308559245
35.62133746983798
32.01736535069868
34.583204214440656
32.66081177308332
35.59501722767028
36.391460708546944
35.55134520651762
36.99059561128526
32.06632038801555
32.850543572644234
36.326402016383106
35.48129410198376
36.4818144101784
35.31422752400349
36.02517042475092
33.752981712165386
37.70712046574116
33.609458543565026
34.23527808069793
31.66466024612092
33.762842901224104
33.939708939708936
36.70520231213873
31.746031746031743
33.63611340489954
33.57738938749803
36.58286300667009
34.090633708954314
35.35024524831392
34.23364790107387
36.11616621170761
36.86684865028814
36.80381149357364
35.78894972623196
38.21961620469083
34.53143379950333
34.14798811774237
33.32960143304971
37.33279828785447
33.17960054886416
36.038961038961034
36.56241717466207
36.13263092655718
37.104870438203776
33.64536697870032
31.65891356542617
32.25144787644788
35.61357297799814
33.02695123851067
35.986874088478366
32.52144722118612
35.80413297394429
33.324331623008376
35.18598928933276
36.89387165554715
36.47972716938234
33.93023565437359
33.67170091606833
35.68443051201672
35.98618459729571
36.0838779956427
35.13338557459711
36.1949846468782
37.40653286107831
33.59691543589073
35.424187725631775
36.01335240820219
34.50869769628585
37.70448548812664
34.68199886428166
38.23970661776963
31.31430041152263
37.179832839040174
36.801354947979675
37.98633798633799
34.274067105675755
35.62152133580705
39.51071761416589
35.926970694248546
32.911802853437095
36.35081119209969
36.72099712368169
35.86725012585679
34.56663630843959
36.15298715801229
35.54437328453797
39.07942238267149
36.38816362053959
33.89063044235458
35.92464844786416
35.170951497482115
36.13387978142076
37.190341799937286
35.81325775468431
38.545382481173206
38.34035251910779
31.44738610401828
35.905125408942205
36.36017078377554
36.865953429830085
38.2034632034632
36.32277693265108
39.319126819126815
34.61900282220132
37.04155485077661
32.522021325915624
38.432510885341074
37.63537906137184
32.93687099725526
38.765774084333636
37.81382228490832
33.16482843137255
36.89788053949904
36.25925925925926
35.67795263074233
38.2467830882353
34.91615734210939
40.19191442504326
37.89437585733882
39.13077403245943
40.45584045584046
38.73032808749
34.67497204919342
36.74074074074074
37.254214850290076
39.03241412675375
36.152641321372634
36.600030637254896
35.333178005591805
39.959016393442624
39.26824931092736
36.999178981937604
36.81416646405706
36.897274633123686
33.85845285680696
33.76623376623376
36.90257352941176
38.62633900441084
39.414414414414416
39.38454198473282
34.375
38.311279143037176
37.99589062746958
36.77188167124123
38.358070500927646
35.2429746933706
41.611790529946695
39.184397163120565
37.57037037037037
33.712304467021454
40.677243261685426
36.11111111111111
37.81721536351166
39.7233893557423
35.499434602336976
38.852813852813846
35.78339575530587
35.4992657856094
38.199745547073796
38.17261587639851
37.026025508445365
37.74470367390722
37.08847736625515
38.380175279540644
35.98345588235294
36.65107046646817
35.47128589263421
40.375088464260436
36.81785967399008
37.31371618414808
38.13559322033898
34.61785484906872
38.82295719844358
38.687984951798725
37.8140318627451
39.3138052617304
40.69859333017228
34.262759924385634
34.49111470113086
40.24203431372549
37.93572984749455
40.17009213323884
36.414693381906496
40.27365491651206
36.81267474370923
36.989720998531574
39.57641852378695
34.71837488457987
37.2461029759093
37.63071482697651
33.87804686887687
37.26884779516359
36.08345187292556
37.51714677640604
39.2213180149992
36.91157760814249
35.765379113018604
37.519236688211755
38.08439587128112
39.437519974432725
39.14670658682635
35.4923889406648
40.91986723565671
37.37885462555066
32.7187840785169
43.30357142857142
38.793384579548096
39.453125
37.70272398047552
39.06318657175499
36.00924619965523
37.814012971590394
36.66524277374341
39.84320859320859
38.8946638946639
36.55913978494623
34.85130833139219
35.79492003762935
38.27859569648924
37.820512820512825
35.975897920604915
36.93098384728341
35.731076633756466
37.93622141997593
37.29932131991575
34.66889259877574
35.2508071501693
38.87540453074434
38.51534296028881
37.26884779516359
36.038011695906434
35.91372912801484
36.93578242916133
36.07126113455227
36.935399159663866
36.680390362915524
37.48588937268183
36.25349487418453
37.41312204614957
35.70019723865878
35.250463821892396
35.932904046426586
38.35010673985972
37.410244135950215
36.16169613794317
37.10138387484958
35.466914038342615
36.21145374449339
35.52129221732746
38.319609637084476
37.20285969615728
34.272770624701955
37.325063613231556
38.49272597185786
37.84309240622141
37.73391812865497
37.097777777777786
36.071953010278996
36.74789410348976
34.512867647058826
39.37360178970918
38.29296966846932
35.34094439266853
36.017136947850496
36.59266257282318
34.524356617647065
39.15812364088226
36.24632977901406
37.15319182764926
36.75799086757991
36.45908350073911
36.00370885489105
34.23870256652496
34.658394607843135
34.01677539608574
37.847562970232254
32.76380319569689
38.59259259259259
37.49401627573001
35.71822442790185
34.98700685093314
35.096303199751475
37.454462659380695
37.78952205882353
36.51635720601238
37.7996340347667
34.380516770983796
35.026380029923615
35.98382749326145
33.6372730070791
36.081446675210024
39.15394402035624
33.40643274853801
36.000465874679705
34.013290063359605
34.39272605939272
36.345029239766085
34.31280363579376
34.85921031933302
34.75144861238182
35.24457775726811
33.89238294898672
38.90183286735011
36.486852805638385
36.201284419811735
36.32659457765241
35.740056318197816
37.36296296296296
33.215769260913866
38.820301783264746
37.08721036307243
36.05532704250343
36.375996249413966
36.88376832040129
33.62888409617381
37.47723132969035
36.1531190926276
39.39393939393939
36.88846940380683
37.51531862745098
33.93134513824169
36.003639528443706
34.692861519607845
38.153749212350355
33.91723489301669
36.498109640831764
35.66121842496285
38.679245283018865
35.99355625217694
36.46261795306073
39.453125
36.68888888888888
36.13639993611245
37.68382352941177
36.44079988490865
37.86666666666667
34.910327767470626
34.44650587507731
36.98443267533301
38.954505686789155
35.64896755162242
35.66636169563891
34.74293258776017
35.67735263702172
32.945463093559006
37.72522522522523
38.31935383659522
34.29901508156356
37.08362450500815
38.184416365824305
38.079777365491644
35.36671368124119
34.944858651755204
35.866598430569766
33.697150735294116
35.79916123019571
36.79653679653679
35.02015226153157
37.951956414066366
37.90613718411552
35.41875208541875
35.81690852646018
38.89421540428251
36.657517535834096
39.22387136672851
38.00031640563202
35.77092511013216
37.43208692873122
35.81337204613275
35.565345080763585
33.77990059024542
38.66727107887579
38.175470552519734
34.31997571341834
36.813452697798205
36.458333333333336
34.50630252100841
41.24045801526718
36.455525606468996
40.5422794117647
35.741556534508085
36.68425681618294
33.80686228846452
37.887413029728016
36.4617295451017
39.85976267529666
34.991535857186825
32.311651848385594
37.637465051258154
37.16593245227607
37.43175884168051
38.796119592875314
34.01071203528671
38.33028641072517
39.43089430894309
35.49397031539889
34.70021745883815
39.453125
38.10760667903525
34.967381174277726
37.562295315392284
34.84148968913512
33.25709057639524
37.66185374941779
39.21001926782274
35.956084172003656
37.36056786904245
38.52304797742239
36.71923314780458
36.80813234384663
34.43437475157008
34.91115196078431
36.14430147058824
37.718518518518515
39.12058023572076
36.58590308370044
38.131768953068594
38.272483009325114
36.86914475672409
37.33766233766233
38.01169590643275
38.38488765774084
33.560326254232066
32.69498862719202
33.22253877809433
39.49739212897108
38.11742777260019
37.09802102659246
34.25444811840655
37.459618208516886
36.31852551984877
35.55956678700361
38.05046230998276
34.64973594283939
35.78772418058132
38.07204700061843
35.196171491852546
36.81066176470588
37.6064610866373
30.769495373396165
35.949890817147455
38.77076411960133
36.45343367826904
35.50370370370371
37.210796915167094
39.15453915453916
39.32975871313673
33.742717682254764
36.03419215025283
37.66859344894027
38.316326530612244
36.59747292418773
33.790080419701106
35.81769436997319
36.16296296296296
37.333333333333336
37.97219703838017
39.94244998629761
33.71684244167466
37.199157641395914
36.41696750902528
39.15020382565067
34.32038077403246
36.611265004616804
34.41121928604543
36.68104610407118
39.21832884097035
36.229624379872426
34.32743087915502
38.148148148148145
36.04284814114681
36.41473783656117
36.9013750592698
36.73119165293795
35.956206679269066
37.67910565265313
36.93578242916133
39.884696016771485
38.64903164855928
38.95803414711983
36.84543584875811
33.72715816005041
37.5795165394402
37.79171020550331
37.264673311184936
37.07275007839448
35.4501158239476
35.49047394111164
36.882716049382715
37.70814272644098
37.83471837488458
38.95813358900607
38.19259259259259
