62644.42857142857
48364.75
46640.46428571428
39797.67857142857
41379.0
40885.17857142857
40527.42857142857
39648.57142857143
37448.857142857145
35398.53571428572
39012.67857142857
36562.82142857143
35278.78571428572
34389.392857142855
37562.0
35680.107142857145
38391.28571428572
37837.5
38246.46428571428
37279.0
36111.107142857145
40154.357142857145
38356.07142857143
36211.82142857143
39194.5
35903.17857142857
39290.03571428572
34877.32142857143
38056.96428571428
35805.78571428572
37749.71428571428
38874.107142857145
37866.75
39769.67857142857
38299.71428571428
37779.28571428572
38325.07142857143
42188.142857142855
41306.82142857143
42742.0
42616.107142857145
40000.0
40667.25
42623.78571428572
38743.107142857145
37608.82142857143
41587.03571428572
39662.107142857145
41989.92857142857
37205.17857142857
39653.892857142855
39704.46428571428
39494.25
37894.07142857143
37518.642857142855
39909.607142857145
40071.92857142857
40953.357142857145
40110.53571428572
39543.607142857145
36456.46428571428
42036.07142857143
43449.53571428572
39440.857142857145
35853.03571428572
37195.392857142855
36955.392857142855
41167.5
39295.642857142855
37291.357142857145
39500.53571428572
35721.75
40224.21428571428
40601.07142857143
37368.357142857145
39229.96428571428
40389.96428571428
39061.17857142857
41146.03571428572
35462.142857142855
39314.892857142855
38548.5
38405.67857142857
37829.92857142857
38028.357142857145
37609.857142857145
37714.46428571428
39981.0
40890.67857142857
42466.57142857143
40832.32142857143
36770.142857142855
38064.96428571428
35353.25
39384.21428571428
34536.25
37878.53571428572
39967.71428571428
38813.53571428572
40646.57142857143
42031.142857142855
38777.357142857145
41291.21428571428
39609.357142857145
38586.53571428572
38218.71428571428
40617.42857142857
39828.32142857143
40196.92857142857
41142.142857142855
43615.5
41457.0
42410.142857142855
37028.642857142855
41623.78571428572
41843.142857142855
41518.607142857145
41619.857142857145
42205.78571428572
41546.107142857145
40447.75
42638.03571428572
41780.642857142855
41056.642857142855
40835.67857142857
42052.5
40504.82142857143
39785.642857142855
42507.07142857143
41967.96428571428
40546.46428571428
44027.642857142855
40238.21428571428
40151.642857142855
38552.07142857143
41153.25
42455.28571428572
37161.75
41911.642857142855
37527.642857142855
38400.53571428572
37999.46428571428
40516.21428571428
40406.46428571428
41680.57142857143
40128.92857142857
43142.25
38460.92857142857
43099.357142857145
43680.28571428572
44122.42857142857
42807.392857142855
43252.5
45229.78571428572
40661.03571428572
40576.57142857143
41735.46428571428
43655.32142857143
43067.607142857145
43227.857142857145
45301.21428571428
39919.0
44133.67857142857
42361.0
42293.42857142857
45335.107142857145
40031.392857142855
43645.32142857143
42226.42857142857
45087.892857142855
42837.142857142855
44529.607142857145
42849.107142857145
45687.142857142855
44100.392857142855
42162.0
43184.857142857145
39630.96428571428
44467.96428571428
46351.892857142855
44535.42857142857
45699.357142857145
41820.392857142855
42213.857142857145
40528.107142857145
41995.71428571428
43827.57142857143
44522.607142857145
45171.96428571428
46833.25
41384.107142857145
41767.32142857143
44063.46428571428
42448.17857142857
46747.67857142857
43615.32142857143
43053.392857142855
41349.53571428572
42702.32142857143
46326.28571428572
40905.607142857145
43169.78571428572
42704.892857142855
40950.392857142855
44665.357142857145
44900.46428571428
43221.607142857145
43502.46428571428
38600.25
40640.17857142857
41705.67857142857
41554.78571428572
42643.0
42064.57142857143
41541.71428571428
45828.78571428572
45623.0
43625.78571428572
44574.82142857143
46743.28571428572
43808.07142857143
43312.78571428572
42892.107142857145
42289.28571428572
41059.857142857145
41769.21428571428
43982.42857142857
44297.78571428572
41945.92857142857
41474.607142857145
41516.82142857143
43682.03571428572
43925.892857142855
43437.392857142855
42090.107142857145
41858.46428571428
44125.78571428572
40555.0
39920.0
39137.5
36784.46428571428
42924.107142857145
41946.71428571428
41448.57142857143
40077.57142857143
45127.57142857143
41293.17857142857
40244.53571428572
42474.53571428572
42608.642857142855
38721.21428571428
38304.67857142857
39633.28571428572
39141.28571428572
39590.392857142855
38964.53571428572
38924.53571428572
37848.71428571428
40252.78571428572
42761.5
37760.107142857145
39897.28571428572
39049.96428571428
41579.46428571428
36538.78571428572
35640.32142857143
37099.21428571428
37200.03571428572
37970.607142857145
36586.57142857143
40908.392857142855
37919.28571428572
38645.96428571428
38420.0
36775.642857142855
35837.642857142855
36628.28571428572
35901.07142857143
35389.03571428572
37040.0
36112.96428571428
37225.357142857145
37821.857142857145
35789.96428571428
36209.892857142855
37988.82142857143
41247.96428571428
38661.0
36805.607142857145
36729.71428571428
39187.0
39798.17857142857
37709.82142857143
39705.57142857143
38911.21428571428
38224.357142857145
36023.07142857143
39862.53571428572
39262.142857142855
38580.25
37614.46428571428
37642.642857142855
39194.857142857145
39921.03571428572
38833.53571428572
38802.892857142855
38717.78571428572
36751.07142857143
37692.0
37264.107142857145
40004.71428571428
37886.0
36665.46428571428
37242.607142857145
34666.71428571428
37032.96428571428
37410.892857142855
37876.857142857145
36972.25
35726.857142857145
38734.17857142857
39340.25
38572.82142857143
38986.107142857145
36948.71428571428
36922.107142857145
36969.42857142857
38490.03571428572
36383.0
38159.75
35726.07142857143
38242.5
36186.892857142855
37802.57142857143
38506.53571428572
39147.857142857145
37228.67857142857
35747.357142857145
38613.42857142857
36583.857142857145
36916.32142857143
39188.5
35322.857142857145
37677.92857142857
34776.57142857143
35082.03571428572
36204.46428571428
36097.142857142855
41038.78571428572
36494.46428571428
40034.42857142857
36156.46428571428
38253.07142857143
35871.25
35170.57142857143
37986.03571428572
36499.82142857143
35811.78571428572
38801.53571428572
34014.392857142855
34317.75
37070.03571428572
36335.07142857143
37126.03571428572
35822.82142857143
36679.0
37719.607142857145
36732.5
36814.857142857145
37605.142857142855
39250.78571428572
37521.142857142855
34770.07142857143
38336.07142857143
38631.5
38651.75
35372.46428571428
38826.46428571428
38503.857142857145
38981.42857142857
37013.53571428572
37651.42857142857
34005.71428571428
39941.357142857145
37155.71428571428
39569.03571428572
38403.07142857143
40565.25
38602.92857142857
36468.857142857145
34380.607142857145
36927.142857142855
38685.25
39477.25
37284.142857142855
34292.67857142857
37059.96428571428
38722.46428571428
38837.21428571428
37087.67857142857
38685.71428571428
38058.96428571428
38842.17857142857
38796.82142857143
36967.25
35804.142857142855
35397.92857142857
37531.28571428572
35454.0
38765.42857142857
36181.607142857145
39041.57142857143
35777.28571428572
34574.03571428572
36663.107142857145
38550.25
38145.892857142855
37896.857142857145
35372.28571428572
37195.03571428572
35581.357142857145
39070.107142857145
38820.03571428572
37487.17857142857
35435.607142857145
37024.67857142857
34086.75
37486.42857142857
36064.07142857143
38354.67857142857
36954.107142857145
38803.92857142857
34242.857142857145
37342.17857142857
38127.46428571428
37249.607142857145
38639.142857142855
37898.67857142857
38120.607142857145
36261.892857142855
40694.78571428572
37925.53571428572
33099.96428571428
37225.92857142857
37955.32142857143
39587.71428571428
38117.96428571428
36246.107142857145
38345.892857142855
37203.03571428572
36620.92857142857
38230.5
41305.46428571428
38745.82142857143
38749.46428571428
39112.857142857145
37882.5
38832.96428571428
39452.07142857143
41241.142857142855
36116.75
41467.17857142857
40138.892857142855
40442.96428571428
38591.67857142857
40119.21428571428
37619.5
35406.392857142855
41311.75
39345.32142857143
36371.142857142855
40102.67857142857
40664.75
38975.42857142857
40188.42857142857
36054.107142857145
36791.78571428572
39067.03571428572
36471.67857142857
38123.392857142855
37972.392857142855
41321.71428571428
36082.25
35260.0
39404.857142857145
41726.5
42035.92857142857
40787.607142857145
38479.07142857143
38432.07142857143
38548.857142857145
36114.57142857143
38907.21428571428
40478.28571428572
39805.392857142855
41667.642857142855
38963.75
38244.107142857145
41484.0
41034.607142857145
41067.78571428572
