116250.0
105940.0
95600.0
95600.0
116720.0
111410.0
111665.0
107720.0
110590.0
110140.0
113110.0
103550.0
101720.0
101720.0
116720.0
107780.0
113550.0
102710.0
110760.0
107900.0
117880.0
107370.0
101990.0
106200.0
114345.0
112640.0
113120.0
97090.0
102530.0
105945.0
105270.0
100460.0
111530.0
110170.0
112970.0
103920.0
117270.0
116600.0
96190.0
109035.0
112900.0
108735.0
109120.0
108910.0
105265.0
104560.0
108120.0
110970.0
120850.0
109035.0
87130.0
95720.0
105170.0
111595.0
102660.0
107940.0
114110.0
109035.0
105770.0
112680.0
116890.0
116495.0
110320.0
105970.0
102400.0
108000.0
103945.0
110330.0
118360.0
102925.0
125135.0
103280.0
116020.0
111330.0
108535.0
113110.0
122140.0
119750.0
108050.0
107425.0
113900.0
105990.0
115420.0
98535.0
110910.0
122470.0
111730.0
113960.0
123330.0
113495.0
106000.0
117470.0
126500.0
111065.0
106365.0
99620.0
96000.0
116860.0
94170.0
113120.0
110330.0
101950.0
110910.0
105730.0
120710.0
106530.0
109210.0
109240.0
114200.0
124870.0
99240.0
128630.0
110760.0
137730.0
123535.0
94330.0
129970.0
109010.0
109860.0
119820.0
108495.0
119550.0
120235.0
103890.0
108740.0
107880.0
107810.0
109500.0
108195.0
110330.0
114550.0
115150.0
109430.0
105960.0
102370.0
109080.0
113710.0
114595.0
109430.0
96080.0
120955.0
119910.0
103450.0
103410.0
121670.0
110800.0
100280.0
95940.0
126260.0
118730.0
122500.0
124410.0
107155.0
116290.0
107770.0
112210.0
123580.0
115100.0
100400.0
121730.0
126245.0
106420.0
105970.0
112795.0
125220.0
110330.0
113020.0
105055.0
119360.0
105510.0
106660.0
113185.0
112020.0
103400.0
104575.0
107335.0
119270.0
110130.0
110330.0
111530.0
108850.0
113395.0
110330.0
108180.0
107290.0
123200.0
106330.0
111230.0
99955.0
112020.0
106540.0
90390.0
110520.0
102400.0
125070.0
111075.0
121480.0
102810.0
104665.0
113960.0
105010.0
108075.0
113740.0
112020.0
113395.0
110330.0
108320.0
110955.0
97230.0
107550.0
109200.0
123060.0
108310.0
104370.0
110330.0
105970.0
109595.0
111700.0
121790.0
128135.0
106510.0
105205.0
107875.0
101140.0
114075.0
104910.0
105970.0
119830.0
104500.0
107910.0
105510.0
123415.0
110700.0
124955.0
106785.0
106200.0
108380.0
102250.0
107480.0
107600.0
89600.0
122750.0
108495.0
111110.0
108780.0
112020.0
110820.0
109700.0
120150.0
116520.0
97210.0
99700.0
119430.0
104905.0
110330.0
103030.0
108010.0
113395.0
95940.0
110600.0
113400.0
109410.0
105970.0
122890.0
105970.0
102700.0
113830.0
99570.0
103630.0
112720.0
103210.0
133030.0
114500.0
106760.0
101990.0
111530.0
122150.0
100400.0
113120.0
94500.0
113120.0
109270.0
113095.0
122130.0
110330.0
110330.0
104570.0
111255.0
114080.0
111330.0
129135.0
124870.0
116490.0
111530.0
129970.0
114340.0
123020.0
114740.0
120570.0
113440.0
119540.0
107530.0
124580.0
111385.0
128620.0
124580.0
109010.0
103895.0
104570.0
112480.0
112920.0
106530.0
121885.0
109035.0
111020.0
112820.0
116670.0
105970.0
124680.0
107290.0
111420.0
107875.0
116300.0
96610.0
111510.0
111060.0
110330.0
113400.0
111530.0
110390.0
105970.0
111530.0
100180.0
106155.0
104210.0
113395.0
110520.0
117330.0
114110.0
116945.0
99970.0
107780.0
101650.0
106000.0
106910.0
110910.0
106680.0
105970.0
109000.0
108070.0
113740.0
106530.0
111200.0
102520.0
95840.0
111330.0
114265.0
105205.0
115920.0
101780.0
113395.0
115620.0
100610.0
112020.0
92410.0
120570.0
116960.0
114500.0
107875.0
116535.0
106980.0
110330.0
105050.0
109210.0
108010.0
114190.0
132150.0
110680.0
113330.0
110330.0
102250.0
100360.0
115060.0
102300.0
107380.0
95020.0
114595.0
111330.0
120570.0
107635.0
106800.0
105135.0
117500.0
111100.0
96335.0
115160.0
117360.0
107910.0
123740.0
109060.0
111630.0
109510.0
103600.0
105970.0
111530.0
107630.0
109490.0
135590.0
125250.0
121210.0
103450.0
117960.0
111530.0
114595.0
101925.0
114295.0
118750.0
122745.0
109060.0
105500.0
104760.0
104560.0
126900.0
111385.0
114460.0
101770.0
111530.0
97140.0
120235.0
107040.0
102010.0
111330.0
109000.0
114800.0
104395.0
121225.0
126950.0
111330.0
128530.0
112920.0
122770.0
111960.0
100720.0
124870.0
117240.0
125070.0
103400.0
119830.0
111330.0
110330.0
114110.0
109210.0
108735.0
109090.0
106530.0
114295.0
118150.0
104010.0
103920.0
103450.0
105995.0
118760.0
119110.0
99820.0
113890.0
101755.0
109430.0
111640.0
119920.0
105405.0
97970.0
121340.0
114295.0
116540.0
111250.0
116030.0
111710.0
110440.0
110800.0
119265.0
124680.0
107450.0
105370.0
103400.0
114595.0
120350.0
120570.0
109740.0
129060.0
93280.0
103600.0
97200.0
111430.0
103600.0
110130.0
125070.0
105970.0
122840.0
113395.0
124870.0
110330.0
