30.206068137102623
30.206068137102623
35.30432855665534
34.13724331511302
38.16445182724252
38.16445182724252
38.16445182724252
43.26772424598513
43.26772424598513
44.29574791192103
40.876481597005615
38.305360043313485
40.876481597005615
40.876481597005615
40.876481597005615
41.10700349147669
41.10700349147669
41.10700349147669
41.44074758677346
42.96697038724373
43.22242760320395
43.22242760320395
43.22242760320395
43.22242760320395
43.22242760320395
44.35433562071117
44.35433562071117
44.35433562071117
44.35433562071117
44.35433562071117
44.35433562071117
44.35433562071117
44.35433562071117
44.35433562071117
44.35433562071117
44.35433562071117
44.35433562071117
44.35433562071117
44.35433562071117
44.35433562071117
44.35433562071117
44.35433562071117
44.35433562071117
44.35433562071117
44.35433562071117
44.35433562071117
44.35433562071117
44.35433562071117
44.35433562071117
44.35433562071117
44.35433562071117
44.35433562071117
44.35433562071117
44.35433562071117
44.35433562071117
44.35433562071117
44.35433562071117
44.35433562071117
44.35433562071117
44.35433562071117
44.35433562071117
44.35433562071117
44.35433562071117
44.35433562071117
44.35433562071117
44.35433562071117
44.35433562071117
44.35433562071117
44.35433562071117
44.35433562071117
44.35433562071117
44.35433562071117
44.35433562071117
44.35433562071117
44.35433562071117
44.35433562071117
44.35433562071117
44.94177583697235
44.94177583697235
44.94177583697235
44.94177583697235
44.94177583697235
44.94177583697235
44.94177583697235
44.94177583697235
44.94177583697235
44.94177583697235
44.94177583697235
44.94177583697235
44.94177583697235
44.94177583697235
44.94177583697235
44.94177583697235
44.94177583697235
44.94177583697235
44.94177583697235
44.94177583697235
44.94177583697235
44.94177583697235
44.94177583697235
44.94177583697235
44.94177583697235
44.94177583697235
44.94177583697235
44.94177583697235
44.94177583697235
44.94177583697235
44.94177583697235
44.94177583697235
44.94177583697235
44.94177583697235
44.94177583697235
44.94177583697235
44.94177583697235
44.94177583697235
44.94177583697235
44.94177583697235
44.94177583697235
44.94177583697235
44.94177583697235
44.94177583697235
44.94177583697235
44.94177583697235
44.94177583697235
44.94177583697235
44.94177583697235
45.96589727594094
45.96589727594094
45.96589727594094
45.96589727594094
45.96589727594094
45.96589727594094
45.96589727594094
45.96589727594094
45.96589727594094
45.96589727594094
45.96589727594094
45.96589727594094
45.96589727594094
45.96589727594094
45.96589727594094
49.61275626423689
49.61275626423689
49.61275626423689
49.61275626423689
49.61275626423689
49.61275626423689
49.61275626423689
49.61275626423689
49.61275626423689
49.61275626423689
49.629179331306986
49.629179331306986
49.629179331306986
49.629179331306986
51.69988276670574
51.69988276670574
51.69988276670574
51.69988276670574
51.69988276670574
51.69988276670574
51.69988276670574
51.69988276670574
51.69988276670574
51.69988276670574
51.69988276670574
51.69988276670574
51.69988276670574
51.69988276670574
51.69988276670574
51.69988276670574
51.69988276670574
51.69988276670574
51.69988276670574
51.69988276670574
51.69988276670574
51.69988276670574
51.69988276670574
51.69988276670574
51.69988276670574
51.69988276670574
51.69988276670574
51.69988276670574
51.69988276670574
51.69988276670574
51.69988276670574
51.69988276670574
51.69988276670574
51.69988276670574
51.69988276670574
51.69988276670574
51.69988276670574
51.69988276670574
51.69988276670574
51.69988276670574
51.69988276670574
51.69988276670574
51.69988276670574
51.69988276670574
51.69988276670574
51.69988276670574
51.69988276670574
51.69988276670574
51.69988276670574
51.69988276670574
51.69988276670574
51.69988276670574
51.69988276670574
51.69988276670574
51.69988276670574
51.69988276670574
51.69988276670574
51.69988276670574
51.69988276670574
51.69988276670574
51.69988276670574
51.69988276670574
51.69988276670574
51.69988276670574
51.69988276670574
51.69988276670574
51.69988276670574
51.69988276670574
51.69988276670574
51.69988276670574
51.69988276670574
51.69988276670574
51.69988276670574
51.69988276670574
51.69988276670574
51.69988276670574
51.69988276670574
51.69988276670574
51.69988276670574
51.69988276670574
51.69988276670574
51.69988276670574
51.69988276670574
51.69988276670574
51.69988276670574
51.69988276670574
51.69988276670574
51.69988276670574
51.69988276670574
51.69988276670574
51.69988276670574
51.69988276670574
51.69988276670574
51.69988276670574
51.69988276670574
51.69988276670574
51.69988276670574
51.69988276670574
51.69988276670574
51.69988276670574
51.69988276670574
51.69988276670574
51.69988276670574
51.69988276670574
51.69988276670574
51.69988276670574
51.69988276670574
51.69988276670574
51.69988276670574
51.69988276670574
51.69988276670574
51.69988276670574
51.69988276670574
51.69988276670574
51.69988276670574
51.69988276670574
51.69988276670574
51.69988276670574
51.69988276670574
51.69988276670574
51.69988276670574
51.69988276670574
51.69988276670574
51.69988276670574
51.69988276670574
51.69988276670574
51.69988276670574
51.69988276670574
51.69988276670574
51.69988276670574
51.69988276670574
51.69988276670574
51.69988276670574
51.69988276670574
51.69988276670574
51.69988276670574
51.69988276670574
51.69988276670574
51.69988276670574
51.69988276670574
51.69988276670574
51.69988276670574
51.69988276670574
51.69988276670574
51.69988276670574
51.69988276670574
51.69988276670574
51.69988276670574
51.69988276670574
51.69988276670574
51.69988276670574
51.69988276670574
51.69988276670574
51.69988276670574
51.69988276670574
51.69988276670574
51.69988276670574
51.69988276670574
51.69988276670574
51.69988276670574
51.69988276670574
51.69988276670574
51.69988276670574
51.69988276670574
51.69988276670574
51.69988276670574
51.69988276670574
51.69988276670574
51.69988276670574
51.69988276670574
51.69988276670574
51.69988276670574
51.69988276670574
51.69988276670574
51.69988276670574
51.69988276670574
51.69988276670574
51.69988276670574
51.69988276670574
51.69988276670574
51.69988276670574
51.69988276670574
51.69988276670574
51.69988276670574
51.69988276670574
51.69988276670574
51.69988276670574
51.69988276670574
51.69988276670574
51.69988276670574
51.69988276670574
51.69988276670574
51.69988276670574
51.69988276670574
51.69988276670574
51.69988276670574
51.69988276670574
51.69988276670574
51.69988276670574
51.69988276670574
51.69988276670574
51.69988276670574
51.69988276670574
51.69988276670574
51.69988276670574
51.69988276670574
51.69988276670574
51.69988276670574
51.69988276670574
51.69988276670574
51.69988276670574
51.69988276670574
51.69988276670574
51.69988276670574
51.69988276670574
51.69988276670574
51.69988276670574
51.69988276670574
51.69988276670574
51.69988276670574
51.69988276670574
51.69988276670574
51.69988276670574
51.69988276670574
51.69988276670574
51.69988276670574
51.69988276670574
51.69988276670574
51.69988276670574
51.69988276670574
51.69988276670574
51.69988276670574
51.69988276670574
51.69988276670574
51.69988276670574
51.69988276670574
51.69988276670574
51.69988276670574
51.69988276670574
51.69988276670574
51.69988276670574
51.69988276670574
51.69988276670574
51.69988276670574
51.69988276670574
51.69988276670574
51.69988276670574
51.69988276670574
51.69988276670574
51.69988276670574
51.69988276670574
51.69988276670574
51.69988276670574
51.69988276670574
51.69988276670574
51.69988276670574
51.69988276670574
51.69988276670574
51.69988276670574
51.69988276670574
51.69988276670574
51.69988276670574
51.69988276670574
51.69988276670574
51.69988276670574
51.69988276670574
51.69988276670574
51.69988276670574
51.69988276670574
51.69988276670574
51.69988276670574
51.69988276670574
51.69988276670574
51.69988276670574
51.69988276670574
51.69988276670574
51.69988276670574
51.69988276670574
51.69988276670574
51.69988276670574
51.69988276670574
51.69988276670574
51.69988276670574
51.69988276670574
51.69988276670574
51.69988276670574
51.69988276670574
51.69988276670574
51.69988276670574
51.69988276670574
51.69988276670574
51.69988276670574
51.69988276670574
51.69988276670574
51.69988276670574
51.69988276670574
51.69988276670574
51.69988276670574
51.69988276670574
51.69988276670574
51.69988276670574
51.69988276670574
51.69988276670574
51.69988276670574
51.69988276670574
51.69988276670574
51.69988276670574
51.69988276670574
51.69988276670574
51.69988276670574
51.69988276670574
51.69988276670574
51.69988276670574
51.69988276670574
51.69988276670574
51.69988276670574
51.69988276670574
51.69988276670574
51.69988276670574
51.69988276670574
51.69988276670574
51.69988276670574
51.69988276670574
51.69988276670574
51.69988276670574
51.69988276670574
51.69988276670574
51.69988276670574
51.69988276670574
51.69988276670574
51.69988276670574
51.69988276670574
51.69988276670574
51.69988276670574
51.69988276670574
51.69988276670574
51.69988276670574
51.69988276670574
51.69988276670574
51.69988276670574
51.69988276670574
51.69988276670574
51.69988276670574
51.69988276670574
51.69988276670574
