54773.5
47914.0625
51412.25
42365.5625
44594.875
41982.125
40179.0
36293.6875
34271.4375
34085.6875
31630.6875
31133.9375
29442.6875
29001.5
27086.8125
24492.5
20886.25
19507.875
22602.625
24321.8125
20277.75
15521.875
15121.625
15830.625
14169.375
12757.5
13338.8125
15950.625
15971.3125
16996.625
16978.875
16958.1875
18347.375
21569.9375
22976.8125
23636.75
25217.125
25221.9375
26740.5
30069.3125
30327.875
30218.25
30644.3125
29237.5625
28105.6875
26715.9375
26546.1875
25120.0
25668.125
25566.375
27012.375
28064.375
23540.0
25702.5
26655.875
28251.25
28004.0
27322.875
28460.875
26695.875
24572.1875
28268.5625
28958.3125
27049.875
24980.375
27572.5
27811.875
27350.6875
26400.125
27005.1875
25037.5
25156.9375
27395.375
28403.4375
30149.125
29698.4375
27496.8125
26552.0625
26755.375
25637.9375
24330.6875
25747.875
27815.625
26287.75
26985.1875
27609.9375
26837.125
26173.375
25697.375
27694.0
27872.25
25717.0625
25202.3125
27362.375
27657.3125
27482.5
28328.25
28041.625
28472.375
28476.125
28000.125
26549.875
27667.6875
28020.625
29353.375
29652.0625
31205.875
30406.75
29316.8125
30652.6875
30959.875
30868.125
29476.25
28343.75
28471.6875
29528.125
28616.0625
27389.5
28714.1875
30189.25
30368.5
28879.8125
32326.125
32617.5
33887.625
34331.375
34296.75
32815.75
32616.625
33053.1875
32296.3125
33529.125
33462.875
32820.1875
31493.25
31399.875
34030.75
33809.125
31501.125
31761.0
35146.75
35933.25
33676.625
34545.0625
33915.25
33321.9375
32534.4375
31530.1875
31398.25
29886.6875
28948.3125
33782.0
34753.625
34213.875
31457.5
32238.25
34340.9375
35331.375
34301.625
34983.75
34336.0625
33184.875
31106.8125
32663.75
32750.875
32767.75
31783.4375
31368.1875
32639.375
32448.5625
31158.3125
32771.5625
31447.8125
30115.8125
29765.75
30281.625
29050.25
29867.5625
30743.375
28791.5
29831.0
30504.5625
29490.25
29142.125
30974.3125
30607.625
30572.9375
29646.1875
31622.5
32526.0
32542.5625
30760.3125
29455.0
29458.0
29513.8125
30786.25
33392.8125
32704.625
31883.1875
32586.0625
30641.75
31220.75
32648.875
32197.0625
33069.3125
32836.625
32277.375
31212.5625
31635.625
32147.3125
30884.8125
29592.375
31234.375
30883.75
31205.25
31244.0625
30379.4375
28450.8125
28655.75
29306.125
29961.0625
32077.8125
32264.3125
32098.875
31364.25
30364.375
32063.4375
32197.3125
33453.125
33425.0
30476.0
28961.25
27880.8125
30654.4375
32871.625
32117.8125
32195.0625
32760.375
32514.3125
29992.1875
28806.8125
30630.75
31686.25
30802.5625
30856.5625
29290.625
27970.5
29741.625
30145.8125
30888.625
28931.75
30361.8125
31747.875
31447.5625
28327.9375
27106.9375
29426.375
31009.3125
29736.5
27850.875
28034.625
30695.1875
30899.25
31874.4375
31367.3125
31014.375
29959.9375
30100.75
30554.3125
33283.25
33267.75
33406.3125
32601.4375
29788.9375
31705.8125
33639.125
33239.5625
32446.125
30800.1875
30446.375
31379.5
31544.0625
31700.625
29435.75
30858.0
32496.25
32400.0
33222.5625
32834.4375
32358.25
33100.625
33129.25
33862.875
30720.25
33281.125
31019.5
28471.0
30762.4375
30297.25
30331.0625
31189.5
32378.0
32366.0
30783.625
30063.375
29929.3125
31868.0
31869.9375
31799.5
29475.1875
29331.5
30704.8125
28311.875
29388.625
32702.6875
32181.375
31077.1875
30790.5625
29424.375
32111.625
30441.375
30401.75
31217.8125
32527.125
32405.4375
32081.75
31717.0
30368.75
30937.0625
31476.0
29729.3125
31679.0
32694.0
32323.6875
32017.5
30358.5
29603.0
29795.8125
28476.0
29555.0625
31333.625
31637.875
31586.0625
32678.8125
32971.75
28859.5
29064.6875
30592.4375
30995.0625
31089.0
30607.0
31802.625
31496.375
30383.75
29402.8125
29753.625
29437.25
28875.625
31768.25
30438.125
29583.5625
30072.4375
30029.625
29220.375
29674.3125
31896.25
33114.0
31190.5
28776.125
30055.3125
28817.3125
31533.375
32492.5625
30651.3125
30513.0625
30815.75
31556.8125
32000.875
32629.375
31277.4375
31782.0625
32776.0625
32007.375
29509.875
31746.5
32997.25
32862.75
33426.75
29352.125
30753.8125
32131.6875
31711.5625
31944.8125
31033.25
28552.0
29379.9375
29228.75
31213.25
31985.0
29619.25
28328.0
29404.75
32254.625
33532.4375
32504.5625
30593.875
30893.4375
31248.75
31487.75
31375.25
32297.875
30867.625
31385.25
32004.25
32205.75
29502.0625
32434.875
30217.4375
30276.3125
32100.4375
31127.5625
31134.0625
30761.3125
29683.3125
30702.125
30727.75
32000.1875
31729.4375
29858.625
30232.3125
30955.1875
30223.4375
32537.5625
30866.1875
31512.75
31018.75
30694.5
30182.3125
30264.6875
30400.4375
30687.8125
32251.3125
29947.0625
31528.9375
32342.5625
30923.1875
31829.75
31326.625
31932.4375
30768.0625
30825.625
31534.875
31934.6875
33813.6875
32289.1875
32809.75
30213.375
31780.5
33584.875
32348.5
33078.5625
33189.375
32503.0625
32946.5
31757.875
33149.5
33121.625
29814.6875
29496.125
29787.75
30594.0
30205.8125
30707.0
31141.125
32813.6875
33127.8125
31208.9375
33419.375
33932.4375
33596.0625
34225.8125
32486.75
32068.625
31918.125
32591.875
32486.6875
32679.0
30034.1875
32138.625
32151.125
30904.75
32436.3125
32355.0625
33856.9375
31379.625
28789.125
29241.3125
30213.125
31354.3125
31415.5625
