38.43087518184988
39.54295884419422
39.54295884419422
39.54295884419422
44.914975915924686
44.914975915924686
46.4958040723267
46.4958040723267
44.849181732291115
46.7020764271053
47.69579483359767
47.29733692624006
48.44719407203259
48.44719407203259
45.558903868716484
45.558903868716484
45.558903868716484
45.558903868716484
45.558903868716484
48.06042322948786
48.06042322948786
49.24127703915568
49.24127703915568
49.24127703915568
46.453776160571714
46.453776160571714
46.453776160571714
46.453776160571714
46.453776160571714
47.862048871195846
47.862048871195846
49.420022413778575
48.97517902368096
48.97517902368096
48.97517902368096
48.97517902368096
48.97517902368096
48.97517902368096
48.97517902368096
48.97517902368096
48.97517902368096
50.89699451337475
50.276949008551306
50.276949008551306
50.276949008551306
50.276949008551306
50.89699451337475
50.89699451337475
50.89699451337475
51.8313386599408
51.8313386599408
51.87995435057525
51.87995435057525
51.87995435057525
50.58983681522196
49.40444400076535
49.40444400076535
49.40444400076535
49.40444400076535
49.40444400076535
51.87995435057525
51.87995435057525
51.87995435057525
53.145711883008595
53.145711883008595
51.32335651091404
53.145711883008595
53.269614334600824
53.269614334600824
53.269614334600824
53.269614334600824
53.269614334600824
53.269614334600824
53.269614334600824
53.269614334600824
53.269614334600824
53.269614334600824
53.269614334600824
53.269614334600824
53.269614334600824
53.269614334600824
52.78290852003056
53.269614334600824
53.269614334600824
53.269614334600824
53.46924948415509
53.46924948415509
53.46924948415509
53.46924948415509
53.60547318733756
53.60547318733756
53.60547318733756
53.60547318733756
53.60547318733756
53.60547318733756
53.60547318733756
53.60547318733756
53.60547318733756
53.60547318733756
53.06240709944224
53.06240709944224
53.06240709944224
53.06240709944224
53.06240709944224
53.06240709944224
53.06240709944224
52.5942945693255
52.5942945693255
52.5942945693255
46.61499491220853
42.758999122036876
42.758999122036876
42.758999122036876
42.758999122036876
42.758999122036876
42.758999122036876
47.74588647210073
47.74588647210073
47.74588647210073
47.74588647210073
47.74588647210073
47.74588647210073
47.74588647210073
47.74588647210073
47.74588647210073
47.74588647210073
49.76700247685046
49.76700247685046
47.392405144221705
47.392405144221705
47.392405144221705
47.392405144221705
47.392405144221705
47.392405144221705
47.392405144221705
47.392405144221705
47.392405144221705
49.76700247685046
49.76700247685046
51.54550245134272
51.54550245134272
51.54550245134272
51.54550245134272
51.54550245134272
51.54550245134272
51.54550245134272
51.54550245134272
51.54550245134272
51.54550245134272
52.56783578737121
52.56783578737121
52.56783578737121
52.56783578737121
52.56783578737121
52.56783578737121
52.56783578737121
52.56783578737121
52.56783578737121
52.66895634634418
52.66895634634418
52.66895634634418
52.66895634634418
52.66895634634418
52.66895634634418
52.66895634634418
52.66895634634418
52.66895634634418
52.66895634634418
52.66895634634418
52.66895634634418
52.66895634634418
52.66895634634418
52.66895634634418
52.66895634634418
52.66895634634418
52.66895634634418
52.66895634634418
52.66895634634418
52.66895634634418
52.66895634634418
52.66895634634418
52.66895634634418
52.66895634634418
52.66895634634418
52.66895634634418
52.66895634634418
52.66895634634418
52.66895634634418
52.66895634634418
52.66895634634418
52.66895634634418
52.66895634634418
52.66895634634418
52.66895634634418
52.871376438730785
52.83669579406222
52.83669579406222
52.83669579406222
52.83669579406222
52.83669579406222
52.83669579406222
52.83669579406222
52.83669579406222
52.83669579406222
52.83669579406222
52.83669579406222
52.83669579406222
52.83669579406222
52.83669579406222
52.83669579406222
52.83669579406222
52.83669579406222
52.83669579406222
52.83669579406222
52.83669579406222
52.83669579406222
52.871376438730785
52.871376438730785
52.871376438730785
52.871376438730785
52.871376438730785
52.871376438730785
52.871376438730785
52.871376438730785
52.871376438730785
52.871376438730785
52.871376438730785
52.871376438730785
52.871376438730785
52.871376438730785
52.871376438730785
52.871376438730785
52.871376438730785
52.871376438730785
52.871376438730785
52.871376438730785
52.871376438730785
52.871376438730785
52.871376438730785
52.0827721535923
52.0827721535923
52.871376438730785
52.871376438730785
52.871376438730785
53.6196276305327
53.6196276305327
53.6196276305327
53.6196276305327
53.6196276305327
53.6196276305327
53.6196276305327
53.6196276305327
53.17086166147355
53.17086166147355
53.6196276305327
53.6196276305327
53.6196276305327
53.6196276305327
53.6196276305327
53.6196276305327
53.6196276305327
53.6196276305327
53.6196276305327
53.6196276305327
53.6196276305327
53.6196276305327
53.6196276305327
52.63930716182262
52.63930716182262
52.63930716182262
52.63930716182262
52.63930716182262
52.63930716182262
52.63930716182262
52.63930716182262
52.63930716182262
52.63930716182262
52.63930716182262
53.6196276305327
53.6196276305327
53.6196276305327
53.6196276305327
51.01435601370714
51.01435601370714
51.01435601370714
51.01435601370714
50.96858372470687
50.96858372470687
50.96858372470687
50.96858372470687
50.96858372470687
50.96858372470687
50.96858372470687
50.96858372470687
50.96858372470687
50.96858372470687
50.96858372470687
50.96858372470687
50.34416459038277
51.01435601370714
51.01435601370714
51.01435601370714
51.01435601370714
54.543145596545806
54.543145596545806
54.543145596545806
55.22919109806836
55.22919109806836
55.22919109806836
55.22919109806836
55.22919109806836
55.22919109806836
55.22919109806836
55.22919109806836
55.22919109806836
55.22919109806836
55.22919109806836
55.22919109806836
55.3327849422758
55.3327849422758
55.3327849422758
55.3327849422758
55.3327849422758
55.3327849422758
55.3327849422758
55.3327849422758
55.3327849422758
55.3327849422758
55.3327849422758
55.3327849422758
55.3327849422758
55.3327849422758
55.3327849422758
55.3327849422758
55.3327849422758
55.3327849422758
55.3327849422758
55.3327849422758
55.3327849422758
55.3327849422758
55.3327849422758
55.3327849422758
55.3327849422758
55.3327849422758
55.3327849422758
55.3327849422758
55.3327849422758
55.3327849422758
55.3327849422758
55.3327849422758
55.3327849422758
55.3327849422758
55.3327849422758
55.3327849422758
55.3327849422758
55.3327849422758
55.3327849422758
55.3327849422758
55.3327849422758
55.3327849422758
55.3327849422758
55.3327849422758
55.3327849422758
55.3327849422758
55.3327849422758
55.3327849422758
55.3327849422758
55.3327849422758
55.3327849422758
55.3327849422758
55.3327849422758
55.3327849422758
55.3327849422758
55.3327849422758
55.3327849422758
55.3327849422758
52.89508077592612
52.89508077592612
52.89508077592612
52.89508077592612
52.89508077592612
52.89508077592612
52.89508077592612
52.89508077592612
51.92911232040541
51.92911232040541
53.979487651198085
53.979487651198085
53.979487651198085
53.979487651198085
53.979487651198085
53.979487651198085
53.979487651198085
53.979487651198085
53.979487651198085
53.979487651198085
53.979487651198085
53.979487651198085
53.979487651198085
53.979487651198085
53.979487651198085
55.00098524016402
55.00098524016402
54.84193094090586
54.84193094090586
54.84193094090586
54.84193094090586
54.84193094090586
54.84193094090586
54.84193094090586
54.84193094090586
50.1809888041904
50.1809888041904
50.1809888041904
50.1809888041904
50.1809888041904
50.1809888041904
54.729112949485355
54.729112949485355
54.729112949485355
54.729112949485355
54.729112949485355
54.84193094090586
54.84193094090586
54.84193094090586
54.84193094090586
54.84193094090586
54.84193094090586
54.84193094090586
54.84193094090586
54.84193094090586
55.74706619927718
55.74706619927718
55.74706619927718
55.74706619927718
55.74706619927718
55.74706619927718
55.74706619927718
55.74706619927718
56.0766456651954
56.0766456651954
56.0766456651954
56.0766456651954
56.0766456651954
56.482716408549415
56.482716408549415
56.482716408549415
56.482716408549415
56.482716408549415
56.482716408549415
56.51705544621333
56.51705544621333
56.51705544621333
56.51705544621333
56.51705544621333
56.51705544621333
56.51705544621333
56.51705544621333
56.541900070263694
56.541900070263694
56.95331220530262
56.95331220530262
56.95331220530262
57.10763280822263
57.20234751786786
57.20234751786786
57.20234751786786
57.20234751786786
57.20234751786786
57.20234751786786
57.20234751786786
57.20234751786786
57.23151466879065
57.23151466879065
57.23151466879065
57.23151466879065
57.23151466879065
57.23151466879065
57.23151466879065
57.23151466879065
57.23151466879065
57.23151466879065
57.23151466879065
57.23151466879065
57.23151466879065
57.23151466879065
49.4028167906155
53.62476570530262
52.06597585653477
53.31535407253677
53.31535407253677
53.31535407253677
53.31535407253677
57.23151466879065
57.23151466879065
50.799083625987706
50.799083625987706
57.23151466879065
50.24647779139512
50.24647779139512
57.23151466879065
