578035.0
481337.0
353992.0
343337.0
304889.0
304889.0
299605.0
107772.0
107772.0
107772.0
107772.0
107772.0
76895.0
76895.0
74877.0
70587.0
69303.0
69303.0
69303.0
65193.0
65193.0
65193.0
63353.0
63353.0
46476.0
41429.0
40134.0
39176.0
39176.0
37348.0
37348.0
37348.0
37348.0
37348.0
36336.0
36336.0
35776.0
35776.0
35776.0
35776.0
35776.0
35252.0
35252.0
33044.0
33044.0
33044.0
32918.0
32918.0
32918.0
32918.0
32918.0
32918.0
32918.0
32918.0
32918.0
32918.0
32918.0
32918.0
32918.0
32918.0
32918.0
32918.0
32918.0
32918.0
32918.0
32918.0
32918.0
32918.0
32918.0
32918.0
32918.0
32918.0
32918.0
32918.0
32918.0
32918.0
32918.0
32918.0
32918.0
32918.0
32918.0
32918.0
32103.0
32103.0
32103.0
32103.0
32103.0
32103.0
32103.0
32103.0
32103.0
32103.0
32103.0
32103.0
32103.0
32103.0
32103.0
32103.0
32103.0
32103.0
32103.0
32103.0
32103.0
32103.0
32103.0
32103.0
20323.0
20323.0
20323.0
16716.0
14347.0
14347.0
14347.0
13570.0
13570.0
11461.0
10488.0
10488.0
10488.0
10488.0
10488.0
10488.0
10488.0
10488.0
10488.0
10488.0
10488.0
10488.0
10488.0
10488.0
10488.0
10488.0
10488.0
10488.0
10488.0
10488.0
9424.0
9424.0
9424.0
9424.0
9424.0
9424.0
9424.0
9424.0
9424.0
9424.0
9424.0
9424.0
9326.0
9326.0
9326.0
9326.0
9326.0
9326.0
9326.0
9326.0
9326.0
9326.0
9326.0
9326.0
9326.0
9326.0
9326.0
9326.0
9326.0
9326.0
9326.0
9326.0
9326.0
9326.0
9326.0
9326.0
9326.0
9326.0
9326.0
9326.0
9326.0
9326.0
9326.0
9326.0
9326.0
9326.0
9326.0
9326.0
9326.0
9326.0
9326.0
9326.0
9326.0
9326.0
9326.0
9326.0
9326.0
9326.0
9326.0
9326.0
9326.0
9326.0
9326.0
9326.0
9326.0
9326.0
9326.0
9326.0
9326.0
9326.0
9326.0
9326.0
9326.0
9326.0
9326.0
9326.0
9326.0
9326.0
9326.0
9326.0
9326.0
9326.0
9326.0
9326.0
9326.0
9326.0
9326.0
9326.0
9326.0
9326.0
9326.0
9326.0
9326.0
9326.0
9326.0
9326.0
9326.0
9326.0
9326.0
9326.0
9326.0
9326.0
9326.0
9326.0
9326.0
9326.0
9326.0
9326.0
9326.0
9326.0
9326.0
9326.0
9326.0
9326.0
9326.0
9326.0
9326.0
9326.0
9326.0
9326.0
9326.0
9326.0
9326.0
9326.0
9326.0
9326.0
9326.0
9326.0
9326.0
9326.0
9326.0
9326.0
9326.0
9326.0
9326.0
9326.0
9326.0
9326.0
9326.0
9326.0
9256.0
9256.0
9256.0
9256.0
9256.0
9256.0
9256.0
9256.0
9256.0
9256.0
9256.0
9256.0
9256.0
9256.0
9256.0
9256.0
9256.0
9256.0
9256.0
9256.0
9256.0
9256.0
9256.0
9256.0
9256.0
9256.0
9256.0
9256.0
9256.0
9256.0
9251.0
9251.0
9251.0
9251.0
9251.0
9251.0
9251.0
9251.0
9251.0
9251.0
9251.0
9251.0
9251.0
9251.0
9251.0
9251.0
9251.0
9251.0
9251.0
9251.0
9251.0
9251.0
9251.0
9251.0
9251.0
9251.0
9251.0
9251.0
9251.0
9251.0
9251.0
9251.0
9251.0
9251.0
9251.0
9251.0
9251.0
9251.0
9251.0
9251.0
9251.0
9251.0
9251.0
9251.0
9251.0
9251.0
9251.0
9251.0
9251.0
9251.0
9251.0
9251.0
9251.0
9251.0
9251.0
9251.0
9251.0
9251.0
9251.0
9251.0
9251.0
9251.0
9251.0
9251.0
9251.0
9251.0
9251.0
9251.0
9251.0
9251.0
9196.0
9196.0
9196.0
9196.0
9196.0
9196.0
9196.0
9196.0
9196.0
9196.0
9119.0
9119.0
9119.0
9119.0
9119.0
9119.0
9119.0
9119.0
9119.0
9119.0
9119.0
9119.0
8967.0
8967.0
8967.0
8792.0
8792.0
8706.0
8706.0
8706.0
8706.0
8706.0
8706.0
8706.0
8706.0
8706.0
8706.0
8706.0
8706.0
8706.0
8706.0
8706.0
8706.0
8706.0
8706.0
8706.0
8706.0
8706.0
8706.0
8706.0
8706.0
8706.0
8706.0
8706.0
8706.0
8706.0
8706.0
8706.0
8706.0
8706.0
8706.0
8706.0
8706.0
8706.0
8706.0
8706.0
8706.0
8706.0
8706.0
8706.0
8706.0
8706.0
8706.0
8706.0
8532.0
8532.0
8532.0
8532.0
8532.0
8532.0
8532.0
8532.0
8532.0
8532.0
8532.0
8532.0
8532.0
8532.0
8532.0
8532.0
8532.0
8532.0
8532.0
8532.0
8532.0
8532.0
8532.0
8532.0
8532.0
8532.0
8532.0
8532.0
8532.0
8532.0
8532.0
8532.0
8532.0
8532.0
8532.0
8532.0
8532.0
8532.0
8532.0
8532.0
8532.0
8532.0
8532.0
8532.0
8532.0
8532.0
8532.0
8532.0
8532.0
8532.0
8532.0
