53.092501368363436
57.2443736730361
59.78714243427248
64.85635092793443
64.85635092793443
64.85635092793443
64.85635092793443
64.85635092793443
65.94188084112149
65.94188084112149
65.94188084112149
67.15386003399908
67.15386003399908
67.15386003399908
67.15386003399908
67.15386003399908
67.15386003399908
67.15386003399908
67.15386003399908
67.15386003399908
67.15386003399908
67.15386003399908
67.15386003399908
67.15386003399908
67.15386003399908
67.15386003399908
67.15386003399908
67.15386003399908
67.15386003399908
67.15386003399908
67.15386003399908
67.44266868869512
67.44266868869512
67.73995237400982
67.73995237400982
67.73995237400982
67.73995237400982
67.73995237400982
67.73995237400982
67.73995237400982
67.74998999239422
69.30958369952823
69.30958369952823
69.60948923511319
69.60948923511319
69.60948923511319
69.90850688101328
69.90850688101328
69.90850688101328
69.90850688101328
69.90850688101328
69.90850688101328
69.90850688101328
70.83411248935154
70.83411248935154
71.04434619506966
71.08428147415285
71.75025588536336
71.75025588536336
71.75025588536336
71.75025588536336
71.75025588536336
71.75025588536336
71.75025588536336
71.75025588536336
71.75025588536336
71.75025588536336
71.75025588536336
71.75025588536336
71.75025588536336
71.75025588536336
71.75025588536336
71.75025588536336
71.75025588536336
71.75025588536336
71.8368433568024
71.8368433568024
71.8368433568024
71.8368433568024
71.8368433568024
71.8368433568024
71.8368433568024
71.8368433568024
71.8368433568024
71.8368433568024
73.44803776735823
73.44803776735823
73.44803776735823
73.44803776735823
73.44803776735823
73.44803776735823
73.44803776735823
73.44803776735823
73.44803776735823
73.44803776735823
73.44803776735823
73.44803776735823
73.44803776735823
73.44803776735823
73.44803776735823
73.44803776735823
73.44803776735823
73.44803776735823
73.44803776735823
73.44803776735823
73.44803776735823
73.44803776735823
73.44803776735823
73.44803776735823
73.44803776735823
73.44803776735823
73.44803776735823
73.44803776735823
73.44803776735823
73.44803776735823
73.91049521485002
73.91049521485002
73.91049521485002
73.91049521485002
73.91049521485002
73.91049521485002
73.91049521485002
73.91049521485002
73.91049521485002
73.91049521485002
73.91049521485002
73.91049521485002
73.91049521485002
73.91049521485002
73.91049521485002
73.91049521485002
73.91049521485002
73.91049521485002
73.91049521485002
73.91049521485002
73.91049521485002
73.91049521485002
73.91049521485002
73.91049521485002
73.91049521485002
73.91049521485002
73.91049521485002
73.91049521485002
73.91049521485002
73.91049521485002
73.91049521485002
73.91049521485002
73.91049521485002
73.91049521485002
73.91049521485002
73.91049521485002
73.96268225319545
73.96268225319545
73.96268225319545
73.96268225319545
73.96268225319545
73.96268225319545
73.96268225319545
74.4583253045582
74.4583253045582
74.4583253045582
74.4583253045582
74.4583253045582
74.4583253045582
74.4583253045582
74.4583253045582
74.4583253045582
74.4583253045582
74.4583253045582
74.4583253045582
74.4583253045582
74.4583253045582
74.4583253045582
74.4583253045582
74.4583253045582
74.4583253045582
74.4583253045582
74.4583253045582
74.4583253045582
74.4583253045582
74.4583253045582
74.4583253045582
74.4583253045582
74.4583253045582
74.4583253045582
74.4583253045582
74.4583253045582
74.4583253045582
74.4583253045582
74.4583253045582
74.4583253045582
74.4583253045582
74.4583253045582
74.4583253045582
74.4583253045582
74.4583253045582
74.4583253045582
74.4583253045582
74.4583253045582
74.4583253045582
74.4583253045582
74.4583253045582
74.4583253045582
74.4583253045582
74.4583253045582
75.02500161300728
75.02500161300728
75.02500161300728
75.02500161300728
75.02500161300728
75.02500161300728
75.02500161300728
75.02500161300728
75.02500161300728
75.02500161300728
75.02500161300728
75.02500161300728
75.02500161300728
75.02500161300728
75.02500161300728
75.02500161300728
75.02500161300728
75.02500161300728
75.02500161300728
75.02500161300728
75.02500161300728
75.02500161300728
75.02500161300728
75.02500161300728
75.02500161300728
75.02500161300728
75.02500161300728
75.02500161300728
75.02500161300728
75.02500161300728
75.02500161300728
75.02500161300728
75.02500161300728
75.02500161300728
75.02500161300728
75.02500161300728
75.02500161300728
75.02500161300728
75.02500161300728
75.02500161300728
75.02500161300728
75.02500161300728
75.02500161300728
75.02500161300728
75.02500161300728
75.02500161300728
75.02500161300728
75.02500161300728
75.02500161300728
75.02500161300728
75.02500161300728
75.02500161300728
75.02500161300728
75.02500161300728
75.02500161300728
75.02500161300728
75.02500161300728
75.02500161300728
75.02500161300728
75.02500161300728
75.02500161300728
75.11451726568005
75.11451726568005
75.11451726568005
75.11451726568005
75.11451726568005
75.11451726568005
75.11451726568005
75.11451726568005
75.11451726568005
75.11451726568005
75.11451726568005
75.11451726568005
75.11451726568005
75.11451726568005
75.11451726568005
75.11451726568005
75.11451726568005
75.11451726568005
75.11451726568005
75.11451726568005
75.11451726568005
75.11451726568005
75.11451726568005
75.11451726568005
75.11451726568005
75.11451726568005
75.11451726568005
75.11451726568005
75.11451726568005
75.11451726568005
75.11451726568005
75.11451726568005
75.11451726568005
75.11451726568005
75.11451726568005
75.11451726568005
75.11451726568005
75.11451726568005
75.11451726568005
75.11451726568005
75.11451726568005
75.11451726568005
75.11451726568005
75.11451726568005
75.11451726568005
75.11451726568005
75.11451726568005
75.11451726568005
75.11451726568005
75.11451726568005
75.11451726568005
75.11451726568005
75.11451726568005
75.11451726568005
75.11451726568005
75.11451726568005
75.11451726568005
75.11451726568005
75.11451726568005
75.11451726568005
75.11451726568005
75.11451726568005
75.11451726568005
75.11451726568005
75.11451726568005
75.11451726568005
75.11451726568005
75.11451726568005
75.11451726568005
75.11451726568005
75.11451726568005
75.11451726568005
75.11451726568005
75.11451726568005
75.11451726568005
75.11451726568005
75.11451726568005
75.11451726568005
75.11451726568005
75.11451726568005
75.11451726568005
75.11451726568005
75.11451726568005
75.11451726568005
75.11451726568005
75.11451726568005
75.11451726568005
75.11451726568005
75.11451726568005
75.11451726568005
75.11451726568005
75.11451726568005
75.11451726568005
75.11451726568005
75.11451726568005
75.11451726568005
75.11451726568005
75.11451726568005
75.11451726568005
75.11451726568005
75.11451726568005
75.11451726568005
75.11451726568005
75.11451726568005
75.11451726568005
75.11451726568005
75.11451726568005
75.11451726568005
75.11451726568005
75.11451726568005
75.11451726568005
75.11451726568005
75.11451726568005
75.11451726568005
75.11451726568005
75.11451726568005
75.11451726568005
75.11451726568005
75.11451726568005
75.11451726568005
75.11451726568005
75.11451726568005
75.11451726568005
75.11451726568005
75.11451726568005
75.11451726568005
75.11451726568005
75.11451726568005
75.11451726568005
75.30842325656305
75.30842325656305
75.30842325656305
75.30842325656305
75.30842325656305
75.30842325656305
75.30842325656305
75.30842325656305
75.30842325656305
75.30842325656305
75.30842325656305
75.30842325656305
75.30842325656305
75.30842325656305
75.30842325656305
75.30842325656305
75.30842325656305
75.30842325656305
75.30842325656305
75.30842325656305
75.30842325656305
75.30842325656305
75.30842325656305
75.30842325656305
75.30842325656305
75.30842325656305
75.30842325656305
75.30842325656305
75.30842325656305
75.30842325656305
75.30842325656305
75.30842325656305
75.30842325656305
75.30842325656305
75.30842325656305
75.30842325656305
75.30842325656305
75.30842325656305
75.30842325656305
75.30842325656305
75.30842325656305
75.30842325656305
75.30842325656305
75.30842325656305
75.30842325656305
75.30842325656305
75.30842325656305
75.30842325656305
75.30842325656305
75.30842325656305
75.30842325656305
75.30842325656305
75.30842325656305
75.30842325656305
75.30842325656305
75.30842325656305
75.30842325656305
75.30842325656305
75.30842325656305
75.30842325656305
75.30842325656305
75.30842325656305
75.30842325656305
75.30842325656305
75.30842325656305
75.30842325656305
75.30842325656305
75.30842325656305
75.30842325656305
75.30842325656305
75.30842325656305
75.30842325656305
75.30842325656305
75.30842325656305
75.30842325656305
75.30842325656305
75.30842325656305
75.30842325656305
75.30842325656305
75.30842325656305
75.30842325656305
75.30842325656305
75.30842325656305
75.30842325656305
75.30842325656305
75.30842325656305
75.30842325656305
75.36479304235787
75.36479304235787
75.36479304235787
75.36479304235787
75.36479304235787
75.36479304235787
75.5676422343089
75.5676422343089
75.5676422343089
75.5676422343089
75.5676422343089
75.5676422343089
75.5676422343089
75.5676422343089
75.5676422343089
75.5676422343089
75.5676422343089
75.5727682811016
75.5727682811016
