45.3036734930365
47.68612254625508
50.21578025415474
52.28145754840704
51.21708978331364
54.08821115697685
53.051341426509715
53.7196431324954
54.00604153086634
53.957976486541575
55.20604715385188
54.680204844302786
54.906114569350926
55.099376341564685
55.220287192496734
54.93966314757369
55.55471548313694
55.96739758357243
57.043858962092756
54.94329121951269
56.761208221114714
55.81781877276938
55.937259866569796
57.32491433827397
56.676846234803534
56.55646616352261
56.23339130898958
56.07203290810173
57.243792443718505
57.01765493653303
57.16050090695756
56.56316434713338
55.74189630521386
56.66194184103737
55.530523874802576
57.092099109604334
55.73227618912162
55.97112567282595
56.84468317025265
56.0614309871608
56.70071475471843
55.41156676654384
57.11221778017309
55.59734587694527
56.496573811530766
56.194959375848185
56.09920766934661
56.602355341921644
56.9970528224569
56.637830806156295
57.847999040498756
56.30976008951251
56.863266051284114
57.0416240030687
57.78759696816361
58.70209291394575
56.03938192478548
58.18706385948817
57.72586934617111
58.13119501249778
57.57932872245841
58.05363434321524
58.295301876644885
57.851625072574365
57.66235063260119
58.86729073377855
59.176020499790596
57.65330705102071
59.617975301949784
57.92900442861018
57.997889274479
58.9035244174563
59.475835579547685
58.61531535159056
58.21530200502108
58.8961167256902
59.19674141596364
59.27956803460217
59.176698974468636
59.40179015599266
58.83915188145746
60.149514459939574
59.054526145315165
60.76852512729832
59.610836582721845
59.85629220649628
60.28213069143321
58.01942034488435
59.167359356950925
59.067791129518746
59.11014626090626
59.54452387357411
58.59714278658896
58.838287598287806
58.515471812236385
58.12657845670335
59.53952280072472
59.74274494391758
59.19894911672785
59.28052352892511
60.10491867071406
58.28050277838019
59.22178534392715
59.010540944339155
59.51273483566378
59.44928393083719
59.50362550203872
59.19852895901837
59.004686870322764
59.770234551361746
57.150174064937445
59.08923009343458
58.539485925056475
57.38240426700628
57.09175913197812
58.004791132503
58.25127141234674
59.219858891664664
58.77279580747157
58.48652680228479
59.02056937348036
58.09904789975762
59.21932139118122
58.22128255980033
60.05077073660553
59.86040036170505
58.91995235433298
58.47745761557932
58.79305255186499
58.77291712922458
58.69414995641221
59.29043239393412
57.991927999776514
60.01192875778914
58.351239658898166
59.63745394368533
60.0220376922315
59.265528543971804
59.56307192241007
58.96296659374084
59.99134024383663
58.424148387327385
58.714270592634385
59.54009197403883
59.82210888061616
59.08277062383043
59.13290449636176
59.902865119929736
59.56517534338638
59.638384586156576
60.286714346002555
59.8261167869029
59.90378679283535
59.66731924035552
59.76587710660514
59.841653167748554
59.55558117150062
59.971851204367375
59.73042920744821
60.99927282185376
60.13214142690041
60.596871951096155
60.29023630009817
59.634250716614694
60.27492905718479
59.0480968216078
60.349476468583454
59.79206185174163
60.53679052614781
60.08929049965591
59.85168805372047
60.32542239165995
59.74567765780813
60.18521423925739
59.526850240446166
61.603718132891665
59.54781649379731
61.92207949698573
59.618894837197615
61.034799344017
60.68770263800287
60.63824044038932
60.72234051839206
60.63535553542979
60.51402511422257
60.40923570857464
60.62886017826578
59.89263099756941
61.24703941531094
61.5673862777405
60.43933715192053
61.46674557426265
59.723906939363104
60.81545463991501
59.28378228110067
61.161256898418834
60.03048867568245
60.46346750710918
61.113089636980256
59.10889256052995
60.89470605474877
59.33554376452603
59.97507092635997
60.251812807384454
60.545791224714335
58.83077301022939
60.00857115458448
59.44886158610276
59.21716629204597
58.994447585377564
59.527505317671796
59.506908324531665
58.968974497258046
59.75519450531507
58.67152144598908
59.75235167278382
59.907813751896626
59.731263001013474
59.38160354076474
59.52041601350468
61.12113926638405
59.59861786871769
59.762214398055846
60.522285561613586
59.07106438284374
60.872106369911414
58.98960821910921
60.26308488384084
60.34161483713482
59.66866491344203
59.75082131125986
60.17679230817093
59.31508128068683
60.44007312188709
59.41184790000329
60.231314404008145
59.762745369485074
59.38931664226949
60.15452319141242
60.07373560594538
59.57711679653301
59.274024773434796
60.099637542739586
59.862893776952376
59.38187876129596
60.04213510410624
59.916891327155135
60.55103713670903
60.62618726818882
59.35110820112393
59.29614191129271
60.32192611373508
59.902446704475096
59.2074516852468
59.35063384324342
59.674087355204406
59.214828921460644
59.48817094650702
59.9418893841061
60.24274079764211
60.885493104587376
60.828166059723365
59.54455397333659
60.183759483400955
59.3051430619984
60.18963976603991
60.005981008309
59.70639400722624
59.29627676568871
60.269595161298795
59.119574349771135
59.50447747052601
59.998202637634584
59.15352054556345
60.401725959333554
59.1682981377704
59.67342899958165
60.17931098501792
59.618771853398165
59.56858398869845
59.62667899724065
60.2228813264685
59.03854925786423
59.83063837534559
59.778136155989806
59.79259787867599
60.159457997664376
59.693721685783
60.04392582894067
58.98243720497289
60.5966698167012
59.512420728947276
59.357812679621965
59.8864129897547
60.689835736696
59.66412315424256
59.4285243735482
59.80205266093035
60.53728290517656
59.429331366580065
59.13234427394725
59.984850112075385
59.932088230233745
59.64610110903984
60.198879780554634
60.726029186076616
59.88691268826238
59.97803333177513
60.86906850106977
58.95310692631265
60.62525705679757
59.37510023390475
60.155514546711245
61.40366933732465
59.782187765993136
59.67658336287184
60.1512880004101
60.02670850866608
60.433063252658826
60.409194852879594
61.13424820332417
60.016664281894684
59.158731967112196
59.951248063190306
60.42914452002775
59.53225232865206
59.76746066116081
60.64721138907122
59.80040248348904
60.35229178625181
60.43372028432129
59.21173580794483
59.87209927298967
60.230836364997685
60.03273153092884
61.08057836027907
60.60908724440842
59.91477563557467
59.65753430275697
60.45239060066867
59.72865795341804
61.19769805825211
60.791305601482534
60.65581313948244
60.98819463678277
59.93872303437589
61.1802072373899
60.63181213062019
60.79924267808479
61.95415818005518
61.09088732427685
61.10875864529818
60.910428025376376
60.29904764576205
60.529263181745875
60.819146458899155
61.0189615052241
60.22993563789943
61.215322059198726
60.12509599997048
60.93013446818042
61.01748757032993
60.12685426947508
60.52484182257206
60.82860886426897
61.06898593207922
59.974178371511336
60.295314851049284
60.458540297559374
61.37089674225457
60.9591937888188
60.502757401540514
61.05448640389469
60.43422700557367
60.881608793898316
60.86723320260423
60.22053726951424
60.57489701564278
60.09882155298764
60.60879382797737
60.790426956771796
60.02049150910729
60.466005777570054
59.823539437039265
60.84238819858174
60.16099369210923
59.114612552219086
61.06374267804278
60.0657133327134
60.43527530652106
61.6929856505898
61.2312027085167
60.57633109208195
61.5027316461493
60.500047646674325
60.45566296952402
61.251510834766826
60.59264798854422
61.24279594587056
60.79173645452834
61.45060018238281
59.802340974175706
60.923716976777634
60.77446113280544
60.82128360592755
60.45357274345179
60.24061861486664
61.04901809601051
60.482909763729616
60.778407233077516
60.92388205663734
62.121091209079886
62.22119067185665
61.30839355136879
62.26331653276293
62.09621826223713
61.451371663084096
60.763910446064266
60.93640983719703
62.8479425346895
61.86814750187229
61.41098587546142
61.96384856400987
61.44171923625615
61.626081641711906
61.377669984652634
61.903761425738544
60.901768645973064
61.157706971036816
61.83020902839285
61.87289154551605
62.00083752064391
61.63952682934046
61.51843311823969
61.34574479759428
61.46404179977661
61.27940301379948
62.257165757884714
60.73743967261622
61.925895239553824
61.42643304277397
61.640920439041125
61.86493810860429
61.62311342024607
61.72221340582381
61.45949951770885
60.84305432162389
60.40735595805597
61.03025288231383
62.130276853140224
61.28218553814561
62.587946850450486
61.32005288830105
63.0620118850491
61.55547057736324
62.187182058747226
62.63314555078232
62.52173824746105
61.974040361862485
62.24226914847199
62.39834133989739
62.522826035116665
62.36774851239565
62.812910053804785
61.355242360407644
63.20934459056649
63.37437204808406
62.61174758011874
63.11271398396675
62.76724785173022
63.345100819298814
62.190149490166746
62.42049782667535
63.33326656978171
62.578143303487835
63.34894712424831
62.22398782705628
63.021883536151
62.759684351676825
63.16426312397073
62.716115949423916
62.717447193914
64.27378877565017
62.41443767777051
63.805507123766425
63.10658089949229
64.71373074892153
62.418743937947745
64.17935241152709
62.37144245159969
62.91028004205956
63.035841420383086
63.23863522011605
63.03226660840824
63.04873451431956
63.143799138966344
62.38108795740101
63.13193072939803
63.259202536562185
62.71997463812647
61.30450863259554
