16200.0
12040.0
11080.0
11080.0
11080.0
11080.0
11080.0
11080.0
11080.0
11080.0
10480.0
10480.0
10480.0
10480.0
10480.0
10480.0
10480.0
10480.0
10480.0
10480.0
10480.0
10480.0
10480.0
10480.0
10480.0
10480.0
10480.0
10480.0
10480.0
10480.0
10480.0
10480.0
10480.0
10480.0
10480.0
10480.0
10480.0
10480.0
10480.0
10480.0
10480.0
10480.0
10480.0
10480.0
10480.0
10480.0
10480.0
10480.0
10480.0
10480.0
10480.0
10480.0
10480.0
10480.0
10480.0
10480.0
10480.0
10480.0
10480.0
10480.0
10480.0
10480.0
10480.0
10480.0
10480.0
10480.0
10480.0
10480.0
10480.0
10480.0
10480.0
10480.0
10480.0
10480.0
10480.0
10480.0
10480.0
10480.0
10480.0
10480.0
10480.0
9240.0
9240.0
9240.0
4920.0
4920.0
4920.0
4920.0
4920.0
4920.0
4920.0
4920.0
4920.0
4920.0
4920.0
4920.0
4920.0
4920.0
4920.0
4920.0
4920.0
4920.0
4920.0
4920.0
4920.0
4920.0
4920.0
4920.0
4920.0
4920.0
4920.0
4920.0
4920.0
4920.0
4920.0
4920.0
4920.0
4920.0
4920.0
4920.0
4920.0
4920.0
4920.0
4920.0
4920.0
4920.0
4920.0
4920.0
4920.0
4920.0
4920.0
4920.0
4920.0
4920.0
4920.0
4920.0
4920.0
4920.0
4920.0
4920.0
4920.0
4920.0
4920.0
4920.0
4920.0
4920.0
4920.0
4920.0
4920.0
4920.0
4920.0
4920.0
4920.0
4920.0
4920.0
4920.0
4920.0
4920.0
4920.0
4920.0
4920.0
4920.0
4920.0
4920.0
4920.0
4920.0
4920.0
4920.0
4920.0
4920.0
4920.0
4920.0
4920.0
4920.0
4920.0
4920.0
4920.0
4920.0
4920.0
4920.0
4920.0
4920.0
4920.0
4920.0
4920.0
4920.0
4920.0
4920.0
4920.0
4920.0
4920.0
4920.0
4920.0
4920.0
4920.0
4920.0
4920.0
4920.0
4920.0
4920.0
