49638.75
45392.8125
42712.5625
37639.875
37917.625
41276.625
40439.0
39749.6875
39536.3125
35478.0625
34097.5625
34443.0625
36486.1875
37023.5
36080.375
32411.25
34933.125
34453.0
33543.125
34377.0625
32699.875
33339.1875
33652.9375
33425.0625
34093.9375
34191.3125
33181.3125
29403.5
32086.3125
30669.3125
29210.0625
28603.375
27098.0
27956.0
27904.375
28734.875
30230.375
29935.8125
30040.1875
29818.125
29688.25
29839.375
30224.625
30123.875
29273.375
28094.125
27173.375
25676.25
25203.875
26738.625
26156.625
25617.0
25890.5
24336.625
24102.875
23563.375
22477.375
22306.625
23909.25
24405.875
23938.75
24919.75
24198.375
25247.125
24376.875
24224.25
24353.625
21725.5
21823.625
22246.75
22467.875
22129.125
21817.375
22780.625
23709.125
24370.75
25439.875
24427.625
25071.25
23912.75
23424.8125
23639.5
22555.625
24382.625
24748.375
25394.0
25583.0625
25547.8125
27166.1875
27375.1875
28275.0625
27847.8125
27403.125
27336.4375
27667.3125
27848.4375
27571.6875
27495.8125
27872.4375
27405.6875
26819.125
26814.0625
26231.0
27168.0
27366.0
26868.375
27318.5625
27189.3125
27015.125
26939.125
26601.375
25960.75
26309.875
26568.75
26163.0
26540.125
26838.1875
28159.0
27888.5
27047.875
26427.4375
25999.0625
26135.4375
26371.1875
26751.5
27196.875
27104.5
27241.375
27089.375
26923.875
26646.9375
26342.3125
27384.9375
27203.6875
27224.4375
27277.125
28651.75
27921.375
27086.375
27740.875
28155.6875
27841.0
28120.25
29687.4375
29715.4375
29681.1875
28112.3125
27573.6875
27669.1875
27427.8125
27039.6875
26363.125
26539.4375
25647.0625
25288.25
26697.75
27113.625
25953.25
25108.375
25989.3125
25548.4375
26897.125
27679.125
27723.75
27422.25
27486.625
26628.125
26740.0
26561.5
25907.8125
25291.6875
25217.75
26114.9375
25531.6875
24828.4375
24292.4375
26427.25
26512.5625
27356.4375
27596.25
27265.8125
27477.0625
27287.9375
27202.1875
27467.1875
26487.375
25579.3125
26105.3125
25862.6875
25094.4375
25749.0625
26765.6875
26450.5625
26699.4375
26330.5625
26961.3125
26319.625
25593.5
27018.9375
27672.9375
