38.308796347244105
41.28771649236471
42.30830414649141
44.404512925310456
46.73342635250138
49.471541037211225
49.89798634000125
50.73374065110753
51.26280910543721
50.92929902012507
50.581371651826416
51.14563711062849
52.57009092572385
52.97098141746518
53.196803099666894
52.98135660371594
54.30060142609187
54.41631269354476
54.565459089993944
55.015962598836026
55.12275124277695
55.731846372158955
56.31819441724209
56.46522308556143
57.00515385251911
57.24228955304255
56.81502286677759
55.75723728069041
56.804393095178455
56.47813604449632
56.09998053114773
55.90021412799697
55.495633560875696
56.315925415651364
56.57807428763259
57.30541335728172
58.15700760892565
58.27140260577882
58.59934263309462
58.63822140673916
58.841704487736465
58.93598409760373
59.32421468323336
59.20661041507701
58.64567562965175
58.249897267929875
57.65751271385726
56.93142709105666
56.77183853378106
57.71532806059813
57.53159640955679
57.32549426701247
57.20274957509353
56.57291988364735
56.458423060678626
56.194235867963656
55.78134664362176
55.533590098117045
55.99852207678625
56.19848459607526
56.14359476698418
56.58590127745034
56.14307394231578
56.652291634793414
56.145720046431975
56.080495904517
56.100785803278505
54.7400021834935
54.918688765398414
55.305814564327
55.460878218387414
55.36120911299095
55.213583112196794
55.761447052863694
56.31005630616507
56.50171806245718
57.055558479125
56.55592430037798
56.98779998328543
56.38292328995387
56.32331760550102
56.48864221531793
55.817328324689264
56.61452646340409
57.22891990090765
57.33811792654708
57.49468507802334
57.59199154565513
58.27692082482804
58.50269791584915
59.01285029924212
58.899213336000955
58.592744336042266
58.63433345754934
58.831044608610924
58.83995906744658
58.69709135781568
58.57209839780463
58.72686324590329
58.20592582635017
57.92734288072131
58.04019064792857
57.89063319400962
58.405668000812156
58.433625679969666
58.13651600606494
58.287645992528326
58.26665535946408
58.30851836460372
58.28605022844776
58.09316575523057
57.62790259254341
57.87080437790131
58.018821378711664
57.80074093013347
58.07820319957359
58.22176007192051
58.888398291479554
58.82134659169467
58.38568137977128
58.13330495839593
57.864281658185135
57.80492804625603
57.859325142537855
58.19976466458329
58.46376303407705
58.37960461744689
58.41390582639443
58.234511314979066
58.35027559203216
58.18254299932569
58.04112236464645
58.342866687497555
58.217387060050065
58.27424906045743
58.44323537993675
59.09243910244792
58.779058272062784
58.194338133698636
58.533964293543775
58.842344959420515
58.7782029984305
58.90655264606936
59.805518897208174
59.76830264881787
59.735259750375704
58.763109752832506
58.52904488544971
58.698263846256246
58.698167342840556
58.39932297624563
58.07482549449965
58.13857207115511
57.615899281967
57.34444174659952
58.27293989428675
58.46054212413367
57.76898188063292
57.32301332866574
57.895282587144536
57.79529676531964
58.46058728111177
58.79859196973764
58.827960401161704
58.705425080887395
58.799204590343265
58.295956631870396
58.424144738432325
58.29275632636666
57.77552631981448
57.43985291307696
57.49077430070444
57.99854960305389
57.684689434242955
57.33732723415197
56.96182963748463
57.97416628861313
58.259971287664335
58.675766033221564
58.73344219221078
58.51063621055331
58.57291983684854
58.549069958450424
58.56049326247753
58.666759662648914
58.22590779896493
57.61300087652616
57.8016657743094
57.653065384812805
57.1230481217478
57.70741695188641
58.25571827470101
58.10594781842035
58.40205083654981
58.27304182875001
58.60052237218527
58.295026820827594
57.99033811398971
58.75442219782424
58.94331568065942
