40.85108310899488
39.76312097312464
39.76312097312464
39.76312097312464
40.06530519097987
40.06530519097987
40.67523734177215
40.67523734177215
40.67523734177215
40.67523734177215
39.62685321687853
39.62685321687853
39.62685321687853
39.62685321687853
39.62685321687853
39.62685321687853
39.642252153963256
39.642252153963256
39.62139357648339
38.515942704690865
38.515942704690865
38.515942704690865
39.46686919495007
39.46686919495007
39.46686919495007
35.699682424663656
35.699682424663656
35.699682424663656
35.699682424663656
35.699682424663656
36.84992299771271
36.84992299771271
36.84992299771271
36.84992299771271
36.84992299771271
37.92914829522296
37.92914829522296
41.427578375624435
41.46139974410897
42.46127544177684
42.62361723439568
43.484871521970504
45.146886824905394
45.37135207496654
46.91531430703228
46.91531430703228
46.91531430703228
47.534826225455234
47.534826225455234
47.534826225455234
47.534826225455234
48.272051996285974
48.272051996285974
46.526420407487166
46.526420407487166
46.526420407487166
46.526420407487166
46.526420407487166
46.83324676271449
46.18157435966205
46.18157435966205
46.18157435966205
46.18157435966205
46.18157435966205
46.18157435966205
46.18157435966205
46.18157435966205
46.07630601962345
46.07630601962345
46.07630601962345
46.07630601962345
46.07630601962345
46.07630601962345
46.07630601962345
46.07630601962345
46.18157435966205
47.370716172692056
47.61558250643146
47.61558250643146
47.61558250643146
47.61558250643146
48.77173366131827
48.77173366131827
48.77173366131827
49.46232889697797
49.46232889697797
49.46232889697797
49.46232889697797
49.46232889697797
49.46232889697797
49.46232889697797
49.46232889697797
49.46232889697797
49.46232889697797
49.46232889697797
49.46232889697797
51.02340290955092
51.02340290955092
51.02340290955092
51.02340290955092
51.02340290955092
51.02340290955092
51.02340290955092
51.02340290955092
51.02340290955092
51.02340290955092
51.02340290955092
51.02340290955092
51.02340290955092
51.02340290955092
51.02340290955092
51.484655300222386
51.484655300222386
51.484655300222386
51.484655300222386
51.484655300222386
51.484655300222386
51.484655300222386
51.484655300222386
51.484655300222386
51.484655300222386
51.817724515460874
51.817724515460874
51.817724515460874
51.817724515460874
51.96154923378546
51.96154923378546
51.96154923378546
51.96154923378546
51.96154923378546
51.96154923378546
52.02556715880447
52.02556715880447
52.20465023050711
52.20465023050711
52.20465023050711
44.567446072248636
44.567446072248636
52.20465023050711
52.20465023050711
52.20465023050711
52.20465023050711
53.0821490900025
53.0821490900025
53.0821490900025
53.0821490900025
53.0821490900025
53.0821490900025
53.0821490900025
53.942333917786875
53.942333917786875
53.942333917786875
53.942333917786875
53.9959088252484
53.9959088252484
53.9959088252484
53.9959088252484
53.9959088252484
53.9959088252484
53.9959088252484
53.9959088252484
53.9959088252484
54.07539450613675
54.07539450613675
54.07539450613675
54.44980271810609
54.44980271810609
54.44980271810609
54.44980271810609
54.44980271810609
54.44980271810609
54.44980271810609
54.44980271810609
54.44980271810609
54.44980271810609
54.44980271810609
54.44980271810609
54.62443260311821
54.62443260311821
54.9060621366531
55.55878600884089
55.56798894809552
55.18258267554042
55.56798894809552
55.56798894809552
55.56798894809552
55.56798894809552
55.56798894809552
55.56798894809552
55.56798894809552
55.56798894809552
55.56798894809552
55.56798894809552
55.56798894809552
55.56798894809552
55.56798894809552
55.781330175646325
55.781330175646325
55.781330175646325
55.781330175646325
55.781330175646325
55.781330175646325
55.781330175646325
55.781330175646325
56.416808085982936
56.416808085982936
53.577201447527145
56.416808085982936
56.416808085982936
56.416808085982936
56.416808085982936
56.416808085982936
56.416808085982936
56.416808085982936
56.416808085982936
56.416808085982936
56.416808085982936
56.416808085982936
56.416808085982936
56.416808085982936
56.98465978605263
56.98465978605263
56.98465978605263
57.2340335242945
57.28418015707645
57.28418015707645
57.74057359149804
57.74057359149804
57.74057359149804
57.74057359149804
57.74057359149804
57.74057359149804
54.95752153354131
54.95752153354131
57.74057359149804
57.74057359149804
57.74057359149804
57.74057359149804
57.74057359149804
57.74057359149804
57.74057359149804
57.758957523514134
57.758957523514134
57.830698534724434
57.830698534724434
57.830698534724434
57.830698534724434
57.830698534724434
57.830698534724434
57.830698534724434
57.830698534724434
57.830698534724434
57.830698534724434
57.830698534724434
57.830698534724434
57.830698534724434
57.830698534724434
58.01079610660092
58.01079610660092
58.01079610660092
58.01079610660092
58.01079610660092
58.01079610660092
58.01079610660092
58.01079610660092
58.01079610660092
58.25900274019894
58.25900274019894
58.25900274019894
58.25900274019894
58.25900274019894
58.21399430503055
58.21399430503055
58.21399430503055
58.25900274019894
58.25900274019894
58.25900274019894
58.25900274019894
58.27166008770988
58.27166008770988
58.79939668174962
58.79939668174962
58.79939668174962
58.79939668174962
58.79939668174962
58.79939668174962
58.79939668174962
58.88442848087893
57.891125343092405
58.88442848087893
58.88442848087893
58.88442848087893
58.88442848087893
58.88442848087893
58.88442848087893
58.88442848087893
58.88442848087893
58.88442848087893
58.88442848087893
58.88442848087893
58.88442848087893
58.88442848087893
58.88442848087893
58.88442848087893
58.88442848087893
56.73848641018906
58.26150335910762
58.26150335910762
58.88442848087893
58.88442848087893
58.88442848087893
58.88442848087893
58.88442848087893
58.88442848087893
58.88442848087893
58.88442848087893
58.908143861812626
58.908143861812626
58.908143861812626
58.908143861812626
58.908143861812626
58.908143861812626
58.908143861812626
58.908143861812626
58.908143861812626
58.908143861812626
59.04314303040804
59.29529262360361
59.29529262360361
59.29529262360361
59.29529262360361
54.35835680824242
57.16456178927425
58.5013467604442
59.31674111322116
59.31674111322116
59.35692066783758
59.35692066783758
54.67856950545013
59.35692066783758
59.35692066783758
59.35692066783758
59.75965715733836
59.75965715733836
59.75965715733836
59.75965715733836
59.75965715733836
59.75965715733836
59.75965715733836
59.81152240265915
59.88688082718395
59.88688082718395
56.161421948770545
59.88688082718395
59.91352002027371
59.91352002027371
59.91352002027371
59.91352002027371
59.91352002027371
59.91352002027371
59.91352002027371
59.91352002027371
59.91352002027371
59.91352002027371
59.91352002027371
59.91352002027371
59.91352002027371
59.91352002027371
59.91352002027371
59.91352002027371
59.91352002027371
59.91352002027371
59.91352002027371
59.91352002027371
59.91352002027371
59.91352002027371
59.91352002027371
59.91352002027371
59.91352002027371
59.91352002027371
59.91352002027371
59.967313860925046
59.967313860925046
59.967313860925046
59.967313860925046
59.967313860925046
59.967313860925046
59.967313860925046
59.967313860925046
59.967313860925046
59.967313860925046
59.967313860925046
60.563692060013864
60.563692060013864
60.563692060013864
60.563692060013864
60.563692060013864
60.563692060013864
60.563692060013864
60.563692060013864
