36.50580329871717
36.561780846167466
37.37880912531475
39.64132323530376
37.804541320166315
37.92554382531245
41.639066049872724
40.060589618375836
43.128311320050734
41.15254059350503
41.132918293412125
40.95450911997674
40.78723754180143
41.914472653189165
45.02313557665153
43.14165360501567
45.42664400844534
44.57730633236901
43.815566494512595
42.764778325123146
41.577385047868056
39.50464874040353
46.19488057457825
47.31017990108159
42.565179833516574
44.11827163240335
45.70653085177734
44.69183880799187
43.92334257502797
44.450140245671726
43.91129032258064
41.98087129588678
44.10262572853452
41.96288295365278
43.48331462292737
44.28107104163441
40.883280158006684
42.02974628171477
41.36279962400125
41.397432345063265
41.941228851291186
42.75040928709629
43.38107442585055
43.67000392618767
40.589307183648934
43.04788073067725
44.426877470355734
43.2342328607003
43.60028756290439
44.410873178840326
45.28170720146621
45.23959382343067
47.016879925234505
41.76967930029155
40.212055953281734
40.546317857662636
45.61877754202709
44.20358058314643
37.66899129404258
43.83045495491133
41.27831376792485
43.238672120830714
46.29954136379369
44.2063492063492
46.212189413035645
42.39224927991621
45.20588879813534
44.043851484124524
45.796543209876546
45.58247558722618
46.929243559291066
45.694163948008914
47.70844649646931
45.48230834035384
45.85771752906817
45.88947750203329
44.984506891761946
44.38784102391378
46.758377760853016
47.398091934084995
43.92043063154863
44.54216020336416
42.87491292665937
42.705680967155246
42.34063995968758
47.54160987899062
44.615615928200505
46.83901583303346
45.61722384507195
42.07122203621975
43.52640212466802
43.803493619670085
44.290398606414584
43.210073318457134
44.77196204468932
45.87916179129879
40.72186413673233
39.52504644912242
44.86672938225149
44.87646566164155
44.154310181181586
49.287360647255284
41.841752346893166
43.38964377524788
43.86850389637199
47.07931283253674
44.140760194629365
46.247506288489895
50.00733299112709
43.45390292069432
41.86388616472068
45.33885141132612
46.88413742690059
44.07244414353419
46.18333333333334
44.82619160353535
45.76380394897781
44.374320987654315
42.89680947655144
44.23864320941013
43.38134430727023
41.198851749136374
43.26735642525117
47.58535071384234
49.04212031232816
49.15897483952585
39.681344875172506
46.65273311897105
42.58664412510566
44.344996756406104
42.29311404130631
44.64342820594819
43.77735894941635
41.330676069293276
45.638185654008446
43.44441047589932
41.84918418344848
46.548399137359
45.25739141139538
44.35670922329118
41.36180845664312
47.132384648555416
43.77973963788717
46.083306810948436
46.164129055646185
42.17317125186607
42.61691223574632
44.293078055964656
41.81260512516077
41.55354449472097
45.01692047377326
46.38620939645971
45.55555555555556
47.22675736961452
44.579100451039075
47.66252654908117
45.02868068833652
46.510343333694365
49.95463428252373
46.73830225887415
43.38423569335184
43.31107401224263
42.89504566559518
45.95390163364615
43.8021308980213
43.10962325309528
44.16066129715982
47.33518994876591
49.93512304250559
42.343033769292234
46.11395540875309
46.598400000000005
47.01016949152542
41.296633559264755
45.50828481862965
45.99110388584074
47.115339769600304
46.68633731133731
44.24169374279426
43.45022044499129
43.5539255526658
42.25557071396089
44.67052746908749
43.47969819539515
44.275848060125945
40.67322050771528
43.53504790721129
43.47336389503636
42.80714697842475
43.024753024753025
44.25805498078629
43.22645090400558
46.61246612466125
49.01382220986058
45.149583128984794
40.87351632047478
45.12453950624072
45.479370928472726
43.80618797431407
43.55574299473317
44.624214904090984
44.33731667571972
43.5140408044665
43.5689117084466
43.180578859060404
45.276642136822026
44.64499828708462
45.631576600677725
44.97929920226194
43.290184992312646
46.98621056863746
43.93203349965928
49.73884199321732
44.99429756350441
49.99114476101925
42.451375711574954
47.30577430782769
42.702336253650394
45.828828828828826
45.40182438974673
47.99746951920865
44.00266682829262
45.82606397039387
46.03444585872467
47.055422566640964
44.206762370510596
46.15333598620507
45.34749116012797
48.34827748938179
44.010523174196116
45.03550636555563
43.80787836903939
45.730135421765375
47.702844629170286
44.85240078392945
44.651945320715036
46.9749047540169
44.8419540229885
48.98947010869565
45.93150087260035
45.249367728882135
46.56867495827276
43.2038635429511
45.8760654421783
44.75623234680093
48.747362222113175
45.21436945235304
46.1055793285056
45.70046849025238
42.14183722037125
43.88987391646966
42.19643148783276
42.62880198634389
44.05472559875455
47.21427444972626
47.68652710681696
42.564147834274955
44.737253675320616
46.33711004190595
45.01717863750025
47.287964004499436
46.13649056182286
44.87842943978972
40.64669519733714
47.512096559791566
43.18044886278055
47.40959894806047
42.910384068278816
42.96463082840792
45.795800786660024
45.5154862464804
44.90029453908613
42.12064974457216
47.59158673292501
45.97471443296801
47.993472878685566
44.253382731958766
47.13970463418775
40.60887512899897
43.14667394206315
46.16019818331957
48.19645165080485
46.94965449160908
45.27203506131303
45.07982583454282
42.88587229763701
40.79156842593152
45.5181279414328
41.92054617374106
42.524916943521596
44.3641245972073
45.97120843471209
46.831018518518526
45.573523070288914
43.96042971172505
46.484124610059396
45.988675958188146
42.520078872697546
44.703687337359455
45.043563387175716
50.144300144300146
46.579262043047486
42.49421187660346
40.551805107132374
44.034980055231664
46.84198671021512
47.72760272978074
46.96877807726865
45.29880648824702
42.5400651665424
44.95054060271451
40.24308738160709
45.65838898163605
43.54684605635176
43.585812123070625
47.49522203485104
45.209006021467836
42.141950561073386
43.762747184534895
40.7869658776514
47.94623283719857
44.62561881188119
40.43600420439845
41.36779911373708
43.66747549869221
45.32879818594105
43.9045643153527
47.16573409052948
44.22137470003429
41.57255182273052
46.505590624124785
46.3720717979921
45.04200781291807
45.78936237707518
48.5586319218241
45.24093181576428
46.555672605688635
47.34739028354705
44.35881304393416
46.59906647352325
44.23216110354224
45.75945001891115
46.933102442581124
44.97426958831341
44.98716153127917
41.742486903777234
41.88449848024317
46.01032328171693
39.913675815153645
46.21026894865527
47.10459374532395
39.6720370818652
44.69006673511295
43.89278399243737
43.03120261409991
42.55880700064227
43.37864235715448
41.372735016261416
44.94547688527109
47.47307743867018
44.57186711983336
44.32983099251934
43.29109811565952
47.40171219804788
44.86085954223612
46.34775075538276
42.227327111749226
41.67670970827355
44.882713746943516
44.62585986242201
45.18127950185799
44.105823233816146
43.634263990516295
44.87069188909044
42.55207574654042
44.92350179508423
42.64087301587301
45.07639388848892
41.483924472988875
44.60809102402023
40.713182647760775
39.00596244549257
42.013637023066885
45.474066732738684
42.536881263434786
42.98712135683191
44.213235294117645
46.26891960123528
42.319160470879794
44.84632101831729
41.33485639686684
48.589830508474584
45.831277750370006
45.70619006102878
45.23926380368098
47.24543418332185
45.82428821908659
44.19167983149027
46.501597624451
46.45328262821529
45.93143596377749
49.61453874713268
43.379153632167274
44.83454790823213
45.432058047493406
41.85170538803756
44.384024577572966
45.17271830034804
46.599623455939756
46.83045295380097
45.15862129030853
43.43307783018867
42.87141073657927
39.07267085892113
44.98608578831205
45.01611000181521
46.62270826632357
43.274386180737096
46.33705650459921
43.33487392800287
43.673362628164895
42.49959319827514
44.470845708926056
42.58334550055968
42.5310465978209
43.66173570019724
46.67798768838889
44.05973359808058
40.12315820806667
42.377874734953515
43.903041531573265
42.804388805645516
44.19541729735373
45.840798000575056
40.63337801608579
41.331138894121615
40.38187888877521
46.164446969218794
43.46764954923544
45.99708424450692
44.408952467871515
42.444430477866455
43.8919254778987
41.8926904213201
43.68581995495774
44.525130807039794
40.783371040723985
39.79904120009198
47.13255929125626
44.93131413439258
40.56680461129176
46.30880713489409
38.02477856366121
45.2219549529849
41.5790687395507
41.8531140415864
44.141398147415096
40.83429195344031
43.29507701600724
43.54583038793565
44.847165991902834
43.82592649546363
44.70418989390397
42.33243290514411
42.453982893855176
42.590044903028556
37.7842810110545
39.97035762096003
44.32599867395989
49.38864129813736
46.80459464254036
46.1535192563081
39.69493388991903
46.212233963387405
43.45091013919776
38.66680546880422
37.691700838325424
42.44652542200735
45.37140146828342
44.19788333743538
46.6533846704871
39.1064803706233
44.26098723541768
47.24171539961012
44.10239792611795
45.8864339844167
43.50202839756592
42.976533312577835
36.832122446623394
40.31421056373071
41.81508669041387
41.22644652574686
47.28615990806107
44.455053588095815
43.49168550209881
44.0909090909091
41.803213384676674
44.27638621280239
44.95238681607355
44.602691189935896
39.897660818713454
