552845.0
540945.0
538355.0
538355.0
412035.0
412035.0
412035.0
405890.0
405890.0
405890.0
389625.0
389625.0
350930.0
350930.0
350930.0
350930.0
350930.0
350930.0
350930.0
350930.0
350930.0
350930.0
350930.0
350930.0
341790.0
341790.0
341790.0
341790.0
341790.0
341790.0
341790.0
341790.0
341790.0
341790.0
341790.0
341790.0
341790.0
341790.0
341585.0
341585.0
341585.0
341585.0
337835.0
337835.0
337835.0
337835.0
337835.0
337835.0
337835.0
337835.0
337835.0
337835.0
337835.0
309480.0
309480.0
309480.0
309480.0
309480.0
309480.0
309480.0
309480.0
309480.0
309480.0
309480.0
309480.0
309480.0
309480.0
309480.0
309480.0
309480.0
309480.0
309480.0
309480.0
309480.0
309480.0
309480.0
309480.0
309480.0
309480.0
309480.0
309480.0
309480.0
309480.0
309480.0
309480.0
309480.0
309480.0
309480.0
309480.0
309480.0
309480.0
309480.0
309480.0
309480.0
309480.0
309480.0
309480.0
309480.0
309480.0
309480.0
309480.0
309480.0
309480.0
309480.0
309480.0
309480.0
309480.0
309480.0
309480.0
309480.0
309480.0
309480.0
309480.0
309480.0
309480.0
309480.0
309480.0
309480.0
309480.0
309480.0
309480.0
309480.0
309480.0
309480.0
309480.0
309480.0
309480.0
309480.0
309480.0
309480.0
309480.0
309480.0
309480.0
309480.0
309480.0
309480.0
309480.0
309480.0
309480.0
309480.0
309480.0
309480.0
309480.0
309480.0
309480.0
309480.0
309480.0
309480.0
309480.0
309480.0
309480.0
309480.0
309480.0
309480.0
309480.0
309480.0
309480.0
309480.0
309480.0
309480.0
309480.0
309480.0
309480.0
309480.0
309480.0
309480.0
309480.0
309480.0
309480.0
309480.0
309480.0
309480.0
309480.0
309480.0
309480.0
309480.0
309480.0
309480.0
309480.0
309480.0
309480.0
309480.0
309480.0
309480.0
309480.0
309480.0
309480.0
309480.0
309480.0
309480.0
309480.0
309480.0
309480.0
309480.0
293355.0
293355.0
293355.0
293355.0
293355.0
293355.0
287835.0
287835.0
287835.0
287835.0
287835.0
287835.0
287835.0
287835.0
287835.0
287835.0
287835.0
287835.0
287835.0
287835.0
287835.0
287835.0
287835.0
287835.0
287835.0
287835.0
287835.0
287835.0
287835.0
287835.0
287835.0
287835.0
287835.0
287835.0
287835.0
287835.0
287835.0
287835.0
287835.0
287835.0
287835.0
287835.0
287835.0
287835.0
287835.0
287835.0
287835.0
287835.0
287835.0
287835.0
287835.0
287835.0
287835.0
287835.0
287835.0
287835.0
287835.0
287835.0
287835.0
287835.0
287835.0
287835.0
287835.0
287835.0
287835.0
287835.0
287835.0
287835.0
287835.0
287835.0
287835.0
287835.0
287835.0
287835.0
287835.0
287835.0
287835.0
287835.0
287835.0
287835.0
287835.0
287835.0
287835.0
287835.0
287835.0
287835.0
287835.0
287835.0
287835.0
287835.0
287835.0
287835.0
287835.0
287835.0
287835.0
287835.0
284260.0
284260.0
284260.0
284260.0
284260.0
284260.0
284260.0
284260.0
284260.0
284260.0
284260.0
284260.0
284260.0
284260.0
284260.0
284260.0
284260.0
284260.0
284260.0
284260.0
284260.0
284260.0
284260.0
284260.0
284260.0
284260.0
284260.0
284260.0
284260.0
284260.0
284260.0
284260.0
284260.0
284260.0
284260.0
284260.0
284260.0
284260.0
284260.0
284260.0
284260.0
284260.0
284260.0
284260.0
276010.0
276010.0
276010.0
276010.0
276010.0
276010.0
276010.0
276010.0
276010.0
276010.0
276010.0
276010.0
276010.0
276010.0
276010.0
276010.0
276010.0
276010.0
276010.0
276010.0
276010.0
276010.0
276010.0
276010.0
276010.0
276010.0
276010.0
276010.0
276010.0
276010.0
276010.0
276010.0
276010.0
276010.0
276010.0
276010.0
276010.0
276010.0
276010.0
276010.0
276010.0
276010.0
276010.0
276010.0
276010.0
276010.0
276010.0
276010.0
276010.0
276010.0
276010.0
276010.0
276010.0
276010.0
276010.0
276010.0
276010.0
276010.0
276010.0
276010.0
276010.0
276010.0
276010.0
276010.0
276010.0
276010.0
276010.0
276010.0
276010.0
276010.0
276010.0
276010.0
276010.0
276010.0
276010.0
276010.0
276010.0
276010.0
276010.0
276010.0
276010.0
276010.0
276010.0
276010.0
270855.0
270855.0
270855.0
261175.0
261175.0
261175.0
261175.0
261175.0
261175.0
261175.0
261175.0
261175.0
261175.0
261175.0
261175.0
261175.0
261175.0
261175.0
261175.0
261175.0
261175.0
261175.0
261175.0
261175.0
261175.0
261175.0
261175.0
261175.0
261175.0
261175.0
261175.0
261175.0
261175.0
261175.0
252540.0
252540.0
252540.0
252540.0
252540.0
252540.0
252540.0
252540.0
252540.0
252540.0
252540.0
252540.0
252540.0
252540.0
252540.0
252540.0
252540.0
252540.0
252540.0
252540.0
252540.0
252540.0
252540.0
252540.0
252540.0
252540.0
252540.0
252540.0
252540.0
252540.0
252540.0
252540.0
252540.0
252540.0
252540.0
252540.0
252540.0
252540.0
252540.0
252540.0
252540.0
252540.0
252540.0
252540.0
252540.0
252540.0
252540.0
252540.0
252540.0
