838401.6666666666
796477.4166666666
732539.25
711958.25
701185.4166666666
641841.4166666666
615593.0
608959.0
616324.0833333334
610544.9166666666
617522.9166666666
601146.25
566177.6666666666
526005.1666666666
546197.0833333334
514655.0
531099.0
525362.5
514904.6666666667
517224.8333333333
533614.25
555292.9166666666
508899.5
511288.25
529279.5833333334
527763.5833333334
509909.25
510567.0833333333
518357.8333333333
521895.0
500644.1666666667
528633.6666666666
490365.75
495805.75
478491.0
486711.4166666667
514106.0
469206.6666666667
501680.8333333333
486309.4166666667
528379.25
500971.6666666667
506698.4166666667
505430.0
511831.8333333333
526589.0
514273.6666666667
508930.5
527215.0
524183.6666666667
504259.5
504103.6666666667
519484.5
528855.75
506280.9166666667
492271.75
529037.0833333334
528519.25
554117.6666666666
549043.4166666666
529705.5833333334
545408.8333333334
531275.5833333334
496659.9166666667
493155.9166666667
501848.4166666667
497536.1666666667
508764.0
497498.5833333333
516406.1666666667
527121.4166666666
520952.25
523931.75
513020.1666666667
509301.5
524572.4166666666
471987.6666666667
491165.1666666667
515330.5
500457.5833333333
507985.6666666667
526616.4166666666
501544.0833333333
501837.75
509413.1666666667
512110.3333333333
483278.0
487971.75
478311.0833333333
490174.8333333333
477476.3333333333
509512.75
500991.75
485080.9166666667
464845.9166666667
475014.0833333333
494788.25
472411.75
478970.6666666667
493074.3333333333
478365.3333333333
470601.0
482118.75
448068.5833333333
457085.4166666667
481355.3333333333
492903.5
474002.1666666667
477809.5833333333
485576.8333333333
507599.4166666667
507381.0833333333
489001.1666666667
472196.3333333333
454825.6666666667
474737.0833333333
467837.0833333333
472978.0833333333
468749.1666666667
494731.0
485334.0833333333
501873.3333333333
468539.5
463284.5833333333
462151.5
488416.6666666667
461404.1666666667
460920.3333333333
483171.8333333333
472125.5
476265.0833333333
450912.6666666667
504868.9166666667
499227.5
486278.1666666667
495188.5
500908.0833333333
460526.0
472940.6666666667
458052.8333333333
467236.25
468885.0833333333
461262.5833333333
471744.25
483149.0
471865.0
460801.0
471674.25
466815.0
465080.9166666667
468868.4166666667
460462.25
472912.3333333333
487623.5833333333
490019.0
440267.25
449620.3333333333
463508.5833333333
434048.6666666667
455045.1666666667
446437.25
436510.0
443273.5
439560.5833333333
447110.6666666667
448657.0
434613.25
420011.1666666667
401613.1666666667
424386.3333333333
421017.75
437266.3333333333
442965.8333333333
411423.3333333333
431195.75
446945.25
443757.3333333333
428764.8333333333
454247.25
462310.1666666667
439342.0833333333
447187.0833333333
441663.9166666667
449087.0
442301.3333333333
451236.3333333333
438778.8333333333
450726.6666666667
443047.25
435944.1666666667
424071.9166666667
452572.5
433494.1666666667
431321.8333333333
451413.5833333333
450888.1666666667
461096.3333333333
456151.3333333333
440730.25
425191.3333333333
450213.9166666667
452705.0833333333
473975.5833333333
464644.5
457720.5
473283.5
463041.0
475387.8333333333
457485.5
476195.9166666667
458761.6666666667
463977.25
436052.3333333333
441551.5833333333
454085.1666666667
473291.5833333333
461378.1666666667
455258.8333333333
436807.5833333333
458726.0
433568.0833333333
468788.5
442979.3333333333
442340.0
443148.3333333333
464722.25
467375.5833333333
457555.5
469296.9166666667
450412.75
435197.0833333333
473737.9166666667
466018.6666666667
447155.75
427715.8333333333
421125.5
452666.0
450743.75
419817.3333333333
454686.5
450745.1666666667
460392.6666666667
444512.0
469315.0833333333
469075.25
466972.8333333333
453073.8333333333
466862.0
457149.5
456824.0833333333
474029.9166666667
504570.0833333333
463589.4166666667
476264.9166666667
467403.5
441097.3333333333
434387.8333333333
452192.1666666667
449497.0833333333
476678.25
442298.5833333333
494173.75
475950.5833333333
499197.1666666667
465769.5
494024.0
483761.9166666667
468665.1666666667
473453.9166666667
462997.4166666667
444800.3333333333
466409.0833333333
495790.0
460451.4166666667
465246.1666666667
466672.9166666667
468289.4166666667
435013.5
475309.0833333333
474529.0
438362.8333333333
463639.75
465618.0
464669.8333333333
485777.0833333333
477752.9166666667
460991.4166666667
482473.25
504493.9166666667
464531.6666666667
444366.1666666667
449211.6666666667
458319.4166666667
453907.5833333333
456773.5
486177.4166666667
470145.6666666667
457465.9166666667
456158.0833333333
469578.3333333333
427872.5833333333
451143.0
458887.4166666667
474966.0
476075.1666666667
488822.9166666667
488834.1666666667
461637.5
456762.9166666667
448560.25
467869.75
467454.1666666667
464260.3333333333
467856.8333333333
464331.1666666667
442815.1666666667
465438.4166666667
454712.3333333333
469498.25
465803.6666666667
438597.5
446809.8333333333
471341.5
435206.5
456253.25
461030.6666666667
460164.75
445480.0833333333
465046.3333333333
449649.1666666667
455062.75
466241.9166666667
465632.1666666667
425314.25
430082.0833333333
421020.0833333333
431724.5
433101.0833333333
452289.0
436433.1666666667
425716.1666666667
426653.0
419463.4166666667
426907.6666666667
450639.8333333333
446465.9166666667
423966.75
429520.0833333333
427465.5
399468.5833333333
399110.3333333333
417407.4166666667
433805.8333333333
414875.5
433484.8333333333
426973.5833333333
400761.75
419494.1666666667
425625.5833333333
416056.0
454886.3333333333
455542.6666666667
444668.8333333333
445903.1666666667
423335.5833333333
432457.0833333333
463049.1666666667
425481.75
442987.9166666667
417761.5
438899.4166666667
455845.4166666667
452912.8333333333
457984.4166666667
462169.5833333333
447430.9166666667
421878.0
418275.6666666667
429694.0833333333
422262.5
413242.4166666667
446849.6666666667
445922.6666666667
426653.0833333333
425948.5
437068.25
441694.0
425105.8333333333
443493.0833333333
415350.5
426031.4166666667
403371.6666666667
429272.4166666667
442246.0833333333
439988.25
444650.75
423838.1666666667
428108.5
416957.4166666667
422678.0833333333
465049.0
419076.5
469486.75
407491.3333333333
407537.9166666667
422906.3333333333
430315.5
464842.0833333333
428650.1666666667
448499.25
424154.8333333333
419336.5
432061.75
434375.3333333333
442242.0833333333
406255.25
425545.1666666667
418906.9166666667
410507.0833333333
428542.9166666667
437699.9166666667
390810.0
418427.3333333333
446331.4166666667
467328.5
454723.6666666667
434428.75
454073.4166666667
470080.4166666667
438889.5833333333
439219.75
430691.75
446545.9166666667
440888.6666666667
408573.5833333333
451858.0
425904.8333333333
408749.6666666667
419517.4166666667
427587.9166666667
420750.25
418390.4166666667
420100.5833333333
444647.1666666667
442297.5
430777.8333333333
426978.5
428893.6666666667
416511.6666666667
400970.8333333333
413351.25
412563.0
424544.3333333333
429442.6666666667
413046.75
441061.4166666667
441608.3333333333
424487.0833333333
444259.3333333333
446383.3333333333
422504.6666666667
426863.6666666667
434779.1666666667
444663.3333333333
438842.75
462558.5833333333
437421.8333333333
454271.5833333333
451021.25
433072.5833333333
421101.75
424131.4166666667
457896.1666666667
428090.5
422412.25
414306.0
441718.6666666667
442682.5833333333
427482.4166666667
435316.8333333333
430176.0833333333
449462.9166666667
443005.0833333333
420518.8333333333
431769.0833333333
411464.9166666667
424522.3333333333
431822.75
452481.3333333333
417137.4166666667
421419.9166666667
431327.25
401511.9166666667
426431.4166666667
439850.1666666667
442467.9166666667
422243.4166666667
416863.0833333333
421808.0833333333
415722.9166666667
426009.3333333333
