1073200.0
1008380.0
1056270.0
916920.0
985870.0
914245.0
889970.0
824470.0
866675.0
916350.0
924110.0
941100.0
793605.0
836565.0
963675.0
787120.0
894015.0
827870.0
865840.0
812825.0
906990.0
917325.0
717425.0
773650.0
874200.0
989870.0
816765.0
1043315.0
938405.0
904615.0
887585.0
906340.0
881310.0
785630.0
758830.0
822475.0
893705.0
856375.0
943775.0
871580.0
988755.0
808360.0
789850.0
891505.0
921640.0
898925.0
921520.0
840820.0
993170.0
797330.0
960125.0
739415.0
819970.0
1104270.0
862055.0
865990.0
881945.0
840465.0
1096070.0
856695.0
991070.0
940800.0
823295.0
869925.0
743775.0
927310.0
859020.0
1007940.0
788890.0
840260.0
876365.0
818200.0
860215.0
812690.0
822305.0
817105.0
763335.0
859365.0
825875.0
728645.0
821635.0
973250.0
982225.0
733970.0
904190.0
850355.0
812560.0
777000.0
834255.0
888100.0
831685.0
882320.0
910240.0
926025.0
1141055.0
879675.0
926895.0
887280.0
884335.0
869315.0
863770.0
776965.0
960855.0
733310.0
843875.0
890285.0
878155.0
777290.0
777205.0
927625.0
920930.0
886490.0
1000900.0
774440.0
665385.0
817925.0
836785.0
836030.0
965790.0
869360.0
800855.0
996945.0
815970.0
812665.0
767050.0
837295.0
1084590.0
792980.0
833065.0
811250.0
927240.0
727870.0
905420.0
933470.0
1041860.0
889935.0
1164105.0
879240.0
766115.0
862785.0
841160.0
729875.0
1121040.0
761865.0
784410.0
787225.0
820470.0
944500.0
828820.0
774440.0
748310.0
780545.0
920355.0
756315.0
938505.0
756100.0
928530.0
848615.0
826495.0
848565.0
832345.0
799990.0
751955.0
855035.0
950475.0
810280.0
1087530.0
781820.0
631740.0
779195.0
907315.0
729700.0
788200.0
732690.0
832410.0
881915.0
831450.0
852740.0
876720.0
781730.0
972570.0
867320.0
845080.0
954345.0
875165.0
890260.0
859420.0
792055.0
775085.0
762020.0
915105.0
909800.0
879785.0
1010860.0
869565.0
914455.0
1014795.0
871430.0
769765.0
910540.0
830640.0
889590.0
894235.0
769685.0
831160.0
882115.0
823860.0
802740.0
869340.0
900900.0
820235.0
905560.0
754485.0
914065.0
835705.0
864620.0
856550.0
794105.0
696480.0
884085.0
764070.0
960675.0
815145.0
863440.0
971470.0
907360.0
814495.0
793320.0
781105.0
830085.0
899100.0
1019030.0
990290.0
903635.0
909805.0
814385.0
760935.0
802610.0
761855.0
718340.0
943550.0
884380.0
742575.0
826695.0
1047270.0
844530.0
848885.0
828390.0
876570.0
859345.0
878820.0
928730.0
783425.0
984535.0
828810.0
831495.0
698730.0
895140.0
718560.0
987335.0
847380.0
888245.0
839475.0
925145.0
727565.0
868335.0
837020.0
844415.0
913765.0
908515.0
844730.0
769435.0
970290.0
828420.0
825510.0
808320.0
888750.0
806105.0
1000315.0
1110970.0
738155.0
769775.0
824340.0
770445.0
877745.0
915340.0
820930.0
828170.0
881330.0
899170.0
868080.0
882850.0
781730.0
898655.0
917805.0
905625.0
899025.0
833295.0
856070.0
839665.0
638325.0
922615.0
868855.0
972790.0
889405.0
824975.0
839490.0
898685.0
877440.0
774525.0
874425.0
919440.0
910490.0
875235.0
879855.0
730260.0
907795.0
912480.0
908345.0
792265.0
705855.0
806020.0
817450.0
761095.0
781540.0
801485.0
869005.0
651030.0
937865.0
972700.0
795325.0
971635.0
918935.0
792150.0
732320.0
871665.0
850985.0
821805.0
1000670.0
829990.0
849560.0
883075.0
860310.0
694880.0
910085.0
825955.0
989755.0
851380.0
820770.0
768030.0
698990.0
875060.0
882525.0
882640.0
968370.0
870240.0
775750.0
838105.0
932125.0
859395.0
965545.0
827025.0
861770.0
859785.0
733175.0
829265.0
945090.0
816100.0
964410.0
745725.0
815360.0
864750.0
791890.0
789140.0
850120.0
925195.0
781235.0
662560.0
813825.0
823300.0
729760.0
915675.0
882770.0
661935.0
804570.0
760680.0
872625.0
874370.0
963575.0
861180.0
868345.0
840035.0
852490.0
775670.0
930585.0
763150.0
822465.0
929705.0
774725.0
955545.0
875820.0
649290.0
1095125.0
754660.0
697880.0
977930.0
781435.0
786230.0
850765.0
862440.0
770820.0
938620.0
770335.0
799890.0
845600.0
869305.0
803070.0
861670.0
727745.0
748535.0
881145.0
781870.0
904740.0
750135.0
1030695.0
883990.0
796550.0
824110.0
937225.0
832990.0
902335.0
739725.0
879335.0
802805.0
872525.0
819920.0
873695.0
687490.0
756305.0
883325.0
820310.0
914205.0
819545.0
797115.0
754090.0
816520.0
707180.0
928325.0
797015.0
806050.0
778770.0
732860.0
932180.0
750175.0
753885.0
854010.0
946940.0
780210.0
838005.0
878575.0
826380.0
816470.0
896380.0
881255.0
892380.0
1001175.0
939745.0
974885.0
913765.0
776040.0
715555.0
829735.0
979875.0
750910.0
954430.0
896720.0
1062565.0
845930.0
798220.0
830295.0
842760.0
842315.0
843815.0
776675.0
776285.0
705390.0
826555.0
930815.0
1050640.0
754280.0
1058545.0
752370.0
807220.0
765570.0
898600.0
879445.0
878975.0
778190.0
827420.0
753575.0
767820.0
