43.6719101965414
44.21150870779579
45.717253252040585
47.061954068695066
48.24898065493866
48.980164958233246
50.37216908913431
50.718277327405005
51.5174855640086
52.5264279930067
51.52230734895212
51.478884910561376
52.07440511037073
53.46190736552422
53.95436369435912
54.917610310722814
55.301984654953124
54.84416243942533
55.95207103207191
55.33247860052524
55.49095606454573
54.99783474629768
56.3396858857848
55.05068309251109
54.93081541500674
54.92241682536278
55.05655231536546
55.927001967999715
55.1099312263429
54.64679061524718
54.30743307510644
53.738388187087736
54.36647126523038
54.79007517749117
56.05534027624581
55.710594090010765
55.37860402722302
55.85163325785209
54.23820796198678
54.84167870683006
53.72841640043941
54.45551226393193
54.787520228461105
55.264257695714036
54.7126777304601
55.093381326666574
55.29376840275576
55.240181970390076
55.50083455375882
54.863694628360705
55.537970359757466
55.91187649652521
54.74803601961295
53.29348580997152
54.73770270234919
55.427333652541385
54.630320139717725
55.03310556912741
54.15777350376038
54.618373500489916
53.62909592528028
54.171946825165946
54.78184059112076
55.02567211074388
54.467181852308755
55.649897164456476
55.62157487905485
54.99155355176002
55.57778768013985
54.7130278520074
55.01745382878114
55.7067369997159
55.60262692441238
56.11353796922962
55.36405472706732
55.209382968250004
56.49984441938954
55.55494881622122
55.964845492830705
56.437449311762954
56.17564491660712
56.386397070208766
56.69795402574762
56.19750992816388
56.10675003355284
56.10507804112263
57.082382857490806
56.03865915589497
56.32107893590244
56.35620444256048
56.52831594890863
56.099587232471315
56.989621563327574
56.67195637967036
57.44916629067657
57.547571514177704
56.551212797805064
57.0798295566791
57.03862911779247
56.147622008015155
57.104592059517245
57.46649913507868
56.75087376277746
57.58510429358925
58.45385881069118
57.179018242411615
56.92427088658753
57.185929923616435
57.34201922536181
55.79790853848057
55.63364424680986
55.46875659352825
56.29331350201121
55.98530030446338
56.48980218941141
56.41147620164493
56.59346143375932
55.60742201412871
56.49914464502081
55.866359250499734
56.82775538096437
56.32170444426239
55.69424899427023
56.951839213079126
57.20278854527426
56.874400833683026
57.03302856126334
56.699414594511275
55.725075688418976
56.63845198530193
56.41645669341179
56.13337781438189
55.41676470720582
56.37753990405469
56.26127452624431
55.62243178549053
56.306876754788696
56.87305074403738
56.238751096378174
56.79687056959817
56.10438052041195
56.543265095307234
56.6571794054655
56.49637747235273
56.225076979559525
56.057354173921645
57.18814496479613
56.00782916449385
56.17016120832287
56.3255919611272
56.90811012457102
57.64565341026667
58.014891916841904
57.47304804882228
56.94391111643987
58.36319124659849
57.9434260164849
57.29181964385513
57.645102847570435
57.01897453570619
57.66994680600422
58.897447000305554
57.91393444161761
57.58682464655526
57.928579557632794
57.70199510345204
58.530197470446346
58.929620983882884
59.352963167014245
58.532164599035774
58.953363448999504
57.94615238332161
57.4523097704406
57.395161302593664
57.310484967602754
57.46807075618942
57.51936845591838
58.45680235859108
57.433195950020135
57.08591305695962
58.008218609846246
57.414583946609845
56.871535863930816
57.32131276884968
58.25753250310961
56.868537310629094
56.39242295393875
56.9402544860326
57.437251220497856
57.72075687950473
58.01154110121873
58.45730525947685
58.138406390960036
58.60751578150872
58.24539673365379
57.460333066639265
57.25339183155341
57.635304035100305
57.07530427391056
58.20221584410523
57.24045880153979
58.10483223315983
57.58808344139736
57.88435096185238
57.63110452305679
57.73378763743161
57.11528288671466
56.84840290612792
56.554606629677764
57.376658801471635
58.170199630564056
57.78618612250162
58.78170838173547
58.05671833517205
58.938387870063174
57.93412729980793
57.69707013889991
58.05067495708632
58.260237845116535
58.231550643685864
58.34914770664407
57.541493462248106
57.77556494763828
58.61001874036783
58.905718779674494
57.57479578445471
57.888960648589325
58.05092444991262
58.35473347155838
58.27075375533899
58.72445708917165
58.130819374631706
58.223607139490895
58.51045883050049
59.084060372097504
59.29113811015587
58.86046478318364
59.266462571138405
60.70011045532526
57.988425364247625
57.722844381499286
57.897981974304074
57.907226582385164
57.70453439761888
57.29215029079588
58.65525924597133
58.07396765449928
57.27783759454713
57.50983197203153
57.25280580556453
56.508520285650086
56.19735472671673
57.435303752803584
57.059689490205514
57.6012010535194
57.67789644275372
58.00459922009723
58.284843596059424
57.52760279472941
57.02727300950466
58.21038323557696
56.57169241503436
56.312409149319485
56.33687057399285
57.47008583427921
56.775225399480284
56.823245342319666
56.732856121544536
56.53473981771143
57.668449020295064
58.04537295487282
57.257721249615685
56.407069085471335
57.659401681498345
57.86959462778825
57.60830185888588
56.932983420771556
57.678673639078674
56.71820601510271
57.19552852039643
57.10375283875351
57.37541433971962
57.10237790783277
57.01334544727936
56.73474095830274
56.38873301020102
57.18894826857601
56.82681805079889
56.77588182159067
57.39444018679675
56.85844612581108
56.65744333256337
57.289156049253165
57.32042600788314
57.63876776094376
57.45406241755576
57.78397001017292
56.6870556498719
57.60425879025329
57.62692227494464
58.80460443827975
59.17922409358538
58.006862827711224
56.4654307348142
57.225760226786456
56.77990447309306
57.34405724410674
57.53979970286294
56.95170782997029
57.692401276528315
56.91785696744553
56.3949044786975
56.27921426518674
55.8609434605228
55.76761366881617
57.245541937542946
56.477366862898165
56.4403068147233
56.20957990364787
56.41365967891541
57.592024649128824
56.37405127088498
56.54049989359098
57.240046767866865
56.94877434409872
56.80696720851382
57.05575424407742
57.17256944505899
57.45043288593599
57.629579764571304
57.47312397245165
56.98095745587316
56.74772432816291
57.853099841134515
57.80303863993923
58.35335045187866
58.26785127205101
57.867730685561284
56.95198197123558
56.92929901694365
57.70882170498524
57.850237158772885
57.88379709347067
57.47722426846141
57.299695561768125
56.85726418453647
57.80085832331921
57.675645088776065
56.5386487531463
57.12690723966569
58.2987670228833
56.811095907425035
57.618441938817725
59.16298383354162
57.89466436336591
57.9270498772102
57.21833866436002
58.732169542145336
58.66981887725253
59.60192799492715
57.33506748281184
56.747634840880444
57.273828493346386
56.69979305243667
57.59783684044317
56.928324332367154
56.27382460725429
57.77381426788817
56.61569483376511
56.546126603558314
56.09785664072142
55.0981122062392
55.31364953674119
55.79716691055812
56.77563100261146
56.57855727737558
56.824242803637404
56.91111286679462
57.5731275688594
57.26724579269449
57.457804517461234
56.086342923307576
55.86336224052304
56.90075027795584
56.33686012567002
56.62138022970506
57.104614236701664
58.16622085360902
57.40882510440964
57.309874595673385
56.86707800603493
57.62264675541374
58.059605641911716
57.34732230538028
57.5953253048648
57.644974876734956
58.498616646697
58.24650232468812
58.02618546604738
57.95029300012712
57.94911201040326
58.78660746661985
56.36922616670714
57.563598919230536
57.379226607825835
57.08003522281839
56.431779987388126
55.83135721645031
57.753664086203656
57.105993393099126
57.52276214159755
58.00178771572676
58.53647702703803
57.505201724263316
58.09478037958481
59.18565670971055
58.339326440481386
57.02310493622575
57.936545759644
57.03376417062177
56.48408702815452
57.092156051565446
56.160265155870505
56.65981582076912
56.215905958344784
56.45054668401404
57.57175343792824
56.23879514813478
55.97761007737506
57.88932494460884
57.52180246862976
56.989865166851494
57.61808181085697
58.604394206676666
57.99367552052605
56.333857998516365
58.162649483962625
58.42810325647187
58.43307383094045
58.39250794398195
58.20758559263334
57.15885508813702
59.0311666411413
57.390244634524215
57.776582583175795
58.39998439307585
58.05622918905518
58.61867872305599
58.402555820583956
58.46286299052789
58.094893362038874
58.57840983893362
57.70139827680353
57.68366064234052
57.42281805130708
57.612959917868345
57.57067947510996
58.691052118213705
57.983081387381716
58.109079810811
58.619712902850104
57.435928980145505
58.90048955782982
57.60015316063032
57.52127396252601
57.64733423597776
59.702636445861664
59.10731315361859
59.122448808576536
58.69557263530498
58.763883676764046
58.7981589975852
58.13909650934422
58.059759302120774
58.39285530483063
57.21546077796588
56.74940962580801
57.70510994597248
58.069175524801935
57.956538213421325
57.900432343874535
56.45245186540913
58.20471296493509
59.081829878752046
58.664539796257486
59.03691386397772
58.14187556611377
56.98743489351367
56.67403809137652
57.80654553319821
58.303219230254896
58.747732542485316
58.903029988098154
58.898197622350374
59.30401166910072
58.084007985848274
59.856262428904444
59.10674161553139
59.779364665914464
57.98517166844619
57.88956361449116
