262245.17142857146
219532.51428571428
221022.0
201886.22857142857
194503.48571428572
189416.98571428572
189863.91428571427
187990.48571428572
176340.77142857143
164163.6
163384.34285714285
161985.65714285715
166718.05714285714
162686.7142857143
155796.88571428572
150893.0285714286
148028.6
142474.3142857143
136817.42857142858
136207.2
134239.2
138856.08571428573
120970.57142857143
120931.68571428572
120737.88571428572
121632.74285714286
121491.8
117675.45714285714
117675.45714285714
117175.65714285715
120669.08571428571
119657.65714285715
123496.94285714286
122777.42857142857
121504.6
115497.05714285714
115189.91428571429
112363.68571428572
115565.4857142857
114322.34285714285
103030.82857142857
101008.2
100225.37142857142
100225.37142857142
100311.6
100326.25714285714
100326.34285714285
99990.6
99403.4857142857
99220.02857142857
98971.14285714286
99006.62857142858
99006.62857142858
99004.11428571428
98993.68571428572
98993.68571428572
98186.0
98186.0
98087.85714285714
98061.88571428572
98061.88571428572
98085.17142857143
97412.4857142857
97357.77142857143
97357.77142857143
97141.85714285714
97236.6
97295.57142857143
95672.14285714286
90254.85714285714
89997.17142857143
90743.2
88686.8
88225.57142857143
88449.22857142857
88309.57142857143
88136.45714285714
88136.45714285714
87030.17142857143
87030.17142857143
86465.34285714285
86463.6
86315.42857142857
86240.2
86041.05714285714
86873.0
89880.31428571428
88024.91428571429
87280.45714285714
88184.37142857142
88214.82857142857
88355.94285714286
87907.94285714286
87621.31428571428
88705.02857142857
88088.91428571429
87522.37142857142
87462.54285714286
87462.54285714286
87693.2
87693.2
87509.4
87598.88571428572
87395.6
87485.77142857143
87132.11428571428
87131.88571428572
86565.25714285714
86569.8
86569.8
86827.65714285715
86634.42857142857
87000.6
86735.91428571429
86872.6
86815.0
87182.74285714286
86596.31428571428
85902.74285714286
85906.62857142858
85320.0
85320.0
85320.0
85583.05714285714
84909.17142857143
84003.28571428571
83925.22857142857
83454.28571428571
83454.28571428571
83631.54285714286
83628.91428571429
83628.91428571429
83628.91428571429
83628.91428571429
84230.97142857143
79691.25714285714
79638.37142857142
79417.34285714285
79327.05714285714
79305.0
79283.2
79426.34285714285
79036.4857142857
79036.4857142857
79036.4857142857
79003.14285714286
79003.14285714286
79003.14285714286
79052.05714285714
79423.71428571429
79497.54285714286
79224.5142857143
79376.17142857143
79479.2
79646.17142857143
79603.31428571428
79603.31428571428
80138.94285714286
80037.22857142857
80053.11428571428
79903.35714285714
80061.11428571428
80120.02857142857
80120.02857142857
79941.17142857143
79941.17142857143
79941.17142857143
80281.28571428571
80107.54285714286
80107.54285714286
80089.68571428572
79975.05714285714
79267.14285714286
79267.14285714286
79284.11428571428
79282.45714285714
79294.62857142858
79267.14285714286
79178.6
78939.08571428571
79132.71428571429
79246.74285714286
79246.74285714286
79304.45714285714
79483.17142857143
78707.71428571429
78707.71428571429
78528.34285714285
78308.14285714286
78081.6
78081.6
78322.05714285714
78322.05714285714
78322.05714285714
78313.25714285714
77444.37142857142
77283.4
79228.2
78686.08571428571
78383.68571428572
77654.25714285714
77339.5142857143
77592.08571428571
77723.45714285714
77572.77142857143
77330.54285714286
77278.77142857143
77430.25714285714
76007.0
76007.0
75601.22857142857
76845.68571428572
76816.4
77503.77142857143
76961.75714285714
76818.57142857143
77891.12857142858
77538.21428571429
77458.55714285714
77151.9
77034.38571428572
77104.64285714286
76629.04285714286
76629.04285714286
75684.04285714286
79344.3
78223.0142857143
78223.0142857143
77906.64285714286
77791.21428571429
77727.35714285714
77761.7
77902.67142857143
77629.75714285714
77629.75714285714
77439.12857142858
77450.92857142857
77450.92857142857
77040.78571428571
77886.95714285714
77886.95714285714
77886.95714285714
77886.95714285714
77830.9857142857
78002.41428571429
77545.38571428572
77545.38571428572
77243.81428571428
77243.81428571428
77213.95714285714
77213.95714285714
77046.95714285714
77192.9
77192.9
77192.9
77192.9
77192.9
77192.9
77192.9
77192.9
77433.9
77367.21428571429
77358.72857142857
77358.72857142857
77358.72857142857
77001.04285714286
77262.95714285714
77732.72857142857
77732.72857142857
77685.21428571429
77685.21428571429
76127.28571428571
75858.45714285714
75858.45714285714
76475.2
76475.2
76434.22857142857
76434.22857142857
76434.22857142857
77263.25714285714
76293.74285714286
77360.71428571429
77360.71428571429
76255.5142857143
76255.5142857143
76255.5142857143
76135.97142857143
75776.31428571428
76038.91428571429
76080.34285714285
76080.34285714285
76169.08571428571
76027.4857142857
75988.17142857143
76057.28571428571
76762.65714285715
76762.65714285715
76253.68571428572
76367.17142857143
76367.17142857143
76339.2
76535.68571428572
76535.68571428572
76493.4
77716.17142857143
77285.5142857143
77307.42857142857
77180.68571428572
77180.68571428572
77252.97142857143
77148.4
77044.57142857143
77044.57142857143
77295.14285714286
77225.0
77684.4857142857
77556.88571428572
77241.91428571429
77241.91428571429
77094.22857142857
77810.57142857143
77740.28571428571
77740.28571428571
77602.94285714286
77638.65714285715
77412.57142857143
77412.57142857143
77827.91428571429
77074.28571428571
77134.97142857143
76985.28571428571
76891.94285714286
76931.85714285714
76931.85714285714
77520.37142857142
77435.02857142857
77380.65714285715
77230.74285714286
77352.97142857143
77352.97142857143
77352.97142857143
77847.22857142857
77847.22857142857
77620.37142857142
77622.6
77498.68571428572
77193.45714285714
77244.02857142857
77244.02857142857
77487.0
77804.17142857143
77804.17142857143
77227.11428571428
77227.11428571428
77303.62857142858
77303.62857142858
77308.77142857143
77308.77142857143
77308.77142857143
77308.77142857143
77716.6
77774.71428571429
77486.42857142857
77121.31428571428
77121.31428571428
77121.31428571428
78528.02857142857
77808.14285714286
78584.05714285714
78436.31428571428
78436.31428571428
77962.74285714286
77911.4
77821.82857142857
77651.31428571428
77450.17142857143
77411.4857142857
77402.22857142857
77678.11428571428
77376.45714285714
77659.42857142857
77597.77142857143
77587.02857142857
77579.71428571429
77672.05714285714
77654.5142857143
77171.68571428572
76973.65714285715
77749.34285714285
77700.34285714285
77689.82857142857
77372.8
77110.82857142857
77110.82857142857
77103.28571428571
76902.28571428571
76952.28571428571
76925.97142857143
76925.97142857143
76925.97142857143
