328088.0
285074.0
268984.0
236644.0
220834.0
220834.0
241742.0
241742.0
241742.0
210116.0
196232.0
238808.0
192580.0
206814.0
209672.0
209672.0
209672.0
173706.0
173706.0
150372.0
150372.0
179098.0
179098.0
179098.0
179098.0
179098.0
136420.0
136420.0
136420.0
136420.0
136420.0
136420.0
169770.0
169770.0
158516.0
158122.0
158122.0
132882.0
131642.0
159090.0
127076.0
106844.0
101872.0
101872.0
106244.0
106244.0
106244.0
106244.0
100346.0
100346.0
99896.0
100518.0
100518.0
100518.0
100518.0
100518.0
100518.0
100518.0
100518.0
100518.0
100518.0
100518.0
99298.0
98636.0
98636.0
98092.0
98092.0
98798.0
98798.0
98798.0
98092.0
100786.0
100786.0
100786.0
96978.0
96978.0
96978.0
96978.0
96978.0
96978.0
96978.0
96978.0
96978.0
96978.0
96978.0
102726.0
104210.0
103896.0
102726.0
109130.0
109130.0
109130.0
102726.0
102726.0
106594.0
104764.0
102726.0
102726.0
102726.0
102726.0
102726.0
102726.0
102726.0
102726.0
102726.0
102726.0
102726.0
102726.0
102726.0
102726.0
102726.0
102726.0
104728.0
102726.0
102726.0
102726.0
108102.0
108102.0
108102.0
108102.0
108102.0
108102.0
108102.0
108102.0
108102.0
108102.0
108102.0
108102.0
108102.0
108102.0
108102.0
108102.0
108102.0
108102.0
108102.0
87324.0
91746.0
89668.0
84992.0
83556.0
82030.0
81790.0
81790.0
81790.0
81790.0
81790.0
81790.0
81790.0
82646.0
84684.0
84596.0
82782.0
82782.0
83556.0
84712.0
84712.0
84712.0
94078.0
86958.0
84712.0
84712.0
84712.0
86774.0
86774.0
86774.0
86774.0
86774.0
86774.0
86774.0
86774.0
86774.0
86774.0
81856.0
81856.0
82060.0
82060.0
82202.0
81856.0
81856.0
81856.0
81856.0
82884.0
82884.0
83440.0
84168.0
84168.0
84168.0
86790.0
86790.0
84168.0
84168.0
84168.0
84168.0
84168.0
84168.0
84168.0
84168.0
92820.0
92000.0
92000.0
89070.0
89070.0
89070.0
84168.0
84168.0
84168.0
84168.0
84168.0
84168.0
84168.0
84168.0
92540.0
90490.0
87646.0
87646.0
87646.0
86758.0
81916.0
81916.0
81916.0
81916.0
81916.0
81916.0
81916.0
81916.0
98432.0
86346.0
86346.0
88840.0
81916.0
81916.0
81916.0
92770.0
92770.0
92770.0
81916.0
81916.0
81916.0
81916.0
95126.0
95126.0
95126.0
95126.0
95126.0
95126.0
87128.0
87128.0
81916.0
81916.0
81916.0
81916.0
81916.0
81916.0
81916.0
81916.0
81916.0
81916.0
81916.0
81916.0
81916.0
82814.0
81856.0
81856.0
81856.0
81856.0
81856.0
81856.0
83434.0
83434.0
83920.0
83920.0
83920.0
83920.0
83920.0
83920.0
83920.0
83920.0
83920.0
83920.0
84994.0
84824.0
84824.0
84824.0
83920.0
83920.0
83920.0
83920.0
83920.0
83920.0
83920.0
83920.0
83920.0
83920.0
83920.0
83920.0
87216.0
87216.0
83920.0
86386.0
86386.0
84428.0
83920.0
83920.0
83920.0
100524.0
87412.0
87412.0
83920.0
83920.0
83920.0
83920.0
83920.0
83920.0
83920.0
83920.0
96372.0
93204.0
83920.0
83920.0
83920.0
83920.0
83920.0
83920.0
83920.0
83920.0
83920.0
83920.0
90012.0
84160.0
84160.0
84160.0
83920.0
83920.0
83920.0
95064.0
91062.0
87288.0
83920.0
83920.0
83920.0
83920.0
86724.0
86724.0
83920.0
89448.0
85244.0
83920.0
83920.0
83920.0
89024.0
87982.0
87982.0
83920.0
83920.0
83920.0
83920.0
83920.0
83920.0
83920.0
83920.0
83920.0
85394.0
83920.0
83920.0
83920.0
83920.0
96052.0
88234.0
99172.0
88830.0
88830.0
85836.0
83920.0
83920.0
83920.0
83920.0
83920.0
83920.0
85074.0
83920.0
88038.0
85880.0
85880.0
85624.0
85624.0
85010.0
85010.0
83920.0
101326.0
98726.0
98358.0
87262.0
83920.0
83920.0
83920.0
83920.0
83920.0
83920.0
83920.0
83920.0
