269970.575
239150.9
197132.525
186541.475
175084.85
166434.275
176890.3
164765.375
156755.675
167997.3
161869.35
164824.05
156873.45
161991.5
152588.475
157203.4
151059.5
177912.35
138920.5
152720.2
149632.0
137923.4
152592.975
158956.2
180748.3
174714.4
185849.125
174228.375
166744.375
156103.6
167906.25
159494.05
151467.45
168427.05
162734.175
159922.3
137352.85
152485.4
152617.075
148351.1
141733.275
121628.625
134859.9
140444.85
128119.85
132066.65
127962.275
114045.5
113157.15
118091.2
121396.1
122763.9
112740.125
117506.6
117771.1
115489.65
114196.4
107568.35
112013.1
110748.0
114458.75
111118.525
119509.75
114013.45
114698.975
121101.9
98390.475
125198.85
119058.0
111469.25
102871.925
116563.4
111546.5
114765.8
101030.4
105301.5
105023.4
125057.125
126581.45
115092.75
113423.7
105748.5
115192.95
124271.9
106133.95
110890.425
110362.675
104598.25
114725.4
104983.0
116866.825
125411.65
124014.4
119719.1
113539.125
109107.75
120742.125
116508.275
124762.5
109459.5
115382.7
125635.5
127006.075
113865.5
119729.0
112531.1
113694.825
118377.4
116557.875
123913.275
123068.4
117578.975
119350.875
129949.95
113527.8
131653.85
125646.375
125982.6
127753.775
133060.45
135310.225
138919.25
136364.5
113726.775
112179.925
120590.025
119814.65
119725.25
125199.6
136905.3
113878.025
116760.3
122499.8
109767.1
126826.95
136624.15
126608.65
124608.85
113053.9
132657.95
126583.7
120599.075
120568.1
117039.6
110465.7
111305.9
109304.375
95256.35
130063.075
119153.225
105048.4
130238.15
101250.5
108281.875
111982.625
120892.4
108098.6
121876.5
114758.85
98590.375
100633.7
93844.0
107012.25
108957.55
116847.6
111932.95
120837.05
120203.75
110663.075
119105.4
101391.775
116127.0
102502.225
109903.95
112065.45
119047.1
102516.8
98840.75
111611.05
96092.75
110275.25
110561.625
101421.875
102825.1
114943.7
107221.0
96728.2
87778.65
110597.8
114701.95
102689.275
102773.2
123757.225
104840.85
114362.05
90735.0
99938.65
102872.25
102746.375
106675.075
108729.9
107116.25
104654.15
98950.6
96764.3
90724.6
93371.95
102135.85
92072.725
114701.05
98068.45
96227.0
106267.2
98930.175
100924.4
101665.15
104651.4
95165.65
100601.65
89240.05
101749.975
100959.85
103907.15
93490.1
93669.55
104163.5
101664.5
97831.0
93762.75
98090.15
95977.225
88271.7
87951.1
98708.5
94042.35
93369.375
95510.7
96663.5
85525.1
86517.3
93374.8
85481.625
91321.1
80147.45
85196.8
82723.625
83923.15
87466.875
87278.15
79743.075
80505.55
87608.05
90383.0
81441.3
94308.4
87148.025
81344.35
82432.9
82563.1
85289.45
89950.95
84963.925
89764.1
82023.95
85844.175
76805.5
82858.025
74540.0
83639.775
75454.55
81080.425
82542.2
85599.5
82820.25
85521.95
88106.65
76878.325
80247.1
83539.25
85638.45
74183.55
82578.85
88617.35
79911.35
82556.05
85449.55
94241.35
85707.95
83508.25
79616.525
84798.45
82613.35
77956.8
84018.475
90408.3
81557.6
79093.825
83462.55
81508.75
82652.05
76983.95
73715.05
81853.25
75587.15
68454.3
75874.45
75236.25
77337.55
80761.2
81631.6
73919.925
75360.15
79063.4
76808.3
70169.0
78699.75
81013.25
77206.3
80675.9
80442.3
74004.775
77854.725
80011.3
74472.45
83256.225
78826.65
80826.05
83242.35
79877.15
78349.875
81994.55
82869.2
91148.325
79801.0
80306.45
82962.5
74288.625
84048.7
75440.4
72679.15
80004.25
77593.175
72905.325
86605.1
82554.05
82793.1
76917.75
83351.4
85495.8
79770.475
76496.5
85591.225
76022.15
88684.325
72822.0
87192.35
95973.5
90561.725
89811.075
90443.35
92797.65
88132.575
79832.95
87352.675
85476.2
83162.45
96039.4
79515.9
86279.25
76314.05
98328.45
86344.75
74606.2
78950.875
82154.5
90215.4
81466.45
84452.95
81478.4
84300.15
86672.175
82563.075
82727.0
96573.675
84324.9
86907.65
76960.35
90162.2
85362.9
93863.275
86372.4
86044.925
80682.25
84572.575
91483.45
87310.15
86567.95
88386.35
92591.3
106649.7
98922.1
