443110.0
463716.0
404570.0
310626.0
262320.0
248422.0
375412.0
374818.0
283500.0
418952.0
367538.0
452802.0
256000.0
256996.0
340224.0
291526.0
288830.0
326594.0
271658.0
371374.0
332930.0
316322.0
308512.0
285800.0
330438.0
321218.0
442153.0
330092.0
339940.0
252116.0
276598.0
310494.0
253532.0
413208.0
303300.0
260604.0
246878.0
278482.0
283606.0
290084.0
317268.0
280696.0
286244.0
326944.0
262796.0
288582.0
293096.0
250234.0
203652.0
256380.0
200810.0
311066.0
205670.0
248788.0
213448.0
241392.0
225374.0
204196.0
274024.0
284932.0
306188.0
235910.0
221142.0
299196.0
223588.0
268586.0
172444.0
315128.0
253530.0
225118.0
185770.0
231912.0
283818.0
247316.0
247344.0
203510.0
211486.0
258372.0
292592.0
244874.0
253830.0
181182.0
212056.0
294760.0
195170.0
245548.0
194570.0
197694.0
259274.0
221390.0
290182.0
355852.0
243790.0
254760.0
343028.0
302102.0
243888.0
296224.0
251614.0
240230.0
335774.0
311668.0
404200.0
265242.0
327886.0
282750.0
238268.0
245572.0
218836.0
271400.0
266820.0
337856.0
255622.0
297634.0
226408.0
296682.0
358966.0
268224.0
227176.0
324438.0
293064.0
295250.0
296668.0
210342.0
228220.0
271306.0
215706.0
239244.0
240352.0
359876.0
348346.0
205910.0
263282.0
290498.0
307222.0
348902.0
277254.0
311972.0
300748.0
340820.0
283434.0
232480.0
225080.0
298872.0
258816.0
283556.0
256912.0
201048.0
289122.0
285418.0
188430.0
326952.0
217372.0
243344.0
252482.0
261804.0
231068.0
262178.0
323712.0
191476.0
217150.0
194989.0
309876.0
286156.0
239998.0
198328.0
258052.0
273280.0
219982.0
309618.0
254286.0
311516.0
231074.0
323954.0
302560.0
295230.0
277122.0
178572.0
247818.0
230594.0
244494.0
293346.0
296924.0
192898.0
281436.0
255626.0
183818.0
184772.0
275950.0
332532.0
232116.0
220820.0
487498.0
304456.0
260102.0
156792.0
289760.0
294746.0
223256.0
307251.0
227938.0
285560.0
226156.0
223896.0
255808.0
145038.0
181172.0
234614.0
263190.0
326220.0
247472.0
217842.0
240012.0
274326.0
247348.0
220074.0
241736.0
242562.0
251902.0
168220.0
356726.0
218210.0
280198.0
248120.0
263572.0
448784.0
188120.0
213354.0
213122.0
281610.0
231018.0
233590.0
189930.0
215540.0
220482.0
313960.0
380852.0
225954.0
207880.0
197274.0
278268.0
198992.0
232790.0
192992.0
183012.0
149060.0
272466.0
250926.0
204594.0
147120.0
228122.0
326746.0
233796.0
172106.0
203974.0
192406.0
209554.0
154220.0
222646.0
255794.0
289612.0
267040.0
255326.0
287250.0
324302.0
142720.0
175956.0
142720.0
180270.0
240808.0
179704.0
264498.0
256096.0
194638.0
272516.0
251718.0
151430.0
268720.0
164662.0
223000.0
158866.0
260526.0
272288.0
158298.0
183282.0
244964.0
321964.0
225652.0
177064.0
196018.0
287708.0
222408.0
155984.0
203284.0
237780.0
192328.0
213613.0
199646.0
208936.0
235252.0
196054.0
169496.0
176516.0
168376.0
140344.0
160338.0
176436.0
164312.0
311118.0
193008.0
146892.0
223540.0
210830.0
291380.0
140344.0
200968.0
266194.0
172546.0
160562.0
177250.0
140344.0
196094.0
183234.0
140344.0
176364.0
206408.0
238538.0
232602.0
189112.0
182845.0
294394.0
222918.0
284797.0
284616.0
197390.0
193020.0
231911.0
227356.0
164024.0
193726.0
257510.0
169192.0
150791.0
251250.0
258044.0
189512.0
187660.0
210338.0
186270.0
228756.0
206228.0
202834.0
189608.0
242564.0
140344.0
266838.0
225154.0
262994.0
232332.0
229556.0
290990.0
233275.0
178834.0
270092.0
212954.0
244932.0
279102.0
163176.0
236904.0
172324.0
273372.0
241460.0
147866.0
182346.0
220938.0
297770.0
248422.0
223854.0
285334.0
261450.0
304020.0
294066.0
280840.0
234562.0
239242.0
242028.0
170572.0
374954.0
223034.0
369920.0
218800.0
243504.0
221504.0
176126.0
325160.0
253030.0
209090.0
215070.0
279476.0
346666.0
276744.0
