443110.0
463716.0
463716.0
404570.0
310626.0
262320.0
375412.0
375412.0
374818.0
418952.0
418952.0
452802.0
452802.0
256996.0
340224.0
340224.0
291526.0
326594.0
326594.0
371374.0
371374.0
332930.0
316322.0
308512.0
330438.0
330438.0
442153.0
442153.0
339940.0
339940.0
311046.0
334774.0
310494.0
413208.0
413208.0
303300.0
260604.0
278482.0
283606.0
294438.0
317268.0
317268.0
286244.0
326944.0
326944.0
288582.0
367548.0
293096.0
250234.0
256380.0
256380.0
311066.0
311066.0
248788.0
276408.0
241392.0
298828.0
225374.0
274024.0
284932.0
306188.0
306188.0
250738.0
299196.0
299196.0
361324.0
268586.0
315128.0
315128.0
282098.0
225118.0
231912.0
283818.0
283818.0
247344.0
247344.0
249998.0
286092.0
292592.0
292592.0
253830.0
253830.0
213074.0
294760.0
294760.0
247129.0
320622.0
227686.0
259274.0
272152.0
313864.0
355852.0
355852.0
254760.0
343028.0
343028.0
302102.0
296224.0
296224.0
251614.0
335774.0
335774.0
404200.0
404200.0
327886.0
327886.0
282750.0
245572.0
282190.0
271400.0
271400.0
337856.0
337856.0
297634.0
297634.0
296682.0
358966.0
358966.0
268224.0
324438.0
324438.0
295250.0
352938.0
296668.0
228220.0
271306.0
309062.0
274738.0
240352.0
359876.0
359876.0
348346.0
263282.0
290498.0
307222.0
348902.0
348902.0
311972.0
311972.0
340820.0
340820.0
283434.0
232480.0
298872.0
298872.0
283556.0
283556.0
256912.0
297948.0
289122.0
285418.0
326952.0
326952.0
300342.0
252482.0
261804.0
298534.0
262178.0
323712.0
323712.0
230890.0
217150.0
418490.0
338086.0
291612.0
251536.0
258052.0
298755.0
311490.0
309618.0
309618.0
311516.0
311516.0
323954.0
323954.0
302560.0
295230.0
277122.0
247818.0
247818.0
244494.0
293346.0
334134.0
296924.0
281436.0
281436.0
255626.0
261565.0
275950.0
332532.0
332532.0
232116.0
487498.0
487498.0
358032.0
260102.0
289760.0
318326.0
321894.0
307251.0
307251.0
285560.0
285560.0
226156.0
278624.0
255808.0
257342.0
279922.0
263190.0
326220.0
326220.0
304700.0
240012.0
274326.0
274326.0
247348.0
243982.0
242562.0
251902.0
251902.0
356726.0
462992.0
280198.0
280198.0
310354.0
448784.0
448784.0
236242.0
245386.0
360210.0
281610.0
260736.0
233590.0
244416.0
220482.0
331250.0
380852.0
380852.0
246352.0
324896.0
278268.0
278268.0
277376.0
323148.0
207210.0
319806.0
272466.0
272466.0
250926.0
232966.0
228122.0
326746.0
326746.0
233796.0
220398.0
327564.0
209554.0
214685.0
304722.0
258500.0
371900.0
289612.0
274324.0
287250.0
324302.0
324302.0
275962.0
217236.0
338698.0
300360.0
260102.0
264498.0
308542.0
256096.0
272516.0
284464.0
274074.0
316088.0
273416.0
244132.0
228520.0
267696.0
289186.0
272288.0
332476.0
244964.0
321964.0
321964.0
225652.0
220258.0
287708.0
287708.0
280110.0
266718.0
283546.0
237780.0
288544.0
270646.0
289324.0
333746.0
288206.0
196054.0
277312.0
199996.0
250481.0
184798.0
307144.0
215572.0
311118.0
311118.0
234886.0
223540.0
266894.0
291380.0
291380.0
236170.0
266194.0
266194.0
226886.0
265799.0
240181.0
196094.0
315928.0
213980.0
236754.0
216348.0
238538.0
238538.0
232602.0
210174.0
294394.0
294394.0
284797.0
290902.0
284616.0
197390.0
231911.0
231911.0
233966.0
271348.0
257510.0
257510.0
169192.0
276806.0
258044.0
291658.0
189512.0
230848.0
229790.0
287288.0
228756.0
245158.0
217422.0
242564.0
250194.0
266838.0
266838.0
262994.0
262994.0
269936.0
290990.0
290990.0
273698.0
270092.0
270092.0
244932.0
279102.0
279102.0
238890.0
314296.0
281518.0
324032.0
241460.0
245160.0
234810.0
400434.0
297770.0
248422.0
285334.0
285334.0
304020.0
339640.0
294066.0
280840.0
239242.0
253216.0
242028.0
374954.0
374954.0
369920.0
369920.0
327102.0
257636.0
221504.0
325160.0
325160.0
253030.0
309744.0
279476.0
484470.0
346666.0
