54.62062630594109
55.96326411784737
57.90990595372665
57.605393420982786
57.71702450085674
59.16024644025191
60.375222438758726
59.71064171617682
59.89055527240019
60.72706143094352
63.99332320139742
64.74032239882413
63.84295484331072
64.19036631724133
65.18483152666504
63.515166391044076
62.72313417400953
63.61373658014357
63.5814498322256
63.523254665832305
63.777811259680355
63.298709453129085
62.74958695436193
61.88593311964989
64.26249600803818
64.44550864095486
65.41523366342969
65.07634555087401
64.64694620808328
63.37658303102113
63.68862939291464
63.46349113830566
63.545730396668844
63.54627517298384
63.31382424402835
64.2099097927793
64.55691233413611
64.33168897754845
64.82933346004876
64.57225362414333
63.46372389025171
62.90068942695376
63.766292460668105
64.64297166922148
64.47374009002074
64.37207610037748
63.80384433938875
62.028618410522974
61.598602434254495
63.22279099590243
63.069472613143276
63.06054477723482
62.93598213027731
64.24742820506063
63.815939023997274
62.70274801862405
63.29341530432689
63.48550131133551
60.93157838393277
62.786227121799186
63.332607125042856
63.39755753621929
63.3838239736303
64.41885645284472
64.25215233503333
63.44440068434775
64.06018628591704
63.772437620186494
64.28415780464135
63.14536244033569
63.41554344925331
63.74104644853761
63.21459207797466
63.4566225573349
63.029718959852936
62.64998363054035
62.494229951051736
64.83972916312614
65.31960989434671
65.45368180662629
64.11133237033461
65.13273016098934
64.33203117526293
64.8817198988613
65.13312707420968
63.26489073214162
63.82830211447016
64.39337163139977
64.62701982638033
63.304806619250726
62.45030030462904
63.705133670749134
63.97247521423215
63.68319649164457
64.06258550430366
63.45586668943649
64.17388989926788
64.68989432015928
64.52496566105094
64.75724145932814
64.57311469964174
64.60945483696835
64.40976550927708
63.91774543375185
64.03143925394747
64.11977605873795
63.71030594865393
65.42364120562169
63.991839096088086
63.76254120941992
64.4973087145349
64.08907177047215
63.42062707833048
62.81256829160524
63.69521957137696
64.55965278821067
64.69492807313206
64.48379455103327
65.28420912172467
65.65483852730861
65.3380217320671
65.50974189664544
64.96241305101873
64.78524564237459
64.32886557094241
63.87091642956089
64.53086205517299
65.49102667221491
64.95910022156704
65.56537030528838
64.19432588718067
64.85248590776577
66.22000895705713
65.61918243204704
66.08771151801169
65.7494036517739
66.01290723862894
66.73489974925313
65.76889449174776
64.6906429929721
66.18513077884126
65.8270812627034
66.12242651926715
65.4936420028947
65.84070392973845
64.09029044713623
64.13848420129894
64.11664752611532
65.30544795636357
65.50102997713944
64.16420181008047
63.65311505424065
63.38886914313181
64.57896287469221
66.24671741047824
65.0901315150895
65.5740177057608
65.14761284886862
65.37455629129401
65.37100877932336
64.70629567473858
64.4302026033336
64.25607555384518
63.945415180413285
66.11173324780538
65.78788509130695
65.96217416379355
65.54044700322581
65.6568623082731
64.83489807591376
65.0325846831806
65.98814054336677
65.57751451385616
65.91806121768077
65.50303915656563
65.14473850784772
64.19844962705659
66.07785620389022
65.3908806509776
64.86524329720422
64.42466466340441
64.93622978549526
65.00063009641813
65.0630314924033
66.65646730324005
66.29634212721311
65.75967611139593
64.68655396188001
65.60736214217465
66.20249986922825
65.35359753022077
64.83440488367181
64.91336103394514
65.58704962888692
65.77528410417327
64.32873501476658
64.44782755121557
65.99835353840282
65.68266150250324
65.28499860452801
67.1141827433907
66.72099735984686
66.06611675948446
65.84008069537973
65.74729315502177
65.54778590206055
66.37726742128308
65.31892220326762
65.23761930720397
66.3714777135468
65.21520682617725
65.82998892379737
65.15738555598219
64.51246890277223
63.532693286545985
64.40611200686872
66.07516207854452
66.25504063936107
67.77346588562004
66.26297296515911
65.1432291704911
65.73561138183467
66.30066640193982
65.70750609940626
66.03462181924564
65.6274443548925
66.9454170706907
66.4120631417426
65.41967883108393
65.90119808834555
66.52815172632346
65.2990085795598
64.72422899699468
66.0235564451792
65.91207058801633
66.5242951121503
66.18844536480199
67.01702650575024
66.35317395268547
65.81582537888593
65.57802258613427
65.63172052216011
66.71404776162363
65.48000306540102
65.51593430461847
64.57556996883542
65.83978901566753
65.28873866877196
65.33551792560391
64.69755401517116
64.91527149843974
66.32074278989647
67.34192874729855
64.49194177178339
65.23858331686374
65.61214095046316
65.42491234381671
66.30152674136693
65.84472394206587
65.55111574551216
64.87021410441508
65.02868195368998
65.26945135323902
65.76923786519387
65.89376230578151
64.84279309893677
66.18892335806683
65.0097132902595
66.0408629527054
65.24371002647152
65.86874318074284
65.98403033811795
66.30801722875535
66.10871758674367
64.9579496570325
66.36158937338439
65.65013083915093
65.8522405704319
67.01551169807745
65.73820100467125
64.66146310514591
65.06314923042933
65.90812544537405
65.63473426072173
66.613421981448
66.11957043662188
66.3259705169592
65.4521649146981
66.87479837218521
66.24613288724636
64.71744144268499
66.33090995771684
65.87915417064383
67.00149516884444
66.84488246887231
66.04825689445501
65.81795795759328
66.58142565290844
65.84370596323507
65.12738274963674
65.1266920472996
65.1452535438601
65.63512319000455
66.5641621856075
64.90656037344046
64.39564382876026
64.85766006112138
65.241108985738
65.01987861384222
66.38314421559177
64.93702414005764
64.77054738549307
65.29521296395772
65.79094959586998
66.4037003749588
65.9084465976505
65.33633676688376
65.57034796000254
65.0724382628022
65.21597732749254
65.3928730447897
64.48555742719718
65.82473885177502
64.84394760704416
65.90568010856508
65.82520223480834
66.25118954642842
65.34960591513462
64.81730478566757
64.9847538891352
66.47224120489673
63.98598500364583
65.39891385513403
64.48556148677085
64.27045914577663
64.58590704581516
64.09403703966343
65.63270705211713
64.52099932648073
65.03503266786213
64.9219531551408
64.66552557582851
63.436031426507256
64.14444990710746
65.67299853329747
65.15426892340022
64.66103135706236
65.9885597821852
66.80055862989421
65.42325718551393
65.61466149263548
65.4993340788757
65.28335037028941
64.25985845219843
64.88308770878625
65.51598305560086
65.00639111099936
65.98642633361712
64.33252559942073
64.5071983956639
66.00963189110615
67.48650658599801
64.60946769032088
65.80507197939019
66.56617086353525
65.48492218571131
65.57772309917105
65.32153916945748
66.28863487462121
64.16268703902804
65.57248392569886
66.20157580150021
66.00048409454746
64.50016389445072
65.61636171037401
66.0130484211451
64.95345556731858
66.26220519371056
65.57181103007234
63.83570867011184
64.88098704158372
64.05276711397168
64.82605870462291
62.47768763595302
63.50917921568606
64.5429684100861
66.0747350147489
65.7867733434596
64.8565339043112
66.07532577673507
65.80187879200024
65.16998245010761
65.61749925006872
66.30642900247165
65.43976341115192
65.42679167789254
65.78420135808004
68.041838921113
66.60614827909724
65.97327516981089
66.39340385012949
