2179945.0
1963050.0
1963050.0
1963050.0
1519520.0
1519520.0
1519520.0
1302620.0
1302620.0
1302620.0
1302620.0
1302620.0
1302620.0
919535.0
919535.0
919535.0
919535.0
919535.0
919535.0
919535.0
919535.0
918735.0
918735.0
907295.0
907295.0
907295.0
907295.0
907295.0
907295.0
907295.0
907295.0
907295.0
907295.0
835480.0
835480.0
835480.0
835480.0
835480.0
835480.0
680805.0
680805.0
680805.0
680805.0
675615.0
675615.0
675615.0
670850.0
655310.0
655310.0
655310.0
655310.0
620960.0
619685.0
619685.0
619685.0
619685.0
619685.0
619685.0
619685.0
619685.0
619685.0
617805.0
617805.0
614390.0
614390.0
614390.0
614390.0
614390.0
596685.0
596685.0
596685.0
596685.0
596685.0
596685.0
596685.0
570470.0
570470.0
570470.0
570470.0
567130.0
512965.0
512965.0
506105.0
506105.0
493075.0
493075.0
466205.0
466205.0
430735.0
430735.0
430735.0
423915.0
420000.0
420000.0
412045.0
412045.0
412045.0
412045.0
412045.0
412045.0
412045.0
412045.0
412045.0
355330.0
355330.0
351195.0
351195.0
351195.0
351195.0
351195.0
351195.0
351195.0
350125.0
350125.0
350125.0
348435.0
345065.0
345065.0
345065.0
345065.0
345065.0
345065.0
345065.0
334525.0
328240.0
328240.0
328240.0
328240.0
328240.0
322640.0
322640.0
322640.0
322640.0
322640.0
322640.0
322640.0
322640.0
322640.0
322640.0
322640.0
320580.0
320580.0
320580.0
319460.0
319460.0
319460.0
319460.0
319460.0
319460.0
319460.0
319460.0
319460.0
319460.0
319460.0
314260.0
314260.0
314260.0
314260.0
314260.0
314260.0
314260.0
314260.0
314260.0
314260.0
314260.0
314260.0
314260.0
314260.0
314260.0
314260.0
314200.0
314200.0
314200.0
314200.0
314200.0
314200.0
314200.0
314200.0
314200.0
314200.0
314200.0
314200.0
314200.0
314200.0
314200.0
314200.0
314200.0
314200.0
314200.0
262680.0
262680.0
262680.0
262680.0
262680.0
254325.0
254325.0
254325.0
254325.0
254240.0
254240.0
254240.0
252525.0
252525.0
252525.0
247965.0
247965.0
247965.0
247965.0
247965.0
247965.0
247965.0
247965.0
247965.0
247965.0
247965.0
247965.0
247965.0
247965.0
247965.0
247965.0
247965.0
247965.0
247965.0
247965.0
247965.0
247965.0
247965.0
247965.0
247965.0
247965.0
247965.0
247965.0
247965.0
247965.0
247965.0
247965.0
247965.0
208470.0
208470.0
184485.0
184485.0
184485.0
184485.0
184485.0
184485.0
184485.0
184485.0
183365.0
183365.0
183365.0
183365.0
183365.0
183365.0
183365.0
181060.0
181060.0
181060.0
181060.0
181060.0
181060.0
181060.0
181060.0
181060.0
181060.0
181060.0
181060.0
181060.0
181060.0
181060.0
181060.0
181060.0
181060.0
180555.0
180555.0
180555.0
180555.0
178935.0
178935.0
178935.0
178935.0
178935.0
178935.0
178935.0
178935.0
178935.0
178935.0
178935.0
178935.0
178935.0
178935.0
178935.0
178935.0
178935.0
178935.0
178935.0
178935.0
178935.0
178935.0
178935.0
178935.0
178935.0
178935.0
178935.0
178935.0
178935.0
178935.0
178935.0
178935.0
178935.0
178935.0
178935.0
178935.0
178935.0
178935.0
178935.0
178935.0
178935.0
178935.0
178935.0
178935.0
178935.0
178935.0
178935.0
178935.0
178935.0
178935.0
178935.0
178935.0
178935.0
178935.0
178935.0
178935.0
178935.0
178935.0
175720.0
175720.0
175720.0
175720.0
175720.0
175720.0
175720.0
175720.0
175720.0
175720.0
175720.0
175720.0
175720.0
175720.0
175720.0
175720.0
175720.0
175720.0
175720.0
175720.0
175720.0
175720.0
175720.0
175720.0
175720.0
175720.0
175720.0
175720.0
175720.0
175720.0
175720.0
175720.0
175720.0
175720.0
174680.0
174680.0
174680.0
174680.0
174680.0
174680.0
174680.0
174680.0
174680.0
174680.0
174680.0
173780.0
173780.0
173780.0
173780.0
173780.0
173780.0
173780.0
173780.0
173780.0
173780.0
173780.0
173780.0
173780.0
173780.0
173780.0
173780.0
173780.0
173780.0
173780.0
172980.0
172980.0
172980.0
172980.0
172980.0
172980.0
172980.0
172980.0
172980.0
172980.0
172980.0
172980.0
172980.0
172980.0
172980.0
172980.0
172980.0
172980.0
172980.0
172980.0
172980.0
172980.0
172980.0
172980.0
172980.0
172980.0
172980.0
172980.0
172980.0
172980.0
172980.0
172980.0
172980.0
172980.0
172980.0
172980.0
172980.0
172980.0
172980.0
172980.0
172980.0
172980.0
172980.0
172980.0
172980.0
172980.0
172980.0
172980.0
172980.0
172980.0
172980.0
172980.0
172980.0
172980.0
172980.0
172980.0
172980.0
172980.0
172980.0
172980.0
172980.0
172980.0
172980.0
172980.0
172980.0
172980.0
172980.0
172980.0
172980.0
172980.0
172980.0
172980.0
172980.0
172980.0
172980.0
172980.0
172980.0
172980.0
172980.0
172980.0
172980.0
172980.0
172980.0
172580.0
172580.0
172580.0
172580.0
172580.0
172580.0
172580.0
172580.0
172580.0
172580.0
172580.0
172580.0
171520.0
171520.0
171520.0
171520.0
171520.0
171520.0
171520.0
