50.2870507868375
50.81462462328396
52.07350901560486
52.744359145592945
53.031289412238564
53.327592439312795
54.449167346241055
55.07876669616239
55.58213094648621
56.27549003265394
56.822924616343904
57.422037235130006
57.80535345923486
57.895987078504845
58.023743808440805
58.30152639475356
58.44888661329562
58.03944820270461
58.52391060616018
58.56835316797526
58.4109836197625
59.26779905728201
59.16427127918804
59.746413319474094
59.61741372291723
59.80581692344869
59.993227016734295
59.930772418217614
59.56312063609893
59.77536107219284
59.796028039186766
59.75346789071334
59.9244996174696
60.0539147449615
60.50029247205754
61.08749369095038
61.13571746098059
61.065462795676844
60.645452801764726
60.179022793761625
60.59514974675109
60.96699999795843
60.80893126042446
62.01324447014218
62.20517342040059
61.863942583183736
61.89814909426673
62.659351022579315
62.77742503828388
62.60294831469565
62.30609430512677
62.96081001229339
63.46450958051197
63.42606947152998
64.13191127332188
64.43346770080434
64.09329698868508
63.96306107153073
63.802022421060826
63.47431541798413
64.04855850951267
63.403735631732594
63.33053338285259
63.84033965915226
64.04476957737188
64.83106307046347
65.02117723228545
64.7525658608807
65.18307804529756
65.56848094936251
65.6608419473653
65.86288151727176
65.94455910543232
65.98681812986156
66.06163303222881
65.89385980838904
65.51714030045916
65.63759094968785
65.72049550774238
65.96755246898007
66.34960206244999
66.57479271338835
66.58388496824725
66.53762940012098
66.7503406227112
66.58878777744255
66.5231813131291
66.6053284818731
66.49666276964668
66.24583858416247
66.36803659540747
66.79550506161038
67.25929754324542
67.21165736479165
67.87569267379578
68.1240372291123
68.24595911844185
68.39369856587983
68.25677560538625
68.56838864427948
68.18020156273715
68.29525316566284
68.66160967706203
69.14126027511512
68.96279208859896
69.10575922716977
69.22521934341252
69.2326871556244
69.1612506357094
69.21779097726844
69.3633709405566
69.1231765385141
69.5326477021446
69.49386903621613
69.54609189861264
69.3794461753756
69.3158868214786
69.36906778053712
69.41775583650343
69.45713908188667
69.70260148487378
69.5200136515825
69.19044250748317
68.81892551787033
68.77754353541005
68.79643588509211
68.80725711944484
68.88787463734866
68.80626168968318
68.85947602377746
68.80484678285839
68.92878976134804
68.80810227127827
68.75225008159279
68.65290917513408
68.81804908671702
68.88320243454203
68.98075244972256
68.753268764524
68.49881612726489
68.46657492897022
68.30824341364585
68.34685206679964
68.28024063654394
68.52514012820474
68.55716614768512
68.5401376612671
68.4614360827748
68.35233057478908
68.39344817277697
68.43882244515306
68.38921395516898
68.43885344028497
68.58160529326946
68.48416309877084
68.63999011958514
68.77637681100707
68.79956734332981
68.761132654519
68.97312275061003
68.85342030814664
69.104652331245
69.26716915028449
69.26792088738644
69.29438603682154
69.25279257579041
69.3225602268715
69.38309223576535
69.43298439208893
69.64981382982428
69.79888565429953
69.84096021112427
69.83202813656331
69.88315771440895
70.03348216325597
69.95628793954849
69.87101611628682
69.91878510726352
70.0776182559658
70.1226966547129
69.96137741666253
70.01616915505808
69.93750850879158
69.62642777177174
69.74673798899465
69.590033850964
69.54038404019536
69.68161078065872
69.78834166839161
69.76587152845623
69.75588236728733
69.80070926274496
69.85643645121655
69.80700821931049
69.85264646635333
69.90412383211213
69.8077876044972
69.86287710737531
69.76975205162064
69.84893207179138
69.8167793149868
70.0508953264375
70.16293857584942
70.29180641588631
70.6591400194808
70.60153233814154
70.51646407266973
70.57027132950759
70.83115381427156
70.95923813069007
71.07398094975292
70.94275990755386
70.80511207259535
70.61151738631126
70.36561183127652
70.37695825789717
70.51240402240812
70.67122765793522
70.70636696177436
70.68495133394455
70.6016613679426
70.70928301482425
70.59348008074417
70.56150388913508
70.72402521932185
70.62465142385965
70.65216185601807
70.74554772595741
70.66268152225163
70.63420917682367
70.7175426219993
71.14936948459344
71.43903064431831
71.36100136547452
71.17590025648215
71.35639236808487
71.26424144377462
71.418851010947
71.47686461264094
71.10903325825475
70.89021935512176
70.78747060002749
70.66708449905067
70.6093713728888
70.75029904678107
70.84586766277286
70.89081289591779
70.80416455346162
70.72529183814078
70.60966271948323
70.73763345294098
70.73631215729039
70.68764915201572
70.65278055955847
70.53891202010942
70.36130294639727
70.25407747381249
70.25745840186585
70.32033864724477
70.49529480217696
70.86816186837164
70.93239228648498
71.00233066502356
70.93062678898048
71.012559332633
71.2075885196726
71.22072342256413
71.19958562336197
71.35007118774853
71.63733805487009
71.49919185371047
71.62580171424739
71.60103474705268
71.700004312368
71.70000431236797
71.70074276426459
71.79970389194995
71.87854433398729
71.98724455686735
71.92777764549979
72.15076729500177
72.39950300880204
72.41838491445796
72.32790769693426
72.3307559484712
72.37949048642403
72.35791115746605
72.22083665712448
72.18495829913738
72.22199512010198
72.3558885220187
72.45781906649007
72.46476200648559
72.33413996590842
72.3182167151057
72.34965888449328
72.3635271493404
72.40125467015233
72.41036296328025
72.40031860228515
72.37008575607274
72.46056732133542
72.39714885993645
72.18031631174014
72.1944473896183
72.19538810746847
72.21429925040245
72.29791620364239
72.28930395805443
72.3009652507742
72.26630473889004
72.23082771286408
72.23009024350647
72.46368453697167
72.48302164077198
72.46172736981626
72.42827560903355
72.39618125490837
72.24961624735124
72.22654264876738
72.22860768224908
72.18388085868804
72.36442607114557
72.42312306793464
72.41946864985935
72.4267843737163
72.3880712927191
72.39029327533181
72.50305579975885
72.4342184405651
72.43340603568531
72.34188369529345
72.24255789926254
72.22157292983294
72.14569402038958
72.03907068674982
72.06809553084099
72.09257057085105
72.16239304420311
72.14399341266683
72.01456335220007
71.98924837197367
71.92387117249287
71.76588187103624
71.8407036516235
71.91302533101091
72.0872573828108
71.97786263481284
72.03874524965643
72.03060714743995
72.09893395919579
72.28196946437615
72.2608448514197
72.12632929945998
72.02804732826127
72.02830784720514
72.0365487687621
72.09553448406886
72.19417290930407
72.07324414196532
71.96751081019241
71.94147336049639
71.78757724063568
71.78051937063782
71.86999610739193
71.82440135975267
71.75814088638259
71.72578771030967
71.86217044740708
71.79922732340779
71.82451607921783
71.98066090957232
71.96010112200713
72.03477482358277
72.10389837827394
72.05590800441169
72.17959409062136
72.36447460900268
72.47849459607492
72.53239760521785
72.57361124238291
72.42162400163903
72.541816024886
72.56149174992325
72.60311788587741
72.61950000703452
72.52182583762401
72.4544323888166
72.53800989316616
72.33126396173006
72.35179376129477
72.45355311191739
72.41281548954547
72.34794784924615
72.21418579222856
72.2947217141631
72.11871487924165
71.96399065182084
72.00230194206286
72.01768168378223
71.92671928746613
71.9654789579797
71.99083905070123
71.8808002795247
72.0664307823974
72.25524041397787
72.45182511562321
72.65543774733088
72.60680501033072
72.6166191666126
72.65337123634009
72.63420104434786
72.59675023754446
72.47318510411
72.49360468511603
72.56222836040865
72.61988326682408
72.54290878209576
72.54005110925878
72.55607626689451
72.4687605711061
72.4363832676463
72.54865632757168
72.55796577108619
72.49066638777457
72.47086646156195
72.58801236277573
72.58166409873616
72.56953101683709
72.81719182631772
72.85259394019998
72.95981153871787
73.11467213800195
73.1554559195174
73.18127990761732
73.25275629544382
73.38288893491202
73.3864170748234
73.29045996240959
73.21514509427253
73.25036784467935
73.29891819463893
73.29390454024258
73.46934266898064
73.49863269625124
73.59978228988508
73.63178287623263
73.75937977575717
73.98180476705775
73.71659576405668
73.67689752548729
73.73573112181676
73.77944389451406
73.60604580290564
73.8121347710471
73.65591685287743
73.547087962049
73.4792249171947
73.69771907397349
73.6041424462096
73.66811491214249
73.63566587128363
73.57465406617976
73.57168741722482
73.59601739109047
73.5227497474323
73.5997265059816
73.45916979232621
73.56523589326126
73.56193672643643
73.38517602539169
73.03555468309733
73.08322685618877
73.16223180242835
73.13830092404987
73.02557199577168
72.9825120567645
73.05073070932016
73.05066310523911
73.19923521082796
73.23724783301105
73.29372291853798
73.15526062161844
73.12532445681646
73.10946012356132
73.05661775713219
72.99417164112242
72.94640245103884
72.99596687232597
73.1510854277681
73.14953441577116
73.13473203307345
73.14891807348398
73.13978452624974
73.15167368042003
73.14337822133048
73.13460550616179
73.09036536258134
72.92822558003344
73.00579156670824
