36.78642629798588
38.83097119254538
41.1843235532859
44.763748903563204
43.62747778317406
46.61778493641369
46.193323968582646
45.26896733023536
45.68637780340185
43.035529045643145
44.83035857854961
45.65803108808291
45.99225353456336
46.41803278688524
44.141981202261675
47.20238796590864
44.99069171441696
44.81086766160081
44.50255124665205
42.65206535723599
46.197883093996076
43.07060478698564
44.31632795749045
48.98750735248931
44.31880341377627
47.44741123737129
45.96929151620939
44.225889627780504
45.9661342656338
43.15038313309009
43.15672157457148
49.573186831906646
45.31265413331253
45.52089983280134
46.30541950005548
47.142209441314385
47.86524586489546
46.43833631962182
46.1649536002831
46.046121276274015
45.44144998358923
48.10500944563872
45.317566837907464
44.8128074464638
48.07682622307353
46.712543048529724
46.72275756268277
46.54197332743069
46.61105565853891
46.739022805334656
48.746324902944956
46.87283941985754
46.94244408709905
48.81635569412643
48.76444575956339
46.596041115143514
45.565871782533584
49.22081631967198
50.82849195450866
46.30597975258641
44.02413460907216
50.44226201494332
49.08371779811548
45.710385683356655
44.36505886374639
45.26277170047245
45.64390484389158
48.517779069473576
48.81063271924378
48.88079255358969
47.07695844998244
42.93969914749769
46.65976694265563
43.479829954719406
48.43266360041959
47.89082687338501
48.66098793092515
47.87889061011421
42.31327951812624
46.682324207922576
47.19679846450377
48.56083754946652
49.09219959965228
46.397148954253495
48.13088018287741
48.81482926195004
48.22759730544976
46.85173929377556
48.54118589743589
46.56774532048952
48.6849035486207
49.23175374645606
49.050647820965835
48.36485752382832
48.20776057073255
47.71343956952998
48.140090073479314
44.51565708457845
49.93607540702656
46.23326965590157
48.01528691521918
49.76616303123936
47.456315923243096
49.60448016415868
50.390920248802104
49.64204521622415
47.61430739351623
45.96797125224591
50.12515396608008
47.53777542663716
48.82148452800627
43.48829927019329
46.4089014704726
46.318182473577714
48.50188214243515
46.31120986399862
46.512468493419156
47.03054687058176
48.2195320350256
50.67581219388146
48.8120801607699
47.92001824200536
47.621098298164185
42.37561343075089
49.546753706534034
45.71136999234623
49.34727822580645
45.48519739471588
47.293692601233566
46.47956743673078
47.53612990168418
46.05662207306371
46.72685074029612
43.973470994944314
46.97352852469666
49.7633652617165
47.86289048255743
42.731832670307135
47.546102429294194
47.863753403432526
48.468820936092285
48.31546316681356
46.98698466464052
45.154003235223385
48.23306122717033
43.78953699427552
46.99077195903265
49.55731589756487
45.796618872386944
46.60365107106055
49.36099613160991
48.02347071848163
45.39353553921569
41.42312491526877
47.307139434595115
43.95482679024762
46.77400644966708
47.724591762125264
41.5929605256625
46.55447145912786
47.2628158258185
45.37206265328501
47.78082243585601
50.88920360918865
49.46604509687232
49.59144494962134
48.25990581293533
47.70742178909398
46.75638539869621
49.34913151063567
47.129904947599314
47.18374596587533
51.94446011339763
47.98919760925144
46.683399597490386
44.37439467865431
45.56732111945533
44.50178039995384
49.1046263946073
47.11663649165157
47.806607600688025
48.26590096947992
46.95245544409816
49.94149268297381
47.38299376222949
47.76705651772904
45.1172528392448
45.8369106855709
48.603442620120504
45.55171973699345
46.78319751190898
47.74602817288918
42.91288536466708
44.82553169442789
52.63198355233753
50.452216974548676
43.24037180702729
42.44231125020655
43.75567273198774
42.78076166289152
42.979639280054364
47.42223083632135
50.50503990838119
47.906642229079175
44.78212050409792
44.166228596067405
49.478044739022366
50.74375080117933
48.468578688563156
49.71943700301911
44.23501173646777
49.90081249340508
49.9535122640298
47.801039490940894
47.25224075663721
44.205665960955855
49.80041778873984
49.50097551816749
48.04754814615928
48.76842875002949
43.977306810195216
47.90092780631546
48.12592687780668
47.70402678854528
48.3464884484646
50.17332556142056
49.26046334534165
48.59845531816848
47.50929943004741
47.17767295597483
49.893809390890674
45.32376238397962
49.28041977635702
44.494642008762824
51.983156170432494
48.12843653573997
47.37235886156101
46.92655121214155
50.176584303978416
50.89120974760661
48.932674058535625
44.231893299325144
45.14649577199483
47.79151853126949
45.34573183509022
53.899207125013575
44.69425405030352
48.016599628924446
43.554440041845915
48.85587484364023
51.60300324314718
46.31169575692781
50.03376280988221
43.29736226307721
46.92755113517683
44.22823523548906
46.853567521294075
43.763744984599896
44.576458103581025
46.30341690843902
51.540981363165955
48.66323407975906
44.627561611279596
50.973152592436314
48.59539191399104
51.49130074565037
48.73023831010394
43.70414104983037
46.74265311727547
50.03698682867233
43.331493435664825
44.89129774475971
44.1016498720225
48.19148562161138
49.68219180847073
44.623264786633015
44.865368630513075
44.07292057518116
43.5442742497843
47.74583938849068
47.54891223820598
43.5463035363052
48.52726044895733
49.67570891925136
47.62943275974031
49.12553195462238
48.48574353124507
47.90332223076266
50.9238442762798
48.40611199017546
48.50115258227476
44.068934904420416
43.615668964100394
49.90725042385559
49.35465197129487
50.77940513147071
49.15890232054406
51.59965224951099
49.02025550104435
51.49840158444483
43.606395530490325
47.31365644284082
50.03246295452235
48.79998662285652
47.93085789469537
48.77536859011843
50.917368390952994
44.45833826929742
49.87488297973475
44.125097103740785
45.137424742895966
45.860970780223
48.93865060475057
48.73285730477162
47.35925981235177
49.33565162358865
43.973672377614314
43.72252745293019
45.959668357556055
44.392214002618594
49.76715079896381
44.745353873142925
44.96587699741248
46.3193835810684
51.039454362310224
48.47366335120783
44.32030725025574
46.47343582685456
45.55782642851941
50.31501845817639
48.04993109211308
52.08400995994371
43.893729304192874
44.266164733962505
42.92177486862624
50.649586999078586
46.29073896724226
46.99034202262616
43.584934700694895
51.1386736587809
44.56017580292621
43.70426568121191
44.75705901614568
49.42189875166982
44.22968201017638
44.087050587133234
50.0378959891013
47.58115160230847
44.29941096671799
48.150857373474935
43.90023709378081
50.07131048687616
44.30604929537859
43.3423548976603
49.4469739601985
44.09890689740828
50.708207051249126
41.98744576756207
47.66450895394456
47.66450895394456
45.426825599306824
43.005304034855094
42.047990616905864
49.52383011562462
44.36461036093024
51.1559346957577
47.345879061858625
49.7231138802421
49.11718136700506
45.34124655743303
44.94517927736116
44.37440618173781
47.164394678261125
50.33535731271133
47.857593097407424
44.567285003286145
49.49392238999636
45.066815889834366
45.86362523073613
44.58019092331302
47.40797823253513
43.64751116815839
50.74982273795606
45.84764035331114
42.925770664244524
51.771962474046404
50.75330550035901
43.69260491450931
46.80720380159428
50.09065137130802
49.01261287220815
43.23896962192203
47.73276327321545
43.75969112229879
42.632973387458044
47.74207119585202
51.32840460827085
51.3118598050105
43.37066540366407
50.357498620053725
43.46154898169836
43.91331239277965
51.24526647070363
51.42139381025774
46.47145503722107
42.90722182782741
44.43876455902121
48.78021296974476
47.03149040475067
44.42382308334685
50.58348729344582
42.93638870086345
43.80931585798685
46.31331645819395
50.190389729540726
50.53510415155074
50.24659621060649
50.501849852188855
46.99331153759765
43.22552052870463
51.36086352688853
44.00740848364478
45.95405682475503
46.10551175761463
50.92014949538131
45.26749825106418
46.6833443541712
50.991285701176665
46.78887218531271
45.647076836246384
47.1917422232975
47.97548919013531
52.37323699527433
51.82989273071418
47.10124094506002
46.29355122503826
43.801453908321385
47.080665281304846
48.72452075934482
43.70483427538062
44.09905916669049
45.1357352051887
51.7133709858055
47.800002414263474
45.47485089581086
46.88879973783713
50.97262002182216
46.67369542331387
48.75178708896954
50.13929369074132
47.77929423896396
47.72998877367486
44.08477001042652
43.232735353705294
47.675719939948145
44.24570664847363
44.155857141428726
49.694597541535074
46.13757657788206
46.766803346489255
45.92532469941284
44.06123546385165
43.76311253246238
50.177635804347105
43.74923306536994
45.98823212839039
43.69662412269078
42.68306607037474
46.55101039639478
43.4879525798375
51.34745558877093
42.0606587146555
43.68921525884005
51.09974288970764
43.70588520250419
46.55138987056168
42.25036961180122
42.30177593694111
45.03726619474707
42.42264920717067
45.72533401519621
43.388705643192395
47.989823879479964
48.18098523229493
45.131933621647924
48.03632177698891
45.903757849206414
42.827399599673974
42.3826875543998
43.68067067946906
46.529368657010544
47.571312557100796
43.44443192405683
46.55159967766315
45.71457702856061
46.608502069169376
46.193651889792385
45.11977123397323
48.0634796439291
43.535067598641454
