467629.0
467629.0
415029.0
415029.0
401650.0
362875.0
358121.0
358121.0
329791.0
329791.0
230990.0
160069.0
126607.0
122387.0
86653.0
86107.0
82093.0
81393.0
78483.0
78483.0
35415.0
35415.0
35415.0
22373.0
22373.0
22373.0
22373.0
22373.0
22373.0
22373.0
22373.0
22373.0
22373.0
22373.0
22245.0
22245.0
22245.0
22245.0
20895.0
20895.0
20895.0
20895.0
20895.0
20895.0
20895.0
20325.0
20325.0
20325.0
20325.0
20325.0
20325.0
20325.0
20325.0
20325.0
20325.0
20325.0
20325.0
20325.0
18835.0
18835.0
18835.0
18835.0
18835.0
18835.0
18835.0
18835.0
18835.0
18835.0
18835.0
18835.0
18835.0
18835.0
18835.0
18380.0
18380.0
18380.0
18380.0
18380.0
18380.0
18380.0
18380.0
18380.0
18380.0
18380.0
18380.0
18380.0
18380.0
18380.0
18380.0
18380.0
18380.0
18380.0
18380.0
18380.0
18380.0
18380.0
18380.0
18380.0
18380.0
18380.0
18380.0
18200.0
18200.0
18200.0
18200.0
18200.0
18200.0
18200.0
17483.0
17483.0
17483.0
17483.0
17483.0
17483.0
17483.0
14428.0
14428.0
14428.0
14428.0
14428.0
14428.0
14428.0
14428.0
14428.0
14428.0
13955.0
13955.0
13955.0
13955.0
13955.0
13955.0
13955.0
13955.0
13955.0
13955.0
13955.0
13955.0
13955.0
13955.0
13955.0
13955.0
13805.0
13745.0
13745.0
13745.0
13745.0
13745.0
13745.0
13745.0
13745.0
13745.0
13745.0
13745.0
13745.0
13745.0
13745.0
13745.0
13745.0
13745.0
13745.0
13745.0
13745.0
13745.0
13745.0
13745.0
13745.0
13745.0
13745.0
13745.0
7434.0
7434.0
7434.0
7434.0
7434.0
560.0
560.0
560.0
560.0
95.0
95.0
95.0
95.0
95.0
95.0
95.0
95.0
95.0
95.0
95.0
95.0
95.0
95.0
95.0
95.0
95.0
95.0
95.0
95.0
95.0
95.0
95.0
95.0
95.0
95.0
95.0
95.0
95.0
95.0
95.0
95.0
95.0
95.0
95.0
95.0
95.0
95.0
95.0
95.0
95.0
95.0
95.0
95.0
95.0
95.0
95.0
95.0
95.0
95.0
95.0
95.0
95.0
95.0
95.0
95.0
95.0
95.0
95.0
95.0
95.0
95.0
95.0
95.0
95.0
95.0
95.0
95.0
95.0
95.0
95.0
95.0
95.0
95.0
95.0
95.0
95.0
0.0
0.0
0.0
0.0
0.0
0.0
0.0
0.0
0.0
0.0
0.0
0.0
0.0
0.0
0.0
0.0
0.0
0.0
0.0
0.0
0.0
0.0
0.0
0.0
0.0
0.0
0.0
0.0
0.0
0.0
0.0
0.0
0.0
0.0
0.0
0.0
0.0
0.0
0.0
0.0
0.0
0.0
0.0
0.0
0.0
0.0
0.0
0.0
0.0
0.0
0.0
0.0
0.0
0.0
0.0
0.0
0.0
0.0
0.0
0.0
0.0
0.0
0.0
0.0
0.0
0.0
0.0
0.0
0.0
0.0
0.0
0.0
0.0
0.0
0.0
0.0
0.0
0.0
0.0
0.0
0.0
0.0
0.0
0.0
0.0
0.0
0.0
0.0
0.0
0.0
0.0
0.0
0.0
0.0
0.0
0.0
0.0
0.0
0.0
0.0
0.0
0.0
0.0
0.0
0.0
0.0
0.0
0.0
0.0
0.0
0.0
0.0
0.0
0.0
0.0
0.0
0.0
0.0
0.0
0.0
0.0
0.0
0.0
0.0
0.0
0.0
0.0
0.0
0.0
0.0
0.0
0.0
0.0
0.0
0.0
0.0
0.0
0.0
0.0
0.0
0.0
0.0
0.0
0.0
0.0
0.0
0.0
0.0
0.0
0.0
0.0
0.0
0.0
0.0
0.0
0.0
0.0
0.0
0.0
0.0
0.0
0.0
0.0
0.0
0.0
0.0
0.0
0.0
0.0
0.0
0.0
0.0
0.0
0.0
0.0
0.0
0.0
0.0
0.0
0.0
0.0
0.0
0.0
0.0
0.0
0.0
0.0
0.0
0.0
0.0
0.0
0.0
0.0
0.0
0.0
0.0
0.0
0.0
0.0
0.0
0.0
0.0
0.0
0.0
0.0
0.0
0.0
0.0
0.0
0.0
0.0
0.0
0.0
0.0
0.0
0.0
0.0
0.0
0.0
0.0
0.0
0.0
0.0
0.0
0.0
0.0
0.0
0.0
0.0
0.0
0.0
0.0
0.0
0.0
0.0
0.0
0.0
0.0
0.0
0.0
0.0
0.0
0.0
0.0
0.0
