1089868.0
1089679.0
1024631.0
1002671.0
936416.0
936416.0
936416.0
697090.0
716868.0
716868.0
697090.0
697090.0
573986.0
473889.0
473889.0
473889.0
473889.0
450673.0
449713.0
449713.0
449713.0
449713.0
450728.0
450728.0
467468.0
467468.0
467468.0
486775.0
486775.0
486775.0
467468.0
467468.0
442708.0
442708.0
442708.0
442708.0
442708.0
430676.0
458841.0
458841.0
458841.0
452429.0
447411.0
447411.0
447411.0
447411.0
400134.0
400134.0
401414.0
400134.0
400134.0
400134.0
474692.0
483927.0
474692.0
474692.0
465485.0
465485.0
465485.0
399531.0
399531.0
399531.0
399531.0
399531.0
399531.0
399531.0
399531.0
399531.0
399531.0
399531.0
399531.0
399531.0
404377.0
399531.0
393559.0
393559.0
393559.0
393559.0
393559.0
393559.0
393559.0
393559.0
393559.0
393559.0
393559.0
393559.0
393559.0
409142.0
409142.0
409142.0
409142.0
409142.0
409142.0
392631.0
392631.0
392631.0
392631.0
392631.0
392631.0
382643.0
382643.0
382643.0
380933.0
380933.0
379023.0
374998.0
374998.0
354360.0
354360.0
354360.0
354360.0
354360.0
346297.0
346297.0
346297.0
346297.0
346297.0
346297.0
346297.0
346297.0
346297.0
346297.0
346297.0
346297.0
346297.0
346297.0
347242.0
346297.0
347497.0
347497.0
347497.0
347497.0
347497.0
347497.0
347497.0
347497.0
347497.0
347497.0
347497.0
347497.0
347497.0
343984.0
343984.0
343984.0
343984.0
343984.0
343984.0
343984.0
343984.0
343984.0
343984.0
343984.0
343984.0
343984.0
346197.0
343984.0
343984.0
343984.0
343984.0
343984.0
343984.0
343984.0
343984.0
343984.0
343984.0
343984.0
343984.0
343984.0
343984.0
343984.0
343984.0
343984.0
339829.0
339829.0
339829.0
339829.0
339829.0
339829.0
339829.0
339829.0
339829.0
339829.0
341739.0
341739.0
341739.0
341739.0
341739.0
323225.0
323225.0
283551.0
283551.0
283551.0
283551.0
283551.0
283551.0
283551.0
283551.0
283551.0
281695.0
281695.0
281695.0
281695.0
281695.0
277653.0
277653.0
277653.0
277653.0
277653.0
291889.0
291889.0
277653.0
277653.0
277653.0
277653.0
277653.0
277653.0
277653.0
277653.0
277653.0
277653.0
277653.0
277653.0
277653.0
277653.0
277653.0
277653.0
277653.0
277653.0
277653.0
277653.0
277653.0
277653.0
277653.0
277653.0
277653.0
277653.0
277653.0
277653.0
267716.0
267716.0
267716.0
268576.0
267716.0
267716.0
267716.0
264576.0
383714.0
261236.0
261236.0
261236.0
382652.0
261236.0
261236.0
261236.0
261236.0
261236.0
261236.0
261236.0
261236.0
261236.0
261236.0
261236.0
261236.0
261236.0
261236.0
261236.0
261236.0
261236.0
261236.0
261236.0
261236.0
261236.0
261236.0
261236.0
261236.0
261236.0
261236.0
261236.0
261236.0
244053.0
242925.0
242925.0
242925.0
242925.0
242925.0
242925.0
242925.0
242925.0
242925.0
231825.0
231825.0
241189.0
231825.0
231962.0
231427.0
231427.0
231427.0
230711.0
230711.0
230711.0
230711.0
230711.0
230711.0
254271.0
230151.0
230151.0
230151.0
230151.0
230151.0
230151.0
230151.0
225555.0
225555.0
225555.0
225555.0
225555.0
225555.0
225555.0
225555.0
239195.0
239195.0
239195.0
239195.0
239195.0
239195.0
239195.0
239195.0
239195.0
239195.0
239195.0
239195.0
239195.0
239195.0
239195.0
225555.0
225555.0
225555.0
225555.0
225555.0
225555.0
225555.0
225555.0
225555.0
225555.0
236821.0
236821.0
235405.0
244799.0
235405.0
235405.0
235405.0
235405.0
235405.0
235405.0
235405.0
235405.0
235405.0
235405.0
235405.0
235405.0
235405.0
231795.0
231795.0
231795.0
228723.0
228723.0
228723.0
228723.0
228723.0
228723.0
228723.0
228723.0
228723.0
228723.0
228723.0
228723.0
228723.0
228723.0
228723.0
228723.0
228723.0
228723.0
228723.0
228723.0
228723.0
228723.0
228723.0
228723.0
228723.0
228723.0
228723.0
228723.0
228723.0
228723.0
228723.0
228723.0
228723.0
228723.0
228723.0
228723.0
228723.0
228723.0
228723.0
228723.0
228723.0
228723.0
228723.0
228723.0
228723.0
228723.0
228723.0
228723.0
228723.0
228723.0
228723.0
228723.0
228723.0
228723.0
228723.0
228723.0
228723.0
228723.0
228723.0
228723.0
228723.0
228723.0
228723.0
228723.0
228723.0
228723.0
228723.0
228723.0
228723.0
228723.0
228723.0
228723.0
228723.0
228723.0
202989.0
202989.0
202989.0
202989.0
202989.0
202989.0
202989.0
202989.0
202989.0
202989.0
202989.0
202989.0
202989.0
202989.0
202989.0
202989.0
202989.0
202989.0
202989.0
202989.0
202989.0
202989.0
202989.0
202989.0
202989.0
202989.0
202989.0
202989.0
202989.0
202989.0
202989.0
202989.0
202989.0
202989.0
202989.0
202989.0
203379.0
203379.0
203379.0
213935.0
213935.0
213935.0
213935.0
213935.0
213935.0
213935.0
213935.0
213935.0
213935.0
213935.0
213935.0
213935.0
213935.0
213935.0
213935.0
213935.0
213935.0
213935.0
213935.0
213935.0
213935.0
213935.0
