44.45910632142503
45.999994616313316
48.16985261026634
50.58371504177857
51.19536379060071
51.46505359129424
51.85554406075176
52.205976035342815
52.48541576256111
52.97956685649433
52.7636016749988
52.5860012450605
53.20798886803667
52.07689954313192
51.691492883221265
52.07694051720078
52.457768388512974
52.86008937512146
53.030789806125426
53.3129209798852
52.78923262715358
53.51151650306619
54.01949880803721
53.74364771244346
54.24445305576502
55.01075201570258
55.096386797527146
55.24745891267352
55.4978387781281
55.78793085558298
55.726508592700604
56.59169621356564
56.445439504369816
56.72258787634293
56.77975455853169
56.04772305061518
56.78282174028715
56.25415978998165
56.621765888408355
56.74612644545995
57.25038611801539
57.163786068789676
57.73215241208785
56.92282819574897
57.88719489859637
57.25665295655189
57.485228496620095
56.75378383566245
57.74653291139901
57.19116985591517
57.95287965802741
57.48412610231418
57.59267032246042
57.93913829938678
58.018880896568334
57.570974912801375
58.18012435675886
57.81027036082621
57.72181210565276
58.15671380665698
57.496355218624934
58.19502793664767
57.70705516188842
58.363559848707
58.81688960536626
58.23986376766246
58.13634427666148
57.18320504222195
58.32433560536345
58.50199153367064
58.384832991362146
58.10892612073378
58.413860234553
58.374809407302635
58.004245370451834
58.24275218639448
58.135537896969545
58.65823032024404
58.85548996501548
59.34796452993123
59.13304722031146
59.123003883604724
59.00209299093994
59.654320760350295
58.803019556729566
59.18210852891268
59.319399602079116
59.318793351536335
60.565220728709676
60.02854886306498
59.88113085407705
60.94153242407447
59.92061426256757
60.45383304523571
60.22053790241258
60.46097582602637
59.73854522729567
60.46562880681947
60.29745748788708
60.43013532280641
60.62012540638672
60.35223828612525
60.109974612456455
60.427732565984584
60.6575961151739
61.38739841283108
59.88433084961588
59.69529672890069
60.233591120911065
61.4322089053176
60.06759174702046
60.641960538935535
60.6166478962704
60.16808490075507
60.58424863239935
61.51458059984971
61.939896505603194
61.783145370537284
61.63704425796138
61.96335656204411
61.823252839165704
62.18047737776295
61.875498732521194
61.01896593969924
62.10327816311766
61.38675733924309
61.91453380680365
62.75942796401962
62.38951272842038
63.17721909883491
63.47848697343214
62.81295727332262
62.81425901612257
61.719650896909144
62.51956319235003
62.61484136751416
62.66034406379546
62.76569259882039
62.17098341395475
62.30813994327027
63.278155318362884
62.777536396148236
62.967008292464186
62.900577375950824
63.17824119034268
63.08589512051767
62.76423298846612
62.7898814274113
63.67445051028633
63.452709975465794
63.75793832483957
62.88852041659405
62.671044849258564
63.379736292589406
63.72006341354679
63.390077203645795
62.91419437183968
62.565983877109865
63.180556729563
63.3882878601421
62.65656981515263
62.80209041523433
63.08203313520998
62.356965240100074
63.61977305500137
63.52162667034302
63.59146849213781
63.258602304359066
63.589470364566736
64.00874400524992
63.37321549856619
63.47454534123776
63.47942663529822
62.48293714916286
61.9198192693037
63.42880061060545
63.24877289283808
62.472708480689136
63.723740731912166
62.633616034487865
62.255778262243076
62.48195321203805
62.87523891009751
64.1925656737695
63.107883660940274
63.482884850347965
62.6682534443932
62.95710401121119
62.87428054702321
63.35907544901873
62.81559205908313
62.76952691415294
62.90060176752599
62.82908299772536
63.43640278386067
63.76593061138612
63.35758544968472
62.88405504817043
63.371571590148854
63.77498501199396
63.94373800942301
63.47292336340725
63.19735294625941
63.584344867192804
63.50702874923996
63.8828406227523
63.447433094368755
63.54472941282319
63.15312865345717
63.8167018270603
63.62157009656481
63.7363994296797
64.08087960632103
64.04553454149396
63.36645975357399
63.100464298257926
63.03614159677779
63.46120429762459
63.759806193833796
63.576485409641414
63.17475373269939
63.65119259984054
64.62543961186721
64.10028969512871
64.39225039081123
65.16012553920638
64.70088668969484
64.11412471341283
63.380578991109466
63.78705696396211
64.38203088886353
64.43461569397982
63.856964744701976
64.741248685631
63.61678136959122
63.34186047381431
62.84099442384386
63.530327030719526
63.28789258528495
63.82443087007773
63.76176741701696
64.4298899338175
65.13329190310489
64.11573711587698
64.9706875631044
64.86379922731652
62.74552507821992
63.9828834250479
64.12836612629121
64.07178730798177
63.50325715335479
64.05715843167118
64.59860404107893
64.0931900127372
64.50971288452227
64.59453589244472
64.81201367806979
64.12753642039348
65.21101236144555
63.742384486811076
64.75304470147509
63.983606073634874
64.41114698921722
64.34229478805395
65.41829556864188
64.14676703878627
63.40681062305986
64.71122203388828
64.27279331662703
64.06709533962551
64.91754609446791
65.71801290828071
65.08638947845314
64.23008726277128
64.11199990063082
64.08919023303946
65.53947963455201
66.31981041422411
64.80121175566796
64.03855636121033
64.74057101508461
64.70113338967127
65.14606568556152
65.06200483709965
65.72238908607164
64.45771698209404
65.31348802918029
65.96409129838963
64.72538679553702
65.42303358352818
64.84665916016414
63.74062088768551
64.56790296548644
64.68697301525883
65.49532774066623
65.74627966704823
65.17958413687508
65.05705099412287
64.31304760172938
64.3159968660489
65.5505432215395
64.88604287940035
64.62485621493197
64.43581353391475
64.44819113864526
64.2134149686874
64.86791653795044
63.35847158895903
64.84272829436208
65.39445435699106
66.1640522501248
66.08250497164369
64.60616458629411
64.08357494783665
63.968787963020105
65.53392174206593
66.51936855204971
67.91442120579502
67.57378690786612
67.65262889951333
68.19123166523606
66.87847361341852
67.28614021916327
68.26057097679717
68.24073897743155
67.68713040706254
66.51130571381756
66.05896073832115
66.40591560085223
67.12221675844826
67.32677787029432
68.14092910515129
67.34888875416398
67.24911737924936
66.66554454992996
65.67657126858096
65.72770790851973
66.15392939166362
67.18609344919933
66.98414845032896
67.98051876444366
67.3803155638228
65.86865909406075
66.2664835935934
66.03729870908923
67.51326073756839
67.52042662339471
67.40289330372202
67.6110145299326
67.88785924743357
67.94485605282345
67.23568468781392
66.55693203935269
65.88006311379274
65.73828929142425
65.01659200077204
64.67851427223106
66.0723955208498
67.20648066116976
67.89623333814227
65.96511544149729
68.05544631437586
67.40159572478541
66.1950776438546
66.851402969092
67.42013948918253
65.8983078958659
66.80388764689042
68.02625468329667
67.54047593836842
66.24262765802642
66.57245709867793
65.48936043243827
65.95137274245724
66.08104777763111
67.1617428616889
65.67849719989971
65.51703545825308
67.4108020127697
67.67479404696975
67.45551372330338
66.82243121234497
66.90277238149118
67.38352431256747
66.41898060374724
65.32685213590514
66.2384915228774
66.50416497231681
65.43282387260162
65.4008947404509
65.68203160217605
65.31431426931674
67.42797534027814
66.59393614276416
66.57504278701276
67.67175971178473
66.89134944522954
66.13892060015215
67.35246920248596
67.88051026839126
67.88046333622908
66.75419880397753
67.1188861889043
66.96967110087911
67.46614410228038
68.36632921665493
67.28114267622303
67.58893743356833
65.99435802067813
66.8729253565843
66.94679547313066
67.70888627497747
66.90077244877425
67.39962434033382
66.66647324490785
67.52536837947792
66.2681470055719
66.22998313206455
67.27630434021962
66.90049686675108
67.1440053705503
67.86270976023347
68.51662270235542
68.24416365285387
67.79440141946306
67.23534194886646
67.23624236877001
66.82012971961565
67.05436557629339
67.34830895474083
67.33919437188156
66.79343072432987
66.64107753919579
66.7051339362635
66.69878998062083
67.87973246501907
68.24536731187804
67.22813411068414
67.4055715575559
66.949145334705
65.8989468403811
67.58910398034052
67.94270521912588
67.13808044984366
67.18542238661591
66.63585542485869
67.25458600225177
67.81414784780678
67.80387507853015
68.27921895609755
67.78686908148319
67.06078394457307
66.72691452390053
67.63691656098648
67.18680141605086
67.69136919729354
67.65680121149386
68.04397734936227
68.06035730300188
68.6729577277043
67.19267560865471
67.71124262379499
67.40278640848224
67.40875041851831
66.52744192409892
66.76635911450465
67.40336167384895
68.30917443493398
68.354248653269
67.92755702012502
67.57071202599575
68.67703899883165
67.71240261424397
68.18356692272019
68.0492034691877
67.77423509305676
68.35527404786812
67.74988147254645
67.58377424890662
68.2319805252924
67.97475983490949
67.0545708570346
68.0151455619976
67.46949106101378
67.00071557351828
67.79050404488915
68.94305850380721
69.35581279809604
68.26934671194459
68.75796396379617
68.94959609589802
68.06991180101413
68.7464787286676
68.9272850837659
69.03609062670249
68.73950409364222
68.26103837453878
68.63716094740683
68.52513836966189
68.38455168912267
