35.32125262099179
40.98796391320963
42.67446648524778
42.115796888398876
39.51061342985333
41.2495027899673
39.781810457318
40.290112492599164
40.475120745816014
40.475120745816014
42.01223612988318
42.96566251864211
42.15877596684381
41.479486557915955
41.78691128649961
40.660241403614755
44.15917906984809
43.27810490108593
42.70066738607892
43.47451126210224
43.51297848445817
44.64930145572981
43.632705438760475
43.632705438760475
43.632705438760475
41.67409296219786
44.22708004218879
43.722124883879935
43.273752809537775
43.798305126866964
42.57421208492624
42.405091853871916
41.93836929577121
43.63934426229508
42.64266298868375
41.864529617556094
42.5756779891833
45.33806657889787
44.93190773210549
43.48113719636314
44.416305370887144
45.39228684513249
44.06220249492848
46.170756052442435
44.3059827986691
43.370659823476814
44.38530357377544
46.68833455119347
44.68906283974777
45.894495337777904
43.48327872125067
43.648995191898884
44.794756585184885
45.66794483845814
44.80250146570256
44.87872343827446
44.99065817340958
45.5801390878163
47.64932123074953
45.27646145572254
42.16208918040783
42.394368947497284
40.45581566525779
41.9833730183953
42.48821275860959
42.294003218850634
44.233328011070306
42.090334551621645
44.663590723767086
41.376950020477544
41.73906673275414
42.38728472496908
44.26638878422755
46.149364506324176
42.572105332373845
45.839837596310815
45.7461387942881
45.58674332093337
41.97758059351828
43.17386195143259
42.9083342577559
41.33291052269964
42.71808847917276
41.28210522572922
44.38558918713117
44.34755933771277
43.72175422104922
43.72175422104922
43.28361029569248
41.59821264614067
42.13025584942584
43.67302411197237
46.66399365158919
45.79899497487437
47.46022412544207
44.785266479468426
47.39304016207842
43.86420798685967
42.28134049444059
46.32284985171391
44.010827308069615
46.27337291635408
44.18789473854591
44.18789473854591
43.725299456467646
44.87850197096261
45.71360153256706
44.913258816206124
46.39005622561251
42.78359085377933
42.71702435402481
46.606761976134194
45.567208189607214
48.305432290899915
46.593446565155446
45.67534477060361
46.879090678564324
46.156624163124704
45.942642150260575
47.65205463460192
44.680472530600625
45.33679120631975
45.34560939572387
46.08406052509403
43.78730131300622
44.703426795303415
45.01950456358966
43.03118741254903
48.376080710987004
44.974739420221354
44.48104816639299
46.76446710160615
45.30897351655573
42.51557919727578
45.069021266011696
47.235042614038555
42.13012454808415
43.6551907363128
45.19570864074719
46.63655280921688
44.30050158390818
46.78542529555368
43.597696714256024
46.726111022122566
47.23710796802249
42.379992602391056
46.16542022792023
44.93465862799413
45.55279236644803
43.263552043534375
44.937098878334346
42.004121840531624
46.49187782869451
45.40081423836288
44.584324588561174
44.7557025704638
46.39356966991063
48.98226401618856
46.94718538106164
46.00080771366551
42.46060348438924
42.33353053947194
44.386450751687484
44.46796317827531
44.10559146308266
49.077369103221365
44.39641859590697
42.58538441765674
42.94622757403608
46.088090900146234
41.20572837440423
44.82009624452211
45.78970086908052
47.4191334235837
46.55146601370031
46.87972686020129
46.92524560675246
47.201890001628115
46.52624423772324
43.694004465269586
43.04891847132148
46.009640605358754
44.37933673590655
45.632323113458106
42.845615796362424
45.0922725291689
43.08296201994484
46.012549003267466
46.723663406921595
45.57761853736941
45.45087656721242
46.98981412524049
44.55006974623102
42.36682736613777
45.987225631539935
42.07694297989431
45.24884398234182
45.729760605473345
42.37525265140313
45.68616632860041
43.66387368193095
43.611832322907404
44.68508824739883
43.080540378490966
42.89438698872563
44.46663274416998
44.625664666772074
44.85129576874262
45.710658879723844
44.344229056147206
44.72251326315089
47.40188482115936
47.6657791704822
45.96392733177154
44.77182071278553
45.7036887375166
44.45672120583868
45.59344582533428
44.67289206616747
43.11877824712729
46.796237502436846
46.057807480807966
46.82140861707072
45.02044631974697
45.81735354396218
44.11589654799264
46.48213254971926
44.540227831456164
47.10853599390286
47.796345491097064
45.74339226958817
47.165846504371416
43.55836679822822
47.48711270280536
47.43883161512027
47.413658064823714
46.63366743345383
44.28271060250931
47.05311077389986
49.62818011132465
45.29708944453657
44.7712088924725
45.93664195440448
46.92616769878715
45.34797674470981
48.69464712197901
45.8128207813973
45.65432440553561
45.520083979128714
45.6813418194763
44.053441853871036
43.2990577544017
42.96006477775787
43.24541820258553
47.745249966891244
45.89751960444254
44.59380074774719
45.46078240798971
47.4699361971127
43.846204990946774
42.88199459801632
45.669368615585256
44.294489036805004
48.086895585143665
44.99145835766849
45.64121310382447
45.38307260328921
46.33510616564291
47.43123004691209
46.59504904250351
45.2276778479987
44.40915020467199
47.273110234893686
50.25172161172161
45.288882421517606
46.0962639860656
47.91586196623462
48.395798127732625
46.4458493677845
46.32902726937374
47.42849295719385
46.06808522130736
44.36089745839222
45.737652477338536
47.05587443854426
46.96740822524732
48.40494515364284
47.401623470962775
48.75891930194617
47.49501858506597
50.93936602718843
44.81597509115908
45.95963518643072
51.463517907835815
44.62501239491864
46.22093945256748
45.98117832807046
46.088796752181054
47.3523913912359
46.71080144189728
43.31141003511696
46.114513955445716
47.01950391464007
46.03398918375712
47.5374487959151
47.85384262083811
43.498146222958326
45.625399721202506
47.13751440848452
49.24238445378151
46.63647668880077
49.18183880914145
47.34048224828291
44.14187878263736
47.306990902535084
47.7965165228373
50.522965784554295
43.803583985878674
48.85002043896889
50.10562799434522
48.08817367413294
46.264038673664075
49.187740262146264
47.01851552393272
47.77077947321536
47.594894274460074
45.805550667109884
47.51516230510705
48.95892461131196
46.58210531011615
45.71768152994319
47.33595917705925
45.888461512643396
47.554902311990524
47.66724261394614
43.62592416246744
43.14458551573965
48.66560093509351
48.272020528169605
46.34545318167962
47.25863495100026
49.253711952487
45.80359478964156
48.37838041971775
44.92074664447258
49.76623143536591
47.176828137903144
43.71487322255533
46.61358065016348
51.01477560595755
46.03962800577679
46.115000364617515
45.51003299800944
46.59902280130293
47.61957726618054
47.71323613053457
46.6547829707505
46.80056422915397
47.06225107453539
46.17210839391937
44.39506172839506
47.89141614972695
49.12076006333862
45.98897552751509
44.09292211408417
48.40115319821463
44.93258149804224
43.68468519604691
44.35680504549777
47.192209391522105
45.87450016592685
47.00325009936117
47.04646279816755
47.526983728207256
41.42827706451102
48.11913098761709
45.03514559826806
46.40359960778205
48.60523413914385
42.1673525377229
45.93788460398646
44.54768705165485
44.95968723378362
43.886083900703944
45.464608290705215
46.99667269861655
48.10023496977827
49.64157448125463
46.15280632436817
46.039915365700224
48.506015352213666
45.52479209023178
43.2019925453943
43.70696047469114
47.636464979729745
47.679299770758284
45.88440634966897
46.956241563983106
45.695151629070594
46.68370133682903
47.422409661977454
