873357.1142857143
723762.4928571428
647043.25
574107.4071428571
564110.7357142858
530952.2857142857
576795.3071428571
533054.55
607907.1642857143
539027.2285714286
571043.1714285715
510993.25
507613.1785714286
518117.2357142857
527902.3714285714
466641.2428571429
528164.2285714286
507496.45
508145.29285714286
548092.8214285715
451235.5142857143
511837.6642857143
411970.5642857143
454560.54285714286
374097.34285714285
412915.97857142857
386763.47857142857
437035.55
383359.79285714286
437104.3857142857
401660.35714285716
447404.54285714286
497769.2642857143
423606.55
401377.3071428572
427954.96428571426
428849.55
450886.2357142857
415343.5714285714
453929.85714285716
428413.15714285715
491495.1285714286
468558.2357142857
469569.6928571428
470900.1642857143
467802.8785714286
398065.1
483018.3071428572
394356.5642857143
383601.3714285714
404163.3071428572
345870.46428571426
423204.1142857143
374046.3642857143
395915.27857142856
383227.5142857143
430397.9142857143
457738.6642857143
463411.04285714286
374144.6285714286
405037.0571428572
383371.5857142857
348338.45
346037.85714285716
415843.02857142856
356057.72142857144
396108.7642857143
359411.15
358366.9142857143
316617.02857142856
342016.71428571426
418554.15714285715
339465.3642857143
373137.7
336660.71428571426
389845.52857142856
393197.0642857143
317184.2428571429
355362.92142857146
309573.9357142857
308333.96428571426
297393.2571428571
294226.95714285714
325451.84285714285
293275.45714285714
298975.95714285714
304711.52142857143
299613.85
334645.3857142857
268342.6285714286
307685.4142857143
296651.3857142857
333849.72142857144
356680.77857142856
331002.57857142854
331703.9285714286
323083.92142857146
339889.78571428574
341242.4285714286
361013.6214285714
346262.5
353133.6142857143
360589.1142857143
350355.70714285714
344194.7642857143
335098.72142857144
358793.84285714285
333664.25
354908.5857142857
326900.46428571426
337663.9928571429
356831.2357142857
343985.8785714286
326481.25
350427.53571428574
311550.05
350376.2
305617.79285714286
342643.64285714284
354268.0714285714
299474.03571428574
318490.10714285716
291643.90714285715
322151.4928571429
305498.5071428571
327176.8142857143
295374.0071428571
305392.25
319822.5571428572
280445.03571428574
289842.67142857146
303150.5714285714
288026.0857142857
294968.8071428572
317203.02857142856
283786.72142857144
274144.82857142854
294345.1357142857
257487.2214285714
312584.42142857146
297820.1642857143
296433.39285714284
304719.0714285714
286794.5071428571
301392.28571428574
296667.3214285714
312279.59285714285
308098.1285714286
226381.12857142856
287969.1928571428
304337.27857142856
275773.1642857143
314140.84285714285
279719.5857142857
275314.8214285714
306418.5642857143
283788.95
288003.03571428574
316211.3714285714
285093.25
306553.1928571428
269205.35714285716
307441.39285714284
304759.22142857144
292583.52857142856
317549.3071428572
319415.84285714285
293946.78571428574
304261.46428571426
270688.9142857143
273725.6214285714
290435.65714285715
327630.1214285714
328379.59285714285
306485.1785714286
347235.4857142857
331083.0642857143
308075.1285714286
296376.96428571426
332638.29285714286
303561.2428571429
306323.5142857143
295130.1857142857
299830.5714285714
333892.07857142854
292539.35
279562.3071428572
328976.22142857144
327750.27142857143
298068.34285714285
272701.60714285716
353457.9428571428
325866.42142857146
305586.2642857143
320540.8785714286
330714.28571428574
283458.6285714286
313749.40714285715
309739.1
283676.05
301369.4142857143
296493.7642857143
266791.6142857143
306153.0714285714
292076.3857142857
313264.5571428572
319266.77142857143
256114.13571428572
304780.27857142856
305536.6785714286
249162.67142857143
245815.58571428573
296036.8785714286
260736.4642857143
289259.8642857143
256308.79285714286
276585.52142857143
263986.15
298492.72142857144
291347.1642857143
280981.85
256901.89285714287
273974.25
291615.9285714286
291656.8642857143
285312.15714285715
277065.97857142857
296707.39285714284
290131.5857142857
299413.7
295788.35714285716
294176.8857142857
311625.0142857143
284784.7571428571
319445.4857142857
302499.6
304942.72857142857
318897.1285714286
308893.17142857146
325573.2642857143
293637.79285714286
342550.0142857143
309217.0
305776.8857142857
319110.0571428572
316804.2
326835.09285714285
294190.92142857146
306272.02142857143
292686.90714285715
306430.1642857143
291760.22857142857
295290.10714285716
294679.03571428574
307357.6785714286
279013.7428571429
293797.59285714285
293968.5571428572
299436.3071428572
295708.03571428574
304735.2642857143
303666.8642857143
320272.64285714284
334629.6285714286
312876.3857142857
279962.5571428572
323410.1642857143
314859.34285714285
349213.72857142857
301415.89285714284
305262.09285714285
284059.9428571428
312814.6285714286
316324.35
297046.8357142857
311389.1928571428
298980.40714285715
288814.3
301349.40714285715
304388.92142857146
295774.75
298735.5714285714
292662.3142857143
325605.34285714285
304846.34285714285
269013.1785714286
329958.6357142857
317559.4428571428
318898.0714285714
335584.1214285714
320368.6142857143
307786.65
310592.0571428572
313011.21428571426
327304.1642857143
280642.3642857143
311005.5
320191.8
332141.9
312822.65714285715
334547.92142857146
316189.10714285716
345750.1214285714
297598.7642857143
327410.8785714286
310054.9142857143
366735.2
341138.85
352499.2642857143
347346.54285714286
337697.5571428572
319588.85
362632.6785714286
358487.3142857143
337495.7571428571
378172.3857142857
372866.1142857143
347885.03571428574
368403.67142857146
348930.5714285714
355788.52142857143
326670.9285714286
344734.65714285715
329483.90714285715
355956.8
335282.8785714286
328853.9285714286
383809.4
352430.0857142857
358352.3857142857
334629.4428571428
353792.3142857143
349753.34285714285
350537.47142857144
333463.28571428574
356851.9428571428
338140.0571428572
353735.1285714286
343877.2357142857
355902.6642857143
340593.22142857144
333316.8785714286
331690.5714285714
361598.3
348950.6642857143
323114.1857142857
349904.8357142857
342754.64285714284
345283.95
348326.2642857143
331499.42142857146
319004.6142857143
285288.5071428571
306333.9857142857
307396.5571428572
331887.1214285714
316456.67142857146
325792.7642857143
308223.2428571429
297118.4357142857
292399.47857142857
303975.9428571428
286636.65714285715
317471.6
327409.97142857144
323796.59285714285
285549.9928571429
318318.52857142856
349787.8
292335.0571428572
315895.8357142857
344522.0571428572
320257.2642857143
305156.97857142857
314665.03571428574
321967.85
308571.2357142857
344767.95
301943.6642857143
322431.45714285714
321583.27857142856
312726.70714285714
298515.0071428571
291676.09285714285
312796.92142857146
323093.4
288789.5
308662.14285714284
294350.46428571426
284905.32857142854
289088.1142857143
306874.28571428574
298310.4928571429
298455.8142857143
318443.9142857143
299743.02142857143
316606.32857142854
329092.05
309870.89285714284
308669.9928571429
351934.9857142857
