40.87724419792731
40.87724419792731
40.87724419792731
44.41223929765941
44.41223929765941
44.41223929765941
43.119305607449775
43.119305607449775
44.34974407327586
44.34974407327586
44.34974407327586
43.440696668754285
40.051140174379604
41.968069188412734
45.25646032675909
47.402846145149006
47.402846145149006
46.91650821904879
43.481163627788256
43.44770223824829
43.44770223824829
43.44770223824829
43.44770223824829
43.44770223824829
43.44770223824829
43.44770223824829
43.67925685204488
43.96636826292231
43.96636826292231
44.092461853791846
41.66635796752485
44.092461853791846
44.092461853791846
44.092461853791846
44.092461853791846
44.092461853791846
44.092461853791846
42.66073093735575
44.092461853791846
40.46785517843854
40.46785517843854
43.79323850106529
43.601577523548784
43.601577523548784
43.601577523548784
44.092461853791846
42.18372153134783
43.44587097796798
43.44587097796798
43.02485169151836
43.34311367644701
44.06263054725408
44.0286817253701
44.06391593560203
44.06391593560203
44.06391593560203
44.07741251325555
44.07741251325555
44.07741251325555
44.12706063819531
44.12706063819531
44.12706063819531
44.12706063819531
44.273112889231655
44.273112889231655
44.273112889231655
43.91987470950794
43.91987470950794
44.287573508146146
46.02693422040992
46.02693422040992
46.02693422040992
43.82444530945893
43.82444530945893
43.82444530945893
43.82444530945893
43.82444530945893
43.82444530945893
47.871402742202804
47.871402742202804
47.871402742202804
47.871402742202804
47.871402742202804
44.39453904483172
48.259639450107
48.259639450107
46.49614457012806
46.49614457012806
46.49614457012806
46.49614457012806
46.49614457012806
45.48704390948799
45.48704390948799
45.48704390948799
42.8248138665725
42.8248138665725
42.8248138665725
42.8248138665725
42.8248138665725
42.8248138665725
42.8248138665725
42.8248138665725
42.8248138665725
42.8248138665725
42.8248138665725
42.8248138665725
42.8248138665725
42.8248138665725
42.8248138665725
44.03648126820676
44.07391098164081
44.07391098164081
44.07391098164081
44.07391098164081
44.091524964433304
43.90364557131838
43.90364557131838
43.586409256110166
43.586409256110166
43.586409256110166
45.73751238668477
43.70548635727991
45.73751238668477
45.15938005201378
45.1558157999206
45.1558157999206
44.95052696038934
44.95052696038934
44.95052696038934
44.95052696038934
44.95052696038934
45.84996902319818
45.84996902319818
45.84996902319818
45.84996902319818
45.84996902319818
45.84996902319818
45.59245474538995
45.59245474538995
45.40852729287892
45.40852729287892
45.40852729287892
45.40852729287892
45.14480968858132
45.14480968858132
47.174256045206036
47.207279932484504
47.123252485964855
47.123252485964855
47.123252485964855
47.212783913697585
47.212783913697585
47.212783913697585
47.212783913697585
47.212783913697585
47.212783913697585
47.212783913697585
47.212783913697585
47.212783913697585
47.46963637030787
47.46963637030787
48.37090397627918
48.37090397627918
48.381357865125835
48.381357865125835
48.50053219797765
48.50053219797765
48.50053219797765
48.79837299475405
48.88960693377936
49.194100205276364
49.194100205276364
50.3535315137231
50.3535315137231
49.28767519144632
50.390405230745834
50.390405230745834
50.390405230745834
47.13774431628528
47.13774431628528
47.13774431628528
47.13774431628528
47.13774431628528
47.13774431628528
47.13774431628528
47.11753143196232
47.11753143196232
47.11753143196232
47.12680339724808
47.12680339724808
47.12680339724808
47.12680339724808
47.12680339724808
47.12680339724808
47.12680339724808
47.13774431628528
49.69835085861262
45.569942868872076
45.569942868872076
45.569942868872076
45.569942868872076
45.569942868872076
45.657179022270874
45.657179022270874
45.657179022270874
49.00302751590403
49.19655859584578
48.87290167865707
49.19655859584578
43.48902411826553
47.339260057471265
47.339260057471265
47.339260057471265
47.339260057471265
47.38469827586208
47.38469827586208
47.36907327586208
47.36907327586208
47.36907327586208
47.36907327586208
47.36907327586208
47.36907327586208
47.57561063218391
47.57561063218391
47.57561063218391
47.57561063218391
47.57561063218391
47.501975574712645
47.57561063218391
48.03125000000001
48.03125000000001
48.03125000000001
48.03125000000001
48.18121408045978
48.40122126436782
48.40122126436782
47.771895031341856
48.40122126436782
46.31050244490115
52.32081911262797
49.70490930524393
52.32081911262797
52.32081911262797
52.38272878799904
52.38272878799904
52.74942455750456
47.54448526763201
52.850623065322644
53.883839987300576
48.75715171985938
53.883839987300576
53.97551392967695
51.86346793708409
51.86346793708409
53.929261772568374
53.929261772568374
50.4109307964932
52.856946516924516
52.856946516924516
52.99831147412235
53.04543312652163
53.13555328673526
52.470645792563595
47.37466925383665
51.53480036997071
51.53480036997071
52.43925309849967
47.4548994391455
47.4548994391455
52.4563763861709
52.6653212654925
49.76241940893676
47.83407709336238
47.83407709336238
47.83407709336238
51.84766515945741
51.84766515945741
51.84766515945741
51.84766515945741
47.51861555432984
43.625730055837245
43.625730055837245
43.625730055837245
43.625730055837245
43.625730055837245
43.625730055837245
43.625730055837245
43.625730055837245
52.44756950089417
52.44756950089417
52.44756950089417
52.44756950089417
49.49457612006835
46.048806686583205
46.048806686583205
49.49457612006835
44.2920281818775
44.2920281818775
44.2920281818775
44.2920281818775
44.2920281818775
44.2920281818775
46.450516068901244
48.325098447135744
48.81491938479827
48.87175867449291
48.87175867449291
48.87175867449291
48.791008731190786
48.791008731190786
46.64959881756757
48.791008731190786
48.791008731190786
48.791008731190786
51.54084658937719
51.54084658937719
51.59091784462504
51.63986697965571
51.63986697965571
51.63986697965571
51.63986697965571
52.26956181533645
52.26956181533645
52.26956181533645
53.54907539118066
53.54907539118066
53.54907539118066
53.54907539118066
54.257467994310105
54.257467994310105
54.257467994310105
46.09158643214371
46.09158643214371
46.09158643214371
46.09158643214371
46.09158643214371
46.112679889769666
46.112679889769666
46.112679889769666
46.18769775116524
46.18769775116524
46.18769775116524
46.18769775116524
46.18769775116524
46.18769775116524
46.22614227877386
46.22614227877386
47.00949205593169
47.16292994930767
46.519950637597695
46.519950637597695
46.42859591389004
46.42859591389004
45.91416207444472
46.42859591389004
46.42859591389004
46.42859591389004
46.78578774167009
48.933727604800836
49.15133066620282
49.50521882439114
49.50521882439114
49.61395178962746
49.79838857352133
49.79838857352133
48.84871903451195
48.84871903451195
49.53420074349443
49.79838857352133
51.46879552250249
48.88542195776794
48.88542195776794
51.38917378917379
51.38917378917379
50.08086501620984
50.08086501620984
50.08086501620984
50.08086501620984
51.38917378917379
51.38917378917379
51.38917378917379
51.38917378917379
51.38917378917379
51.38917378917379
51.68730353446292
51.79596660439938
51.79674921413785
50.92136194737242
50.92136194737242
50.92136194737242
49.326648599819336
49.326648599819336
49.326648599819336
48.28560899207666
48.28560899207666
49.325745257452574
49.325745257452574
49.326648599819336
49.3356820234869
46.0237809352278
46.0237809352278
46.0237809352278
46.0237809352278
42.49270040034918
43.75372250152102
43.75372250152102
43.75372250152102
43.75372250152102
43.75372250152102
43.75372250152102
43.75372250152102
43.75372250152102
43.75372250152102
43.75372250152102
43.75372250152102
43.75372250152102
43.75372250152102
43.75372250152102
43.75372250152102
43.75372250152102
44.68686404516511
44.54818486181317
44.68686404516511
46.05163097858714
46.05163097858714
46.05163097858714
46.161196718030816
51.516987143862764
48.948847051955646
50.373953488372095
50.373953488372095
49.45531072047536
48.24179434856293
47.453973878004724
51.5405677246312
51.64511922503726
51.64735469448584
51.64735469448584
51.64735469448584
50.47531149053991
51.64735469448584
48.90244767648102
48.90244767648102
48.90244767648102
48.90244767648102
48.90244767648102
47.310908721560125
47.310908721560125
51.75074515648286
51.75074515648286
51.75074515648286
51.75074515648286
51.52505612419619
51.756333830104325
51.894187779433686
52.55864547862277
52.639235716988274
52.639235716988274
50.94424559979336
52.639235716988274
47.62868660418964
51.23586671658554
52.67896329928112
52.67896329928112
52.71396140749149
52.71396140749149
52.78206583427923
52.89935679152478
49.74377589687289
52.95989405978055
52.97219069239501
52.97219069239501
52.96575860764284
52.96575860764284
50.52277696793002
50.52277696793002
51.67623421354765
51.67623421354765
51.67623421354765
53.024025728339005
53.08077941732879
47.08337615181722
47.08337615181722
43.201743726836376
53.03367385546727
53.08077941732879
53.08077941732879
48.258660349503906
48.258660349503906
48.258660349503906
41.32677727722228
48.258660349503906
49.34644488863507
48.642881646655226
47.74770346767906
49.34644488863507
51.25707090982081
51.25707090982081
48.135257690095095
48.620881026708275
