26.482732732732735
28.571428571428573
28.696351931330476
28.696351931330476
35.51180490835664
35.77798539154069
36.26214078301792
31.414237935977066
38.269639065817415
36.485249595155956
34.26297485286249
34.53143379950333
38.19125404117747
35.63528806584362
33.663164752830035
39.19885550786838
39.14693381906497
35.9441275413193
38.44372719618299
39.62167689161554
39.088258680095414
32.434914550391305
36.5695067264574
36.72180718605478
38.51869606903164
38.15934498504173
33.82128697773711
37.84927679158448
34.91451962436793
36.06431852986218
38.53681267474371
38.7881679389313
37.97643797643798
36.3406141183919
35.69875641360118
37.869955156950674
37.52276867030965
35.34708578912901
36.9631217072953
33.90151515151515
34.83547925608011
37.30026894478722
40.03572538055296
35.90500945179584
35.7453596287703
38.64956437560504
36.59316075423458
37.672984356197354
38.91370797084411
38.524439544285194
38.953114964675656
40.30699703911485
37.87066809574848
37.22557399027988
35.78094302554028
39.788104984348664
38.25874485596709
37.88953081232493
39.108554996405466
34.441366574330566
40.995497748874435
37.83634061411839
40.83532457188371
37.06976744186046
40.672011084718925
36.832096474953616
38.13862093604859
38.6672879776328
40.157699443413726
40.21189501565133
36.47707016690974
39.878611313425594
35.35533396644507
37.864039252928144
38.555992141453835
38.77047234749585
35.93217450579414
36.82896379525592
37.760416666666664
40.393133997785164
38.80974992086103
38.150492264416314
37.2297515327525
39.222101054162124
37.62521377962375
39.741131351869605
37.65103056147832
37.073960463531016
37.83634061411839
35.15280403276623
41.256038647343
39.01474289823805
39.15804327375352
38.25363825363825
40.0611620795107
40.04329004329005
39.975272007912956
39.25392539253925
35.947789275634996
38.124031007751945
38.053949903660886
40.08750607681089
37.250712250712255
36.355452674897116
40.30112044817927
37.71892353695002
36.119532265049806
37.41610738255034
37.580982236154654
43.34959349593496
43.67030965391621
39.96221067548417
42.82833642876095
38.392357875116495
41.29402556744064
39.27975196756499
40.54054054054054
40.239344783715005
39.26164215686274
40.96959672337744
39.43252265140677
39.274285124393515
39.47703067874742
43.70740305522914
42.888888888888886
36.64134219689775
41.60169785169785
38.9517625231911
38.470668023058664
42.803090860644815
42.92837715321849
42.79045371098872
37.63211652899903
38.40956340956341
42.4012474012474
39.74154010125233
40.556088207094916
41.38544348233091
38.67706118592015
37.99229658160809
41.30964820619993
39.64575530586766
39.516207063376875
40.35916824196597
36.92501575299306
38.68438991138377
39.9543991416309
38.201254527785146
41.968013011656275
41.6432547044792
38.32188420019627
39.501312335958005
39.20316868592731
37.919410473502666
41.41938939475093
39.00579444952729
37.31763619575254
39.01205756514975
40.40660736975858
38.66389754240222
39.20562977099237
41.26747437092264
41.28270042194093
38.34274067105675
35.84285219799238
39.741345779852196
37.537993920972646
38.05869682283252
41.92185850052798
42.25182863113897
41.27255460588795
39.47222222222222
34.987067952033854
41.66971040960083
38.54946941323346
37.29322721598002
37.807183364839325
40.46852646638054
41.39022051773729
37.597725657427155
41.41931081542136
39.10876856732151
37.607861936720994
39.915522703273496
37.97036688617121
41.15563839701771
36.38556985294118
40.94238018309101
40.067103620474406
40.695296523517385
42.022254475084665
36.1350901105558
38.721918639951426
40.35036778939218
37.13959212376934
37.78613985575415
41.08455882352941
39.320987654320994
41.600392734413354
39.64013086150491
43.39051032599419
