28.571428571428573
28.696351931330476
28.696351931330476
36.54219481557611
36.54219481557611
36.54219481557611
39.11592994161801
39.173441734417345
39.173441734417345
39.173441734417345
40.798718743542054
42.838541666666664
42.838541666666664
42.838541666666664
42.838541666666664
42.838541666666664
42.964724534284585
42.964724534284585
45.701149425287355
46.89981096408317
45.04751847940866
46.89981096408317
46.89981096408317
46.63146779303062
45.776135163674766
45.776135163674766
46.89981096408317
44.197080291970806
44.197080291970806
44.197080291970806
44.197080291970806
44.197080291970806
44.197080291970806
44.197080291970806
44.197080291970806
44.197080291970806
44.197080291970806
44.197080291970806
44.197080291970806
44.197080291970806
44.197080291970806
44.197080291970806
41.38888888888889
41.38888888888889
41.38888888888889
41.38888888888889
41.38888888888889
43.30885352917176
43.30885352917176
43.30885352917176
43.30885352917176
43.30885352917176
43.30885352917176
44.197080291970806
44.197080291970806
44.197080291970806
44.197080291970806
44.197080291970806
44.197080291970806
44.24568965517241
44.24568965517241
44.24568965517241
44.24568965517241
41.185344827586206
41.185344827586206
41.185344827586206
41.185344827586206
41.185344827586206
41.185344827586206
41.185344827586206
41.185344827586206
41.185344827586206
41.185344827586206
41.185344827586206
41.185344827586206
41.185344827586206
41.185344827586206
41.185344827586206
44.24568965517241
44.24568965517241
44.24568965517241
44.24568965517241
46.78921568627452
46.78921568627452
46.78921568627452
46.78921568627452
46.78921568627452
46.78921568627452
46.78921568627452
49.117983963344784
49.117983963344784
49.117983963344784
49.117983963344784
49.117983963344784
49.117983963344784
49.117983963344784
49.117983963344784
49.117983963344784
49.117983963344784
49.117983963344784
49.117983963344784
49.117983963344784
49.117983963344784
50.06872852233677
50.06872852233677
50.06872852233677
50.06872852233677
50.06872852233677
50.06872852233677
50.06872852233677
50.06872852233677
50.06872852233677
50.06872852233677
50.06872852233677
50.06872852233677
50.06872852233677
50.06872852233677
50.06872852233677
50.06872852233677
50.06872852233677
50.06872852233677
50.06872852233677
50.06872852233677
50.06872852233677
50.06872852233677
50.06872852233677
50.06872852233677
50.06872852233677
50.06872852233677
50.06872852233677
50.06872852233677
50.06872852233677
50.06872852233677
50.06872852233677
50.06872852233677
50.06872852233677
50.06872852233677
50.06872852233677
50.06872852233677
50.06872852233677
50.06872852233677
50.06872852233677
50.06872852233677
50.06872852233677
50.06872852233677
50.06872852233677
50.06872852233677
50.06872852233677
50.06872852233677
50.06872852233677
50.06872852233677
50.06872852233677
50.06872852233677
50.06872852233677
50.06872852233677
50.06872852233677
50.06872852233677
50.06872852233677
50.06872852233677
50.06872852233677
50.06872852233677
50.06872852233677
50.06872852233677
50.06872852233677
50.06872852233677
50.06872852233677
50.06872852233677
50.06872852233677
50.06872852233677
50.06872852233677
50.06872852233677
50.06872852233677
50.06872852233677
50.06872852233677
50.06872852233677
50.06872852233677
50.06872852233677
50.06872852233677
50.06872852233677
50.06872852233677
50.06872852233677
50.06872852233677
50.06872852233677
50.06872852233677
50.06872852233677
50.06872852233677
50.06872852233677
50.06872852233677
50.06872852233677
50.06872852233677
50.06872852233677
50.06872852233677
50.06872852233677
50.06872852233677
50.06872852233677
50.06872852233677
50.06872852233677
50.06872852233677
50.06872852233677
50.06872852233677
50.06872852233677
