113810.0
91630.0
88455.0
77580.0
76830.0
74270.0
74270.0
76600.0
74270.0
74270.0
57840.0
57840.0
58260.0
58260.0
56040.0
56040.0
56040.0
54320.0
54320.0
54320.0
54320.0
54320.0
52560.0
52560.0
52560.0
52560.0
52560.0
52560.0
49900.0
49900.0
49900.0
49900.0
49900.0
49900.0
49900.0
52940.0
52940.0
52940.0
52940.0
52940.0
52940.0
52940.0
52940.0
52940.0
52940.0
45620.0
45620.0
45620.0
45620.0
45620.0
45620.0
45620.0
45620.0
45620.0
45620.0
45620.0
45620.0
45000.0
45000.0
45000.0
45000.0
45000.0
45000.0
45000.0
45000.0
45000.0
45000.0
45000.0
45000.0
45000.0
45000.0
45000.0
45000.0
45000.0
45000.0
45000.0
45000.0
45000.0
45000.0
45000.0
45000.0
45000.0
45000.0
45000.0
45000.0
45000.0
45000.0
45000.0
45000.0
45000.0
45000.0
45000.0
45000.0
45000.0
45000.0
45000.0
45000.0
45000.0
45000.0
45000.0
45000.0
45000.0
45000.0
45000.0
45000.0
45000.0
45000.0
45000.0
45000.0
45000.0
45000.0
45000.0
45000.0
45000.0
45000.0
45000.0
45000.0
45000.0
45000.0
45000.0
45000.0
45000.0
45000.0
45000.0
45000.0
45000.0
45000.0
45000.0
45000.0
45000.0
45000.0
45000.0
45000.0
45000.0
45000.0
45000.0
45000.0
45000.0
45000.0
45000.0
45000.0
45000.0
45000.0
45000.0
45000.0
45000.0
45000.0
45000.0
45000.0
45000.0
45000.0
45000.0
45000.0
45000.0
45000.0
45000.0
45000.0
45000.0
45000.0
45000.0
45000.0
45000.0
45000.0
45000.0
45000.0
45000.0
45000.0
45000.0
45000.0
45000.0
45000.0
45000.0
45000.0
45000.0
45000.0
45000.0
45000.0
45000.0
45000.0
45000.0
45000.0
45000.0
45000.0
45000.0
45000.0
45000.0
45000.0
45000.0
45000.0
45000.0
45000.0
45000.0
45000.0
45000.0
45000.0
45000.0
45000.0
45000.0
45000.0
45000.0
45000.0
