57.26495726495726
64.57389580973953
64.57389580973953
65.31466512702079
66.97961373390558
66.97961373390558
66.97961373390558
66.97961373390558
66.97961373390558
66.97961373390558
67.23585912486661
67.23585912486661
67.23585912486661
67.23585912486661
67.23585912486661
67.23585912486661
67.23585912486661
67.23585912486661
68.39266450916936
68.39266450916936
68.39266450916936
68.39266450916936
68.6353829557713
68.6353829557713
68.6353829557713
68.6353829557713
68.6353829557713
68.6353829557713
68.6353829557713
68.6353829557713
68.6353829557713
68.6353829557713
68.6353829557713
68.6353829557713
68.6353829557713
68.6353829557713
68.6353829557713
68.6353829557713
68.6353829557713
68.6353829557713
68.6353829557713
68.6353829557713
68.6353829557713
68.6353829557713
68.6353829557713
68.6353829557713
68.6353829557713
68.6353829557713
68.6353829557713
68.6353829557713
68.6353829557713
68.6353829557713
68.6353829557713
68.6353829557713
68.6353829557713
68.6353829557713
68.6353829557713
68.6353829557713
68.6353829557713
68.6353829557713
68.6353829557713
68.6353829557713
68.6353829557713
68.6353829557713
68.6353829557713
68.6353829557713
68.6353829557713
68.6353829557713
68.6353829557713
68.6353829557713
68.6353829557713
68.6353829557713
68.6353829557713
68.6353829557713
68.6353829557713
68.6353829557713
68.6353829557713
68.6353829557713
68.6353829557713
68.6353829557713
68.6353829557713
68.6353829557713
68.6353829557713
68.6353829557713
68.6353829557713
68.6353829557713
68.6353829557713
68.6353829557713
68.6353829557713
68.6353829557713
68.6353829557713
68.6353829557713
68.6353829557713
68.6353829557713
68.6353829557713
68.6353829557713
68.6353829557713
68.6353829557713
68.6353829557713
68.6353829557713
68.6353829557713
68.6353829557713
68.6353829557713
68.6353829557713
68.6353829557713
68.6353829557713
68.6353829557713
68.6353829557713
68.6353829557713
68.6353829557713
68.6353829557713
68.6353829557713
68.6353829557713
68.6353829557713
68.6353829557713
68.6353829557713
68.6353829557713
68.6353829557713
68.6353829557713
68.6353829557713
68.6353829557713
68.6353829557713
68.6353829557713
68.6353829557713
68.6353829557713
68.6353829557713
68.6353829557713
68.6353829557713
68.6353829557713
68.6353829557713
68.6353829557713
68.6353829557713
68.6353829557713
68.6353829557713
68.6353829557713
68.6353829557713
68.6353829557713
68.6353829557713
68.6353829557713
68.6353829557713
68.6353829557713
68.6353829557713
68.6353829557713
68.6353829557713
68.6353829557713
68.6353829557713
68.6353829557713
68.6353829557713
68.6353829557713
68.6353829557713
68.6353829557713
68.6353829557713
68.6353829557713
68.6353829557713
68.6353829557713
68.6353829557713
68.6353829557713
68.6353829557713
68.6353829557713
68.6353829557713
68.6353829557713
68.6353829557713
68.6353829557713
68.6353829557713
68.6353829557713
68.6353829557713
68.6353829557713
68.6353829557713
68.6353829557713
68.6353829557713
68.6353829557713
68.6353829557713
68.6353829557713
68.6353829557713
68.6353829557713
68.6353829557713
68.6353829557713
68.6353829557713
68.6353829557713
68.6353829557713
68.6353829557713
68.6353829557713
68.6353829557713
68.6353829557713
68.6353829557713
68.6353829557713
68.6353829557713
68.6353829557713
68.6353829557713
68.6353829557713
68.6353829557713
68.6353829557713
68.6353829557713
68.6353829557713
68.6353829557713
68.6353829557713
68.6353829557713
68.6353829557713
68.6353829557713
68.6353829557713
68.6353829557713
