41.879905330934676
48.27764977871246
48.927137632040704
53.157511580142184
52.92660623793487
52.3776801143193
53.63316452338157
55.18242230903286
53.55896065112405
54.11354608130175
53.416921787417216
54.59868541837183
55.344708504511146
55.601835989204005
55.399938135010004
55.30603511087227
55.866987860318794
56.217941299718
56.73410362485391
57.083282478246154
56.71308870135578
57.64133300002719
57.049807974334385
57.0607353954647
56.813383221074695
56.766596064384316
56.85223073546275
57.66905320009902
56.00220188972191
56.49737781748011
56.20664657181415
56.456117865736864
56.72288899779692
57.08808668039809
57.31289707609796
57.23259238640958
57.307177074898824
57.311222382342194
57.23888784530584
57.193376436862465
57.60870542332104
57.622815606125656
57.25226104089324
57.116910232167804
57.12515555461724
57.07346297700665
57.2188491102392
57.14681613837202
57.17638152205435
57.55690648467257
57.68729315628852
57.965778264605156
58.2037483530786
58.584782431365696
58.42841616987255
58.55952943806267
58.82072570318405
58.55989596105277
58.76296778515497
59.54457970811082
59.4168992628147
59.84261105007282
59.2875094977958
59.27929294742081
59.28572248168718
59.4161661837857
59.42018813247714
59.485089855249335
59.991203923417416
59.935500047162044
59.935500047162044
60.05417793076318
59.80416984986241
59.80416984986241
59.78410804607113
59.93922072037487
59.93922072037488
59.847090157346905
60.140798503472546
59.98720593043092
59.89187678057916
60.026892776264965
60.071374548631184
59.89720624689163
59.89720624689163
59.81902205920946
59.92652149423686
60.09860541578386
60.730442780742905
61.21935215662942
61.21935215662942
61.044018710686494
61.044018710686494
61.199647839829346
61.25668964129171
61.460116098781214
61.59824284668391
61.65645042650874
61.65645042650874
61.83984134775379
61.9830127662684
62.072373489168925
62.32731718596834
62.8468122785813
62.94886136975345
63.01389678640801
63.086109239558006
63.086109239558006
63.08610923955802
63.12070885423871
63.12070885423871
63.12070885423871
63.12070885423871
63.12070885423871
63.14540878570925
63.14540878570925
63.26774042479984
63.35159188283223
63.37220764251752
63.37220764251752
63.49756328593735
63.57967542229749
63.57967542229749
63.68587652652801
63.68587652652801
63.68587652652801
63.81123216994785
63.83532113781822
63.90758804142932
63.96561120991908
63.96561120991908
64.0264928754031
64.0264928754031
64.09105317873698
64.09105317873698
64.09105317873698
64.02264935579691
63.954245532856845
63.954245532856845
64.00890615298061
63.94050233004055
63.94050233004055
63.96217086406899
63.96217086406899
63.96217086406899
63.8456747935938
63.8456747935938
63.85986407825403
63.849964395043884
63.86415367970412
63.61861642702231
63.66185993408198
63.90017566865465
63.90017566865465
63.78095695146481
63.78095695146481
63.78095695146481
63.61357143536647
63.57167880173678
63.528757786278604
63.528757786278604
63.525596542900566
63.52243529952254
63.601951552162205
63.47343466536435
63.48547702669728
63.37427374710221
63.37427374710221
63.499629390522
63.499629390522
63.499629390522
63.59738888024409
63.5973888802441
63.47316864396594
63.47316864396594
63.47316864396594
63.47316864396594
63.39862324300962
63.360663375465414
63.35015272865509
63.339642081844765
63.339642081844765
63.339642081844765
63.339642081844765
63.21112519504694
63.21112519504694
63.21112519504689
63.059152022253265
63.16041869780274
63.16041869780274
63.16041869780274
63.17654923266282
63.17654923266282
63.17654923266282
63.079918956221086
62.954563312801284
62.954563312801284
62.95456331280125
63.05834398318982
63.05834398318982
63.05834398318982
