38.589776638459995
43.88286518936173
48.319618151605
49.33850258953457
51.480805252465615
51.748336455878714
51.169113446136784
50.91368041243387
52.195866396569464
49.74123540037033
50.17953251678934
51.124898838269935
51.304695755096155
52.48068098911413
51.844196140560214
51.79081679986885
51.75222530615251
52.290786537673746
52.25900276696872
53.182708298864114
52.55371206649756
52.17999166685639
53.821162244114994
53.25914318670604
53.74603686409883
53.246950449967635
52.634738705422734
53.634900644391976
53.93581072914453
52.204244579117606
53.26837132877508
53.59244928528604
52.96206459715545
53.12655072333879
52.82129187097751
54.251805508262485
53.813326282297545
52.665204731931176
53.04521938885717
52.027325398974995
52.87766589636148
52.49032807741086
54.11648336989331
53.40855851342024
53.11773665858311
54.189101402866946
53.69928046326826
53.12238858481075
53.741446996834455
53.936643544165804
54.466066194288736
54.26467789171742
54.22228284543453
53.87983083607444
54.82425072287038
53.754367664229534
54.323376299009915
55.20896860653014
55.43495768612388
53.828101807494185
55.03155933374075
55.07826933068642
56.11314635573897
54.49401272204724
54.91366570134601
54.45951903658803
55.37049223705688
55.172664537039715
55.39790716514801
55.77373386124756
54.91288010138234
54.87100831444357
55.51287307550451
55.86183579520797
55.446926049612365
55.273252300219674
55.375088072676014
54.891028897646606
55.58325505124515
55.92297207828668
55.614060482948126
54.54541767635312
55.22145314811269
55.51858977524819
56.301314496512944
56.02895060763089
55.517679559136354
55.858713236678184
56.09406303313881
55.46871230827707
56.58104770405633
56.39767603541603
55.60892287784256
56.23694575395515
55.92838447514256
56.1657975161939
56.215834593231314
56.34012252853061
56.4543096795528
56.79077059029072
56.8463727813906
57.16979542875406
57.36725643104757
56.8401128104286
57.87209288580938
56.818923014919264
57.04131369895842
58.024461522213905
57.66620303300388
58.098349663385754
58.22823930313912
57.71570674363363
57.72467844046555
57.51294691165
57.215400058798494
56.860148371963035
57.55099486559608
57.21120075771737
57.356681367068056
57.43643539689959
57.68058424638095
57.35738102382428
57.664868138456285
58.11637071772324
57.921243482285
57.572827751415524
58.220407096031245
57.855917997998375
57.9062460626493
58.30280731687817
58.63885027042631
59.005868055611856
57.5222675002293
58.12782995490879
57.52194039635307
58.25093944946489
58.281839158292655
57.97135676372727
58.0310920941317
58.04565428047749
57.53963648809095
58.00652216766389
58.0762895494435
57.88530978288877
57.7847942949
57.56052301858419
57.61517276691776
57.2814248102873
58.31747751429539
58.561430203427726
57.73234689372087
58.19697094507258
57.65103837176699
57.4706367662479
58.73744778431237
57.92067271070227
57.85536882929943
57.993483757459394
57.13112295355941
57.623347899803996
57.29759757005085
57.64774716524732
58.50367320920072
58.118706999120825
57.58864205172688
57.89507417224931
56.686577791060714
57.20377768569275
57.97860065390309
57.77009452062125
57.405707057748366
57.37697637235722
56.416150853992875
58.00230696087461
56.91561139658898
57.43243047350417
56.99137821218024
57.69370576663709
58.155506474288146
56.959758243794624
57.89064835890254
58.077352612046056
57.502035855090256
57.38392803086785
57.25925454506345
57.595955911166925
57.04947804238894
57.39573617074306
56.596870170894455
57.730452919700944
56.891457091147124
56.70973685500964
57.24653513648715
58.024444769305745
57.63738913082733
57.10756632442101
57.04668873990564
57.57723896632614
57.45319272624451
56.78901913034218
57.00425027339433
