158572.0
126505.0
118474.0
115978.0
115978.0
115978.0
108174.0
108174.0
108174.0
108174.0
108174.0
108174.0
108174.0
102112.0
102112.0
102112.0
90370.0
89728.0
89294.0
89294.0
89294.0
82048.0
82048.0
82048.0
82048.0
73038.0
73038.0
73038.0
73038.0
73038.0
73038.0
73038.0
73038.0
73038.0
73038.0
73038.0
73038.0
73038.0
73038.0
73038.0
73038.0
73038.0
73038.0
73038.0
73038.0
73038.0
73038.0
73038.0
73038.0
73038.0
73038.0
73038.0
73038.0
73038.0
73038.0
73038.0
73038.0
73038.0
73038.0
73038.0
73038.0
67544.0
67544.0
67544.0
67544.0
67544.0
67544.0
67544.0
67544.0
67544.0
67544.0
67544.0
67544.0
67544.0
67544.0
67544.0
67544.0
67544.0
67544.0
67544.0
67544.0
67544.0
67544.0
67544.0
67544.0
67544.0
67544.0
62354.0
62354.0
62354.0
62354.0
62354.0
62354.0
62354.0
62354.0
62354.0
62354.0
62354.0
62354.0
62354.0
62354.0
62354.0
62222.0
62222.0
62222.0
62222.0
62222.0
62222.0
62222.0
62222.0
62222.0
62222.0
62222.0
62222.0
62222.0
62222.0
62222.0
62222.0
62222.0
62222.0
62222.0
62222.0
62222.0
62222.0
62222.0
62222.0
62222.0
62222.0
62222.0
62222.0
62222.0
62222.0
62222.0
62222.0
62222.0
62222.0
62222.0
62222.0
62222.0
62222.0
62222.0
62222.0
62222.0
62222.0
62222.0
62222.0
62222.0
62222.0
62222.0
62222.0
61890.0
61890.0
61890.0
61890.0
61890.0
61890.0
61890.0
61890.0
61890.0
61890.0
61890.0
61890.0
61890.0
61890.0
61890.0
61890.0
61890.0
61890.0
61890.0
61890.0
61890.0
61890.0
61890.0
61890.0
61890.0
61890.0
61890.0
61890.0
61890.0
61890.0
47802.0
47802.0
47802.0
47802.0
47802.0
47802.0
47802.0
47802.0
47802.0
47802.0
47802.0
47802.0
47802.0
47802.0
47802.0
47802.0
47802.0
47802.0
47802.0
47802.0
47802.0
47802.0
42132.0
42132.0
42132.0
42132.0
42132.0
42132.0
42132.0
42132.0
42132.0
42132.0
42132.0
42132.0
42132.0
42132.0
42132.0
42132.0
42132.0
42132.0
42132.0
42132.0
42132.0
42132.0
42132.0
42132.0
42132.0
42132.0
42132.0
42132.0
42132.0
42132.0
42132.0
42132.0
42132.0
42132.0
42132.0
42132.0
42132.0
42132.0
42132.0
42132.0
42132.0
42132.0
42132.0
42132.0
42132.0
42132.0
42132.0
42132.0
42132.0
42132.0
42132.0
42132.0
42132.0
42132.0
42132.0
42132.0
42132.0
42132.0
42132.0
42132.0
42132.0
42132.0
42132.0
42132.0
42132.0
42132.0
42132.0
42132.0
42132.0
42132.0
42132.0
42132.0
42132.0
42132.0
42132.0
42132.0
42132.0
42132.0
42132.0
42132.0
42132.0
42132.0
42132.0
42132.0
42132.0
42132.0
42132.0
42132.0
42132.0
42132.0
42132.0
42132.0
42132.0
42132.0
42132.0
42132.0
42132.0
42132.0
42132.0
42132.0
42132.0
42132.0
42132.0
42132.0
42132.0
42132.0
42132.0
42132.0
42132.0
42132.0
42132.0
42132.0
42132.0
42132.0
42132.0
42132.0
42132.0
42132.0
42132.0
42132.0
42132.0
42132.0
42132.0
42132.0
42132.0
42132.0
42132.0
42132.0
42132.0
42132.0
42132.0
42132.0
42132.0
42132.0
42132.0
42132.0
42132.0
42132.0
42132.0
42132.0
42132.0
42132.0
42132.0
42132.0
42132.0
42132.0
42132.0
42132.0
42132.0
42132.0
42132.0
42132.0
42132.0
42132.0
42132.0
42132.0
42132.0
42132.0
42132.0
42132.0
42132.0
42132.0
42132.0
42132.0
42132.0
42132.0
42132.0
42132.0
42132.0
42132.0
42132.0
42132.0
42132.0
42132.0
42132.0
42132.0
42132.0
42132.0
42132.0
42132.0
42132.0
42132.0
42132.0
42132.0
42132.0
42132.0
42132.0
42132.0
42132.0
42132.0
42132.0
42132.0
42132.0
42132.0
42132.0
42132.0
42132.0
42132.0
42132.0
