301357.2727272727
266792.7625
240484.6375
227221.5875
223569.2125
220985.95
207700.0125
211390.725
220093.6125
234179.9
232339.375
219774.15
208218.2375
213670.9375
225892.15
214387.7625
195585.55
181111.3625
175158.7125
163920.75
161237.325
144072.3375
142240.125
143284.275
148000.85
155555.225
154665.15
156980.975
158433.9375
163164.2625
158065.275
159151.05
166829.3375
160581.2625
152011.8125
170366.475
175017.6875
164644.6
172951.9375
175657.6
168660.0875
158090.0375
162131.85
172654.7
169434.525
166021.1875
167441.475
161085.7125
157731.9625
171279.0375
174217.725
176133.1875
180174.7375
173210.075
175080.6
173090.5
162722.85
156605.0875
157942.95
165036.9125
156028.675
154969.025
163944.9375
155872.9125
143718.45
143432.925
147775.2625
166889.1125
158168.75
149569.025
150287.5
156439.0875
168188.2
158865.175
149028.45
137295.6
144656.3875
139717.55
141436.325
132291.15
142863.2625
149600.325
154479.075
165440.175
159226.1
148587.5
133893.325
125667.025
137010.775
154716.625
152528.725
139764.1625
135824.175
139532.0625
132086.2375
127897.15
141656.8375
136345.2375
142424.75
142340.35
144060.0125
139008.6125
134109.5875
142488.4
133988.45
142241.9
145027.475
140947.025
140556.8375
138140.2
133854.925
125146.4625
140348.8125
144513.7625
131251.2625
127198.0125
133324.725
140816.925
145776.9
131747.95
136696.2
142414.5875
152574.75
140270.6875
145461.675
151170.5
143724.125
138927.275
144238.6625
145256.825
147489.9875
140114.625
144928.125
153302.125
136681.6125
130309.7875
133134.925
140756.5875
137527.1125
139218.175
150661.525
160157.45
151953.95
140855.725
135854.3625
135996.2625
134235.7875
141633.8625
134807.775
135768.6125
141309.0375
130289.075
132387.825
138841.3375
131147.75
139527.5375
140700.6875
143216.875
158666.1
146279.3125
131446.6625
141841.8125
133137.1
133812.5875
132937.0
125578.2625
126033.4875
126055.575
120094.5125
120466.9875
130276.1125
134722.4875
134850.8
126145.8625
130255.3125
129130.2
138043.55
141622.1375
141596.625
131867.425
131589.5625
130559.7875
132711.1125
132543.4125
131279.25
135032.55
138825.025
130754.5125
129149.7625
127367.925
127353.7125
122807.875
135423.1625
138086.8375
129623.8
123293.6
128452.2625
123374.45
123889.375
136680.7875
132135.3
130787.3375
139000.725
130793.0875
130900.825
130716.8625
124373.65
125966.425
125789.925
130926.7375
130236.875
140833.9875
147390.4125
143497.3875
143677.725
136418.9875
133255.2625
135679.175
137900.75
138246.575
133369.625
149238.625
150914.6875
149258.7375
140170.925
139790.9375
140108.8625
131823.1625
124548.275
131620.525
138669.6625
148405.425
142249.925
134746.9875
139950.7625
152389.325
152093.6375
150106.6375
137842.6625
125288.85
128475.725
133669.525
127717.85
128085.275
139847.325
144155.15
140810.15
126287.15
129336.0875
138821.4
144683.075
144504.9
132533.475
116878.6125
133760.5625
141319.7625
141638.4375
133925.0375
135522.0375
130797.575
135913.2125
135360.025
123205.725
130846.4875
136302.175
132279.6625
132567.4375
132822.7875
139479.5875
130950.1
134808.425
141491.1625
145236.9875
130822.325
124150.3375
123747.425
126199.6125
123299.15
127134.775
132401.7125
136384.8625
134805.175
128260.625
128226.95
127915.625
124413.0875
121923.7
124895.75
121912.9375
141960.3625
133109.7375
127642.8875
119822.4875
124181.925
123579.15
119572.5
123450.85
130976.3
134152.4625
128293.2
133738.9125
127632.8125
129999.8125
129345.3125
135856.3875
133535.8125
133912.6625
141452.8875
131344.4375
138557.65
142144.1875
121515.1875
123686.5
135781.85
131736.3875
139441.475
139683.75
132382.4
127172.6125
131559.4125
131697.5375
125587.3
133808.75
128245.1125
125005.4875
131565.3375
134336.5125
138467.85
148210.9875
142931.475
149138.3
164055.3875
145559.7625
145150.1125
135086.925
131201.5125
137503.7875
128850.15
138987.075
147261.225
152922.25
137990.3625
135512.1875
148227.2375
141190.25
137024.425
142518.3125
139259.225
143286.8875
132248.5625
144824.85
147756.1
139160.65
143642.6875
149822.7125
151018.6375
136160.375
137904.9125
143172.65
137937.875
133406.7
143835.0125
139689.8375
129732.825
140145.5625
131835.975
129242.225
137795.075
145050.35
138734.95
146189.4625
148775.7875
134701.4
130794.35
138774.0
132602.825
133398.375
130078.925
136909.275
136481.85
132734.65
132770.925
133017.2
140911.65
131954.1
141924.5375
132406.2
129082.6375
138124.25
147214.825
146270.8375
132365.1375
131316.95
140243.3125
139444.9
132356.6
141403.775
135207.7625
140769.5
152101.125
133227.4625
