52.97266896350877
57.835034145994506
62.48743618392264
62.728719732577
63.29176391360826
63.89327736086551
63.56403940575128
63.41094379595694
64.16230368647598
65.56908422384501
65.2536768989606
66.65602106916988
66.62904419235184
66.74476302308233
66.5135368302071
65.90687001938889
64.20294343981612
62.66056789946748
62.13896554382709
61.420424469910145
59.368043662207626
58.71550101186084
60.204763873001994
60.10506483720201
60.27341861996755
60.56566653015919
61.35541092967661
62.84759255353315
62.13108613672112
60.086262214277596
60.18304731121331
60.9247741268709
60.894324399096966
61.57385363397069
63.58783033421777
66.21214946250429
66.54185395744975
66.21639764299354
65.14598338294832
65.28186201674364
65.13078420065915
65.0580754759132
65.75342417192901
65.92827232290121
65.3228157530042
64.85504082815848
66.5176278781739
65.48751371762246
63.962998264429984
64.53426916620796
66.33588040132913
66.281391944077
67.53560821793735
67.84075613414117
67.03699912951258
67.89889132111067
65.66152310885408
64.07166367258148
64.96603748385776
65.29023905592089
65.18220247800882
65.82659981152847
65.63153792059379
65.13964170705948
63.33382461854603
63.397268496421624
64.27434366974734
64.42982739258579
64.31790792290533
64.176678622178
64.5257398379777
65.74618077370073
66.27861928763355
66.15071918072404
66.27289445323716
65.83821639301674
66.67748341455821
65.61208164639362
64.60875025917284
64.71197288962261
65.27468973264924
65.47796157008166
65.23063246285038
66.1262447879164
66.42829587505138
66.28948221480891
64.40530510337295
64.42076293955066
66.0883093230901
65.96288621065291
66.07366229939497
64.75863502574722
64.42429105762616
65.67527880294728
65.89049363088431
66.41290799961673
68.03734855327575
66.7261912119362
65.53125323848398
66.53906591427899
67.98341883433217
67.15203101029479
66.41570549884277
67.66232913992158
67.11359154298758
68.48743297030866
69.2150440668474
67.08927810903097
67.01671173719407
66.63961560110184
66.2305402416487
66.7950518412809
68.15651983199034
68.15609345940773
65.5519476463812
65.89360708836344
67.20208786932753
67.2624786356315
66.62237353459773
66.22174701008556
65.86468938051033
67.05894940786503
68.23876772873861
67.9521505352358
67.42884419474466
66.45155693589928
65.57410050899304
68.28570862963934
67.57243677652802
66.79788774844961
66.5584619004097
67.19671030166717
67.12321085976018
66.32722260087914
67.98307362303937
67.79777713316547
67.38881248964753
68.41117675593986
68.98179952955967
68.00830104748532
67.1165584106831
67.65782491739438
68.07639452405168
67.35095113487641
65.96631292340967
67.12712040298526
67.92144313124638
68.25922442474723
67.66783832194133
68.37414240835616
67.96373778927257
68.36977987593082
67.51726329529973
68.44989712543948
68.64232096099931
68.72801670508358
68.4730439330907
68.11380355004408
67.2729809095579
68.03538114496781
67.72198290676228
68.2982643676281
68.29983558513861
67.7948282517362
68.64259457768654
67.53667415671741
66.96779614049733
66.65125992591501
67.8795102206377
66.7674535056512
68.56337398387356
67.55956161808095
66.36340095253904
65.7341786294401
65.59535036856263
66.99913935384305
66.49613528533402
66.69674144929392
67.25949126234723
67.77277484162089
67.81976176293901
66.97375397684665
67.16303384591507
66.5114757791326
66.39118206964893
66.15048562217822
65.15872771498314
66.42595686104319
66.9153751025105
66.90112659804466
68.31780996192694
65.61654533901635
66.33245449186057
66.8171900097777
66.28588348358338
66.94909824207741
66.20259825316215
66.70832224710895
67.1714646567845
67.82169338353893
66.35713122076649
66.6405139220733
66.58810658643475
66.98058525312149
68.23295441872641
67.20360893373295
65.33619215515976
65.43156238073954
67.22887359834316
67.68833098895055
67.20877083817197
66.31534004761035
67.21560206965027
67.81850241429248
67.68760814960068
68.26228569651673
66.48824539037088
67.5989598984361
66.9031232318016
67.00340129229951
66.51380073652416
67.78929013459185
68.63065822830569
66.50422550580544
67.4832342391095
68.00447530633798
67.5187920616813
66.7159731681873
66.34657329278659
67.30896538402602
67.84876539200044
66.74302670468627
67.37764721102562
66.83759534064014
66.68759940656723
67.03749124561678
67.30221290192851
68.06582076445147
66.85744583363612
66.35324689693297
67.80268024212981
66.21091840732555
67.01811987205826
67.07687860858042
67.827397875278
67.80039796096416
66.45950310694123
67.27040804440661
68.24675596906202
69.4261467863557
68.91091137236869
68.01740109510817
67.16239305334226
66.51937025936749
66.92528612964307
68.67538381994602
67.50786662646121
68.18347697260423
67.35805038512731
66.85290787801313
67.18034674602538
67.41969128713205
67.31690503564977
66.89774525716382
67.58544316451459
67.01788037639965
67.18131764347224
67.34168825343338
67.44294498251952
67.16978044109456
66.7697425886947
68.9116596656129
69.08860582743017
67.18165808113483
67.38119649639381
66.79411340374767
66.922557622911
66.99593209467123
65.79306928943035
67.84362267948345
68.37214326050967
68.03814410300235
68.45917624917178
68.21329909720711
67.48919064331034
68.30492477270013
67.90294639122473
67.82457960384303
69.35600813146678
69.59671885760045
68.26362815885402
68.88642758558065
67.96274411310469
68.28310074453394
68.34817830579779
67.8447020466563
68.5408607504652
70.60289225764492
69.89807996898593
68.30382706716819
68.6556308211498
69.78554474791933
68.57551991025112
67.62644512613564
67.99343933665983
69.6881426233838
68.74414201147945
70.04303585770704
69.48872508987944
70.13047563354664
69.642403176882
69.30190138634428
68.83532239337629
68.98597643849283
68.99644098442977
69.70015112924236
69.69248038628089
67.28252695714156
69.10168994959
70.33286197820918
69.05873106447703
69.34004673479318
69.62868123628428
68.39831571372595
68.9537979747312
68.71985438660717
69.02874742293758
69.4367044894282
69.28603113012738
69.55177198404309
69.30873115139471
69.14855694179833
70.19202948801741
70.71971601303032
69.36940427229776
68.85393006864756
69.27177248989103
68.67105528200813
69.04330135717095
69.41066440306284
70.66243833562251
69.46066171583136
68.12286546450412
68.30281715464092
69.72929722897392
70.28116339416192
70.41311623121442
69.99531126629395
69.16984254944151
70.14755864065827
71.2165277497351
71.12286322019358
70.18427392792825
69.17415023328712
70.13200051469737
69.63933791758403
69.17072205352886
69.19591293448039
69.01381127403104
69.80579357319806
69.24598466561474
69.00984727241037
70.83105612888576
69.20463843886346
69.6188761742118
69.53119398815655
69.46779503365232
69.86020911475389
69.21380491473636
70.19750656994931
70.81711025631651
70.97914411047726
69.29120231876405
68.80229596549187
70.52062211021905
70.33258663284857
69.341359628012
70.51962731851448
70.7904627226823
71.31199394282795
69.9401441367065
70.24061556028694
69.777284108796
69.54092402907648
68.47211659361713
69.40391959456437
69.82403794397176
69.6139623329646
70.16059575466224
69.1336512220953
69.52030610868417
68.99306165131529
69.44248414146627
69.72712860656839
69.94321178644876
68.60188545890583
69.92676088008649
69.71646287280586
70.15758369464058
69.78906116386604
68.96652269271526
