755219.95
692981.475
657635.975
631474.325
620711.175
590555.3375
576529.65
546193.475
536729.0375
534657.7125
540545.775
524251.1375
520566.1
501096.125
488766.7375
472502.775
460036.2125
438592.2
437781.1625
451220.3
418622.0125
393852.9375
391160.9
392206.85
386312.1375
382194.8125
362408.8375
363072.1875
360956.8875
353286.4
334251.825
336381.0875
351976.3
340048.625
337692.6
334581.6
311146.9625
320137.3375
341392.0375
316547.6
320174.2625
328060.2
339998.65
349302.05
337083.4375
354511.0375
351896.025
355693.825
342916.1375
307832.8625
309012.5375
324775.25
327122.6
330162.65
321423.475
301191.65
304650.2625
312202.5625
319548.45
296173.7
312586.3875
339046.1625
342906.5
346858.375
344701.75
345186.4375
345166.7
339981.8125
345336.375
338954.3875
353070.8875
333977.5
334449.35
327469.2875
333965.9625
333965.9625
333965.9625
318021.8375
310389.6875
308524.25
309619.1625
309558.8125
320116.9125
319488.25
313391.1125
298107.8
295187.3625
295187.3625
291934.4125
291934.4125
291236.8
293488.1
274029.2375
266203.525
251532.35
245238.7375
234182.9375
233932.6875
232720.9875
228091.3125
222805.6375
213787.275
231264.325
228530.5375
224959.075
218529.7375
203834.65
208887.1125
219666.025
216916.125
222178.975
217220.1875
211232.9375
208095.5
208095.5
197179.425
196506.1625
207316.0875
202082.7
213467.375
206587.1
216685.6625
216374.775
215924.2875
221552.7375
221295.975
234753.65
228744.1125
224320.1
216972.45
230940.325
238664.65
236384.975
239958.8375
235888.85
242998.1125
241484.825
239816.6625
239767.0375
242130.1125
245615.525
248743.4625
244098.425
244152.6375
257346.15
257391.7875
265076.325
259172.4625
264544.85
274858.9
270364.1625
269139.45
269542.7875
270787.1125
262449.675
255705.2875
263202.2625
254416.4875
253473.4625
253441.1625
256934.1375
256810.0875
255277.7875
256413.6875
252206.6875
239794.5125
235963.925
230029.75
230023.625
237193.9125
238064.0
238064.0
241791.35
233309.2375
237664.375
244270.8875
213617.8625
206756.4625
210674.2625
200841.925
206283.875
207075.725
208244.3625
214202.0125
213261.5875
213261.5875
212643.1125
208438.1875
208438.1875
206210.6125
206224.375
206224.375
206920.325
204587.725
200797.2625
201605.95
198857.9125
202402.425
194294.3875
195448.85
195448.85
195371.5875
195980.5625
195980.5625
198368.6875
197547.9625
197373.5375
197574.95
201392.7375
204378.1625
200509.1875
198211.2375
200401.1625
191002.625
203354.7875
203354.7875
201912.7125
208408.325
208360.675
210255.9
199364.6125
203256.35
206982.7375
211936.35
211936.35
205305.0375
208201.325
201337.225
202425.9625
202728.4
183691.975
186790.3625
186389.85
181256.1875
180502.7125
180502.7125
180502.7125
190925.55
189430.1875
194123.125
207986.4
207968.6375
212009.65
209331.4875
208726.7625
211485.95
209332.025
209276.875
211414.5625
216510.1625
216040.675
220047.175
216183.45
216183.45
222070.5375
225520.0625
229089.0875
226268.8875
221347.3375
221062.9625
212139.025
212139.025
208593.375
209869.6625
209869.6625
209963.325
217326.6375
217865.35
224633.7875
224633.7875
225696.0125
223462.95
227428.6
229030.35
232223.6
248742.3
239413.9
240127.1625
239844.15
230605.5125
230605.5125
227566.9875
228736.5625
228736.5625
227038.8
222128.65
225266.925
226122.1125
232293.0625
227358.425
227358.425
227358.425
225887.5
228397.025
236251.4375
230374.9625
230374.9625
229686.725
229428.725
233768.0
233468.4625
227941.025
227941.025
232329.4625
232753.2375
232753.2375
229555.3375
229555.3375
224568.1
223225.375
219723.3625
218678.525
217612.9875
217612.9875
215583.125
215583.125
219343.65
219758.6875
219758.6875
219758.6875
219235.7125
214000.6375
213226.45
213226.45
211744.6875
211691.2875
208814.925
208814.925
211860.4625
216311.2
216509.9625
214157.55
214039.05
213470.7875
213470.7875
215299.2625
219192.0875
210300.825
210300.825
210100.0625
206465.1625
202736.9625
204198.4125
204275.0875
204275.0875
205957.7125
202526.2625
198771.9625
198771.9625
202987.775
202987.775
201976.5875
199960.15
199758.55
198709.325
193377.4625
193377.4625
193377.4625
192750.825
196093.325
196093.325
199497.125
199437.7375
199437.7375
199015.9625
198124.625
190804.5
190765.9875
193112.6875
196608.65
196608.65
192659.2
197376.675
197376.675
197376.675
196803.3875
193275.45
193275.45
193243.725
194085.0375
192729.1125
196952.125
196725.2
202637.7
196651.3125
196651.3125
195738.0
195738.0
188556.175
185073.0
185191.575
185191.575
185191.575
191387.6875
184352.7375
184071.0625
184071.0625
187696.4875
187643.425
187643.425
