1040676.0
1116661.0
952379.0
886373.0
833070.0
784334.0
784334.0
783904.0
779315.0
779315.0
779315.0
851736.0
852764.0
858070.0
858070.0
858070.0
858070.0
858070.0
858070.0
858070.0
858070.0
858070.0
858070.0
858070.0
914363.0
914363.0
914363.0
914363.0
914363.0
914363.0
914363.0
914363.0
914363.0
858070.0
858070.0
858070.0
858070.0
858070.0
858070.0
840787.0
840787.0
840787.0
840787.0
840787.0
840787.0
840787.0
840787.0
772273.0
772273.0
772273.0
772273.0
772273.0
772273.0
772273.0
772273.0
772273.0
791079.0
772273.0
772273.0
772273.0
762880.0
762880.0
762880.0
762880.0
762880.0
762880.0
762880.0
762880.0
762823.0
762823.0
762823.0
762823.0
762823.0
762823.0
762823.0
762823.0
762823.0
762823.0
762823.0
762823.0
762823.0
762823.0
762823.0
762823.0
762823.0
762823.0
762823.0
762823.0
762823.0
762823.0
790758.0
790758.0
762823.0
762823.0
762823.0
762823.0
762823.0
762823.0
762823.0
762823.0
762823.0
762823.0
762823.0
762823.0
762823.0
762823.0
762823.0
762823.0
762823.0
762823.0
762823.0
762823.0
762823.0
762823.0
762823.0
762823.0
753819.0
753819.0
753819.0
753819.0
753819.0
708962.0
708962.0
708962.0
708962.0
708962.0
708962.0
708962.0
708962.0
708962.0
708962.0
708962.0
708962.0
708962.0
708962.0
708962.0
708962.0
708962.0
708962.0
708962.0
708962.0
708962.0
708962.0
708962.0
776720.0
776720.0
776720.0
776720.0
776720.0
776720.0
776720.0
776720.0
776720.0
776720.0
776720.0
776720.0
776720.0
776720.0
767291.0
767291.0
767291.0
767291.0
767291.0
767291.0
767291.0
767291.0
767291.0
702594.0
702594.0
702594.0
702594.0
702594.0
702594.0
702594.0
702594.0
856014.0
701424.0
701424.0
701424.0
540256.0
540256.0
540256.0
540256.0
540256.0
540256.0
540256.0
540256.0
540256.0
540256.0
540256.0
540256.0
540256.0
540256.0
540256.0
540256.0
540256.0
540256.0
540256.0
540256.0
540256.0
540256.0
540256.0
540256.0
540256.0
540256.0
540256.0
540256.0
540256.0
540256.0
540256.0
540256.0
540256.0
528430.0
528430.0
535653.0
535653.0
528430.0
528430.0
528430.0
528430.0
528430.0
528430.0
528430.0
528430.0
528430.0
528430.0
528430.0
528430.0
528430.0
528430.0
528430.0
528430.0
528430.0
528430.0
511346.0
511346.0
511346.0
511346.0
511346.0
511346.0
511346.0
511346.0
511346.0
511346.0
511346.0
575814.0
511346.0
511346.0
511346.0
511346.0
511346.0
511346.0
511346.0
511346.0
511346.0
511346.0
511346.0
521623.0
521623.0
511395.0
511395.0
511395.0
511395.0
511395.0
511395.0
511395.0
511395.0
511346.0
511346.0
511346.0
511346.0
511346.0
511346.0
511346.0
511346.0
511346.0
511346.0
511346.0
511346.0
511346.0
511346.0
511346.0
511346.0
511346.0
511346.0
511346.0
511346.0
511346.0
511346.0
511346.0
511346.0
511346.0
511346.0
511346.0
511346.0
511346.0
511346.0
511346.0
511346.0
511346.0
511346.0
511346.0
511346.0
511346.0
511346.0
511346.0
511346.0
511346.0
511346.0
511346.0
511346.0
511346.0
511346.0
511346.0
511346.0
511346.0
511346.0
511346.0
511346.0
511346.0
511346.0
511346.0
511346.0
511346.0
511346.0
511346.0
511346.0
511346.0
511346.0
511346.0
511346.0
511346.0
511346.0
511346.0
511346.0
511346.0
511346.0
511346.0
511346.0
511346.0
511346.0
511346.0
511346.0
511346.0
511346.0
511346.0
511346.0
511346.0
511346.0
510851.0
510851.0
510851.0
510851.0
510851.0
510851.0
510851.0
510851.0
510851.0
510851.0
510851.0
510851.0
510851.0
510851.0
510851.0
510851.0
510851.0
510851.0
510851.0
510851.0
510851.0
510851.0
510851.0
510851.0
510851.0
510851.0
510851.0
510851.0
510851.0
510851.0
510851.0
510851.0
510851.0
510851.0
530166.0
510851.0
510851.0
510851.0
510851.0
510851.0
510851.0
510851.0
510851.0
510851.0
510851.0
497614.0
497614.0
497614.0
497614.0
497614.0
497614.0
