50715.583333333336
47815.5
45659.333333333336
36159.916666666664
35117.666666666664
33647.666666666664
36533.666666666664
33140.583333333336
32850.333333333336
27880.5
28618.916666666668
27575.416666666668
28623.416666666668
30381.25
29349.25
29891.416666666668
28586.5
28335.166666666668
25353.583333333332
25814.583333333332
25333.25
26361.166666666668
25700.833333333332
24931.833333333332
26608.833333333332
27324.583333333332
27228.083333333332
26944.916666666668
26442.25
26442.25
26144.916666666668
26131.916666666668
24818.0
26180.25
25830.25
25948.916666666668
25191.583333333332
25787.916666666668
26257.25
26147.916666666668
26584.25
26412.25
26455.916666666668
25659.916666666668
25256.25
24916.75
26300.416666666668
26244.416666666668
26138.083333333332
27221.75
27475.416666666668
27986.75
27470.416666666668
27698.416666666668
28614.75
27938.416666666668
28496.416666666668
29982.666666666668
29655.333333333332
30134.333333333332
30443.666666666668
30434.333333333332
30349.0
30399.0
31346.0
31753.333333333332
31933.666666666668
31221.0
31219.666666666668
31330.333333333332
30792.0
30747.0
30323.0
30105.333333333332
30385.333333333332
30742.0
30710.666666666668
31089.666666666668
31440.333333333332
31859.666666666668
33955.333333333336
33444.0
33456.666666666664
33328.333333333336
33281.0
33461.666666666664
33955.333333333336
33955.333333333336
33955.333333333336
33962.333333333336
33962.333333333336
33971.666666666664
34014.333333333336
34014.333333333336
34047.0
34047.0
34047.0
34102.0
34102.0
34370.333333333336
34408.666666666664
34389.0
34367.666666666664
34183.0
34244.333333333336
34302.333333333336
34357.333333333336
34357.333333333336
34452.0
34443.333333333336
34443.333333333336
34443.333333333336
34443.333333333336
34499.666666666664
34006.333333333336
33997.666666666664
33928.333333333336
33928.333333333336
33928.333333333336
33928.333333333336
33938.0
33969.0
33969.0
33741.0
33765.0
33789.0
33789.0
33895.0
33974.333333333336
33933.333333333336
33879.333333333336
33823.666666666664
33929.666666666664
33931.333333333336
33931.333333333336
33931.333333333336
33448.333333333336
33448.333333333336
33476.666666666664
33476.666666666664
33476.666666666664
33476.666666666664
33619.333333333336
33561.0
33561.0
33561.0
33590.333333333336
33590.333333333336
33590.333333333336
33578.333333333336
33584.0
33755.0
33755.0
33775.666666666664
33839.0
33368.666666666664
33368.666666666664
33512.666666666664
33524.333333333336
33526.0
33526.0
33527.666666666664
33491.0
33041.0
33096.0
33238.666666666664
33221.333333333336
33009.333333333336
32883.0
32883.0
32872.0
32836.333333333336
32836.333333333336
32836.333333333336
32796.666666666664
32836.333333333336
32491.0
32436.0
32795.0
32795.0
33210.0
33210.0
33067.333333333336
33067.333333333336
32769.0
32769.0
32359.0
31690.0
31724.0
31724.0
31676.0
31097.333333333332
31097.333333333332
31073.333333333332
31064.0
31066.666666666668
31066.666666666668
31066.666666666668
31066.666666666668
31066.666666666668
31066.666666666668
