43.05917218856232
47.54119074721554
50.29340271629312
50.62546499095119
51.42385272475205
52.4017966969757
54.464284724356176
53.87459101830736
54.47720056706714
53.4047512774378
54.252672859733956
54.34134897795101
54.96122889749222
55.93536514763355
55.768803465932635
56.35441901077954
56.082559385358145
56.082525754995544
55.08121972709181
55.84588884298632
55.558655594123906
56.17997816262697
56.07957241978679
55.765745553936945
56.45551542908389
56.73730605704201
56.87984433912911
56.77949658700829
56.70129583860705
56.706346343657565
56.61838905526306
56.48360972187387
56.19065516121619
57.11372805397346
56.94140178400081
57.084280062288336
56.77782730132351
56.92449822838615
57.237210573114034
57.16327800721653
57.333890967824836
57.31202009885593
57.38423255200591
56.971931542200004
57.081858215831694
57.15036137010083
57.81126794493967
57.90863134415131
57.907662701181636
58.7941042051399
58.95435898463451
59.26574982920121
59.023388395730386
59.22941139686106
59.84160889763997
59.588196374333165
59.865530421948804
60.53851325815514
60.42544458797512
60.70928503708365
60.88094743862369
60.90116198494208
60.91053183636734
60.89462724611764
61.26941875329162
61.4162716629163
61.52041712068829
61.30511341996232
61.31281462564427
61.35828078307087
61.1509546277533
61.099677092468006
60.93087574518946
60.93676766036575
60.95866002407648
61.168178711973425
61.14341792926135
61.23563310714746
61.32537416789101
61.46833241276008
62.18856647513079
61.991496781360986
62.04604714373034
61.9568395262711
61.9573558841861
62.078476500868184
62.248276117619895
62.248276117619895
62.248276117619895
62.25812380669553
62.25812380669553
62.28118675088147
62.33735037884748
62.33735037884746
62.38950339927673
62.38950339927673
62.38950339927671
62.46712462919879
62.46712462919879
62.61555152538199
62.70331007578201
62.68789889165751
62.66927447002049
62.540757583222636
62.641065045426096
62.73213808945057
62.809759319372645
62.809759319372645
62.95844119352479
62.945380266936624
62.945380266936624
62.945380266936624
62.945380266936624
63.03324007344858
62.906195016822345
62.89313409023418
62.951139150444185
62.951139150444185
62.951139150444185
62.951139150444185
62.942774120131034
63.00077383777296
63.00077383777296
62.998278595628406
63.046430624194706
63.094582652761005
63.094582652761005
63.25342923763191
63.37241545063948
63.319646746105654
63.245976224253944
63.17532181604922
63.19678104351705
63.19994228689506
63.19994228689506
63.19994228689506
62.98159560688584
62.98159560688581
63.01935646494453
63.01935646494453
63.01935646494453
63.01935646494453
63.10397556745373
63.0110500378995
63.0110500378995
63.01105003789947
63.06588851216337
63.06588851216337
63.06588851216337
63.06588851216337
63.07104866956283
63.19342863013078
63.19342863013078
63.21374643205331
63.31716797157472
63.24497674131672
63.24497674131672
63.29191570156482
63.321236385409414
63.32725756607588
63.32725756607588
63.33327874674236
63.27011887170097
63.06375596173011
63.141377191652175
63.22599629416136
63.21548564735105
63.19780687314109
63.117633548211295
63.117633548211295
63.0903833369629
63.041441140838245
63.041441140838245
63.041441140838245
62.969070153263644
63.041441140838245
62.89584701701993
62.81822578709786
63.06923554007681
63.06923554007681
63.22509090102736
63.22509090102736
63.14047179851812
63.14047179851812
63.03584634403386
63.03584634403386
62.9069837616731
62.70356265373882
62.746483669197005
62.746483669197005
62.678710128350566
62.43065826761936
62.43065826761936
62.41103675533921
62.38797381115327
62.408212670736475
62.408212670736475
62.408212670736475
62.408212670736475
62.40821267073649
62.40821267073649
