29.73534298599573
30.296100850190562
31.825648245922796
32.00498949579832
32.35438081253059
34.74592962184874
36.44671415132375
37.87249633610161
39.274989274989274
39.274989274989274
39.274989274989274
39.274989274989274
39.274989274989274
39.274989274989274
39.274989274989274
41.5632183908046
41.5632183908046
44.64367816091954
45.65312363477501
46.48318042813455
46.48318042813455
46.48318042813455
46.48318042813455
46.48318042813455
46.48318042813455
46.48318042813455
46.48318042813455
46.48318042813455
46.48318042813455
47.19540229885058
47.19540229885058
48.907820008737446
48.907820008737446
48.907820008737446
48.907820008737446
48.907820008737446
50.548112058465286
50.548112058465286
50.548112058465286
50.548112058465286
50.548112058465286
50.548112058465286
50.548112058465286
50.548112058465286
50.548112058465286
50.93382054405197
50.93382054405197
52.23304912708079
52.23304912708079
52.23304912708079
52.23304912708079
51.579218106995896
52.23304912708079
52.23304912708079
52.23304912708079
52.23304912708079
52.23304912708079
52.23304912708079
52.23304912708079
52.23304912708079
52.23304912708079
52.23304912708079
52.23304912708079
52.23304912708079
52.23304912708079
52.23304912708079
52.23304912708079
52.23304912708079
52.23304912708079
52.23304912708079
52.23304912708079
52.23304912708079
52.23304912708079
52.23304912708079
52.23304912708079
52.23304912708079
49.6041412911084
49.6041412911084
52.23304912708079
52.23304912708079
52.23304912708079
52.23304912708079
52.23304912708079
52.23304912708079
52.23304912708079
52.23304912708079
52.23304912708079
52.23304912708079
50.235162374020156
50.235162374020156
50.235162374020156
44.41786283891546
44.41786283891546
50.235162374020156
50.235162374020156
50.235162374020156
50.235162374020156
50.235162374020156
50.235162374020156
50.235162374020156
50.235162374020156
50.235162374020156
50.235162374020156
50.235162374020156
50.235162374020156
50.235162374020156
50.235162374020156
50.235162374020156
50.235162374020156
50.235162374020156
50.235162374020156
50.235162374020156
50.235162374020156
46.44535840188015
50.235162374020156
50.235162374020156
50.235162374020156
50.235162374020156
50.235162374020156
50.235162374020156
50.235162374020156
51.91591591591591
51.91591591591591
51.91591591591591
51.91591591591591
51.91591591591591
46.77696078431373
51.91591591591591
51.91591591591591
51.91591591591591
51.91591591591591
51.91591591591591
51.91591591591591
51.91591591591591
51.91591591591591
51.91591591591591
52.3406862745098
52.3406862745098
52.3406862745098
52.3406862745098
52.3406862745098
52.3406862745098
52.3406862745098
52.3406862745098
52.3406862745098
52.3406862745098
52.3406862745098
52.3406862745098
52.3406862745098
52.3406862745098
52.3406862745098
52.3406862745098
52.3406862745098
52.3406862745098
52.3406862745098
52.3406862745098
52.3406862745098
52.3406862745098
52.3406862745098
52.3406862745098
52.3406862745098
52.3406862745098
52.3406862745098
52.3406862745098
52.3406862745098
52.3406862745098
52.3406862745098
52.3406862745098
52.3406862745098
52.3406862745098
52.3406862745098
52.3406862745098
52.3406862745098
52.3406862745098
52.3406862745098
52.3406862745098
52.3406862745098
52.3406862745098
52.3406862745098
52.3406862745098
52.3406862745098
52.3406862745098
52.3406862745098
52.3406862745098
52.3406862745098
52.3406862745098
52.3406862745098
52.3406862745098
52.3406862745098
52.3406862745098
52.3406862745098
52.3406862745098
52.3406862745098
52.3406862745098
52.3406862745098
52.3406862745098
52.3406862745098
52.3406862745098
52.3406862745098
52.3406862745098
