15840.0
15840.0
13940.0
7380.0
6720.0
6720.0
6720.0
6720.0
4920.0
4920.0
4920.0
4820.0
4820.0
4820.0
4820.0
4820.0
4820.0
4820.0
4820.0
4820.0
4820.0
4820.0
4820.0
4820.0
4820.0
4820.0
4820.0
4820.0
4820.0
4820.0
4820.0
4820.0
4820.0
4820.0
4820.0
4820.0
4820.0
4820.0
4820.0
4820.0
4820.0
4820.0
4820.0
4820.0
4820.0
4820.0
4820.0
4820.0
4820.0
4820.0
4820.0
4820.0
4820.0
4820.0
4820.0
4820.0
4820.0
4820.0
4820.0
4820.0
4820.0
4820.0
4820.0
4820.0
4820.0
4820.0
4820.0
4820.0
4820.0
4820.0
4820.0
4820.0
4820.0
4820.0
4820.0
4820.0
4820.0
4820.0
4820.0
4820.0
4820.0
4820.0
4820.0
4820.0
4820.0
4820.0
4820.0
4820.0
4420.0
4420.0
4420.0
4420.0
4420.0
4420.0
4420.0
4420.0
4420.0
4420.0
4420.0
4420.0
4420.0
4420.0
4420.0
4420.0
4420.0
4420.0
4420.0
4420.0
4420.0
4420.0
4420.0
4420.0
4420.0
4420.0
4420.0
4420.0
4420.0
4420.0
4420.0
4420.0
4420.0
4420.0
4420.0
4420.0
4420.0
4420.0
4420.0
4420.0
4420.0
4420.0
4420.0
4420.0
4420.0
4420.0
4420.0
4420.0
4420.0
4420.0
4420.0
4420.0
4420.0
4420.0
4420.0
4420.0
4420.0
4420.0
4420.0
4420.0
4420.0
4420.0
4420.0
4420.0
4420.0
4420.0
4420.0
4420.0
4420.0
4420.0
4420.0
4420.0
4420.0
4420.0
4420.0
4420.0
4420.0
4420.0
4420.0
4420.0
4420.0
4420.0
4420.0
4420.0
4420.0
4420.0
4420.0
4420.0
4420.0
4420.0
4420.0
4420.0
4420.0
4420.0
4420.0
4420.0
4420.0
4420.0
4420.0
4420.0
4420.0
4420.0
4420.0
4420.0
4420.0
4420.0
4420.0
4420.0
4420.0
4420.0
4420.0
4420.0
