45919.75
44130.5625
42872.125
41511.6875
42712.0
37903.0
39459.25
38417.3125
37552.0625
37620.25
37002.6875
35501.5625
36270.9375
36297.625
33732.625
35306.25
34642.625
34612.0
35990.875
36306.25
36795.5
35258.625
34897.125
35497.625
35100.625
34905.125
34616.625
34901.625
34137.25
34558.125
33389.875
32033.0
33014.125
32318.0
31295.125
32302.125
32073.625
31901.125
30682.625
30495.625
30240.0
31157.25
32212.875
31549.5
31514.875
34319.875
33697.75
33693.75
33573.5
32279.5
32648.5
32430.5
32131.75
32087.25
33099.5
33533.375
34686.25
33975.0
33918.375
33607.875
32871.75
32699.5
32661.5
32455.0
31974.0
31584.125
31074.125
30431.75
29321.5
28977.75
27174.75
26641.625
27129.5
27031.625
27736.875
27136.0
26181.5
26436.0
27033.375
26997.375
28014.75
29267.375
29682.125
28528.5
28434.375
27986.25
28736.25
29944.125
29316.25
29247.875
30344.25
31147.5
31092.125
31219.875
33288.125
33187.875
32384.875
32020.25
31896.625
31055.25
30209.375
28514.5
29382.75
29217.125
30075.75
30501.625
31019.375
30467.875
29659.75
28533.5
28036.375
28265.625
28023.875
28826.875
29243.375
30330.875
30686.25
30002.875
29870.125
28780.625
28252.875
29762.625
31683.75
32017.875
31224.625
32624.125
31004.25
31120.25
29819.0
28687.0
28240.5
32108.25
32732.5
33166.5
33434.25
33097.5
32475.75
31196.625
30909.5
31171.5
31049.375
30536.625
30511.625
30403.625
29534.75
28391.625
27816.375
28777.75
28893.0
28924.0
29071.25
29855.5
30249.25
29571.0
28461.25
27769.625
27678.625
27474.0
28925.5
29586.25
30450.125
29948.5
29003.5
27823.5
27421.875
28590.625
28987.0
28482.625
28982.875
29734.5
30156.75
29736.0
28798.625
28591.125
28096.5
28232.125
28758.5
30105.0
29901.875
30354.625
30624.25
30493.25
29381.5
28648.875
29440.125
29260.25
27750.25
27597.0
27677.75
27455.0
28621.5
29133.75
29630.625
29434.25
29047.75
29499.5
28874.125
28294.875
28595.375
28753.0
