86720.0
85310.0
80670.0
80670.0
109920.0
75930.0
75930.0
82480.0
82480.0
82480.0
78920.0
77480.0
77480.0
77480.0
72920.0
72920.0
72920.0
72920.0
68520.0
68520.0
68520.0
68520.0
62480.0
62480.0
62480.0
62480.0
62480.0
62480.0
62480.0
62480.0
62480.0
55160.0
55160.0
55160.0
55160.0
55160.0
47840.0
47840.0
47840.0
47840.0
47840.0
47840.0
47840.0
47840.0
47840.0
47840.0
47840.0
45160.0
45160.0
45160.0
45160.0
45160.0
45160.0
45160.0
45160.0
54860.0
54860.0
54860.0
54860.0
54860.0
54860.0
54860.0
54860.0
54860.0
49240.0
49240.0
49240.0
49240.0
49240.0
49240.0
49240.0
49240.0
49240.0
49240.0
49240.0
49240.0
49240.0
49240.0
49240.0
49240.0
49240.0
49240.0
49240.0
49240.0
49240.0
49240.0
49240.0
49240.0
49240.0
49240.0
54860.0
54860.0
54860.0
49240.0
49240.0
49240.0
49240.0
49240.0
49240.0
49240.0
49240.0
49240.0
49240.0
49240.0
49240.0
49240.0
49240.0
49240.0
49240.0
49240.0
49240.0
49240.0
49240.0
49240.0
49240.0
49240.0
49240.0
49240.0
49240.0
49240.0
49240.0
49240.0
49240.0
49240.0
49240.0
49240.0
49240.0
49240.0
49240.0
49240.0
49240.0
49240.0
49240.0
49240.0
49240.0
49240.0
49240.0
49240.0
49240.0
49240.0
49240.0
49240.0
49240.0
49240.0
49240.0
49240.0
49240.0
49240.0
49240.0
49240.0
49240.0
49240.0
49240.0
49240.0
49240.0
49240.0
49240.0
49240.0
49240.0
49240.0
49240.0
49240.0
49240.0
49240.0
49240.0
49240.0
49240.0
49240.0
49240.0
49240.0
49240.0
49240.0
49240.0
49240.0
49240.0
49240.0
49240.0
49240.0
49240.0
49240.0
49240.0
49240.0
49240.0
49240.0
49240.0
49240.0
49240.0
49240.0
49240.0
49240.0
49240.0
49240.0
49240.0
49240.0
49240.0
49240.0
49240.0
49240.0
49240.0
49240.0
