40.119424376836065
42.95877863841419
45.01540120439431
46.963175234021236
48.5987133380818
49.1039965488813
51.18983260891967
51.6982153835844
52.49770519768104
53.3290818669051
53.845560070947826
54.346664767166274
55.34635308073249
55.376654975886595
54.821350671886115
55.89875759637166
56.6141534336482
57.182101127058516
58.35983972581882
58.440348583034606
58.62382437193789
58.41144472192011
58.58997301556965
59.213897609453454
58.520067566617044
58.67220182377628
58.96755166170969
59.56924131683994
59.29235495744175
59.64154394729062
59.30544240082114
59.01020158943595
59.09507022813699
58.93144230627583
58.52175190437582
59.10405880128284
59.058201288976115
59.17849009415416
59.12025410858742
59.19607924680141
59.18561257286012
59.63788869453647
60.10124745791969
59.799066813380264
59.68966813901517
60.29457350163743
60.08019280852917
60.247130028917795
60.21043975949364
59.66799715728439
59.838116918273485
60.02752874913125
60.1197004218585
60.15217028260885
60.47742189011352
60.73674451569335
61.17148815970747
60.767658443626644
60.85883341812748
60.78415574364235
60.580131508387055
60.67055394953466
60.673703284991234
60.61403880677243
60.59011395237003
60.56820161959479
60.47355340491559
60.23438113405589
59.82759216792025
59.70419703130436
59.19800609265591
59.00551501574756
59.17027121063368
59.18887347658357
59.335776784188646
59.05625707119641
58.60695295344815
59.030938900245154
59.27614903571042
59.31183504042273
59.43518035800472
59.91738976303442
60.13809133371276
59.87874686542077
59.776554664002234
59.58881116772966
59.74317306073954
60.24734059329357
60.00873144370057
59.979058453504194
60.45324110178133
60.577740656694424
60.56217463294978
60.82479277612606
61.563648313109965
61.53204844621132
61.27963166440888
61.15346118963363
61.23226591173626
61.01995896905665
60.70660031628197
60.23153149573744
60.47427281658423
60.3699032295144
60.49631375139253
60.74169680499002
60.98710241357041
60.84209928049012
60.479498099808154
60.03870915161375
59.83810736537858
59.95691654172462
59.85091181045201
60.22114066380662
60.43630219770735
60.89582511519494
60.989686920384415
60.872932580411565
60.78980512968671
60.265470753091336
60.01935397023467
60.53376262897528
61.39602742586974
61.66632924034938
61.499359819459485
62.029721643234424
61.67523651633638
61.879132519375865
61.441149402774656
61.06257623349311
60.83912616796944
61.94373421491963
61.95028384790972
61.98372343223474
62.13707285025939
62.04386523186315
61.72859784880781
61.24803293815082
61.1720844964578
61.221471067897575
61.12176446168704
61.06744565583328
61.45838437627634
61.37332893314734
61.13603991080269
60.77848072671988
60.52995763504365
60.805259616058706
60.833678384883264
60.727763289954154
60.62489410496463
60.92432829218306
61.06660072398573
60.899105676125046
60.59152283852252
60.32390567457226
60.280186743170944
60.178851269647964
60.54397303325432
60.8082738066063
61.2063890405185
60.95316489978834
60.45298667539843
60.050712434441074
59.845741069328724
60.37224164391025
60.586559128573995
60.318041572434595
60.54204730811583
60.845540955760406
60.98221606689956
60.82134420910326
60.485845435210344
60.28168563294729
60.09664230546157
60.113884403551346
60.28361811955701
60.834011969738626
60.755020479968074
61.00024142906172
61.0648494376117
61.054296578152936
60.68966284570111
60.34439507030818
60.54001149283285
60.57183990945914
60.295823307572434
60.19521850875651
60.19134095330933
59.962396608332085
60.32205809840633
60.45138545635401
60.54669736575719
60.53883250732059
60.46032183427756
60.6766675520488
60.39288899040231
60.27888045780397
60.48978143072084
60.52401993164692
