705218.1125
607844.825
552719.1375
521947.675
501937.2125
460172.575
444179.9375
433331.9875
444775.4125
462603.9875
441351.7375
425084.7625
400114.925
378401.05
364849.05
379860.95
350037.7
325655.5625
355358.5625
351738.325
345232.65
339398.5
341273.325
322856.9375
322001.25
319709.925
325209.0375
310964.5
302160.5125
278323.575
253743.3125
242064.9125
230951.35
229386.6375
237526.1875
217024.0625
236958.2375
242851.6375
223254.6125
220871.275
219659.825
213941.6125
208809.4625
218413.2125
226549.0
248207.2875
253139.7
255502.7375
247482.2375
247717.5875
241077.0375
212169.7625
210675.525
219184.0
229226.1125
221869.7
221038.9625
220356.8375
230409.5
225914.5
219720.2125
220265.875
211878.1125
205863.2125
204413.0
196324.975
201797.2375
199919.025
201545.325
225140.4375
230779.15
235690.65
224297.6375
219817.275
205667.9
206128.5625
203003.2
216405.7375
214256.0375
219393.2875
226528.3
226656.25
218751.875
209269.6
211795.4625
205538.9625
194909.4
211013.6
211956.3
212880.3875
212916.65
210579.1
216993.175
216087.85
224342.75
230268.075
221986.325
221039.0
204164.725
194077.5
178714.45
180138.1
176018.75
178915.6375
172181.825
174206.2
164420.525
167919.825
165829.8125
172186.7625
167537.95
172820.8375
167521.075
172485.275
178069.1125
198923.925
215299.7875
217221.0
214708.425
220947.175
219824.2
209521.1875
215258.2875
208258.425
207137.8
210939.1
217432.3375
221643.6625
230708.125
211090.675
201462.2625
194894.9875
187097.275
187233.975
185212.25
183654.875
176363.1
182684.125
175471.55
177453.1875
182460.9
179554.3125
179946.1125
162203.4
160492.675
152559.7375
159045.95
158821.1375
157069.4
157997.0
157508.25
168401.5875
176949.4125
182289.2375
191528.5625
199592.2
205911.9625
201077.9875
195512.1375
191315.9625
185839.8875
177860.225
181079.3
189374.9375
184356.0
182091.2875
179899.4375
178456.15
179686.05
176571.0375
182343.7125
177673.2875
183270.425
185115.65
172435.5625
179300.8625
173498.3875
168202.7625
168056.4375
168634.2875
166227.675
171339.55
169302.075
163534.9625
147950.0875
144289.175
134568.825
143811.8125
138004.925
138525.125
138102.875
140558.175
142114.1875
154277.5375
157976.5875
154802.65
155038.35
136142.7875
134216.8125
148611.3125
157791.975
168753.975
189661.6875
189371.4625
191789.6
190602.0625
181307.6375
147311.325
137126.55
143697.2
148965.2375
154540.4125
144029.5625
140227.7
146137.25
151380.8625
146312.6
141635.5625
154659.9
163373.95
179030.95
181714.4125
186133.5
168468.5875
149137.8125
145029.8
152520.4
140903.6
162997.55
157165.4
148289.1625
152200.1875
150547.575
155677.7
148843.075
143236.7875
131307.2375
129239.475
123056.5875
119872.425
113719.3
109561.2
118020.375
117658.55
109979.5375
111016.1625
104097.9125
101793.325
127568.025
129349.8
113678.4
111559.5625
118158.4875
120384.475
121404.4375
135864.725
152367.75
147057.925
153943.9625
131642.0875
121512.4125
120044.9375
123130.7875
125246.1125
131539.425
112803.9625
114127.5625
121996.075
120344.9375
124201.6875
115105.0375
106195.025
103098.4375
109628.275
107256.5375
108483.0375
108340.9875
110852.85
112232.8125
113927.025
121071.0125
122729.2
130122.475
130407.4125
143050.1375
142332.1375
142482.0375
141546.95
148167.3625
148691.3
145923.4375
160129.5875
157687.675
154566.525
154370.925
157389.2
156136.2375
147929.7375
146527.1125
146302.5
129723.9625
128957.4375
127903.0875
119007.2
121991.0375
124591.675
122675.35
119899.0125
121394.375
121772.15
118847.7125
121704.8625
131566.8375
128281.2
132302.2375
134773.2875
127815.1
129743.525
134800.8625
139746.575
137537.9
140224.6
132329.25
133461.625
128043.6875
129863.95
140688.425
145125.4625
155015.5125
150892.4375
159328.1875
158389.05
157530.6625
156865.6875
126777.15
123649.9125
122185.4625
118568.5125
110757.8625
112524.45
109889.6625
108194.55
115010.5625
114493.9375
115145.0375
116102.1375
113859.65
106223.2125
107389.875
104910.7875
106564.5375
105833.75
104651.5125
124900.5875
128050.975
129958.3125
125990.15
105664.35
104574.4125
122842.575
111598.1
117386.1
126811.7875
128662.975
129967.3125
136725.95
136527.0375
147272.8625
145273.05
151779.9875
156886.8125
152074.3625
151348.7375
152180.5875
150790.4625
161384.65
167055.1
155514.6375
158658.1
140548.3625
132790.325
132474.05
132626.65
136145.7375
130840.9
131371.6125
144091.7375
138416.525
136008.1125
116480.175
119022.775
118213.1125
121327.8375
126196.125
121081.4875
138769.2875
146471.0625
136761.425
121673.1125
125470.05
125339.175
126286.05
119248.875
116736.275
127631.5125
131606.525
119418.5625
113736.2
113907.0125
115899.1375
128225.625
138919.1375
143996.45
144860.8125
142644.125
133271.8125
128494.0875
123506.4625
127185.9625
123475.45
123311.4125
113461.5125
101998.8625
113186.5625
114253.7625
119749.425
120397.8875
116863.425
115540.45
114228.0125
112320.6125
100175.7375
103567.1125
103262.8
109932.825
110410.075
112476.0625
115347.325
116463.175
127017.925
129801.9
126978.0875
132798.4375
134522.725
143575.5
148132.3875
153627.9
151355.7
152356.025
142909.9
135746.175
138469.4125
134916.35
131949.8875
121076.375
121840.15
130174.5375
127399.4625
136315.075
136074.7125
144433.9375
129109.975
126433.15
129685.2375
131676.9625
130221.7
135489.075
155275.5875
144245.8375
150606.2125
155767.6125
159175.2625
160065.5875
153912.7375
153109.875
158217.1875
167182.95
175267.2125
177972.625
189476.1625
188163.5125
177032.375
176977.325
187283.3125
178656.425
175382.175
186362.35
177587.4
143430.525
147067.7375
129922.9
127602.4625
129614.875
129029.175
138682.3625
143458.4375
143470.4375
146613.1375
157517.15
163544.7625
