183786.0
183346.6
167373.8
167328.2
160337.0
154272.0
155570.2
146736.0
139019.8
135440.8
145330.4
143709.0
148568.2
148452.0
148746.6
148785.4
147932.2
147341.8
145547.4
145694.4
145874.0
144330.4
144222.4
145911.2
144020.2
141530.0
146676.4
148048.0
147952.4
147952.4
147491.0
147631.6
147344.8
147484.4
148339.2
149621.4
151366.0
151366.0
151366.0
151366.0
151366.0
151327.0
151327.0
151327.0
150717.2
150168.8
150686.2
150401.4
149521.8
148988.8
146877.6
144049.6
144010.6
144694.2
143538.2
143530.2
142952.0
142807.4
143224.0
143015.4
142810.4
143200.0
143200.0
143200.0
143200.0
143026.0
143026.0
143026.0
142852.0
142548.2
142374.2
142026.2
141504.2
141460.0
141460.0
141460.0
141460.0
141460.0
141460.0
141460.0
141460.0
141460.0
141460.0
141460.0
141460.0
141460.0
141460.0
141460.0
141460.0
142649.0
142568.6
141837.2
140229.8
139616.8
138050.6
137693.8
136616.0
136616.0
136616.0
136616.0
136616.0
136616.0
136616.0
136616.0
136616.0
136616.0
136616.0
136616.0
136616.0
136616.0
136616.0
136616.0
136616.0
136616.0
136616.0
136616.0
136616.0
136616.0
136616.0
136616.0
136423.2
136041.6
135848.8
135274.4
135274.4
133555.2
133744.0
133366.4
132800.0
132800.0
132800.0
132800.0
132922.0
132800.0
132800.0
132800.0
132800.0
132800.0
132800.0
132800.0
132800.0
132800.0
132800.0
132800.0
132800.0
132800.0
132800.0
132800.0
132800.0
132800.0
133224.6
133527.2
134160.4
133549.8
133209.2
132171.0
132273.0
132306.0
132306.0
132408.0
132408.0
132510.0
132510.0
132510.0
132510.0
132510.0
132510.0
132510.0
132510.0
132510.0
133526.2
132700.4
132707.4
132562.4
133729.8
133689.4
133975.6
133481.8
133576.2
133066.2
132457.2
132161.0
134046.6
133122.8
134037.0
131845.0
129964.8
127755.0
126521.4
