57.788021475092414
57.788021475092414
57.814641618963144
57.814641618963144
58.89255478087649
58.89255478087649
59.351580670169696
59.351580670169696
59.76744186046511
59.76744186046511
59.76744186046511
59.14169295478444
59.08914728682171
58.658484065460804
59.64285714285715
59.64285714285715
60.05258545135845
60.05258545135845
60.05258545135845
60.306247806247804
60.306247806247804
60.306247806247804
60.306247806247804
60.306247806247804
60.05258545135845
60.05258545135845
60.05258545135845
60.05258545135845
60.269500438212106
60.269500438212106
60.35933391761613
60.77290648838605
60.77290648838605
60.77290648838605
60.77290648838605
60.77290648838605
60.77290648838605
60.77290648838605
60.77290648838605
60.77290648838605
60.77290648838605
61.00861403959887
61.00861403959887
61.00861403959887
61.00861403959887
61.00861403959887
61.00861403959887
61.00861403959887
61.00861403959887
61.00861403959887
61.00861403959887
61.00861403959887
61.00861403959887
61.00861403959887
61.11086765994742
61.11086765994742
60.802905631267684
60.802905631267684
61.42217365218137
60.802905631267684
60.802905631267684
60.802905631267684
60.802905631267684
60.802905631267684
60.802905631267684
60.813619610868265
60.813619610868265
60.813619610868265
60.813619610868265
60.813619610868265
60.813619610868265
60.813619610868265
60.813619610868265
60.813619610868265
60.813619610868265
60.813619610868265
60.813619610868265
60.813619610868265
60.813619610868265
60.813619610868265
60.813619610868265
60.813619610868265
60.813619610868265
60.813619610868265
60.813619610868265
60.813619610868265
60.813619610868265
60.813619610868265
60.813619610868265
61.42860203994172
61.42860203994172
61.42860203994172
61.439316019542304
61.439316019542304
61.070755121282254
61.070755121282254
60.17199824715162
60.17199824715162
60.17199824715162
60.17199824715162
60.17199824715162
60.17199824715162
60.17199824715162
60.17199824715162
60.17199824715162
60.17199824715162
60.17199824715162
60.17199824715162
60.17199824715162
60.17199824715162
60.17199824715162
60.17199824715162
60.17199824715162
60.17199824715162
60.17199824715162
60.17199824715162
60.17199824715162
60.17199824715162
60.17199824715162
60.17199824715162
61.08347940403156
61.08347940403156
61.08347940403156
61.08347940403156
61.08347940403156
61.08347940403156
61.08347940403156
61.08347940403156
59.675933858807404
59.675933858807404
59.675933858807404
59.675933858807404
59.833361891706645
59.675933858807404
59.675933858807404
59.675933858807404
59.675933858807404
59.675933858807404
59.675933858807404
59.675933858807404
59.675933858807404
59.675933858807404
59.675933858807404
59.675933858807404
59.675933858807404
59.675933858807404
59.675933858807404
59.675933858807404
59.675933858807404
59.675933858807404
60.273517820424956
60.273517820424956
60.273517820424956
60.273517820424956
60.273517820424956
59.690794548727176
59.690794548727176
59.690794548727176
59.690794548727176
59.690794548727176
59.690794548727176
59.690794548727176
59.690794548727176
59.690794548727176
59.690794548727176
59.690794548727176
59.690794548727176
59.690794548727176
59.690794548727176
59.690794548727176
60.06149824290735
60.64755292705922
60.64755292705922
60.64755292705922
60.80826262106797
61.30110568269478
61.30110568269478
61.30110568269478
61.30110568269478
61.30110568269478
61.30110568269478
61.30110568269478
61.30110568269478
61.30110568269478
61.322533641895944
61.63608758874348
61.63608758874348
61.63608758874348
61.63608758874348
