40.49619548975886
44.05982958603197
45.646740212672746
43.91190208095441
46.51659499853882
46.51659499853882
47.05984421994293
47.05984421994293
48.8154354037784
45.55208763450002
45.04381258941344
44.81746836039688
44.81746836039688
44.81746836039688
44.81746836039688
44.81746836039688
44.2024532627449
44.2024532627449
44.2024532627449
44.81746836039688
44.81746836039688
44.81746836039688
44.81746836039688
45.79650912482959
45.79650912482959
46.12981128317483
47.033638480786855
51.15428320459552
51.15428320459552
52.642253957025375
48.728993518373315
48.728993518373315
48.67767254800208
48.67767254800208
48.67767254800208
48.67767254800208
48.728993518373315
49.12528438063858
49.12528438063858
49.54029812697902
49.54029812697902
49.54029812697902
46.783589022522406
49.14380841430803
49.14380841430803
49.122461542534886
47.693393176845035
47.693393176845035
47.693393176845035
47.693393176845035
47.693393176845035
47.693393176845035
48.57107576179741
49.68674556523564
49.68674556523564
49.57243229768027
49.68674556523564
48.55512581305552
48.55512581305552
48.55512581305552
43.651667621639696
43.651667621639696
43.651667621639696
43.651667621639696
48.55512581305552
49.916162856603066
49.916162856603066
49.88205948539977
49.88205948539977
50.54863521181073
50.54863521181073
50.74556233532104
51.16551917942954
51.16551917942954
51.16551917942954
51.16551917942954
51.16551917942954
51.16551917942954
51.16551917942954
51.16551917942954
51.53720068415052
52.39225252931709
52.39225252931709
52.39225252931709
52.39225252931709
52.39225252931709
50.91475878986099
52.39225252931709
52.39225252931709
51.24402374017696
52.39225252931709
47.208410422448345
47.208410422448345
47.208410422448345
47.208410422448345
47.208410422448345
47.208410422448345
47.208410422448345
47.208410422448345
47.208410422448345
47.208410422448345
47.208410422448345
47.208410422448345
47.208410422448345
47.208410422448345
47.208410422448345
47.36677319053376
48.41203411244472
48.41203411244472
48.41203411244472
48.41203411244472
48.41203411244472
48.41203411244472
48.41203411244472
48.41203411244472
48.41203411244472
48.41203411244472
48.41203411244472
48.41203411244472
48.41203411244472
48.41203411244472
49.09111546863896
49.09111546863896
49.09111546863896
49.09111546863896
49.09111546863896
50.31769108580352
48.8167050294997
49.33662677055722
49.33662677055722
49.33662677055722
48.61107466211782
48.61107466211782
48.61107466211782
48.61107466211782
48.61107466211782
48.61107466211782
49.06750945305427
49.33662677055722
49.33662677055722
49.33662677055722
49.33662677055722
49.33662677055722
49.33662677055722
49.33662677055722
49.33662677055722
50.0571620484707
50.0571620484707
50.0571620484707
50.0571620484707
54.95522498519835
54.95522498519835
54.95522498519835
54.95522498519835
54.95522498519835
54.95522498519835
54.95522498519835
53.664968947704445
53.664968947704445
53.664968947704445
54.95522498519835
54.95522498519835
54.95522498519835
54.95522498519835
54.95522498519835
54.95522498519835
44.72106989532583
54.95522498519835
54.95522498519835
54.95522498519835
54.95522498519835
54.95522498519835
54.95522498519835
54.95522498519835
54.95522498519835
54.95522498519835
54.95522498519835
54.95522498519835
54.95522498519835
55.19177929600476
55.19177929600476
55.480098024654694
55.480098024654694
50.2838144664288
50.2838144664288
50.2838144664288
55.480098024654694
55.480098024654694
55.480098024654694
49.62054170018771
49.62054170018771
49.62054170018771
55.480098024654694
50.58560419319013
51.12935843793585
55.480098024654694
54.240347116787234
55.480098024654694
55.480098024654694
55.480098024654694
55.480098024654694
55.480098024654694
55.480098024654694
55.480098024654694
55.480098024654694
55.480098024654694
55.480098024654694
55.480098024654694
55.480098024654694
55.480098024654694
54.83902395155729
55.12034311539262
55.480098024654694
50.90309672929715
47.26285968933028
55.480098024654694
55.480098024654694
55.480098024654694
55.480098024654694
55.480098024654694
55.480098024654694
55.480098024654694
55.57088222189218
55.57088222189218
55.63208950598153
55.63208950598153
55.67410515372049
55.67410515372049
55.67410515372049
55.67410515372049
55.67410515372049
55.67410515372049
55.67410515372049
55.67410515372049
56.368789341807734
56.368789341807734
56.368789341807734
63.03809984179996
63.03809984179996
63.03809984179996
63.252768500615225
63.252768500615225
63.252768500615225
63.252768500615225
63.252768500615225
63.252768500615225
63.252768500615225
63.252768500615225
63.252768500615225
52.9045419221138
53.35942512979059
53.35942512979059
53.35942512979059
53.35942512979059
53.35942512979059
53.35942512979059
53.35942512979059
53.35942512979059
53.35942512979059
53.35942512979059
50.32548587995276
49.06380236161573
49.06380236161573
49.06380236161573
49.06380236161573
49.06380236161573
49.06380236161573
49.06380236161573
49.06380236161573
49.06380236161573
49.06380236161573
49.06380236161573
49.06380236161573
49.06380236161573
49.68398876404495
49.68398876404495
48.250019094172465
48.250019094172465
48.250019094172465
48.250019094172465
49.27290171320796
49.27290171320796
46.81416670804987
48.93544974258066
48.93544974258066
48.93544974258066
48.93544974258066
48.93544974258066
48.93544974258066
46.0918763075981
48.93544974258066
48.93544974258066
48.93544974258066
48.93544974258066
50.32112161870891
50.4555363031692
50.4555363031692
51.97468938280146
51.97468938280146
52.019912652425845
52.019912652425845
52.019912652425845
49.98251652359926
48.808283363360125
49.113101750547045
52.25213219616205
52.25213219616205
52.25213219616205
52.25213219616205
52.25213219616205
52.25213219616205
45.019910949454406
52.25213219616205
52.25213219616205
56.14159933867798
56.14159933867798
51.92398572395892
56.14159933867798
56.14159933867798
56.14159933867798
56.14159933867798
56.14159933867798
56.14159933867798
56.14159933867798
56.14159933867798
56.14159933867798
56.14159933867798
56.14159933867798
56.14159933867798
56.14159933867798
52.81935283837871
55.790960451977405
54.86207730929768
55.790960451977405
56.14159933867798
56.14159933867798
56.14159933867798
56.14159933867798
56.14159933867798
56.14159933867798
56.14159933867798
56.14159933867798
56.14159933867798
56.14159933867798
56.14159933867798
56.14159933867798
56.14159933867798
58.13676680750591
58.13676680750591
58.13676680750591
58.13676680750591
58.1249223313036
52.193773073373336
52.193773073373336
48.16838853907615
48.16838853907615
57.84376165030446
57.84376165030446
57.84376165030446
56.30081456123727
56.30081456123727
53.95594806939657
53.95594806939657
53.95594806939657
53.95594806939657
53.95594806939657
53.95594806939657
53.413891203770234
53.413891203770234
53.413891203770234
53.413891203770234
53.95594806939657
56.30081456123727
56.30081456123727
58.13676680750591
47.0425246894298
47.0425246894298
47.0425246894298
58.318202168938406
58.379189386886566
60.661300774189144
60.966859606334374
60.966859606334374
54.72252648320979
54.96207188928929
54.96207188928929
54.96207188928929
54.96207188928929
54.96207188928929
54.96207188928929
54.96207188928929
54.96207188928929
54.96207188928929
56.79481553458923
56.79481553458923
56.79481553458923
59.35945990449531
59.35945990449531
59.35945990449531
56.123634090628464
59.35945990449531
59.35945990449531
59.35945990449531
59.35945990449531
59.35945990449531
59.35945990449531
56.9237830712739
56.9237830712739
56.9237830712739
56.9237830712739
55.810191689300986
56.9237830712739
56.9237830712739
57.69459551325629
57.69459551325629
57.69459551325629
57.69459551325629
57.69459551325629
57.69459551325629
59.871402482329465
59.871402482329465
59.871402482329465
59.871402482329465
59.871402482329465
59.871402482329465
59.871402482329465
59.871402482329465
59.871402482329465
55.73791486851501
58.3183934713479
58.3183934713479
58.3183934713479
60.65942154485626
56.085650626692704
56.381073258682854
56.381073258682854
59.106621144177204
59.638574010185636
59.722060535506394
59.722060535506394
59.43491996630159
58.151568703398866
57.768488085456035
58.151568703398866
58.151568703398866
58.151568703398866
58.151568703398866
56.68129253844215
52.59814154417094
52.59814154417094
57.4068308105001
57.4068308105001
57.4068308105001
57.58388631014645
57.58388631014645
57.58388631014645
57.58388631014645
57.58388631014645
57.59978516508366
57.59978516508366
57.59978516508366
57.59978516508366
56.31339188583861
56.31339188583861
56.669854778263584
57.59978516508366
57.59978516508366
57.78534276668604
58.236146158443454
58.236146158443454
58.236146158443454
58.236146158443454
58.236146158443454
58.236146158443454
58.236146158443454
59.1043127977766
59.1043127977766
59.21577158959059
45.81295613573095
45.81295613573095
44.61638411087737
43.71241183021904
43.71241183021904
43.71241183021904
43.71241183021904
43.71241183021904
43.71241183021904
43.71241183021904
47.76463979393309
48.306806752385356
48.306806752385356
51.02690345767035
52.28668319719954
59.2646431010929
59.2646431010929
59.2646431010929
59.2646431010929
59.88728100309172
59.88728100309172
