738480.0125
724442.025
727544.45
703735.1875
727708.825
718395.475
708075.7875
686463.6875
655094.4375
649809.5125
625101.2125
609596.6875
601007.8
589267.625
569191.7375
539783.8875
523241.7375
528966.8
524918.85
477414.6
470775.1375
447617.3125
435985.2375
416129.2625
413111.3375
389146.4875
406129.55
429048.975
447428.5125
457448.35
440428.9
425373.4
375467.375
357541.225
372564.3625
410237.075
405084.1125
399808.9
428950.2375
419757.5125
371469.9375
354786.2
322196.175
324794.7
324165.2
303668.5875
327833.1625
318478.3125
310362.4875
293956.6875
277873.9125
269536.85
269594.925
256848.75
267343.4375
243798.5875
226321.4875
231262.8
242613.7625
227593.75
239237.2625
234620.675
235961.0625
234796.025
225785.55
216398.2
204846.825
208118.975
248696.05
271786.775
285265.9375
289649.1625
309495.55
311067.3375
296735.875
307502.625
304861.6375
309959.3625
318853.9125
302149.925
291710.675
288446.175
283490.825
297244.575
307976.825
301977.8375
295980.7
307400.45
302274.2375
296917.1
312513.7625
306316.2375
309332.8125
330311.5625
341492.325
343257.4
359322.825
367968.025
358613.075
344577.475
325298.9375
325058.8375
318233.925
321977.85
323109.575
305105.7125
280190.1875
291500.4
293353.825
295001.275
299598.4
313552.7
304932.8
311950.825
308081.1625
327020.5375
350504.5875
317641.2875
321982.7375
287319.4125
290398.6
310906.7875
299103.9375
288528.0125
279367.2375
286630.05
291495.2
310292.15
321482.8125
334456.4875
352659.4625
337692.625
337902.95
340802.6375
331512.1125
317785.0875
317506.9625
317839.775
315407.1625
325002.1
302477.525
280342.025
282426.9
276255.8375
268397.1625
272223.8125
293030.4
293889.125
299266.6875
307561.0125
311173.975
263098.1375
259928.0875
257487.275
238923.2
241988.675
227671.05
235569.4375
237711.5625
228279.2875
232642.5125
227101.5375
222925.6375
220589.35
241455.7375
241113.6625
269376.4375
283036.4875
269207.5375
274523.9875
236785.0
239169.0625
232540.275
237510.7375
237255.6
243456.7125
250137.1875
249670.725
257423.475
261370.3125
265322.825
252715.0625
245999.45
236489.9
239293.2125
252251.5625
247127.3125
251689.95
253223.0875
227816.8125
218604.6125
215989.475
222353.275
218147.8375
221828.975
227831.25
219625.575
226274.15
224534.975
245426.475
259801.1875
294313.975
307614.0875
318508.65
303810.55
283371.95
270751.175
266546.9625
260769.1375
264936.2625
270078.5625
265772.6375
259307.875
264668.2125
278408.9125
307839.2375
327802.85
327107.2375
309693.6625
306567.5875
316922.7125
317622.5125
327425.25
323983.8875
336556.4
342934.4375
349282.425
355489.475
382952.2375
390813.5125
406802.3875
400489.9375
400347.1
425043.7
456396.7375
461950.9375
491683.6375
521860.4875
521580.45
521516.95
523753.65
522584.625
521459.975
518959.4
518821.4
518752.4
518683.4
513613.25
508474.1
506095.95
496569.9
489711.875
484884.9375
469947.6875
450856.4375
448041.475
444227.6375
443387.875
432906.0625
436383.8375
420644.4625
386776.3375
374235.9125
371068.6375
354913.7125
345857.1625
342993.6875
354291.6625
351602.7
347197.2625
357244.85
347198.3375
340636.6625
331447.1375
337620.2875
345425.8125
337556.775
339765.85
339025.2
336089.4375
330421.625
319748.0125
315107.25
320155.85
326365.4
327157.6625
332013.9125
338405.3125
335260.35
327950.0875
322605.325
320212.9375
315379.4375
305604.675
312084.9125
307516.3375
298683.625
295984.4
302901.3
298468.3
295885.2125
295371.225
301107.1375
295169.0125
291818.3125
285390.825
292579.7625
291203.925
293121.625
292240.825
297080.25
294158.45
296129.9
300582.9375
307332.5375
305826.2
293770.4375
294085.175
294737.8625
303026.8875
312047.925
315589.375
309818.15
310793.8625
308759.6875
312471.5
314627.5375
320758.2125
321630.9
315469.3375
307051.675
309464.4125
299428.7625
298457.55
300952.9625
300139.575
293926.9
293718.9375
292098.3375
292403.9125
291508.4875
293036.9875
300279.1625
305675.7
305109.6875
316103.8625
321354.4125
318706.5125
320475.0
324693.775
329840.6125
329837.225
322366.7
328268.9
330857.7375
328078.475
326363.9125
326363.9125
321766.2625
316775.95
316774.575
312651.875
313786.9875
316145.4875
323718.7875
322273.9125
317076.9375
321552.025
324972.0625
325810.1125
323873.5875
321356.35
320204.725
333359.6875
338314.1625
351692.2625
359648.625
363492.675
380986.0625
389629.7125
387431.2375
384521.8375
390813.475
380744.8
375950.7125
363590.1
337800.65
319325.5125
294582.1625
283243.7375
279548.8
278240.9
278289.7125
277314.3875
283193.8625
286434.8375
297369.5875
299235.8125
301176.35
299310.4
303337.4
306885.7875
305401.1875
303811.0875
302169.425
303592.95
304621.4875
311389.75
314665.175
318345.7875
317373.55
321605.95
322221.15
319894.6125
313533.45
320795.275
325974.8
330733.2625
336311.65
345069.5625
343374.85
342007.0375
334090.9125
332121.375
323945.5625
319529.675
318989.9125
309463.8875
294881.5
283775.75
266033.0375
252466.2625
248437.7625
249121.5125
252930.75
241347.4125
240971.125
255305.625
259932.8875
259934.0
257029.125
264017.2125
271757.825
278602.5875
289528.3375
295324.4
294377.5375
305519.4375
307659.8
317059.1
311100.125
307710.7875
303228.575
300211.825
302462.3125
297905.3
295664.4125
294679.4125
291296.3125
290743.1625
299174.2375
296156.2
283987.525
278313.7875
266031.2875
277687.775
271059.2125
264221.6625
261398.1
255965.0
261762.75
269585.5875
272521.4
277244.35
277741.475
277582.625
290944.8125
299314.6375
297124.5375
290839.8
288242.4375
283265.45
279985.4375
272812.7375
266440.0625
259333.475
252803.175
253911.5125
274552.2625
277371.0125
283748.1375
290927.8375
282339.925
296321.2625
296196.45
296587.475
295476.125
298939.1625
300486.025
