1049735.0
1064942.0
1064942.0
879176.0
871084.0
870979.0
870979.0
869929.0
835504.0
878983.0
878983.0
878983.0
878983.0
878983.0
878983.0
878983.0
878983.0
920276.0
920276.0
920276.0
920276.0
920276.0
920276.0
920276.0
878983.0
725709.0
725709.0
725709.0
725709.0
725709.0
725709.0
725709.0
725709.0
701759.0
746037.0
685057.0
680632.0
679613.0
679038.0
679038.0
679038.0
679038.0
633414.0
633414.0
633414.0
630329.0
630329.0
630329.0
630329.0
630329.0
630329.0
630329.0
630329.0
630329.0
630329.0
627764.0
612109.0
612109.0
612109.0
612109.0
612109.0
612109.0
612109.0
611109.0
611109.0
611109.0
611109.0
611109.0
611109.0
619492.0
619492.0
619492.0
619492.0
619492.0
619492.0
619492.0
619492.0
619492.0
619492.0
619492.0
619492.0
619492.0
619492.0
619492.0
619492.0
619492.0
619492.0
619492.0
619492.0
619492.0
619492.0
619492.0
619492.0
619492.0
619492.0
619492.0
619492.0
619492.0
602130.0
602130.0
591160.0
591160.0
591160.0
594555.0
594555.0
591160.0
591160.0
591160.0
591160.0
591160.0
591160.0
591160.0
591160.0
591160.0
591160.0
591160.0
591160.0
591160.0
587484.0
587484.0
587484.0
587484.0
587484.0
587484.0
592293.0
587484.0
587484.0
587484.0
587484.0
587484.0
587484.0
587484.0
587484.0
587484.0
587484.0
587484.0
587484.0
587484.0
587484.0
587484.0
587484.0
587484.0
587484.0
587484.0
587484.0
587484.0
587484.0
587484.0
587484.0
587484.0
587484.0
587484.0
587484.0
587484.0
587484.0
587484.0
587484.0
589244.0
589244.0
589244.0
589244.0
589244.0
589244.0
589244.0
599115.0
589244.0
589244.0
589244.0
589244.0
589244.0
587484.0
587484.0
587484.0
572100.0
564895.0
564895.0
564895.0
564895.0
564895.0
564895.0
564895.0
564895.0
564895.0
564895.0
564895.0
564895.0
564895.0
564895.0
564895.0
588921.0
588921.0
588921.0
588921.0
588921.0
588921.0
588921.0
588921.0
588921.0
588921.0
588921.0
588921.0
588921.0
588921.0
588921.0
588921.0
593946.0
593946.0
593946.0
593946.0
593946.0
593946.0
593946.0
588921.0
588921.0
588921.0
588921.0
588921.0
588921.0
564895.0
564895.0
564895.0
564895.0
547429.0
541980.0
539575.0
539575.0
539575.0
539575.0
539575.0
539575.0
539575.0
539575.0
539575.0
535849.0
534435.0
534435.0
534435.0
534435.0
527874.0
527874.0
527874.0
527874.0
527874.0
527874.0
527874.0
527874.0
527874.0
527874.0
527874.0
527874.0
527874.0
527874.0
556114.0
556114.0
557145.0
557145.0
557145.0
557145.0
557145.0
557145.0
557145.0
557145.0
557145.0
557145.0
557145.0
557145.0
557145.0
573015.0
569592.0
569592.0
557145.0
557145.0
557145.0
556115.0
554635.0
554635.0
554635.0
554635.0
554635.0
554635.0
554635.0
554635.0
549598.0
549598.0
549598.0
549598.0
549598.0
549598.0
549598.0
549598.0
549598.0
549598.0
549598.0
554098.0
554098.0
554098.0
554098.0
549598.0
549598.0
549598.0
549598.0
549598.0
549598.0
549598.0
549598.0
549598.0
549598.0
549598.0
549598.0
549598.0
549598.0
549598.0
549598.0
549598.0
549598.0
549598.0
549598.0
549598.0
549598.0
549598.0
549598.0
549598.0
549598.0
549598.0
549598.0
549598.0
549598.0
549598.0
549598.0
549598.0
549598.0
549618.0
549618.0
549598.0
549598.0
549598.0
549598.0
549598.0
549598.0
549598.0
549598.0
549598.0
549598.0
549598.0
549598.0
549598.0
549598.0
549598.0
549598.0
549598.0
549598.0
549598.0
549598.0
549598.0
554338.0
554338.0
554338.0
554338.0
554338.0
549598.0
549598.0
549598.0
549598.0
549598.0
549598.0
549598.0
549598.0
549598.0
552348.0
549598.0
549598.0
549598.0
549598.0
549598.0
549598.0
549598.0
549598.0
567437.0
549598.0
549598.0
549598.0
549598.0
549598.0
549598.0
549598.0
549598.0
550598.0
550598.0
550598.0
550598.0
549148.0
427436.0
427436.0
427436.0
427436.0
427676.0
427436.0
427436.0
427436.0
427436.0
427436.0
427436.0
427436.0
427436.0
427436.0
427436.0
427436.0
514001.0
514001.0
514001.0
514001.0
514001.0
514001.0
514001.0
514001.0
514001.0
514001.0
514001.0
514001.0
427436.0
431106.0
431106.0
431106.0
431106.0
431106.0
431106.0
431106.0
431106.0
431106.0
431106.0
431106.0
431106.0
431106.0
431106.0
431106.0
431106.0
431106.0
431106.0
431106.0
431106.0
431106.0
431106.0
431106.0
431106.0
431106.0
431106.0
431106.0
431106.0
431106.0
431106.0
431106.0
431106.0
431106.0
431106.0
431106.0
431106.0
431106.0
431106.0
431106.0
431106.0
431106.0
431106.0
431106.0
431106.0
428187.0
428187.0
428187.0
428187.0
428187.0
428187.0
428187.0
428187.0
428187.0
428187.0
428187.0
428187.0
428187.0
428187.0
428187.0
428187.0
428187.0
428187.0
428187.0
428187.0
428187.0
396129.0
396129.0
396129.0
396129.0
396129.0
396129.0
396129.0
396129.0
388414.0
379400.0
396129.0
396129.0
379400.0
379400.0
