149178.0
132592.0
132592.0
132592.0
132592.0
132592.0
132592.0
132592.0
119376.0
104812.0
104812.0
89814.0
89814.0
86104.0
86104.0
86104.0
86104.0
86104.0
86104.0
86104.0
86104.0
83842.0
83842.0
73874.0
73874.0
73874.0
73874.0
73456.0
73456.0
73456.0
73456.0
73456.0
73456.0
69682.0
69682.0
69682.0
69682.0
69682.0
69682.0
69682.0
69682.0
69682.0
69682.0
69682.0
61672.0
61672.0
61672.0
61672.0
61672.0
61672.0
61672.0
61672.0
61672.0
61672.0
61672.0
61672.0
61672.0
61672.0
61672.0
61672.0
61672.0
61672.0
61672.0
61672.0
61672.0
61672.0
61672.0
61672.0
56750.0
56750.0
56750.0
56750.0
56750.0
56750.0
56750.0
56750.0
56750.0
50446.0
50446.0
50446.0
50446.0
50446.0
50446.0
50446.0
50446.0
50446.0
50446.0
44600.0
44600.0
46284.0
46284.0
46284.0
46284.0
46284.0
46284.0
46284.0
45500.0
45500.0
45500.0
44860.0
44860.0
44860.0
44860.0
44860.0
44860.0
44860.0
44860.0
44860.0
44860.0
44860.0
44860.0
44860.0
44860.0
44860.0
44860.0
44860.0
44860.0
44860.0
44860.0
44860.0
44860.0
44860.0
44860.0
44860.0
44860.0
44860.0
44860.0
44860.0
44860.0
44860.0
45500.0
45500.0
45500.0
45500.0
45500.0
45500.0
45500.0
45500.0
45500.0
45500.0
45500.0
45500.0
45500.0
45500.0
45500.0
45500.0
45500.0
45500.0
45500.0
45500.0
45500.0
45500.0
45500.0
45500.0
45500.0
45500.0
45500.0
45500.0
45500.0
45500.0
45500.0
45500.0
45500.0
45500.0
45500.0
45500.0
45500.0
45500.0
45500.0
45500.0
45500.0
45500.0
45500.0
45500.0
45500.0
45500.0
45500.0
45500.0
45500.0
45500.0
45500.0
45500.0
45500.0
45500.0
45500.0
45500.0
45500.0
45500.0
45500.0
45500.0
45500.0
45500.0
45500.0
45500.0
45500.0
45500.0
45500.0
45500.0
45500.0
45500.0
45500.0
45500.0
45500.0
45500.0
45500.0
45500.0
45500.0
45500.0
45500.0
45500.0
45500.0
45500.0
45500.0
45500.0
45500.0
45500.0
45500.0
45500.0
45500.0
45500.0
45500.0
45500.0
45500.0
45500.0
45500.0
45500.0
45500.0
45500.0
45500.0
45500.0
45500.0
45500.0
45500.0
45500.0
45500.0
45500.0
45500.0
45500.0
45500.0
45500.0
45500.0
45500.0
45500.0
45500.0
45500.0
45500.0
45500.0
45500.0
45500.0
45500.0
45500.0
45500.0
45500.0
45500.0
45500.0
45500.0
45500.0
45500.0
45500.0
45500.0
45500.0
45500.0
45500.0
45500.0
45500.0
45500.0
45500.0
45500.0
45500.0
45500.0
45500.0
45500.0
45500.0
45500.0
45500.0
45500.0
45500.0
45500.0
45500.0
45500.0
45500.0
45500.0
45500.0
45500.0
45500.0
45500.0
45500.0
45500.0
45500.0
45500.0
45500.0
45500.0
45500.0
45500.0
45500.0
45500.0
45500.0
45500.0
45500.0
45500.0
45500.0
45500.0
45500.0
45500.0
45500.0
45500.0
45500.0
45500.0
45500.0
45500.0
45500.0
45500.0
45500.0
45500.0
45500.0
45500.0
45500.0
45500.0
45500.0
45500.0
45500.0
45500.0
45500.0
45500.0
45500.0
45500.0
45500.0
45500.0
45500.0
45500.0
45500.0
45500.0
45500.0
45500.0
45500.0
45500.0
45500.0
45500.0
45500.0
45500.0
45500.0
45500.0
45500.0
45500.0
45500.0
45500.0
45500.0
45500.0
45500.0
45500.0
45500.0
45500.0
45500.0
45500.0
45500.0
45500.0
45500.0
45500.0
45500.0
45500.0
45500.0
45500.0
45500.0
45500.0
45500.0
45500.0
45500.0
45500.0
45500.0
45500.0
45500.0
45500.0
45500.0
45500.0
45500.0
45500.0
45500.0
45500.0
45500.0
45500.0
45500.0
45500.0
45500.0
45500.0
45500.0
45500.0
45500.0
45500.0
45500.0
45500.0
45500.0
45500.0
45500.0
45500.0
45500.0
45500.0
45500.0
45500.0
45500.0
45500.0
