47.85683448800444
52.61602815218114
52.558413783454256
54.626967010144575
54.75190878969356
57.10616900283794
57.10616900283794
57.10616900283794
57.033177954483136
57.0221797728961
57.0221797728961
61.02798982188295
61.02798982188295
56.57109971748457
56.57109971748457
56.57109971748457
56.57109971748457
56.57109971748457
56.57109971748457
56.57109971748457
56.57109971748457
62.63721552878181
62.63721552878181
62.63721552878181
58.69943874588736
62.63721552878181
62.44039340353667
60.2918847870918
60.2918847870918
60.2918847870918
60.2918847870918
60.2918847870918
60.2918847870918
61.88682770741733
61.88682770741733
61.88682770741733
61.88682770741733
61.88682770741733
61.88682770741733
57.45578539596215
57.45578539596215
57.45578539596215
57.45578539596215
57.45578539596215
66.30265405088697
65.63711240310077
64.84075803622166
65.32864186892623
65.32864186892623
65.32864186892623
65.32864186892623
66.30265405088697
66.66417342957229
62.48500308674332
62.79501458499072
66.66417342957229
66.66417342957229
66.66417342957229
66.66417342957229
66.66417342957229
64.6490075890251
64.6490075890251
66.66417342957229
66.66417342957229
64.63726708074533
66.66417342957229
66.66417342957229
66.66417342957229
66.31301440329219
66.31301440329219
66.31301440329219
66.31301440329219
66.31301440329219
66.31301440329219
66.31301440329219
66.31301440329219
66.31301440329219
57.466324567030156
57.466324567030156
57.466324567030156
57.466324567030156
57.466324567030156
57.466324567030156
57.466324567030156
57.466324567030156
57.466324567030156
57.466324567030156
57.466324567030156
60.93608566066895
61.20874268683078
58.128925960251266
58.55372324080713
59.63583938487825
61.1049784744453
61.1049784744453
61.1049784744453
61.209846561430616
61.209846561430616
61.209846561430616
61.209846561430616
61.209846561430616
61.209846561430616
61.209846561430616
61.209846561430616
61.209846561430616
61.209846561430616
61.209846561430616
61.209846561430616
58.548456879146244
60.29037727850783
61.209846561430616
61.209846561430616
61.209846561430616
61.209846561430616
61.209846561430616
61.209846561430616
61.209846561430616
61.209846561430616
61.209846561430616
61.209846561430616
61.209846561430616
61.209846561430616
61.209846561430616
61.209846561430616
61.209846561430616
61.209846561430616
59.49779546187763
59.49779546187763
59.49779546187763
59.49779546187763
61.209846561430616
61.209846561430616
61.209846561430616
61.209846561430616
61.209846561430616
61.209846561430616
61.209846561430616
61.209846561430616
61.209846561430616
61.209846561430616
61.209846561430616
61.209846561430616
61.209846561430616
61.209846561430616
61.209846561430616
61.209846561430616
57.33487346424446
59.23376077359679
59.23376077359679
59.23376077359679
59.23376077359679
59.23376077359679
60.22016592214423
61.209846561430616
61.209846561430616
61.209846561430616
61.209846561430616
61.209846561430616
61.209846561430616
61.209846561430616
55.697461144898156
58.412965691433385
61.209846561430616
61.209846561430616
61.209846561430616
61.209846561430616
61.209846561430616
61.209846561430616
61.209846561430616
61.209846561430616
61.209846561430616
61.209846561430616
61.209846561430616
61.209846561430616
61.209846561430616
61.209846561430616
61.209846561430616
54.124867622990266
58.42361803478453
60.49720645219428
59.58947483349711
59.58947483349711
59.58947483349711
59.58947483349711
59.58947483349711
59.58947483349711
59.58947483349711
59.58947483349711
59.58947483349711
59.58947483349711
59.58947483349711
59.58947483349711
59.58947483349711
60.92431420072711
60.92431420072711
59.69617198639903
59.69617198639903
59.69617198639903
59.69617198639903
60.92431420072711
60.92431420072711
60.92431420072711
60.92431420072711
60.92431420072711
60.92431420072711
60.92431420072711
60.92431420072711
60.92431420072711
60.92431420072711
60.92431420072711
60.92431420072711
60.92431420072711
60.92431420072711
60.92431420072711
60.92431420072711
60.92431420072711
60.92431420072711
60.92431420072711
60.92431420072711
60.92431420072711
60.92431420072711
60.92431420072711
60.92431420072711
60.92431420072711
60.92431420072711
60.92431420072711
60.92431420072711
60.92431420072711
60.92431420072711
60.92431420072711
60.92431420072711
60.92431420072711
60.92431420072711
60.92431420072711
60.92431420072711
60.92431420072711
60.92431420072711
60.92431420072711
60.92431420072711
60.92431420072711
60.92431420072711
60.92431420072711
60.92431420072711
60.92431420072711
60.92431420072711
60.92431420072711
60.92431420072711
60.92431420072711
60.92431420072711
60.92431420072711
58.44803890474681
58.44803890474681
60.92431420072711
60.92431420072711
60.92431420072711
60.92431420072711
60.92431420072711
60.92431420072711
60.92431420072711
60.92431420072711
60.92431420072711
60.92431420072711
60.92431420072711
60.92431420072711
60.92431420072711
60.92431420072711
60.92431420072711
60.92431420072711
60.92431420072711
60.92431420072711
60.92431420072711
60.92431420072711
60.92431420072711
60.92431420072711
60.92431420072711
60.92431420072711
60.92431420072711
60.92431420072711
60.92431420072711
60.92431420072711
60.92431420072711
60.92431420072711
60.92431420072711
60.92431420072711
60.92431420072711
60.92431420072711
60.92431420072711
60.92431420072711
60.92431420072711
60.92431420072711
60.92431420072711
60.92431420072711
60.92431420072711
60.92431420072711
60.92431420072711
60.92431420072711
60.92431420072711
60.92431420072711
60.92431420072711
60.92431420072711
61.209846561430616
61.209846561430616
61.209846561430616
61.209846561430616
61.209846561430616
61.209846561430616
61.209846561430616
61.209846561430616
61.209846561430616
61.209846561430616
61.209846561430616
61.209846561430616
61.209846561430616
61.209846561430616
61.209846561430616
61.209846561430616
61.209846561430616
61.209846561430616
61.209846561430616
61.209846561430616
61.209846561430616
61.209846561430616
61.209846561430616
61.209846561430616
61.209846561430616
61.209846561430616
61.209846561430616
61.209846561430616
61.209846561430616
61.209846561430616
61.209846561430616
61.209846561430616
61.209846561430616
61.209846561430616
61.209846561430616
61.209846561430616
61.209846561430616
61.209846561430616
61.209846561430616
61.209846561430616
61.209846561430616
61.209846561430616
61.209846561430616
61.209846561430616
61.209846561430616
61.209846561430616
61.209846561430616
61.209846561430616
61.209846561430616
61.209846561430616
61.209846561430616
61.209846561430616
61.209846561430616
61.209846561430616
61.209846561430616
61.209846561430616
61.209846561430616
61.209846561430616
61.209846561430616
61.209846561430616
61.209846561430616
61.209846561430616
61.209846561430616
61.209846561430616
61.209846561430616
61.209846561430616
61.209846561430616
61.209846561430616
61.209846561430616
61.209846561430616
61.209846561430616
61.209846561430616
61.209846561430616
61.209846561430616
61.209846561430616
61.209846561430616
61.209846561430616
61.209846561430616
61.209846561430616
61.209846561430616
61.209846561430616
61.209846561430616
61.209846561430616
61.209846561430616
61.209846561430616
61.209846561430616
61.209846561430616
61.209846561430616
61.209846561430616
61.209846561430616
61.209846561430616
61.209846561430616
61.209846561430616
61.209846561430616
61.209846561430616
61.209846561430616
61.209846561430616
61.209846561430616
61.209846561430616
61.209846561430616
