58.27528576221899
61.30927040376568
64.66453109694416
65.82621803423444
66.6904868905833
67.48374078488965
67.50214298374998
67.8243946081039
67.0337573679841
68.89398718583953
68.5606872303474
69.64579776956788
70.26390720761513
69.95240926604596
69.71054713254595
69.02955509184562
71.2915255285166
71.59452178142814
71.57761266687035
72.07884712035093
71.63577181370172
71.39118976259464
70.96142365462804
71.69971705125857
71.09723497428305
72.2762584486464
72.40998105105612
72.48975978467992
71.9791814579635
72.40447578635202
72.61606970139859
72.56077610921832
73.27735986033161
73.14137816564308
73.13557294466308
73.18000294918278
73.40649397025625
73.40649397025625
73.51100805433408
73.44770744988472
73.4970301401426
73.56448081028472
73.56448081028472
73.57022288799219
73.84422301330498
73.44094340570967
73.41053869449509
73.44917421199301
73.51433445838994
73.45065812230138
73.51655779193725
73.5569227445802
73.92969840965263
74.20222862254641
74.3729734805541
74.8792609221181
74.93885003146966
74.92603526509815
75.1526803359512
75.2451190908789
74.17709607841799
74.32821411589403
75.10641000335968
74.87871835614435
74.47845672881765
74.80624869170634
75.09685530626474
75.27550167143076
75.39073433338434
75.10118229542174
75.6007036062381
75.6007036062381
75.61719601350721
75.90231792750717
76.36540530596942
76.20549736153377
76.71234634587668
76.44519347073778
76.13711969868726
76.67474013365394
75.8469714944652
76.33983734225538
76.34663710243426
76.03890478620679
75.91287148035735
75.88105936997765
75.88105936997765
75.02269801736989
75.37059298051958
76.5902877658666
75.70355864839482
75.58726399513692
75.86967209474012
76.02392364129842
76.18650877366642
76.11655913740452
76.11958690773552
76.11958690773552
76.54373956577676
76.4311731636296
75.86753376485015
75.91865654173394
75.59846535996198
75.59846535996198
75.7038464705352
75.7038464705352
75.7038464705352
76.0757077019975
75.61365308383641
75.4507759466937
76.21603292101898
76.2607855248833
75.97006928721088
76.16535795498784
76.21918173903084
76.23359893406051
75.98072986736288
75.77364878485741
75.75110712649293
75.81580701626937
75.81580701626937
75.76491332222163
75.76871946515568
75.975361070232
75.975361070232
75.73936198249184
75.4974260092447
75.83817698941947
75.97461522740566
75.76551954836756
75.81363588527778
76.08852147522083
76.08852147522083
75.90989748411822
75.81206945613754
75.82488659819715
75.58406945497762
75.58406945497762
75.59846529631386
75.59846529631386
75.59846529631386
75.63731299172903
75.50814023715401
75.48817751268378
75.41445342903563
75.55191992266485
75.44522921139017
75.47235617295235
75.49675182461567
75.49675182461567
75.49675182461567
75.61468449116833
75.46054478655789
75.71791626750544
76.60078026199248
76.62838709607982
76.54646658795807
76.70522102845803
76.78075393946197
76.66702821982713
76.14959563079385
76.40728913279476
75.81174908022304
76.29701442416493
76.59596388770623
76.71393633161752
76.71393633161752
76.48026632502894
76.57526309900804
76.58813379084559
76.53086490544808
76.40497476905479
76.55618082079911
76.58614237612294
76.52017289819305
76.19120982699445
76.59747767636252
76.01909286352466
76.99452241635234
76.99445831832631
76.99736266769285
77.02002900476023
77.02002900476023
76.76060934198765
76.76060934198765
76.76060934198765
76.5909905526164
76.56451925678492
76.56451925678492
76.58904100200397
76.50188144919179
75.95153509876795
76.29090904550893
76.84520610718134
77.29912385277501
77.18781097663582
77.18781097663582
77.18781097663582
77.301029834004
77.59275451348385
77.50257042844784
77.50257042844784
77.37280724539573
77.02886827304745
77.02886827304745
76.96021748489514
76.96021748489514
76.96021748489514
76.96021748489514
76.78367074632753
76.78367074632753
76.78367074632753
76.69733777434979
76.82014304748354
76.82014304748354
76.82014304748354
76.82014304748354
76.82014304748354
76.82014304748354
76.73856399996158
76.7534149165352
76.77166828878144
76.77166828878144
76.86257749452548
76.86257749452548
76.85407728873102
77.04371831938997
77.04371831938997
77.04371831938997
76.95473785772877
77.03204081455117
77.03204081455117
76.86734530127114
76.86734530127114
76.75361709243693
76.75361709243693
76.75361709243693
76.8759098312331
76.85975783759515
76.89396189814843
76.89396189814843
76.90511817064582
76.90511817064582
76.91469952912286
76.90423859395263
76.90423859395263
76.90423859395263
76.90520051870176
76.90520051870176
76.90520051870176
76.60219340663129
76.62273885878888
76.83475851740293
76.85600541479641
76.85600541479641
76.91325198352047
76.91325198352047
76.91325198352047
76.91325198352047
77.05033702835567
77.02468462640357
76.89019854689519
76.89019854689519
76.89019854689519
76.89019854689519
77.09662996257103
77.09662996257103
77.09662996257103
77.97099985401188
77.97099985401188
78.09747099646226
78.09747099646226
78.1006123181019
78.07840065023491
78.07840065023491
78.29273128827978
78.29273128827978
78.10241597471241
78.10241597471241
78.07896609253073
77.62003631150871
77.59779730025436
77.59779730025436
77.59779730025436
77.59779730025436
77.59779730025436
77.59410567342465
77.55114957914583
77.55500717088636
77.55500717088636
77.55500717088636
77.55175960878229
77.56745604897722
77.56745604897722
77.56745604897722
77.56745604897722
77.56745604897722
77.56745604897722
77.56745604897722
77.58473482754633
77.86222703792839
77.86222703792839
77.86370786588593
77.86370786588593
77.86370786588593
77.86468186903602
77.86468186903602
77.86468186903602
77.77458737710356
77.77131426896005
77.77131426896005
77.77131426896005
77.85861008338908
77.84995972615272
77.84995972615272
77.84995972615272
77.84995972615272
77.87610247520576
77.87610247520576
77.80653439869762
77.82060410698088
77.7586488456933
77.7586488456933
77.7586488456933
77.9221815771403
78.10255321519058
78.10255321519058
78.07860079511251
78.07860079511251
78.07860079511251
78.07860079511251
77.98884749394908
78.14490461436206
78.14490461436206
78.14490461436206
77.99712987951193
77.99712987951193
77.82310855778664
78.0158312559497
77.70870207143078
77.8702809121053
77.8702809121053
78.29081304307347
77.74541441020581
77.9348347602569
77.9654146180448
77.98318125845466
77.91044811963748
78.20715991277123
78.24077940927367
78.22813118423346
78.22813118423346
78.22813118423346
78.22097710500555
78.22263703842117
78.22263703842117
78.22263703842117
78.3290837914856
78.3290837914856
78.3290837914856
78.3290837914856
78.3290837914856
78.3290837914856
78.3290837914856
78.3094451426247
78.31505618515644
78.31505618515644
78.31505618515644
78.13470417061937
78.36754281217173
78.36754281217173
78.36754281217173
78.36754281217173
78.36754281217173
78.36754281217173
78.36754281217173
78.00511750247597
78.09271699152555
78.09271699152555
78.4119122610711
78.14958678158841
78.19061099035456
78.19061099035456
78.19061099035456
78.19061099035456
78.40717073933473
78.25968186325119
78.25968186325119
78.25968186325119
78.25968186325119
78.25968186325119
78.4422344860278
78.4422344860278
78.75861143667777
78.75861143667777
78.75861143667777
78.77313000922851
78.75512791443933
78.75512791443933
78.75512791443933
