1088786.0
955652.0
896858.0
867441.0
831888.0
873473.0
873473.0
831888.0
785697.0
785697.0
785697.0
785697.0
813885.0
813885.0
748475.0
748475.0
823316.0
748475.0
748475.0
748475.0
870098.0
870098.0
870098.0
870098.0
870098.0
738371.0
738371.0
690594.0
690594.0
690594.0
766719.0
690594.0
673959.0
673959.0
673959.0
673959.0
673959.0
674187.0
673959.0
673959.0
673959.0
673959.0
673959.0
673959.0
673959.0
673959.0
673959.0
744073.0
744073.0
666056.0
666056.0
666056.0
665503.0
665503.0
665503.0
665503.0
665503.0
665503.0
665503.0
624222.0
597991.0
615935.0
615935.0
597991.0
701866.0
701866.0
687175.0
687175.0
687175.0
687845.0
687845.0
687845.0
687845.0
621727.0
621727.0
621727.0
621727.0
708988.0
621727.0
621727.0
621727.0
625005.0
625005.0
606346.0
606346.0
670964.0
670964.0
670964.0
670964.0
606346.0
606346.0
683508.0
683508.0
683508.0
683508.0
568694.0
568694.0
640259.0
651206.0
651206.0
640259.0
640259.0
485319.0
485319.0
492855.0
492855.0
492855.0
492855.0
492855.0
492855.0
567368.0
502029.0
566505.0
571393.0
605404.0
597127.0
597127.0
597127.0
566505.0
566505.0
566505.0
566505.0
566505.0
566505.0
566505.0
667861.0
667861.0
667861.0
667861.0
554205.0
554205.0
554205.0
554205.0
554205.0
554205.0
358241.0
358241.0
358241.0
358241.0
358241.0
358241.0
358241.0
358241.0
358241.0
358241.0
358241.0
358241.0
358241.0
358241.0
358241.0
358241.0
358241.0
416416.0
443782.0
572667.0
443782.0
367505.0
367505.0
462510.0
462510.0
414223.0
414223.0
414223.0
414223.0
456065.0
456065.0
456065.0
456065.0
456065.0
456065.0
456065.0
330225.0
473495.0
455715.0
455715.0
455715.0
466997.0
466997.0
466997.0
466997.0
466997.0
466997.0
368349.0
368349.0
368349.0
330225.0
330225.0
330225.0
330225.0
330225.0
331062.0
330225.0
330225.0
330225.0
298733.0
298733.0
298733.0
298733.0
298733.0
394801.0
394801.0
394801.0
394801.0
394801.0
394801.0
566960.0
566960.0
528836.0
528836.0
430826.0
482579.0
434288.0
434288.0
434288.0
434288.0
428090.0
428090.0
428090.0
408491.0
408491.0
505999.0
520712.0
435850.0
435850.0
435850.0
435850.0
435850.0
435850.0
435850.0
435850.0
435850.0
435850.0
435850.0
435850.0
415941.0
415941.0
415941.0
415941.0
415941.0
415941.0
432801.0
432801.0
432801.0
432801.0
415941.0
432796.0
415941.0
415941.0
415941.0
409941.0
409941.0
409941.0
409941.0
409941.0
409941.0
409941.0
409941.0
409941.0
409941.0
409941.0
409941.0
409941.0
409941.0
409941.0
409941.0
409941.0
409941.0
409941.0
409941.0
409941.0
409941.0
409941.0
409941.0
409941.0
409941.0
409941.0
409941.0
409941.0
409941.0
409941.0
409941.0
409941.0
420391.0
433960.0
457952.0
457952.0
457952.0
457952.0
457952.0
457952.0
457952.0
457952.0
457952.0
457952.0
457952.0
457952.0
433960.0
320011.0
425113.0
495386.0
320011.0
279350.0
329526.0
329526.0
329526.0
329526.0
225453.0
225044.0
225044.0
225044.0
225044.0
225044.0
225044.0
225044.0
225044.0
226579.0
226579.0
226579.0
226579.0
287144.0
287144.0
287144.0
287144.0
226579.0
509441.0
240595.0
240595.0
240595.0
240595.0
494282.0
240595.0
297961.0
297961.0
297961.0
297961.0
297961.0
297961.0
297961.0
297711.0
297711.0
394681.0
307325.0
309112.0
309112.0
350358.0
356632.0
350358.0
309112.0
309112.0
309112.0
309112.0
398303.0
398303.0
477189.0
398303.0
398303.0
398303.0
398303.0
398303.0
398303.0
398303.0
398303.0
398303.0
398303.0
398303.0
398303.0
398303.0
398303.0
398303.0
397702.0
397892.0
440215.0
226076.0
226076.0
226076.0
418903.0
222267.0
213489.0
218158.0
218158.0
303257.0
303257.0
213489.0
213489.0
213489.0
213489.0
281701.0
227298.0
227298.0
227298.0
227298.0
407223.0
407223.0
196425.0
601834.0
196425.0
196425.0
196425.0
196425.0
196425.0
196425.0
212237.0
212237.0
212237.0
145798.0
145798.0
145798.0
145798.0
341932.0
348363.0
348363.0
145798.0
145798.0
163361.0
216219.0
216219.0
216219.0
216219.0
216219.0
384655.0
216219.0
216219.0
216219.0
216219.0
227294.0
371723.0
371723.0
371723.0
371723.0
371723.0
376102.0
376102.0
376102.0
376102.0
376102.0
376102.0
376102.0
447914.0
447914.0
447914.0
447914.0
376102.0
338705.0
338705.0
338705.0
346105.0
346105.0
346105.0
346105.0
346105.0
346105.0
346105.0
343735.0
343735.0
389223.0
373893.0
373893.0
373893.0
343735.0
416430.0
416430.0
416430.0
340110.0
340110.0
340110.0
340110.0
351620.0
340110.0
340110.0
344910.0
413387.0
413387.0
344910.0
345516.0
344910.0
344910.0
344910.0
344910.0
337088.0
337088.0
339530.0
339530.0
339530.0
339530.0
339530.0
339530.0
343320.0
343320.0
343320.0
343320.0
424601.0
420819.0
420819.0
420819.0
420819.0
339910.0
341978.0
341978.0
378919.0
378919.0
