55.107941005191584
55.107941005191584
55.57448693592769
55.9144809860389
57.31321032113122
57.54529877918184
58.02492455424407
58.02492455424407
58.809566339188244
58.809566339188244
58.809566339188244
58.809566339188244
58.809566339188244
58.809566339188244
59.203714920250356
59.50531276146546
59.50531276146546
59.827037492521434
59.827037492521434
60.17549456167873
60.17549456167873
60.17549456167873
60.17549456167873
63.52156076904173
63.52156076904173
64.20201065399259
64.20201065399259
64.2572130141191
64.2572130141191
64.2572130141191
64.2572130141191
64.2572130141191
64.2572130141191
64.2572130141191
64.2572130141191
64.4157650416343
63.78484527007201
62.9335796827546
62.956851240679626
63.22952808101323
63.22952808101323
63.22952808101323
63.39342681898835
63.50370446242617
63.50370446242617
63.50370446242617
63.39342681898835
63.39342681898835
63.39575542215246
63.70662394456062
63.955042804376674
65.01415693603147
65.01415693603147
65.12472412402603
65.12472412402603
65.12472412402603
65.12472412402603
65.12472412402603
65.12472412402603
65.12472412402603
65.12472412402603
65.12472412402603
65.12472412402603
65.12472412402603
65.12472412402603
65.12472412402603
65.12472412402603
65.12472412402603
65.12472412402603
65.12472412402603
65.12472412402603
65.12472412402603
65.12472412402603
65.06662215072693
65.06662215072693
65.06662215072693
64.72928382813957
64.77842657975738
66.11971096561957
66.11971096561957
66.11971096561957
66.11971096561957
66.11971096561957
66.11971096561957
66.11971096561957
66.11971096561957
66.93691530366456
66.93691530366456
66.93691530366456
66.93691530366456
66.93691530366456
66.93691530366456
66.93691530366456
66.93691530366456
66.93691530366456
66.93691530366456
66.93691530366456
66.89340176901283
66.89340176901283
66.89340176901283
66.89340176901283
66.89340176901283
66.40550658133076
66.07354447859593
66.07354447859593
66.07354447859593
65.42495199841098
65.42495199841098
65.94606604920946
65.42495199841098
65.42495199841098
65.42495199841098
66.20235463936127
66.4878892733564
66.4878892733564
66.4878892733564
66.4878892733564
66.4878892733564
66.4878892733564
66.4878892733564
66.4878892733564
66.4878892733564
66.4878892733564
66.4878892733564
66.4878892733564
66.51193222249285
66.51193222249285
66.51193222249285
66.51193222249285
66.4878892733564
66.58607828158001
66.58607828158001
66.58607828158001
66.58607828158001
66.63169010919876
66.63550981890083
66.63550981890083
66.63550981890083
66.63550981890083
66.63550981890083
66.63169010919876
66.63169010919876
66.63169010919876
66.63169010919876
66.63169010919876
66.63169010919876
66.63169010919876
66.73501720079668
66.73501720079668
66.73501720079668
66.73501720079668
66.73501720079668
66.73501720079668
66.73501720079668
66.73501720079668
66.73501720079668
66.94278471845011
66.94278471845011
66.94278471845011
66.94278471845011
67.95044179792548
67.95044179792548
67.95044179792548
67.95044179792548
67.00278132199998
67.00278132199998
67.00278132199998
67.00278132199998
67.00278132199998
67.00278132199998
67.00278132199998
67.09640998338551
67.09640998338551
67.09640998338551
67.09640998338551
67.09640998338551
67.09640998338551
67.46539417307342
67.46539417307342
67.46539417307342
67.46539417307342
67.46539417307342
67.46539417307342
67.46539417307342
67.46539417307342
67.2100035799194
67.24832707612377
67.24832707612377
67.24832707612377
67.35717049264896
67.24832707612377
67.24832707612377
67.24832707612377
67.24832707612377
67.24832707612377
67.24832707612377
67.24832707612377
67.24832707612377
67.24832707612377
67.24832707612377
67.24832707612377
67.24832707612377
67.24832707612377
67.24832707612377
67.24832707612377
67.24832707612377
67.24832707612377
67.2982165539896
67.6946579020461
67.96083695954079
67.6946579020461
67.6946579020461
67.6946579020461
68.15968387550734
68.15968387550734
68.33792328948411
68.29132474988235
68.15968387550734
68.15968387550734
68.15968387550734
68.15968387550734
68.30848995463383
68.30848995463383
68.30848995463383
68.30848995463383
68.30848995463383
68.30848995463383
68.30848995463383
68.57291034789334
68.58130737537046
68.58130737537046
68.58130737537046
68.58130737537046
68.83887911717224
68.83887911717224
68.83887911717224
68.83887911717224
68.83887911717224
68.83887911717224
68.83887911717224
68.83887911717224
68.83887911717224
68.83887911717224
68.83887911717224
68.83887911717224
68.83887911717224
68.83887911717224
68.83887911717224
68.83887911717224
68.83887911717224
68.83887911717224
68.948750692721
68.83887911717224
68.83887911717224
68.83887911717224
68.83887911717224
68.83887911717224
68.83887911717224
68.83887911717224
68.83887911717224
68.83887911717224
68.83887911717224
68.83887911717224
68.83887911717224
68.83887911717224
68.83887911717224
68.81392035435682
68.81392035435682
68.68467339710382
68.68467339710382
68.68467339710382
68.64853143146277
68.64853143146277
68.64853143146277
68.93067970990049
68.93067970990049
68.93067970990049
68.93067970990049
68.93067970990049
68.93067970990049
68.93067970990049
68.93067970990049
69.10273001493943
69.10273001493943
69.10273001493943
69.10273001493943
69.10273001493943
69.10273001493943
69.10273001493943
69.10273001493943
69.10273001493943
69.10273001493943
69.10273001493943
69.10273001493943
69.10273001493943
69.10273001493943
69.29890939359257
69.29890939359257
69.29890939359257
69.29890939359257
69.29890939359257
69.4796677893376
69.4796677893376
69.4796677893376
69.4796677893376
69.12344756481683
69.46357628634917
69.46357628634917
69.46357628634917
69.12344756481683
69.09861806074478
69.09861806074478
69.09861806074478
69.09861806074478
69.09861806074478
69.13668996698857
69.13668996698857
69.13668996698857
69.28850464902904
69.13668996698857
69.13668996698857
69.13668996698857
69.13668996698857
69.13668996698857
69.13668996698857
69.13668996698857
69.34573074412842
69.34573074412842
69.14685824008474
69.14685824008474
69.14685824008474
69.29867292212522
69.29867292212522
69.29867292212522
69.29867292212522
69.29867292212522
69.29867292212522
69.29867292212522
69.29867292212522
69.3882956082519
69.3882956082519
69.43180635824481
69.3882956082519
69.3882956082519
69.3882956082519
69.3882956082519
69.3882956082519
69.57747278213411
69.57747278213411
69.57747278213411
69.57747278213411
69.45568997644743
69.45568997644743
69.45568997644743
69.45568997644743
69.95729003337921
69.95729003337921
69.4029743066845
69.4029743066845
69.4029743066845
69.4029743066845
69.4029743066845
69.9965951651345
69.9965951651345
69.9965951651345
69.57534453892792
69.57534453892792
69.57534453892792
69.57534453892792
69.57534453892792
69.3882956082519
69.3882956082519
69.30080116533138
69.24073741262377
69.89730485511788
69.89730485511788
69.7418157273034
69.7418157273034
69.7418157273034
69.79943107854008
69.79943107854008
69.79943107854008
69.79943107854008
69.79943107854008
69.79943107854008
69.79943107854008
69.79943107854008
69.79943107854008
69.79943107854008
69.79943107854008
69.79943107854008
69.79943107854008
69.79943107854008
69.79943107854008
69.79943107854008
69.79943107854008
69.76086013210549
69.76086013210549
69.76086013210549
69.76086013210549
69.76086013210549
69.76086013210549
69.76086013210549
69.05614903595622
69.05614903595622
69.05614903595622
69.05994956121984
69.05994956121984
69.05994956121984
69.05994956121984
69.05994956121984
69.05614903595622
69.0732106796207
69.0732106796207
69.43195883004365
69.43195883004365
69.43195883004365
69.43195883004365
69.43195883004365
69.43195883004365
69.43195883004365
69.43195883004365
69.43195883004365
69.43195883004365
69.625059326056
69.65041830685762
69.65041830685762
69.7313809244628
69.94960775007677
69.94960775007677
69.94960775007677
69.94960775007677
69.94960775007677
69.79256819006672
69.9719114165003
69.9719114165003
69.9719114165003
69.9719114165003
69.97654653538919
69.97654653538919
69.97654653538919
70.01741593906743
70.32022106631989
70.32022106631989
70.32022106631989
70.32022106631989
70.32022106631989
70.32022106631989
70.32022106631989
70.57495820174623
70.57495820174623
70.57495820174623
70.57495820174623
70.86266951514025
70.86266951514025
70.86266951514025
70.86266951514025
70.86266951514025
70.86847482816273
71.56363088767475
71.56363088767475
71.56363088767475
71.20332528329926
71.20332528329926
71.5133289986996
71.5133289986996
71.5133289986996
71.5133289986996
71.22074122236671
71.21609697194873
71.21609697194873
71.21609697194873
71.2253854727847
71.21609697194873
71.21609697194873
71.21609697194873
71.21609697194873
71.21609697194873
71.21609697194873
71.21609697194873
71.45759799368382
71.45759799368382
71.45759799368382
71.45759799368382
71.45759799368382
71.45759799368382
71.48446597419536
71.48446597419536
71.48446597419536
71.68516626416496
71.68516626416496
71.69190042727104
71.68516626416496
71.96716219841035
71.96716219841035
71.96716219841035
71.96716219841035
71.96716219841035
71.96716219841035
71.96716219841035
