103960.0
103960.0
112560.0
84900.0
84900.0
84900.0
75640.0
75640.0
75640.0
75620.0
75620.0
75620.0
75620.0
75620.0
75620.0
75620.0
75620.0
75620.0
78020.0
78020.0
78020.0
78020.0
78020.0
78020.0
78020.0
78020.0
78020.0
78020.0
78020.0
72560.0
72560.0
77100.0
77100.0
72560.0
70540.0
70540.0
70540.0
70540.0
48000.0
48000.0
48000.0
59040.0
48000.0
48000.0
48000.0
48000.0
53060.0
53060.0
53060.0
50460.0
50460.0
50460.0
53520.0
53520.0
53520.0
53520.0
48000.0
48000.0
48000.0
48000.0
48000.0
48000.0
48000.0
48000.0
48000.0
48000.0
48000.0
58350.0
48000.0
48000.0
50460.0
50460.0
50460.0
50460.0
50460.0
50460.0
50460.0
50460.0
50460.0
50460.0
50460.0
50460.0
50460.0
50460.0
50460.0
43340.0
43340.0
43340.0
43340.0
43340.0
43340.0
43340.0
43340.0
43340.0
43340.0
43340.0
43340.0
43340.0
43340.0
43340.0
43340.0
43340.0
43120.0
43120.0
43120.0
43120.0
43120.0
43120.0
43120.0
43120.0
43120.0
43120.0
43120.0
43120.0
43120.0
43120.0
43120.0
43120.0
43120.0
43120.0
43120.0
43120.0
43120.0
43120.0
43120.0
43120.0
43120.0
43120.0
43120.0
43120.0
43120.0
43120.0
43120.0
43120.0
43120.0
43120.0
43120.0
43120.0
43120.0
43120.0
43120.0
43120.0
43120.0
43120.0
43120.0
43120.0
43120.0
58950.0
58950.0
43120.0
43120.0
43120.0
43120.0
43120.0
43120.0
43120.0
43120.0
43120.0
43120.0
43120.0
43120.0
43120.0
43120.0
43120.0
43120.0
43120.0
43120.0
43120.0
43120.0
43120.0
43120.0
43120.0
43120.0
43120.0
43120.0
43120.0
43120.0
43120.0
43120.0
43120.0
43120.0
43120.0
43120.0
43120.0
43120.0
43120.0
43120.0
43120.0
43120.0
43120.0
43120.0
43120.0
43120.0
43120.0
43120.0
43120.0
43120.0
43120.0
43120.0
43120.0
