39.72822104772987
43.502922911752776
44.719664627168655
46.78827146377632
49.04207840300483
49.804241821253164
49.610437349917035
49.53742992175038
50.47454981595586
51.38862968430681
52.01674517750363
52.74134356333006
53.31659535867394
54.423632229901806
55.17907219545547
55.66077014238478
54.87137552597144
53.70913129810481
54.73919312575924
53.952992296759284
54.759215256577306
53.91596171010254
53.859711980930264
53.934145821578724
54.462278567604585
54.601740599999594
55.11620147488044
54.81228308941637
54.03346292129197
53.61867688501648
53.39214193955568
53.78787337757713
53.57775340088682
53.36327452053426
53.444808950382196
52.7485465839879
52.25481125356481
51.45533668454819
50.845052712800836
51.028989753615875
51.333105809363914
50.58493917141384
50.46571060098093
51.40175619017383
51.730721657128996
52.66245471968623
54.11903907789872
55.17928594368008
56.40642639865128
57.910967523138574
59.0106596771072
59.67781705962943
59.88150885427052
60.073228904856634
60.785452958270334
60.53304367628043
60.84333382860392
60.66725804023938
60.35054123352053
60.685554614447355
60.85829749587896
60.85829749587896
60.79085998150214
60.47072309039654
60.305678397014255
59.92896040691229
59.37708671095163
60.889001347980226
60.82393525487837
61.08848808789329
60.979386937086346
60.80671328015251
60.69362104527015
60.45184690627424
60.395644791499954
60.28785079852745
60.21151600132267
59.77637558636551
59.79724828819777
59.40665193746254
59.77041380530651
59.99732133557111
60.41017011646959
60.058612917909386
59.346363615577175
59.49432040428629
59.57366863915696
59.433934683626696
59.391239064911346
59.311415231463386
59.13875618472347
59.26006953067607
59.46615044898281
59.644222439848775
59.51079687956275
59.44930847537946
59.17077101209952
58.91831380306301
58.80357732135934
58.73644162328399
58.9102521246824
58.334182198142614
58.16100454637664
58.152898990987225
58.0540953236128
58.00004790393318
58.02317957653105
57.87415530535826
58.006633243532505
58.09663418999529
58.300434195479475
58.665367553086504
58.67893372589417
58.708216097663254
58.903645533240116
58.60353773173263
58.40472359807323
58.209738379329075
58.57607603477501
58.633533073537606
58.624018235573956
58.601751944715986
58.40892383589481
58.61344674772736
58.717410930730296
59.08130547568559
59.21910470470507
59.27080456614432
59.412184516165794
59.307698434469316
59.05837067899114
58.82389875862803
58.92045186286305
58.916153220248
58.92163665963276
59.14647248211399
59.09282442200149
58.849455704485365
59.17956383253314
59.30516754216283
59.473188664667546
59.60048201919672
59.74828929202945
59.7893379178855
59.61240006196264
59.470529791792956
59.626121762134595
59.4469957085992
59.35623507746368
59.688988404609596
60.12048058245993
60.129323175901774
60.069842978663985
60.00624272612947
59.77859312643437
59.76176335181989
60.12221758528898
60.15161996226109
59.92710476760025
59.72497925600895
59.023473042518404
58.77128311067622
58.86151146180316
58.69617845602818
59.14883971552996
59.07459381590375
59.79646228088524
59.93347337224331
60.73119768639365
60.95773373799775
61.592279356674
61.520903514892254
61.73675668899166
61.43458755965482
61.37206771774136
60.8656556454181
60.57056236153178
60.45250417799825
60.81049185598516
60.907479476179915
60.794223417806165
60.68039530586346
60.559554485879026
60.5038747739308
60.69956958147397
60.932003868274265
60.71473063337503
60.45526343870061
60.29908708632187
60.54506991493538
60.453127953246295
60.502398269384614
60.524706456994544
60.818098920740546
60.80316005118988
61.00684299905646
60.92201504974548
60.89417106242139
60.517676807943666
60.54188204523233
