36.461986566010815
37.72038525086461
38.3773959297333
40.78415743616525
42.5126121139298
41.87820905454354
42.972502087638084
40.70392290058147
40.90405264465602
40.0021671191003
38.28974930738563
40.76317963207425
41.403839306907194
42.248265738570446
41.73436534757805
39.594251852458946
43.254304530667305
40.77162325938018
42.89563878402543
39.64047218121425
42.81391993122927
43.447915390583525
43.299674851024896
39.12067265971878
41.51463402776089
41.80290104925245
41.94454367205671
41.22223514718127
41.66707936114895
37.7167163165619
43.166174112203436
41.72447628364191
40.29121948157912
41.718244457759134
41.420079730435205
39.542631924184946
41.16629344641113
41.76138477565296
42.035907908610454
40.478713358735156
41.72666666666666
43.33035275542345
39.06609535278811
43.55517938320486
42.14127791460965
42.44468497893741
43.669028969290075
41.316816281838484
42.23110305427379
41.70567978297513
42.88039173097562
43.34211573515442
40.416586011461305
42.696778219829945
42.09956188191904
42.25839246066222
39.604982206405694
41.30978302149529
40.782990574121676
41.347078971674875
43.89794480919677
41.14758416537052
42.27691245800016
42.76503880983182
46.99702395337756
44.21770173159026
41.46871648194494
40.929188660801564
42.71641917306484
40.763050035637036
41.56613033288815
39.29641053149166
41.96691854775313
42.798954420870984
41.84133806203414
44.58106683670813
43.84175942920252
44.15496608496872
45.957690678494004
43.18072244474113
43.51973947095021
43.1732769527303
40.8325966525224
40.35974341192787
41.74107142857143
42.60536469598097
39.391166422645206
43.32158717899208
45.91049043904683
43.64105167315301
44.70412209171842
43.94450323339212
42.02650111193476
40.93191348488192
43.342708520409474
45.2989288164213
45.77730189245531
44.14197875908328
43.65372524363408
37.12416335494666
42.774094685055246
40.655731220485855
41.27623986209186
44.017573818103585
42.53572873394588
41.04875683301005
41.54200094384144
45.58108971850459
43.59471646913285
44.62808299621558
43.57235659220216
44.21053691511696
44.14327681450969
41.46287825475018
42.15410073307869
40.922354249590256
44.191279272981475
39.86178781494162
43.31231596466522
44.41638644593896
41.10851928465589
44.89838994698605
45.526058564179365
45.007006150309195
47.224785761371116
40.25303182540424
43.89429843555459
40.45971423248014
41.37199148526236
43.66962439928048
42.633815554183265
44.09198871986337
44.00878398207187
45.581834324652085
44.50869576904468
43.61398866728239
43.04380018836126
45.34680739425251
45.170600481250176
46.19678735252798
41.9212294732857
41.28391253062336
44.60010463605219
43.158923915619816
47.03331850413869
41.261680609605484
44.3044186702933
43.392010633282695
42.40000768678897
42.26753858066099
41.87281916474988
42.58387035633056
39.79770538874726
43.26126075727486
48.451410884611576
43.12915035432876
42.201443053339034
37.92631429243451
46.059872055414026
40.594940476190466
43.32566645902216
44.74702987882694
41.821283047474644
42.722509789091376
46.33227027062353
41.45181840725824
43.36374116188245
43.721672214511194
45.86403520191632
45.99455948481653
43.935739365753676
44.96481379723757
43.34019927824657
41.43781469679649
45.43708079776129
44.97136256766362
45.9108643457383
44.126000262363895
45.9108643457383
39.07487936258556
42.217599975348016
45.39720034995626
44.018206421454046
40.521021065382456
46.46388510232627
44.276404192421396
46.636270509009684
44.32786428706864
41.667306375491684
47.440147514372775
46.50553194448066
44.71861287016843
46.856887346861924
39.91704597728978
42.46124493202957
43.960252044475396
49.15073622061417
46.94988723159862
47.75981953377384
44.73445974635679
42.49729809392808
42.56887914840325
45.38993124605714
48.995383443144625
45.71767131440231
46.934808857069
42.90617265048866
41.1017425686314
45.61177676370824
42.20429343721727
44.80667951582411
44.88719512195122
48.60396540243946
45.74674571553324
46.42018760235593
49.82515716698883
42.657617975901
47.133805340853
45.95088225509476
47.33628879037365
47.73630242904385
46.93197352327505
47.62174405436014
42.00556365081468
45.93064273657559
46.21982880751719
46.84835944428022
46.22648923131971
49.2059966685175
45.56292209549842
45.13310161181945
49.84144109992491
43.74207907019875
41.030320621071404
48.87150563689231
46.114066193853425
51.429524152847875
47.077986478354276
47.74737722160793
44.44258075534303
44.93564087846073
46.51547121219848
40.69321627815459
45.702581124451235
44.54896639795674
48.70189524976106
42.222097668668866
46.26965606852112
42.93405350845813
41.65325821715483
46.34265031424136
48.41421383604833
46.19580293489416
47.69070062426942
46.12718707940781
46.62690250925545
46.04078986923192
48.2814146754436
48.30681923899898
47.445721788138854
45.4087959855531
43.07608127215324
45.40228832393094
50.585095062429055
45.24341271716022
43.701351890109095
40.69135357102856
46.253066431164754
49.16222496500652
48.37330968173171
46.52090388121907
45.273853371330254
43.818665760561785
49.14788486618541
47.82416717381526
45.45670217401912
46.80879181291496
47.2865286941041
41.13182759688431
45.76631846570498
43.969305997407794
45.55893036072144
45.88692713819551
45.98126019399405
41.25791068323204
43.53722022853904
45.238414487787516
46.28527363015441
45.8069037334914
45.54680305632295
47.381599755847176
45.8539354924897
46.9361484749249
47.154657504469164
49.93649101213648
45.02707719861297
47.286314099189205
47.08304471638576
43.570168423566905
45.53479349029078
44.9301956505567
46.614375338159896
45.22288316075493
44.36435584132996
46.18235164149618
46.014450749071315
42.19791273733182
46.432622198217665
45.50926669769644
45.88479423971198
41.47539638857723
47.21694182594656
48.33426525785387
49.31556351397998
44.88179655037704
47.64731964407479
43.78815789273203
46.709830201037946
43.849601859463476
48.23678434985233
42.134058736854364
48.07472096451511
42.31239071594529
43.97950482239473
46.97515179514255
44.088211682853505
45.405148723246896
45.25152986646186
44.006640028205425
47.69468295457624
46.27446077299889
43.229409978510695
44.22663867168646
44.558066372895226
42.14637868294401
44.269160095404985
44.42112546125461
48.3539343718009
46.786757377775324
44.20787101005753
45.46119737662907
46.12365999914476
45.24561083139854
44.376803724290255
44.76036365551347
45.77893720695045
45.25253352106219
48.27844428967172
45.68798653482012
47.2088799966538
45.75853721036873
47.29386317838254
44.4704045871232
45.20026523507734
43.73793523634871
42.53041926225573
47.06360262035788
45.06467952873919
44.26832555594474
42.22641728624536
46.036880101982305
46.629746421374925
42.99220723038069
45.636466694464715
47.322197994463885
46.17058564850742
48.31110623273512
45.11686953228907
41.77539953656148
41.73150717114537
46.26119124595873
44.17323686834234
46.71841895739713
45.22932420251391
47.33673778806924
49.42393921780288
41.149045303605305
48.522120796756965
44.4326457721654
44.986709455736
47.25592323105885
47.197035949777984
44.9684218042087
41.08893735249306
46.67769273871075
47.209951174145544
44.89306650126483
46.50420716575328
47.66452355819979
48.164367732571016
46.976764140582105
45.73873047422471
46.01400773724124
45.567472345276016
44.63562933509263
46.1768146872027
45.77036442717791
45.640608569926385
46.340172240320065
45.40043712434626
48.30722423030629
