879584.6
757902.6142857143
644813.4357142857
615750.7714285714
602816.85
567090.9428571429
555421.5571428571
540449.4928571428
487720.1928571428
440327.28571428574
372635.10714285716
427560.22142857144
408665.9428571428
402438.2428571429
402037.5571428572
423586.97142857144
380042.72857142857
441159.55
420812.14285714284
429435.89285714284
413421.0714285714
420737.4142857143
433233.89285714284
368488.95714285714
389418.39285714284
373502.4357142857
398875.04285714286
368234.9428571428
380917.5642857143
377157.0642857143
372418.05
364864.52857142856
337492.8214285714
416455.7
391129.21428571426
338330.14285714284
340613.64285714284
373078.0857142857
344908.10714285716
362957.5857142857
307841.59285714285
343338.0
302959.85
363372.4285714286
378639.5142857143
316484.6785714286
308847.8857142857
382474.95
344738.6857142857
368473.6642857143
329652.42142857146
343834.84285714285
390616.4928571429
365932.20714285714
329273.5642857143
358260.55
330107.4357142857
349468.3214285714
352254.07857142854
361018.1785714286
321618.64285714284
355004.22857142857
340139.84285714285
342530.7642857143
319936.72142857144
322087.65714285715
311468.9357142857
361743.4428571428
368421.79285714286
348652.78571428574
384163.25
342762.7357142857
348675.9357142857
371665.8071428572
300706.95
356044.15714285715
314339.0
332720.2
308928.4357142857
321305.72142857144
351136.9857142857
319337.8642857143
327757.8
320866.55
344945.45714285714
341493.7
326704.5642857143
316256.02857142856
340764.03571428574
332201.3357142857
308483.0142857143
340202.4928571429
329593.3357142857
348924.46428571426
337166.85
360311.71428571426
223679.07142857142
307134.53571428574
359431.32857142854
342485.4857142857
317979.04285714286
355704.75
359816.95
345762.02142857143
312200.0142857143
325856.79285714286
338475.3357142857
324205.32857142854
331960.79285714286
336214.1928571428
324687.6928571428
335667.42142857146
332290.85
308979.28571428574
330355.8857142857
328243.1142857143
323734.1142857143
312412.2
318265.1357142857
337895.3642857143
302515.05
343866.53571428574
311877.6214285714
282850.4428571428
369983.65
346268.14285714284
332303.60714285716
340099.03571428574
284624.77857142856
367308.7428571429
354466.02857142856
316737.1928571428
342697.4928571429
328125.2642857143
352230.39285714284
307153.3214285714
303605.02857142856
320678.17142857146
362739.45
323921.6285714286
350084.4
335608.54285714286
333013.0071428571
324320.25
322595.9857142857
327664.90714285715
346052.02857142856
340538.2428571429
364198.9428571428
339513.6928571428
324073.6214285714
313246.65
361909.0571428572
317775.2357142857
333634.0857142857
317127.8857142857
324259.1
362060.2357142857
339289.47142857144
342179.78571428574
330839.64285714284
324633.47142857144
339537.7357142857
355019.1642857143
342312.15
327712.8
331547.34285714285
323991.2
355723.6642857143
362397.07857142854
372322.15714285715
332148.92142857146
327257.9
368163.70714285714
346861.7
362580.2357142857
360005.3785714286
375853.6285714286
354097.03571428574
364790.1
345973.28571428574
336720.25
369138.72142857144
377562.5071428571
345034.95
364679.4428571428
361593.21428571426
383157.9285714286
370049.97142857144
364924.4
349777.40714285715
362026.21428571426
372783.4285714286
371246.0
394901.90714285715
319280.6785714286
378447.77857142856
390358.04285714286
382042.9357142857
371469.32857142854
400732.8857142857
344085.8785714286
396494.27857142856
375744.29285714286
356713.95714285714
388219.27857142856
395567.17142857146
374946.9357142857
390064.3857142857
358987.0857142857
378966.0714285714
380488.85
378506.09285714285
360427.6214285714
385160.8357142857
396115.2
408367.2357142857
394424.2
411270.45714285714
399461.8071428572
403187.0571428572
361127.47857142857
390402.28571428574
384218.1785714286
391132.9928571429
395608.8357142857
429450.1928571428
405426.4857142857
380441.1357142857
406039.8785714286
392523.3785714286
375315.32857142854
407581.0857142857
374680.0142857143
420809.3785714286
387894.9428571428
369141.6857142857
350755.21428571426
377735.97857142857
385596.3857142857
382297.4
385889.4857142857
372483.07857142854
413574.9
379917.9857142857
371743.04285714286
375661.02857142856
392945.45
398516.52857142856
418304.35
391387.02857142856
433967.7642857143
406237.47142857144
391535.6142857143
431130.03571428574
406827.82857142854
390972.04285714286
397269.02142857143
393735.0857142857
413399.4357142857
386295.59285714285
356586.20714285714
412454.8785714286
383578.5
402240.35714285716
391475.2571428571
371106.22142857144
413005.1785714286
386076.77857142856
403122.47857142857
412005.6357142857
368258.3357142857
410363.09285714285
373038.8
389172.55
409971.52857142856
399677.17142857146
372600.3214285714
366092.46428571426
397307.34285714285
396744.8642857143
374435.1928571428
382407.2428571429
376396.85714285716
391078.2
385902.35714285716
375160.65714285715
388570.9142857143
382808.22142857144
387799.3
383272.8
389738.77857142856
367664.4357142857
346062.3
344504.64285714284
351157.65
395951.3785714286
356496.1357142857
380582.5071428571
339464.03571428574
380994.6285714286
342161.67142857146
377380.03571428574
379936.7357142857
361954.32857142854
363113.15714285715
377151.9142857143
397473.6642857143
342314.17142857146
385724.6857142857
375432.28571428574
380792.35
363353.3714285714
371045.6357142857
367208.15714285715
360138.8071428572
365475.79285714286
358782.95714285714
373862.0071428571
360219.27142857143
372763.9857142857
355666.2428571429
363332.09285714285
392582.72857142857
375917.1928571428
389861.4857142857
381091.1642857143
354658.9
370532.35714285716
369637.42142857146
378953.21428571426
362238.65
356172.3
386346.29285714286
349855.7
352107.8214285714
356368.29285714286
360045.3142857143
342507.0642857143
335563.1285714286
400410.8142857143
392335.1642857143
307840.05
367771.77857142856
349119.34285714285
381858.5
358401.27142857143
336953.3857142857
396485.3214285714
334812.7428571429
356814.6928571428
346963.46428571426
352147.9
384172.77857142856
331776.3785714286
344047.3357142857
350977.3
339838.42142857146
326426.42142857146
380002.1642857143
378412.04285714286
318888.5071428571
356393.9357142857
347320.52857142856
332029.1357142857
387458.8071428572
355649.0571428572
370203.6642857143
363494.67142857146
352158.77142857143
361005.03571428574
360734.2357142857
384869.8142857143
354912.71428571426
325730.3642857143
358372.8785714286
372377.9857142857
347584.0714285714
342867.5571428572
326280.95714285714
374797.47857142857
327041.14285714284
305503.8142857143
347163.2642857143
339126.9357142857
332573.32857142854
324084.35714285716
351986.59285714285
313170.3071428572
359087.8071428572
347527.4
287443.02857142856
316931.42142857146
316512.9285714286
343850.95
348471.22857142857
322806.0071428571
353705.97857142857
317927.9357142857
322042.02142857143
319455.35
