49421.375
41977.75
39073.875
35523.375
35240.0
33522.3125
32210.0
30706.875
30596.8125
30092.0625
34788.4375
39076.875
40645.5
41394.375
37560.625
35800.125
30070.5
27038.5
22812.625
18421.625
12865.0
13593.25
13503.5
13283.0
13749.75
17555.0
21380.875
16423.125
17109.625
18261.625
13892.125
14345.375
14829.5
15897.75
16449.5
15666.25
15997.625
16375.875
16363.75
17508.875
16920.625
15115.0
15303.75
15725.125
15533.75
15850.75
12602.75
13038.25
14267.75
15520.0
17019.0
17390.0
18773.5
21701.75
22243.0
24057.25
23766.5
23051.25
26415.5
26652.25
25563.0
19583.25
20849.75
20211.0
18497.5
17466.0
16798.0
19064.75
18699.25
19984.25
18852.75
16426.25
17032.25
17196.0
18156.75
18541.75
19330.25
19469.5
20459.75
19615.0
20206.0
20425.5
21148.75
21826.5
21781.25
22350.25
20892.75
21365.0
21616.5
20921.75
22578.25
22786.75
22356.75
22348.75
23214.5
23817.75
24528.0
23487.0
24120.25
21736.25
21562.75
22165.75
22498.75
19070.0
18651.0
16821.25
17010.75
18170.0
19493.25
20059.75
19509.25
19047.0
20135.25
20028.75
19877.75
21597.5
21670.75
20340.0
18191.75
17790.0
19097.25
18584.5
18165.25
18710.0
20831.25
18999.0
19119.75
19016.0
20791.75
18006.5
17172.5
17218.75
16937.5
17647.5
18658.5
18754.75
18254.25
18464.25
16320.5
17639.5
19572.5
20838.75
19932.0
19242.0
20290.25
19615.75
19643.75
18928.25
19810.25
19498.25
20853.5
20384.75
20092.5
18902.25
18986.5
18428.0
18540.25
18836.25
18806.5
18642.75
17025.5
18272.75
19937.5
20105.0
20304.0
20949.5
21165.25
19204.75
17685.5
17056.0
17167.25
18443.25
21177.0
22028.25
22437.0
21671.25
22384.0
21433.75
20764.25
19542.75
19861.75
19741.0
18139.0
17911.0
17785.75
18866.0
20343.25
21273.5
21241.75
20482.25
22525.0
23413.25
23080.5
21288.5
20466.25
19138.0
20449.25
19524.25
20886.5
19619.75
