776799.0833333334
703517.5666666667
600467.65
547884.1
477546.0333333333
431070.2833333333
386494.5833333333
371962.8
348346.7166666667
333477.5333333333
337438.9166666667
324538.0833333333
323042.35
291216.38333333336
319958.68333333335
290135.5833333333
352554.55
335760.3333333333
335819.38333333336
322664.6
332771.11666666664
324082.55
330086.4166666667
296323.9166666667
298483.73333333334
322210.38333333336
294436.7833333333
288670.75
297147.5
305378.43333333335
298242.0833333333
269573.9666666667
254605.9
230901.18333333332
199280.01666666666
223853.91666666666
240285.98333333334
234007.53333333333
230885.31666666668
254559.61666666667
247213.95
236210.51666666666
231965.81666666668
222556.03333333333
226675.76666666666
220118.88333333333
239816.03333333333
239467.16666666666
226734.96666666667
228492.86666666667
232249.11666666667
246207.45
270619.2
259312.01666666666
259050.88333333333
271109.0333333333
278217.55
285830.6666666667
278785.31666666665
258017.4
279831.7833333333
271742.75
301238.2166666667
286675.4166666667
260909.3
273233.68333333335
246055.11666666667
260895.31666666668
235148.85
247484.06666666668
233309.95
237909.25
237577.25
212178.91666666666
218386.85
229414.23333333334
217918.06666666668
199126.98333333334
194310.28333333333
202620.88333333333
191788.46666666667
195703.46666666667
180491.88333333333
174699.43333333332
197470.65
209151.11666666667
215807.13333333333
223635.03333333333
236081.23333333334
225901.73333333334
253311.38333333333
233093.25
231031.81666666668
222460.96666666667
219058.31666666668
206386.73333333334
224348.21666666667
213018.06666666668
217908.01666666666
201050.46666666667
212103.16666666666
203440.85
209017.6
194162.61666666667
196991.1
203321.46666666667
193019.66666666666
189419.76666666666
192305.23333333334
177260.93333333332
188974.91666666666
201413.58333333334
192575.8
195105.66666666666
196682.75
215588.18333333332
219445.4
221632.76666666666
232182.21666666667
226314.6
231711.1
223737.13333333333
230867.16666666666
231327.33333333334
229212.01666666666
217781.91666666666
215030.33333333334
207417.93333333332
209227.06666666668
203703.6
198717.7
206550.01666666666
209160.56666666668
199828.0
180610.26666666666
184110.15
184785.73333333334
192740.53333333333
189056.8
190445.01666666666
196676.23333333334
209730.25
201224.06666666668
204393.4
201168.71666666667
193290.93333333332
185351.46666666667
188019.26666666666
182269.2
194596.18333333332
187091.3
191302.48333333334
185866.96666666667
184191.15
182558.71666666667
180700.06666666668
182334.75
185523.86666666667
196390.1
176391.08333333334
187331.41666666666
183002.86666666667
185405.23333333334
198637.58333333334
199301.81666666668
194875.78333333333
176511.0
171484.48333333334
167641.61666666667
163355.33333333334
179891.95
174740.6
179960.91666666666
185365.51666666666
179184.28333333333
178637.68333333332
177716.98333333334
177727.65
177121.21666666667
183742.71666666667
192100.88333333333
189431.08333333334
184032.51666666666
186745.9
185027.75
178864.53333333333
179515.26666666666
186025.65
189079.61666666667
195523.15
195479.78333333333
164536.08333333334
164067.8
157716.7
159257.6
170782.88333333333
179356.33333333334
168730.48333333334
162742.56666666668
170546.7
153731.25
166457.4
176875.43333333332
176726.76666666666
168562.81666666668
172440.85
175360.43333333332
161347.73333333334
171542.08333333334
169377.88333333333
170777.25
171335.0
163164.75
170861.03333333333
158707.53333333333
153548.38333333333
135183.78333333333
146369.13333333333
154995.73333333334
162285.78333333333
157668.6
169040.7
175055.63333333333
154662.23333333334
165743.26666666666
178264.96666666667
159892.9
166541.78333333333
148541.36666666667
141914.91666666666
150974.41666666666
156858.46666666667
152895.1
165593.01666666666
161175.43333333332
169868.5
170135.43333333332
170000.06666666668
171021.35
172785.16666666666
173565.7
174055.06666666668
167667.48333333334
159820.46666666667
166004.21666666667
174539.8
170306.85
164841.36666666667
168157.01666666666
172193.33333333334
175979.41666666666
144038.55
146141.36666666667
147746.63333333333
146722.2
151987.65
156200.06666666668
156018.86666666667
152275.78333333333
152243.03333333333
150198.91666666666
155384.25
164425.75
157219.15
151390.05
157145.38333333333
174759.83333333334
173529.33333333334
169116.83333333334
178926.88333333333
178205.75
157704.41666666666
164097.68333333332
161733.01666666666
169233.38333333333
165043.6
165006.58333333334
170732.08333333334
173446.15
167364.58333333334
157413.08333333334
161251.78333333333
155380.4
155076.63333333333
154251.51666666666
155726.13333333333
161376.01666666666
155690.08333333334
153139.48333333334
149853.48333333334
157095.76666666666
159059.38333333333
171218.78333333333
164367.81666666668
178338.9
191565.35
195617.15
201211.5
211219.75
215837.63333333333
193268.63333333333
189788.05
182912.15
182108.45
199290.1
202978.58333333334
201347.08333333334
178714.48333333334
174572.85
166078.06666666668
167086.95
172853.9
173660.76666666666
170355.56666666668
183894.1
183902.46666666667
184361.01666666666
174604.86666666667
175374.38333333333
173244.31666666668
183538.73333333334
185699.05
198023.21666666667
207517.6
206470.91666666666
204229.68333333332
198777.75
212110.36666666667
222682.88333333333
223042.08333333334
195770.05
197775.06666666668
195222.58333333334
198414.35
201557.81666666668
192362.11666666667
195695.7
195506.08333333334
198467.81666666668
205844.31666666668
187436.06666666668
192493.25
195208.41666666666
189834.36666666667
192215.36666666667
189199.83333333334
191344.28333333333
187052.3
192910.68333333332
191001.06666666668
183773.76666666666
194084.66666666666
191418.93333333332
175545.81666666668
168812.73333333334
181217.41666666666
177982.8
182359.55
188751.11666666667
190576.6
190119.86666666667
186024.33333333334
187605.66666666666
187822.41666666666
187370.43333333332
177177.21666666667
163125.08333333334
165162.45
172196.46666666667
164128.06666666668
155083.2
170401.76666666666
163521.76666666666
165517.53333333333
171574.0
170771.58333333334
176240.96666666667
169402.51666666666
169350.0
177726.03333333333
174573.08333333334
181484.71666666667
183547.66666666666
183806.33333333334
183613.95
195362.23333333334
190914.88333333333
187776.88333333333
182367.96666666667
182367.96666666667
187660.71666666667
192925.98333333334
195571.31666666668
200665.28333333333
199308.41666666666
185925.63333333333
185925.63333333333
187762.05
187348.33333333334
188610.01666666666
195127.2
