53.23293762626537
54.233202945237004
55.83352803738318
60.40400429031104
62.08123382813564
62.08123382813564
62.08123382813564
62.08123382813564
64.41043203636931
64.41043203636931
64.41043203636931
64.41043203636931
64.41043203636931
64.41043203636931
64.41043203636931
64.41043203636931
64.89824250930617
64.89824250930617
64.89824250930617
64.98087915217347
64.98087915217347
64.98087915217347
64.98087915217347
64.98087915217347
64.98087915217347
64.98087915217347
65.59542074224345
65.59542074224345
65.59542074224345
65.59542074224345
65.59542074224345
65.59542074224345
65.59542074224345
65.59542074224345
65.59542074224345
65.59542074224345
65.59542074224345
65.59542074224345
65.59542074224345
65.59542074224345
66.59069238574538
66.59069238574538
66.59069238574538
66.59069238574538
66.59069238574538
66.59069238574538
66.59069238574538
66.59069238574538
66.59069238574538
66.59069238574538
66.59069238574538
66.59069238574538
66.59069238574538
66.59069238574538
66.59069238574538
66.59069238574538
66.72255201896387
66.72255201896387
66.72255201896387
66.72255201896387
66.72255201896387
66.81904289158578
66.81904289158578
66.81904289158578
66.81904289158578
66.81904289158578
66.81904289158578
66.81904289158578
66.87674320183154
66.87674320183154
66.87674320183154
66.87674320183154
66.87674320183154
66.87674320183154
66.87674320183154
66.87674320183154
66.87674320183154
66.87674320183154
66.89484445668191
66.89484445668191
66.89484445668191
66.89484445668191
66.89484445668191
66.89484445668191
66.89509940393332
66.89509940393332
67.093958260036
67.09650773255014
67.09650773255014
67.15208623335832
67.15208623335832
67.27318617777982
67.27318617777982
67.27318617777982
67.27318617777982
67.27318617777982
67.27318617777982
67.27318617777982
67.2782851228081
67.2782851228081
67.49661725892504
67.49661725892504
67.49661725892504
67.49661725892504
67.49661725892504
67.49661725892504
67.63398484326204
67.63398484326204
67.63398484326204
67.63398484326204
67.63398484326204
67.63398484326204
67.63398484326204
67.63398484326204
67.63398484326204
67.63398484326204
67.63398484326204
67.63398484326204
67.63398484326204
67.6972665394173
67.6972665394173
67.6972665394173
67.76414963291471
67.76414963291471
67.76414963291471
67.76414963291471
67.76414963291471
67.76414963291471
67.76414963291471
67.82331544639321
67.89920203324604
67.89920203324604
67.89920203324604
67.89920203324604
67.89920203324604
67.89920203324604
67.89920203324604
67.89920203324604
68.00009305980643
68.00009305980643
68.00009305980643
68.00009305980643
68.00009305980643
68.00009305980643
68.00009305980643
68.00009305980643
68.00009305980643
68.00009305980643
68.00009305980643
68.00009305980643
68.00009305980643
68.00009305980643
68.36819629415172
68.36819629415172
68.36819629415172
68.36819629415172
68.36819629415172
68.36819629415172
68.36819629415172
68.36819629415172
68.36819629415172
68.36819629415172
68.36819629415172
68.36819629415172
68.36819629415172
68.36819629415172
68.36819629415172
68.36819629415172
68.36819629415172
68.36819629415172
68.36819629415172
68.36819629415172
68.36819629415172
68.36819629415172
68.36819629415172
68.36819629415172
68.36819629415172
68.36819629415172
68.36819629415172
68.36819629415172
68.44988212424518
68.44988212424518
68.44988212424518
68.44988212424518
68.44988212424518
68.44988212424518
68.44988212424518
68.44988212424518
68.44988212424518
68.44988212424518
68.44988212424518
68.44988212424518
68.67736165108775
68.67736165108775
68.67736165108775
68.67736165108775
68.67736165108775
68.67736165108775
68.67736165108775
68.67736165108775
68.67736165108775
68.67736165108775
68.67736165108775
68.67736165108775
68.67736165108775
68.67736165108775
68.67736165108775
68.67736165108775
68.67736165108775
68.67736165108775
68.67736165108775
68.67736165108775
68.67736165108775
68.67736165108775
68.67736165108775
68.67736165108775
68.67736165108775
68.67736165108775
68.67736165108775
68.67736165108775
68.67736165108775
68.67736165108775
68.75103399784928
68.75103399784928
68.75103399784928
68.75103399784928
68.84383530482255
68.84383530482255
68.91621515427246
68.91621515427246
68.91621515427246
68.91621515427246
68.91621515427246
68.91621515427246
68.91621515427246
68.91621515427246
68.91621515427246
68.91621515427246
68.91621515427246
68.95886756555548
68.95886756555548
68.95886756555548
68.9666225494251
68.9666225494251
68.9666225494251
68.9666225494251
68.9666225494251
68.9666225494251
69.11525974025973
69.11525974025973
69.14808917197452
69.14808917197452
69.14808917197452
69.14808917197452
69.22770700636943
69.22770700636943
69.22770700636943
69.22770700636943
69.22770700636943
69.22770700636943
69.22770700636943
69.22770700636943
69.32335180742824
69.32335180742824
69.32335180742824
69.36522872032427
69.36522872032427
69.36522872032427
69.36522872032427
69.36522872032427
69.36522872032427
69.36522872032427
69.36522872032427
69.36522872032427
69.36522872032427
69.36522872032427
69.36522872032427
69.36522872032427
69.36522872032427
69.36522872032427
69.36522872032427
69.36522872032427
69.36522872032427
69.36522872032427
69.36522872032427
69.49008396062536
69.49008396062536
69.49008396062536
69.49008396062536
69.49008396062536
69.49008396062536
69.49008396062536
69.49008396062536
69.49008396062536
69.49008396062536
69.49008396062536
69.49008396062536
69.49008396062536
69.60149722888576
69.60149722888576
69.60149722888576
69.60149722888576
69.60149722888576
69.60149722888576
69.60149722888576
69.60149722888576
69.60149722888576
69.60149722888576
69.60149722888576
69.60149722888576
69.60149722888576
69.60149722888576
69.60149722888576
69.60149722888576
69.60149722888576
69.60149722888576
69.62269418479609
69.62269418479609
69.62269418479609
69.62269418479609
69.62269418479609
69.62269418479609
69.80338530895855
69.9409070229134
69.9409070229134
69.9409070229134
69.9409070229134
69.9409070229134
69.9409070229134
69.9409070229134
70.01974935892133
70.01974935892133
70.01974935892133
70.01974935892133
70.1968214906113
70.1968214906113
70.1968214906113
70.1968214906113
70.1968214906113
70.1968214906113
70.1968214906113
70.1968214906113
70.1968214906113
70.1968214906113
70.1968214906113
70.1968214906113
70.1968214906113
70.1968214906113
70.1968214906113
70.1968214906113
70.1968214906113
70.1968214906113
70.1968214906113
70.29117379435851
70.29117379435851
70.29117379435851
70.29117379435851
70.29117379435851
70.29117379435851
70.29117379435851
70.29117379435851
70.29117379435851
70.29117379435851
70.29117379435851
70.29845778320204
70.29845778320204
70.29845778320204
70.29845778320204
70.29845778320204
70.29845778320204
70.29845778320204
70.29892877822813
70.29892877822813
70.29892877822813
70.29892877822813
70.29892877822813
70.29892877822813
70.29892877822813
70.29892877822813
70.29892877822813
70.29892877822813
70.29892877822813
70.29892877822813
70.29892877822813
70.29892877822813
70.29892877822813
70.59542766151046
70.59542766151046
70.59542766151046
70.59542766151046
70.59542766151046
70.59542766151046
70.59542766151046
70.59542766151046
70.59542766151046
70.59542766151046
70.59542766151046
70.59542766151046
70.59542766151046
70.59542766151046
70.59542766151046
