723667.1375
624308.2875
537734.575
498863.7875
473394.4625
461068.6
449640.5
421625.3625
398392.15
398553.5375
411327.325
395054.8125
400486.4
391014.275
405158.9375
397617.325
392892.275
395656.475
379272.525
383482.5875
380732.6375
387469.1625
376243.1125
377479.7125
350808.7875
356712.7625
307752.025
301160.6625
324527.6375
321112.925
302539.425
289017.775
300614.0375
310245.3625
320969.325
303197.75
287033.1125
291531.875
277902.2625
262736.5
257236.4625
265305.4875
250383.6875
224588.65
221978.9625
241689.275
235510.125
237652.8375
266047.1
267937.4875
229844.9625
215418.0
227852.9375
254341.975
240430.675
232484.9375
235458.15
230997.05
244892.2375
253136.375
270223.0375
278676.0
290173.825
295302.6625
284173.2375
292749.8125
290727.4
291876.1375
294615.625
293693.125
295146.4375
312803.7625
314529.4625
310594.725
304239.85
307233.1875
309666.9625
298764.9625
298988.85
292092.8
302515.45
304811.0
332829.025
325335.025
313717.125
304903.825
307386.25
292257.5625
263694.4
251718.3
261977.0125
264310.975
273871.825
262582.1875
261433.0375
272586.4125
268400.7625
252300.6875
244681.1
248484.1875
252524.825
252492.325
233169.3875
235254.9375
250086.425
249130.575
258337.75
268140.425
262410.0625
268904.7625
238352.275
233036.825
209206.575
217645.225
232076.6875
222905.2875
212784.1
215803.85
241796.9875
228923.3125
226218.3375
216909.1125
229543.975
226840.4625
216244.0
216064.5875
204259.0875
217857.5625
221013.3125
247226.1625
247753.45
243251.9625
256463.425
267373.3
249496.425
242252.6375
217420.225
223180.4
245450.775
247655.4125
241857.5375
233747.125
225233.0375
220291.45
221989.8375
217091.6875
199350.925
208404.4125
206318.7625
192878.1625
201168.8875
201190.0125
204809.425
211073.8375
212193.5125
207390.45
200822.875
207336.7375
197440.65
210553.1625
209436.875
229333.0
226177.9125
208280.125
201628.15
208022.2625
208761.3125
221077.2125
228788.625
227439.6625
240680.4125
254041.825
242461.8
268147.625
276441.6875
278088.55
263333.925
260294.35
240633.7875
243713.4625
233028.875
209174.8875
203885.25
196544.0875
192942.8625
191639.2625
175262.8
174024.3
187266.725
207365.025
205355.7875
193624.1125
207718.8
215515.0125
218405.1
203101.075
211140.475
195158.5625
193751.15
195425.3875
197305.9875
182313.4375
186702.8125
171617.425
158599.6625
141980.575
155177.6125
138592.8
135524.3
151023.5875
175318.7125
173957.9625
160602.7625
167484.025
158460.9875
163429.2375
162168.8
155710.8
151154.5
143711.4
154571.1625
145289.625
152981.5
157022.2875
159330.9625
158851.5625
159336.4375
163453.1625
163550.275
158102.175
158301.1625
155391.4625
182402.475
198516.8375
198367.45
196537.375
187117.45
190629.2125
196224.5
195231.9125
203923.225
211358.5
201669.8
218126.175
215229.225
224691.775
232507.5375
219577.525
232967.975
230375.2375
209295.2625
203955.675
202908.75
199155.6125
165673.1
163819.5375
159737.3625
154425.275
149921.025
166700.4875
158764.225
170130.2625
165642.875
144980.475
149111.375
158018.2875
173049.5625
206003.075
220099.025
230338.2375
222800.85
225854.3
232410.95
223397.3625
227230.375
207768.0
207338.7375
221190.5
212027.7625
219740.575
217139.775
210503.625
209143.025
195903.875
195086.7375
189053.8125
194808.9625
203420.3
206689.3875
193057.7875
215609.275
218725.6375
217430.375
211775.1625
220409.2375
211457.0375
210307.025
214063.375
217987.9875
226496.725
220654.175
200449.8625
205709.35
192013.9125
188499.5125
189275.6125
176847.875
155882.1875
170288.275
169062.0125
169318.8875
157052.325
151997.725
152750.9375
158314.8
165453.9
180141.3125
155193.375
155752.725
195195.325
193693.9
183633.6
204310.325
176660.7875
169266.6125
157050.3
159426.6
164461.525
159701.5875
166136.1875
163943.2875
168379.8125
162308.9625
180617.0625
193816.125
193927.9875
193608.925
191705.5125
182937.675
172854.65
195004.7375
179098.0125
177728.225
175147.975
173251.1125
169029.625
175092.975
176129.375
182909.6375
203412.2
207956.05
215782.45
222737.85
219864.625
229476.15
245072.3375
260101.6375
242231.35
238698.8
238898.625
239001.05
244340.0625
241469.075
260290.75
254400.6875
256724.1
230867.925
217549.725
216602.1375
211971.2875
209648.6125
219711.2625
218680.6375
218779.9375
245304.65
242674.0875
260542.6875
261267.5625
239046.25
256209.85
252347.85
251272.5625
267573.0125
271299.625
260719.075
259277.7875
255240.2875
248691.6375
256140.3625
247587.575
247755.5875
249906.425
242195.95
242567.8625
259101.7375
239510.575
220781.7125
204833.75
215987.8
225708.1
