1064952.0
934185.0
877929.0
758221.0
758221.0
758221.0
758221.0
744272.0
744272.0
756228.0
762009.0
762009.0
762009.0
701213.0
701213.0
673606.0
673606.0
693439.0
681423.0
681423.0
681423.0
694449.0
711178.0
711178.0
694449.0
694449.0
673606.0
673606.0
745921.0
745921.0
745921.0
745921.0
744302.0
744302.0
744302.0
629286.0
574123.0
629158.0
574123.0
574123.0
574123.0
574123.0
574123.0
574123.0
574123.0
615070.0
574123.0
568750.0
646666.0
606076.0
576343.0
687960.0
687960.0
687960.0
647617.0
697932.0
697932.0
697932.0
697932.0
697932.0
716763.0
663790.0
654760.0
654760.0
647801.0
647801.0
647801.0
647801.0
647801.0
647801.0
647801.0
647801.0
647801.0
647801.0
690715.0
756069.0
756069.0
756069.0
685558.0
685558.0
685558.0
685558.0
685558.0
685558.0
685558.0
657093.0
708938.0
708938.0
708938.0
708938.0
708938.0
708938.0
708938.0
708938.0
708938.0
708938.0
708938.0
708938.0
708938.0
708938.0
708938.0
708938.0
599730.0
599730.0
599730.0
605144.0
692058.0
596396.0
596396.0
596396.0
596396.0
596396.0
596396.0
596396.0
596486.0
607374.0
607374.0
607374.0
607374.0
596486.0
596396.0
596396.0
596396.0
596396.0
596396.0
595012.0
595012.0
646182.0
595012.0
598253.0
596486.0
596486.0
596486.0
600371.0
604889.0
596486.0
596486.0
616185.0
616185.0
595312.0
595312.0
595312.0
595312.0
595312.0
595312.0
595312.0
595312.0
608543.0
608543.0
608543.0
608543.0
608543.0
608543.0
608543.0
608543.0
608543.0
608543.0
608543.0
608543.0
595177.0
598646.0
641026.0
641026.0
641026.0
641026.0
663440.0
644020.0
644020.0
644020.0
644020.0
667115.0
644020.0
644020.0
666367.0
644020.0
717387.0
644020.0
644020.0
644020.0
644020.0
644020.0
644020.0
644020.0
644020.0
607341.0
607341.0
567700.0
649493.0
567700.0
567700.0
567700.0
567700.0
567700.0
644029.0
644029.0
620368.0
620368.0
588698.0
588698.0
610563.0
610563.0
610563.0
685302.0
610563.0
534797.0
534797.0
534797.0
534797.0
534797.0
544443.0
562870.0
607310.0
629548.0
629548.0
629548.0
629548.0
629548.0
629548.0
544443.0
544443.0
544443.0
544443.0
544443.0
544443.0
567768.0
521644.0
510229.0
570842.0
570842.0
570842.0
603112.0
570842.0
602442.0
666553.0
666553.0
666553.0
666553.0
570842.0
570842.0
570842.0
570842.0
570842.0
570842.0
570842.0
570842.0
605847.0
605847.0
570842.0
577490.0
577490.0
577490.0
577490.0
577490.0
577490.0
577490.0
577490.0
577490.0
577490.0
577490.0
577490.0
577490.0
577490.0
577490.0
577490.0
577490.0
577490.0
577490.0
592611.0
592611.0
624952.0
592611.0
631974.0
626730.0
592611.0
592611.0
605122.0
605122.0
605122.0
605122.0
605122.0
605122.0
605122.0
605122.0
605122.0
598332.0
598332.0
598332.0
598332.0
598332.0
598332.0
598332.0
633413.0
615058.0
615058.0
598332.0
598332.0
598332.0
598332.0
598332.0
597125.0
594772.0
571315.0
713884.0
591389.0
571315.0
571315.0
571315.0
571315.0
571315.0
594078.0
571315.0
571315.0
571315.0
571315.0
571315.0
575576.0
575576.0
556378.0
556378.0
750344.0
593315.0
576228.0
576228.0
576228.0
556378.0
556378.0
556378.0
556378.0
556378.0
556378.0
556378.0
556378.0
556378.0
560477.0
590798.0
556378.0
556378.0
556378.0
556378.0
556378.0
556378.0
556378.0
556378.0
556378.0
556378.0
616067.0
548972.0
516356.0
516356.0
516356.0
583700.0
583700.0
609122.0
609122.0
609122.0
609122.0
609122.0
609122.0
609122.0
609122.0
609122.0
609122.0
609122.0
609122.0
609122.0
609122.0
583700.0
583700.0
583700.0
583700.0
583700.0
583700.0
583700.0
583700.0
595776.0
595776.0
608543.0
608543.0
608543.0
608543.0
608543.0
608543.0
608543.0
608543.0
608543.0
608543.0
608543.0
608543.0
608543.0
608543.0
608543.0
649491.0
608543.0
595776.0
595776.0
595776.0
595776.0
595776.0
595776.0
595776.0
