53.84205951391734
53.84205951391734
54.707919609649565
54.707919609649565
54.707919609649565
54.89881202961198
55.65639889659784
56.46017352900264
59.568986252705976
59.568986252705976
59.568986252705976
59.568986252705976
59.657566562436394
61.54726557599315
61.54726557599315
61.54726557599315
61.54726557599315
61.54726557599315
61.54726557599315
61.54726557599315
61.54726557599315
61.54726557599315
61.54726557599315
61.54726557599315
61.54726557599315
61.54726557599315
61.54726557599315
61.54726557599315
61.54726557599315
61.331018116571165
61.331018116571165
60.62917020979839
61.04905874127112
61.30063635639499
61.30063635639499
61.30063635639499
61.30063635639499
61.30063635639499
61.478161011275304
61.478161011275304
61.478161011275304
61.252500454628105
61.252500454628105
61.252500454628105
61.252500454628105
61.17796031623687
61.17796031623687
61.13645817660439
61.13645817660439
61.132673144849
61.454402375118484
61.454402375118484
62.08702862168798
62.08702862168798
62.08702862168798
62.08702862168798
62.08702862168798
62.08702862168798
62.08702862168798
62.08702862168798
62.08702862168798
62.08702862168798
62.08702862168798
62.24170685371913
62.24170685371913
62.24170685371913
63.41877391329364
63.41877391329364
63.41877391329364
62.161508157274596
62.76377474410553
62.76377474410553
62.76377474410553
62.76377474410553
63.79572298722754
63.79572298722754
63.79572298722754
64.11754187280204
64.11754187280204
64.11754187280204
64.11754187280204
64.11754187280204
64.11754187280204
64.11754187280204
64.11754187280204
64.11754187280204
64.11754187280204
64.11754187280204
64.11754187280204
64.11754187280204
64.11754187280204
64.11754187280204
64.11754187280204
64.11754187280204
64.08393247537695
64.08393247537695
64.08393247537695
64.08393247537695
64.08393247537695
64.08393247537695
64.08393247537695
64.08393247537695
63.54693667254524
63.54693667254524
63.54693667254524
63.54693667254524
64.39921649269264
63.54693667254524
63.54693667254524
63.54693667254524
63.638860328246885
63.5625137796931
63.5625137796931
63.5625137796931
63.75461604283416
63.94749467375166
63.94749467375166
63.94749467375166
63.94749467375166
63.5772878836437
63.5772878836437
63.74533549645128
63.74533549645128
63.74533549645128
63.74533549645128
64.12007194130099
64.12007194130099
64.12007194130099
64.12007194130099
64.12007194130099
64.12007194130099
64.12007194130099
64.12007194130099
64.12007194130099
64.12007194130099
64.81510882088781
64.81510882088781
64.81510882088781
64.81510882088781
64.81510882088781
64.81510882088781
64.81510882088781
64.81510882088781
64.81510882088781
64.81510882088781
64.81510882088781
64.81510882088781
64.85889372681825
64.85889372681825
64.85889372681825
65.10428479410672
65.10428479410672
65.10428479410672
65.10428479410672
65.10428479410672
65.10428479410672
65.10428479410672
65.10428479410672
65.10428479410672
65.33185891676459
65.33185891676459
64.9439030571106
64.9439030571106
64.8600456147626
64.85889372681825
66.08058608058607
64.92990047109595
64.94345718901454
64.85889372681825
64.85889372681825
64.85889372681825
64.99712028013916
64.87962770981639
64.85889372681825
64.85889372681825
64.85889372681825
64.85889372681825
64.85889372681825
65.03453273250152
65.03453273250152
65.03453273250152
65.03453273250152
65.25531577636376
65.03453273250152
65.03453273250152
65.03453273250152
65.03453273250152
65.03453273250152
65.04132605692806
65.04132605692806
65.04132605692806
65.04132605692806
65.13484748986663
65.13484748986663
65.13484748986663
65.04132605692806
65.04132605692806
65.04132605692806
65.04132605692806
65.04132605692806
65.04132605692806
65.04132605692806
65.04132605692806
65.72839741885039
65.7558999815892
65.7558999815892
65.7558999815892
65.7558999815892
65.7558999815892
65.7558999815892
65.72839741885039
65.72839741885039
65.72839741885039
65.72839741885039
65.72839741885039
65.72839741885039
65.72839741885039
65.72839741885039
65.72839741885039
65.72839741885039
65.52487211885995
65.52487211885995
65.52487211885995
65.52487211885995
66.11822653244377
66.11822653244377
66.11822653244377
66.11822653244377
66.11822653244377
65.77645269132442
65.77645269132442
65.58884094366448
65.58884094366448
65.58884094366448
65.58884094366448
65.58884094366448
65.58884094366448
65.58884094366448
65.65922802085164
65.65922802085164
65.65922802085164
65.65922802085164
65.65922802085164
65.65922802085164
65.65922802085164
65.48211453704398
65.48211453704398
65.48211453704398
65.71775047856227
65.71775047856227
65.42705083835618
65.62955782939811
65.62955782939811
65.62955782939811
65.47483338680428
65.47483338680428
65.47483338680428
65.47483338680428
65.47483338680428
65.47483338680428
65.47483338680428
65.47483338680428
65.47028266790447
65.47028266790447
65.47028266790447
65.47028266790447
65.46868991628953
66.1399209540127
66.1399209540127
66.1399209540127
66.1399209540127
66.4200177022965
66.4200177022965
66.4200177022965
66.1399209540127
65.94150960998064
66.08098914426006
66.08098914426006
66.08098914426006
66.14174124157265
66.14174124157265
66.14174124157265
66.14174124157265
66.14174124157265
66.39543262059819
66.39543262059819
66.39543262059819
66.39543262059819
66.23082481102712
66.23082481102712
66.41111106023908
66.41111106023908
66.41111106023908
66.41111106023908
66.41111106023908
66.41111106023908
66.41111106023908
66.41111106023908
66.41111106023908
66.41111106023908
66.23082481102712
66.23082481102712
66.23082481102712
66.23082481102712
66.23082481102712
66.28342850811792
66.28342850811792
66.23082481102712
66.23082481102712
66.23082481102712
66.23082481102712
66.23082481102712
66.23082481102712
66.23082481102712
66.23082481102712
66.23082481102712
65.78916770967984
65.78916770967984
65.52944201360211
65.52944201360211
65.47130130455962
65.51260435367277
65.51260435367277
65.51260435367277
65.51260435367277
65.51260435367277
65.51260435367277
65.51260435367277
65.51260435367277
65.51260435367277
66.9176056679433
66.9176056679433
65.83820829095477
65.83820829095477
65.83820829095477
65.83820829095477
65.83820829095477
65.83820829095477
65.83820829095477
65.83820829095477
65.83820829095477
65.74605623323345
65.74605623323345
65.74605623323345
65.74605623323345
65.49485654996347
65.68293863746393
65.68293863746393
65.68293863746393
65.85568200673244
65.96981435226438
65.96981435226438
65.96981435226438
65.96981435226438
66.5451931006774
66.5451931006774
66.5451931006774
66.5451931006774
66.04483986093733
66.04483986093733
66.04483986093733
66.04483986093733
66.04483986093733
65.96981435226438
65.96981435226438
66.01875406869104
66.01875406869104
66.01875406869104
66.01875406869104
65.98597369259394
65.98597369259394
65.98951969437373
65.98951969437373
65.98597369259394
66.51180753024582
66.51180753024582
66.51180753024582
67.16592850656932
67.16592850656932
67.16592850656932
67.16592850656932
67.16592850656932
67.16840683018947
67.16840683018947
67.16840683018947
67.1544370449967
67.1544370449967
67.1544370449967
66.51180753024582
66.51180753024582
66.51180753024582
66.51180753024582
66.51180753024582
66.51180753024582
66.77846254991162
67.01948358390077
67.01948358390077
67.01948358390077
67.01948358390077
67.01948358390077
