42.21036793872247
49.13637049328707
49.13637049328707
53.19743422483148
53.1420720691483
53.1420720691483
53.1420720691483
59.68533921234593
60.17762300831747
61.18361268174475
61.213903473344104
61.213903473344104
65.54384439856568
61.53122269274719
65.99973610661291
65.99973610661291
65.99973610661291
61.84908118794088
65.88087380166587
61.59834712504127
67.75826726926971
67.75826726926971
67.96620458121183
67.10714199278783
67.58700350249647
68.22858001051289
68.22858001051289
68.22858001051289
68.18313715100362
66.6005833561207
68.18313715100362
68.43293844542852
68.43293844542852
68.43293844542852
68.43293844542852
68.45817089941082
68.45817089941082
68.5780250558268
69.08141251277392
69.08141251277392
69.30598135321651
69.33121380719882
69.33121380719882
69.17351096980936
69.17351096980936
69.17351096980936
69.17351096980936
69.21009802808372
69.21009802808372
65.89666169498102
65.89666169498102
65.89666169498102
64.4220818613282
64.4220818613282
64.4220818613282
64.4220818613282
66.04096183928115
69.50531773967677
69.50531773967677
69.66276424004371
68.56322058244035
69.66276424004371
70.29635517202226
70.29635517202226
70.29635517202226
70.54867971184537
70.54867971184537
70.59788299711089
70.59788299711089
68.79870170092046
70.59788299711089
70.63573167808435
70.63573167808435
70.63573167808435
70.85777727312869
70.85777727312869
70.85777727312869
63.099234897796045
63.099234897796045
62.58992805755396
62.58992805755396
62.58992805755396
66.36636636636638
66.36636636636638
66.64215235643809
66.64828093399522
66.64828093399522
66.64828093399522
66.64828093399522
66.64828093399522
66.64828093399522
66.6887295458724
66.6887295458724
66.6887295458724
66.6887295458724
66.64582950297236
66.64582950297236
66.71957671957672
66.71957671957672
66.92354241537302
67.37060501648698
67.37060501648698
67.37060501648698
67.37060501648698
67.37060501648698
67.37060501648698
67.37060501648698
67.37060501648698
67.37060501648698
67.37060501648698
67.37060501648698
67.43111901498031
67.43111901498031
67.43111901498031
67.43111901498031
67.60525113309374
67.60525113309374
67.60525113309374
67.60525113309374
67.60525113309374
67.60525113309374
67.60525113309374
67.60525113309374
67.40147950551417
67.56202684845566
67.56202684845566
67.56202684845566
67.56202684845566
67.56202684845566
67.75468365998543
67.75468365998543
67.75468365998543
67.75468365998543
67.75468365998543
67.75468365998543
67.75468365998543
67.75468365998543
67.7670334555963
67.7670334555963
67.7670334555963
67.7670334555963
67.7670334555963
67.7670334555963
67.7670334555963
67.7670334555963
67.7670334555963
67.7670334555963
71.16894801105326
71.16894801105326
71.16894801105326
71.16894801105326
71.16894801105326
71.16894801105326
71.31032709980077
71.31032709980077
71.31032709980077
71.31032709980077
72.36263383984101
72.36263383984101
72.36263383984101
72.36263383984101
72.36263383984101
72.36263383984101
72.36263383984101
72.11899724305957
72.11899724305957
72.11899724305957
72.11899724305957
72.11899724305957
72.11899724305957
72.11899724305957
72.11899724305957
72.11899724305957
72.70500737321281
72.70500737321281
72.70500737321281
72.70500737321281
72.70500737321281
64.71143756558237
72.70500737321281
73.79291947715406
73.79291947715406
73.79291947715406
73.79291947715406
73.81197362905377
73.2212949201631
73.2212949201631
73.2212949201631
73.2212949201631
73.24034907206281
73.24034907206281
73.24034907206281
73.24670045602937
73.24670045602937
69.90148665591977
69.90148665591977
73.24670045602937
73.24670045602937
73.24670045602937
74.177813345528
74.177813345528
69.91342766732343
69.91342766732343
69.71162457460146
69.71162457460146
69.71162457460146
66.35073244462627
68.13064713064713
68.13064713064713
68.13064713064713
65.61066666666666
65.61066666666666
65.61066666666666
65.61066666666666
65.61066666666666
65.61066666666666
65.96148148148148
65.99585185185185
65.08800000000001
65.08800000000001
65.73066962634111
65.73066962634111
65.73066962634111
65.73066962634111
65.73683561474905
65.73683561474905
66.34110247872735
66.34110247872735
66.34110247872735
66.34110247872735
66.54413129850359
66.54413129850359
66.54413129850359
66.54413129850359
66.45749012909533
66.45749012909533
66.45749012909533
66.45749012909533
66.45749012909533
66.45749012909533
66.78548884185511
66.78548884185511
65.38243146919889
65.38243146919889
64.69621736556607
65.8113152839694
65.8113152839694
65.8113152839694
65.8113152839694
65.33998468752992
65.33998468752992
65.40936931763807
65.7186972602248
66.35678057401557
66.35678057401557
66.35678057401557
66.35678057401557
66.43546258972776
66.43546258972776
66.56682665126965
66.56682665126965
66.56682665126965
66.56682665126965
64.6211014946991
64.6211014946991
64.6211014946991
65.9039846492027
65.9039846492027
65.9039846492027
65.47459124520446
65.47459124520446
65.47459124520446
65.47459124520446
65.70967075940297
65.70967075940297
65.70967075940297
65.70967075940297
65.70967075940297
65.70967075940297
65.90519911101396
65.90519911101396
65.90519911101396
65.90519911101396
65.90519911101396
65.90519911101396
65.90519911101396
66.03150313938379
66.03150313938379
66.1347323933399
66.1347323933399
66.1347323933399
66.15659270594237
66.15659270594237
66.15659270594237
67.08342315154128
67.08342315154128
67.08342315154128
67.08342315154128
65.87985916504994
65.87985916504994
65.89782280663937
65.89782280663937
66.14931378889129
66.14931378889129
65.92177432875859
65.92177432875859
65.92177432875859
65.92177432875859
65.92177432875859
65.92177432875859
66.68822303657399
66.68822303657399
67.10138679313071
67.10138679313071
67.10138679313071
67.10138679313071
67.11336255419033
67.11336255419033
67.11336255419033
67.11336255419033
67.11336255419033
67.11336255419033
67.11336255419033
67.11336255419033
66.50271432214814
66.72738975722909
65.33440205972722
65.36476360500845
65.36476360500845
65.43884577549458
65.4643494735308
65.4643494735308
65.4643494735308
65.81654339879282
65.9744234342551
65.9744234342551
65.9744234342551
65.9744234342551
65.9744234342551
65.9744234342551
65.9744234342551
66.20638564020355
66.20638564020355
66.21853025831602
66.64723527768669
66.7504645316428
66.7504645316428
66.78689838598025
66.78689838598025
66.78689838598025
66.78689838598025
66.78689838598025
66.7929706950365
66.7929706950365
66.7929706950365
66.88041194544638
66.88041194544638
66.88041194544638
66.88041194544638
66.88041194544638
66.88041194544638
67.06622460256739
67.06622460256739
67.06622460256739
67.06622460256739
67.06622460256739
67.06622460256739
67.06622460256739
67.5216477817855
67.5216477817855
66.56829525995555
63.05552756222917
66.56829525995555
66.92656149427381
66.92656149427381
67.64916627196658
67.64916627196658
67.64916627196658
67.64916627196658
67.64916627196658
67.64916627196658
67.64916627196658
67.84590908538881
67.84590908538881
68.24182363585577
68.24182363585577
68.24182363585577
68.24182363585577
68.24182363585577
68.77074734623298
69.7686584515229
69.7686584515229
69.7686584515229
69.7815753442352
64.98295487375051
70.06555036344756
70.06555036344756
70.06555036344756
70.06555036344756
70.20184319833852
70.20184319833852
70.75220664589823
70.75220664589823
70.75220664589823
70.75220664589823
70.8884994807892
70.8884994807892
70.8884994807892
70.8884994807892
70.8884994807892
70.8884994807892
70.8884994807892
70.52505192107996
69.51453790238837
69.13811007268951
69.17056074766356
69.17056074766356
69.17056074766356
69.17056074766356
69.17056074766356
69.35877466251299
69.35877466251299
69.36526479750779
69.36526479750779
69.36526479750779
69.36526479750779
70.73273624091381
70.74571651090342
70.74571651090342
70.74571651090342
70.74571651090342
70.74571651090342
70.74571651090342
71.53102284527517
71.53102284527517
71.53102284527517
71.53102284527517
71.53102284527517
71.72572689511941
71.72572689511941
71.72572689511941
71.73870716510902
71.73870716510902
71.73870716510902
71.73870716510902
71.72572689511941
71.72572689511941
71.73870716510902
71.73870716510902
71.73870716510903
71.73870716510903
71.73870716510903
71.73870716510903
71.3817497403946
71.77764797507788
71.77764797507788
71.96586188992731
71.96586188992731
71.96586188992731
72.03076323987538
72.03076323987538
72.03076323987538
72.03076323987538
72.30983904465212
72.31632917964693
72.31632917964693
72.31632917964693
72.39421079958463
72.39421079958463
72.51103322949116
72.51103322949116
72.51103322949116
72.51103322949116
72.51103322949116
72.51103322949116
72.51103322949116
72.51103322949116
72.51103322949116
72.51103322949116
72.51103322949116
72.51103322949116
72.51103322949116
72.51103322949116
72.51103322949116
72.51103322949116
72.93938213914849
72.93938213914849
72.93938213914849
72.93938213914849
72.93938213914849
72.96534267912773
72.96534267912773
72.96534267912773
72.96534267912773
72.96534267912773
72.96534267912773
72.63434579439253
72.63434579439253
72.64083592938732
72.64083592938732
