54.253446905435645
60.753717572009485
60.39667390507164
62.985583367832824
62.29753413290144
66.46549571295627
63.76505703602291
64.62133924426661
65.04257611144304
66.85278382259912
69.9287156327127
68.48776612220051
71.4828300025797
70.23511545559374
71.91356759452879
70.4423429264495
71.1344699015145
69.69388763119895
71.7475298506376
71.48323789568175
73.71464895474638
72.10054960395018
73.31712097352153
73.1440423719297
72.16661971307582
72.17565046554084
74.38314898973438
73.27905968213483
76.66433952809463
75.23066592093821
75.16541489373643
76.05877176145746
74.49030437357992
73.53965647424289
75.14340518612998
74.13225989692809
74.69707284918346
74.1388042624412
78.19409213459645
77.44226383924402
77.45686147834483
77.57278652258626
78.01351042925776
74.02021136125397
76.72180126847711
76.55924726128332
75.45937082726822
78.13123337550978
77.01954011178891
76.41585820286772
77.7095142705214
77.88823379226906
74.17560191435227
76.40418314903569
76.59164341757698
75.37607186995317
75.22862050605902
76.38452469929983
77.95493568839997
79.20280533474079
77.2872461985247
77.48627102987766
77.01031226372137
75.2063531523813
73.60455298258681
72.52827135739204
74.8649952949471
73.72037693432821
73.30198866774774
76.53046600719797
75.14012990487794
78.12936938274586
77.76611197181246
77.78760369839175
78.08398563857148
79.0354715965513
77.88205482193709
78.89270005370923
75.34356412169973
76.98977524951648
75.03384481673632
75.29174041302436
76.37262993419371
74.74730342794929
73.6800720561462
76.54818313337157
75.8302876700438
77.60615124184953
78.45887002354571
76.79938854605776
73.76954474202343
75.82448562451955
78.60867162865836
75.89246571197003
77.23084430884919
74.64601125088144
77.20297795446646
79.8314370120211
77.38491656835177
78.69993263921138
80.97653935324915
78.43115834707451
76.25239217920215
75.29366910824673
73.91986467450056
74.60662532364198
74.97382480193771
76.03517198443657
77.34846923739397
75.06913589020523
78.61338523923223
79.59569162787214
79.94707848218852
77.57416442062825
75.37231834472001
77.56324612486813
80.6883473230146
79.44079835886821
76.3282972523818
76.46847948266382
76.93077104329674
77.72759152059147
77.74505648202177
78.34382209436308
76.19517779422249
75.04298378157957
76.04099962980989
76.33960410574961
76.61848012814035
76.83540253617284
76.06055982359891
76.55257863290335
75.78568451091319
77.63222389488563
77.93421165937397
75.26373890514363
76.22281574030946
75.89719843668011
79.10694259222431
78.52755307892586
79.3504911964132
79.27033552281442
78.68695333780185
77.3725547501383
74.0108506911279
74.19213591078834
75.71692482913919
77.16644580582438
74.576480964714
74.56410756604413
76.48646470569332
78.35301778788826
77.6048001360248
77.45046050009046
78.38052651568417
78.33959844502984
78.76236861724813
79.6387978826212
79.39386874693359
77.82628818144642
77.20219202504423
76.77378034195333
77.46605173514988
77.2602796945085
77.80174713725208
79.57700905010692
82.31243208598852
81.69759769888671
80.25915970984155
78.75596209087853
78.6992805432378
76.63824709606259
77.93257665046687
78.46416766377392
78.83786412486626
77.58086323008636
78.36889886842417
79.49488541633977
77.04723626609498
77.04842028923807
80.32743290159956
80.65968925399808
80.54797431202329
79.72985106256046
80.1096899882711
79.01436041094522
79.44596558898822
78.58750558556224
80.31011200228113
81.67619108506425
81.0959698933693
80.00539364694666
79.29305433941026
79.9194498103186
78.26199347379897
80.69016912757024
80.11610086004366
80.7480092131123
79.66946560611864
81.49198416803253
80.82146066903316
81.0234865268898
80.52893547046992
76.71428446766686
77.55953405980925
75.8527525993902
75.99944291997477
79.38074076162732
79.34327914479537
78.64318768114498
79.51945350563916
80.22042417331535
78.24784823993824
77.50214101334088
73.5043027516671
71.34193010468513
75.51874571818341
77.9530358237211
77.61936929362177
79.72556658273358
80.0434084521945
75.54434214034646
73.1715232654954
74.39814126977255
77.27311492713518
78.77480479577989
79.00173272688578
78.91070873556392
78.75536849183798
78.65188195277271
79.95056805169017
80.06802238078032
79.02723540869046
76.46173793492211
76.02314573287471
78.4532654680295
78.1738145557304
78.45887577698392
75.60096322903176
76.32940003447428
79.75632554261746
78.62718233319536
79.47302624790493
78.15034217792441
76.77699687216844
78.0270010345862
78.71158577717425
77.10821220039558
75.94075329029175
77.02248127409513
77.50701742879644
80.15663240971648
78.66025218384965
80.0969972449299
79.82623581010671
82.13944872125333
80.52097892117735
79.04971025966235
79.54370671477116
80.00414593676437
80.7095459326367
80.23994952675467
77.72756265156808
80.5715137156678
80.93693063350398
79.05410842608079
80.3353760384195
81.68500650029347
78.77950820583833
79.60006441704401
80.92001303583373
80.60114995831374
77.3125742582926
81.95153715975836
81.17438375025586
78.7698831361324
79.00915818840753
77.51809223730353
73.4139171474392
75.71313169086558
77.03046348876165
73.03278182992176
74.63341993652135
75.91815437566575
77.94591382436518
78.41405419292953
78.5432180080774
78.03213263833578
79.99882095340543
78.58687050767657
76.52199759401755
77.72569081146949
78.1699432776176
75.89482400265068
76.38436920402461
79.49825551749704
81.62522524977844
78.77044239950425
77.90331616778722
77.88123160716046
75.26873074801934
76.38768249952798
78.59244116682794
78.61001706298515
80.16123757516877
80.7343148910838
79.49988438191359
80.17783966092493
78.78333830176199
76.32706122394256
78.88905724733225
79.9621444404365
81.76339381592297
78.15570417609332
76.39626549378202
74.27155631071474
74.75362710930877
77.37257746859441
80.69893403702562
78.26537495820004
79.44527298986013
79.8005802755857
79.8783061733253
78.87489660468519
80.79872512250998
81.47948045039944
78.9333960887586
75.43214557037331
76.1866760922825
77.82583230534124
80.890146067345
78.7004434079598
77.39028435146398
76.9501834025987
78.33515875612997
78.72269928777223
81.32212074214895
80.45184272231134
80.73791564802092
77.63635187321488
79.23434007356583
82.39402147958711
81.15661289964528
79.63874892122936
81.35048175909527
80.40603490654657
80.47179563770939
81.54541845499857
80.5720796444481
79.66644577314976
78.74653316919496
76.88324210037966
80.1077774932052
79.94022993787866
80.03247975043381
79.11035967775348
79.32990184503737
76.78255258267085
80.0425264440486
79.90198578504894
77.9294199783444
78.00514172717544
77.94102249400778
76.66024239585609
75.41277749834539
77.84307119006006
77.94056286767837
76.14705289482639
78.23302954241039
80.05916378689217
80.16302263275973
77.05168615913698
76.17471426754719
76.57971921028674
74.55366260113406
77.38439622984184
77.25565045484912
74.35967710159089
73.5830720733794
73.32493967056804
72.28815293289172
72.93546395985703
75.64913505541698
80.77014467124279
81.26972352410576
79.36302463595129
75.0991541798305
77.40342960865405
75.927589927069
75.79972944624822
76.02492754520043
79.39444841928757
81.81976186677585
83.05379048808636
81.3740227182466
83.37142975032913
83.21560205460543
81.34266663874237
80.17871369076906
80.85053674717999
80.38390639439316
83.66915036971095
83.41874688158299
82.87219545379057
81.10768226896263
81.00245853604137
83.44203978986985
83.69031427330584
82.64974316771173
81.13051973502778
79.50303132671424
79.39437029610455
79.86845563108764
81.12092148303567
79.73066125631847
79.71866947891958
79.2145278731502
79.48214662324189
80.90967674656254
80.54808573853714
80.8546106471059
77.10098063191364
81.29691263718011
82.05078204055552
81.99374750781226
79.79941484845227
80.240849129063
80.36652934301627
80.33914947941709
81.46758054206262
81.17159720173423
82.25874933598064
80.96382550506512
81.46157415462447
81.10612654004845
79.73335307321585
81.19532726376775
80.94962392783759
79.77300693272838
80.69359447103788
82.19199579952839
82.9807946605731
81.35949894119787
82.48512537119645
81.8793472189612
80.89068767007792
79.630205552055
80.57410925110165
82.86354964455124
83.09452936801554
81.98913006182423
80.0853247434875
80.71458392094083
82.93190301508467
82.23679952936003
81.43811142942104
81.43629482149181
81.01008220948553
79.88507416385664
81.48254895750914
81.1312329389975
80.60289260576609
82.98431037067607
83.12607913381885
83.46096208088342
83.21094242532864
83.0478534826816
83.4538268363558
83.2042712174628
83.1464648701441
82.44881544436717
81.75642698968848
81.22332794501949
80.38569614672727
79.9561554612496
80.70912473560217
82.68731530127766
83.4714884068897
82.34644555430056
82.90231656365327
82.96484943505298
82.88494455059025
82.01713210154188
80.12341306799567
81.70218242872825
83.62569227858984
83.13995195328827
82.46434392687235
82.25555288358522
82.41426753807421
83.9659922093325
83.3860428102709
83.31950318773669
82.59925505950395
82.0533277555189
81.64207691193651
81.43552692065131
81.7630980987644
81.23061143464088
82.25340146900183
