52.037067949326605
55.71182196106009
61.92239400528778
58.80501036192314
62.76871804099914
62.59762257382261
65.81986514749639
62.116356904969
64.65430661645426
65.01442109930458
66.2405845790136
69.70892954017444
68.73385575953439
70.73675529816907
69.38271081445845
71.15601730764978
69.33995065195973
71.24972051101399
68.17385614154617
71.79602031556131
71.68425369789831
72.98553112415115
71.02687731968642
71.84085225186183
71.72463587979088
70.60511696656181
70.79225179738444
75.12079882069767
72.06262614664732
76.46092345203155
74.01323374532991
73.51470126827606
75.80439894122877
73.83273509242986
71.7095386867455
74.07446726368508
72.06630292136566
74.24805846337436
74.66453045504682
78.10050643959157
75.66240922367881
76.29568198404824
76.67990577696153
75.70946552741094
72.01997322739271
77.2572253537758
76.79191515661329
74.22194025435049
77.37516736638216
75.80957221459578
76.01718042079008
75.70398965645327
75.35993334356552
75.12845052428118
76.27824478039135
74.9167855541509
74.0783311018255
74.78999268118041
75.51612743862906
77.68599206315173
77.8378739635707
76.36347442673836
75.34016057001234
75.49967408209761
73.59177568177431
72.3624157356584
71.98444838295627
75.20675055826814
73.5462268633805
72.98273307355504
76.8990557470207
74.92091705619869
75.73068789653404
76.51148585195673
76.56431945292277
76.758873409603
76.60997238702119
76.28425588737429
76.260480377131
73.17497170943545
76.3794439043929
74.1246927252542
72.62430408522523
75.71375455170015
73.78370646247481
72.65847890762424
76.07070673390497
74.15152587837383
75.90461327887981
76.70236072869079
76.38185908986385
71.85178020792591
74.24687384736453
77.47650792056643
73.25979516054396
75.44636746358375
72.60310695407323
76.6208234386024
76.39439932134799
74.74911779773099
76.52526560674599
78.75852256600241
75.85960432794923
74.23290412675625
75.7222470996651
72.7249408803693
73.41200679156597
73.32189755513647
74.7697689994908
75.96973333290376
74.80153650808592
78.05316608664582
76.95199191453032
78.13078770118902
76.22693310862441
72.73939322874078
76.60918862616626
79.45130612774635
77.81863061272661
74.21927218204628
74.93983771359856
75.30979084358813
75.47104128130667
73.99986664097248
75.4895355599419
74.53825650707681
72.65077078741173
75.76018030978426
74.7418612925025
74.23763313007473
75.19058634891195
76.12585889885254
73.49924015458535
73.90647299547174
76.2670674233157
77.04631913017533
72.19054156154601
75.25053989848111
74.04220253091457
77.7555071371095
76.5284641171847
76.06306293807248
77.95133543236332
77.35409391224118
74.43453588474291
71.50526491833841
74.77223894134877
74.54007839268847
74.92842365204275
73.33360152634529
73.74276546453582
75.83394813273135
77.6672151257235
75.8202496625785
76.0580948537921
76.79099371630448
76.30864663517255
76.26232484991074
78.6286657026373
77.39477227630324
74.8280199541972
75.95306889014869
75.97638316834785
77.5070920656585
74.94535753238968
77.8037111829627
77.46903176801598
80.81629371970578
79.88319085635571
76.78738232927304
76.29866260719008
78.15299955605951
75.13882201474985
75.89197753076833
77.08415019005193
77.5458812697204
75.88124553752421
77.18804770904639
78.98819830075914
75.87569333037565
76.07408102968145
78.60019429226126
78.70965037210105
79.50840935284843
77.45076223082276
79.07599940039171
76.7355100451331
79.44033382097925
75.7016589199067
78.45176924337885
80.8580967317332
79.20604377959451
77.86310170614108
76.84985220824669
79.59685750527773
76.69325867436444
79.89688808020145
78.74422031339334
78.00729349613279
78.19611131849501
80.25264501850938
78.71952263535172
80.02631789094173
78.09441885454221
74.71841237851653
77.26974695234513
73.77431342066161
74.97171595696997
78.27930259131446
78.44083922467335
76.71015985893501
77.09284951494453
79.14312343229173
76.81935137000923
74.70406679269539
72.28404403874323
71.53919660924953
75.22972254589887
77.26582119760988
75.14646477061038
77.98008103223987
77.73138170144387
73.81857190983628
71.52130904148575
74.8392311461661
75.51304550991358
77.02669579555715
77.91025989778177
78.26577216981121
77.26664673143293
76.98759539412183
78.7989316141326
79.24981542945336
77.56222347522252
75.07110077817129
76.15584472084913
78.10931323754399
76.53441157327462
76.07838102352166
74.86191404227618
77.11175330428617
78.02132557243216
76.31486425318377
78.37306211316213
76.26901766614093
75.02979597850859
77.38811383553819
77.48431360706796
76.55807000601733
75.19244314315551
76.27059182746461
75.78962986879749
78.51252880218874
76.14088836097501
80.38729253049385
78.3288417902211
80.4476401185219
76.78358604608734
77.08578596317926
77.74569488843133
77.86470481379968
78.07681399029886
78.573215377784
73.92013009012521
79.57305210180104
79.23111579398153
77.05885713673786
76.8295536790826
79.7693568854858
75.88169531522566
76.78109492825477
78.09904392799993
78.16389954768191
74.32651747324141
81.04440985390941
79.41672804282098
75.09819410692383
77.86752811844225
75.18478415790189
70.16948639126326
73.61635420037058
75.74878776546315
72.0413727902295
74.31605462356656
75.66518120606159
76.58959917987431
75.1948167039502
76.95062463387298
76.16199995914704
77.7381174636196
76.82435130507845
74.2533189194674
76.25533043827284
75.72055386287337
74.44507745167594
73.75141349919959
79.0645294424951
78.97663042675133
75.5029022407255
77.60733747528403
75.5320783112148
71.96050103188202
76.61648347382031
74.28833269901108
78.39636609230182
78.44848873059424
79.13225470812696
77.06064317967456
77.58971838546042
75.94704218094923
75.77626525659821
78.49477559574002
76.4110283792151
78.5606804923592
75.48085215118923
76.83835190650538
72.6386544732973
72.39822423493871
77.39524063494457
78.51364291868863
75.73437090122532
78.86286316374822
77.23671758782818
79.59116441391862
74.5130191328867
80.20101153424224
79.1364141405548
75.27893843326483
73.03486481748877
75.47695511677252
78.37080845106482
79.1890576909321
75.2546759420326
74.3335612036921
73.82393231921232
75.89944516319643
76.77977446903029
79.1386705252972
79.05181976705076
79.31204177560377
74.77634761246384
78.92950564638879
80.85865731985913
79.36735833942556
77.590155206533
80.0845312323303
77.93288707367827
77.84482274639544
80.53840162037531
78.34480831491427
77.82755619623141
78.09778397803088
74.18000554391088
77.1791166545212
78.32744287951985
77.13573764704817
78.36357880235305
77.69695116943268
74.5021170983196
79.22765257541892
78.17543025422857
75.05237582143505
75.96604327855867
75.61286166755879
76.66866093505863
73.019331936054
76.38820730048336
76.22573667760018
73.95668039304182
76.56232943738057
79.58114572566974
79.2758795857662
75.43754787463835
74.90165780798199
74.36432634166421
74.17590371203163
77.09873102098625
74.78581241273552
73.99470513742692
73.6166406014011
73.63667640805492
71.41085374840681
73.41194037494006
76.17016180849295
77.91351405839139
80.38670297660921
75.1278079093523
72.80921807879217
78.09200622624833
74.16936085554052
74.89208016197186
74.5448271704622
79.65812620541257
79.63497299024948
81.78097361226794
80.57317199597225
82.30839556623988
81.29667186287925
79.20833949847649
78.992394385815
78.28996885589194
79.56633991363407
82.10486557106698
81.36439663971429
80.68633912598504
78.36476555249078
78.17481080227846
82.44214941047326
81.8646380677965
80.56234480851175
78.02668389779505
77.89704834638285
77.05750978714812
79.23702915726753
78.41170020724114
76.93711400163471
78.61264753097257
78.71573359420293
79.07253594514212
78.10611394518995
79.46040350270079
78.64337839832888
76.11905810368027
79.64507050344105
80.58098653197722
80.07376140825387
77.68184911151121
78.06606882427275
79.5882639216383
78.91044537393539
79.9036357140222
78.65691747830692
80.39365802783591
79.85948744068638
79.53087316855456
80.45718656905755
77.41466178254358
81.01870545514167
78.09396943361551
79.07246988759813
78.60502305150317
78.86930904672576
80.91122009989654
78.79047215903644
81.55997699972846
79.48286300964517
79.9870196715045
77.94896133466916
76.99979101280665
81.95325298365985
81.28227020468495
79.38719575218836
78.16496618366456
80.47344656566324
80.63650472435192
80.20168604079036
77.6404167737431
80.00690839272367
79.92945248497267
77.53585024142957
80.07977139214604
78.52377749006514
80.14140919106474
81.62563731023234
81.54843731771372
82.14925835961004
81.4152599418205
80.18394009744145
82.00810603410362
81.37043774008399
81.1782134245971
79.74953982347365
81.37300599423916
79.62156508738079
79.53573874317338
78.99679728568246
80.57818386478094
81.62998997479275
81.32907200698547
79.4451647876214
81.78549081135723
80.04008192084285
81.39893268575207
80.06164353413679
78.86613797585987
80.2749737489334
82.2397653774493
81.05581368170344
80.18421214689641
80.73667918145442
80.28647867205154
82.41875204443072
81.65976845968304
82.1023563750562
80.5365766342167
80.87614465323867
79.92336692128806
80.64690049637241
79.94441004676465
80.253040620954
