38.38235509951638
40.462075843050336
42.00067941595895
45.08740057755446
47.436395610410194
49.67269303539021
49.727191196703565
51.408628493230445
53.258347884834656
54.01074499335679
54.145653227795265
54.666527235291504
54.21138223679353
54.43502212324087
56.00873676833022
55.8085590799674
55.601869548546745
55.682468563023214
56.17121956186834
57.51711510580119
57.78953108713203
58.36497350895396
58.76593755316598
59.51228534033263
59.908181770253634
60.5011707305361
60.46064878362493
61.31602897634423
61.61376608214899
61.481685106952554
61.575818888650566
61.61017870049094
61.38484309775407
61.19235837964485
60.937615543783124
60.50337968557134
60.34318655997026
60.12024408513729
60.588367957899166
60.4111116094745
60.17277608755709
60.29122718429831
60.44421794166207
61.50929803845753
61.41353038396032
61.61536648256089
61.48477140373664
61.53715492979113
61.55638830716225
61.506409204946635
61.183519677754724
60.8324652570074
60.48269197725792
60.23605453868889
60.05175312104275
59.78573139581977
59.21759405133393
60.71022307436724
60.94904437346743
61.0687273989084
61.99367584227938
61.42904902600566
60.884320094774885
60.605007654163515
60.34633969978334
60.72744310774667
61.025682911124264
60.29612238057359
60.49331399309292
60.57508684444249
61.33969146968612
61.208386855522875
61.018764625772256
60.53984152130754
61.83123423097444
61.579693169540256
61.09809436271546
61.23762996173807
61.601927896136125
61.85284617118398
61.60397419478945
61.92054359431679
62.181109329270086
61.98017088259813
61.76942942773822
61.74086211433032
61.31299762967973
61.12153547079216
61.04181282457493
60.77736041987875
60.72986182545053
60.51290667479246
60.535330702408245
60.748233967401646
60.83012712385696
60.81017400245031
60.57601577175004
60.46088209076777
60.44301773908704
60.754637463161586
60.91428323291534
60.866342608431424
60.58086963626863
60.416335944541515
60.62810917624283
60.571722561739264
60.61623186748604
60.41775439620869
60.26815161545575
60.38205137925458
60.57615828149996
60.79973907404612
60.69432136041892
61.14772466335593
60.87127505428242
60.79532438805156
61.36001689014406
61.132787728715144
61.06196193232231
60.79555824088097
61.210640263264125
61.563776067666836
60.71977322277171
59.88400583263721
60.27241864318886
60.610170755892966
60.854168162017686
61.276140960224744
61.32488278664651
60.762293465166785
60.43113544349586
60.135050706436445
59.88960528856717
60.223580371482875
60.73330300167563
60.90308194512479
61.131489357679584
60.99559022364715
61.07966025960011
60.92096435949935
60.84349102190299
61.269948060073794
61.52020660204882
61.45055462918957
61.239782422948316
61.35554591366393
61.70304380542196
61.11381242084258
60.85205342654187
61.22224514594616
61.40578056228311
61.26827955970284
61.046019380101484
61.07807213567493
60.76288687175696
60.360654581315636
59.95292204993848
60.055128971935346
60.52447244509018
60.63391937981862
60.674430937875876
60.872453451397405
61.22983127131586
61.47867007999505
61.47853473841926
60.90292262279537
60.6307091696066
60.81578454126518
60.34840972947976
60.410875136790295
60.73170176108662
60.81868398546362
60.70713758298759
60.620805007910135
60.89515329986034
60.493361540046884
60.59564662907398
60.655771325076
61.03318813706943
61.11250791129246
60.63474250411044
60.897562548263025
61.047892171152185
60.846937213712216
60.64458071487856
60.49553856881862
60.05435071601024
59.99403945337906
59.98253461110644
59.95086578580526
59.95106081636227
60.452725330406395
61.048322545299655
60.89547465408913
60.80975090096192
60.86122115279211
60.56817886278568
60.09934167788953
59.50122898402658
59.988482730436246
