1117595.0
1114830.0
1005670.0
909720.0
925405.0
925405.0
1008355.0
1008355.0
860310.0
969610.0
969610.0
998420.0
998420.0
963380.0
865660.0
900605.0
948640.0
1065350.0
1065350.0
1127870.0
1127870.0
885210.0
892965.0
1110330.0
915405.0
915405.0
1084645.0
1084645.0
1012380.0
1092890.0
1092890.0
918675.0
930710.0
930710.0
1073890.0
951695.0
1023035.0
1023035.0
815000.0
1073005.0
962760.0
1131785.0
1131785.0
922520.0
921850.0
921850.0
935800.0
935800.0
958780.0
999255.0
999255.0
918070.0
851115.0
895360.0
864235.0
895845.0
895845.0
998120.0
1002250.0
1008905.0
1008905.0
863235.0
842675.0
881710.0
881710.0
1059375.0
1059375.0
888100.0
761750.0
1045505.0
928760.0
1020230.0
1020230.0
963970.0
844260.0
844260.0
806720.0
996005.0
996005.0
956505.0
956505.0
804455.0
799655.0
856325.0
869445.0
909885.0
909885.0
841130.0
761495.0
838750.0
886285.0
939405.0
896870.0
1145985.0
1145985.0
861050.0
940025.0
1000245.0
1046980.0
1030630.0
1030630.0
1056175.0
816820.0
929180.0
929180.0
922075.0
922075.0
891495.0
844655.0
828840.0
825880.0
885360.0
940945.0
940945.0
782175.0
861980.0
1126740.0
901665.0
716375.0
887195.0
887195.0
821715.0
849195.0
775695.0
871985.0
795630.0
823290.0
813450.0
1019020.0
1019020.0
1008930.0
996440.0
842940.0
1138195.0
848780.0
1087640.0
868675.0
973550.0
973550.0
942495.0
1080265.0
1080265.0
1006295.0
1006295.0
885570.0
876535.0
876535.0
728035.0
929395.0
947590.0
947590.0
932395.0
945670.0
945670.0
1030600.0
1030600.0
847135.0
835610.0
835610.0
935145.0
935145.0
920340.0
895175.0
923485.0
992665.0
992665.0
831315.0
880610.0
889570.0
889570.0
910710.0
980125.0
980125.0
857405.0
917855.0
917855.0
1108965.0
1022865.0
928915.0
1149645.0
1092920.0
902465.0
846510.0
910830.0
837070.0
900760.0
977590.0
977590.0
916515.0
916515.0
819820.0
879630.0
879630.0
921610.0
925455.0
925455.0
912110.0
879760.0
1039395.0
899215.0
905950.0
776315.0
1052760.0
1052760.0
921320.0
1033745.0
807085.0
819385.0
864035.0
805840.0
882845.0
912135.0
903440.0
943020.0
943020.0
942205.0
793120.0
849550.0
921135.0
921135.0
1072590.0
1072590.0
968660.0
968660.0
962410.0
1002935.0
1002935.0
983945.0
895000.0
945060.0
1011145.0
1108160.0
877015.0
839060.0
875735.0
1138695.0
1138695.0
803205.0
974295.0
974295.0
958380.0
1162195.0
1102480.0
1028560.0
925265.0
1036570.0
1036570.0
957265.0
973300.0
973300.0
859030.0
929285.0
897135.0
931730.0
944645.0
944645.0
1052990.0
881850.0
953010.0
953010.0
1031400.0
1031400.0
901945.0
909635.0
942215.0
1067220.0
867670.0
867670.0
920950.0
897165.0
1043265.0
1043265.0
838280.0
1041080.0
1079225.0
771400.0
915500.0
992475.0
1017930.0
848330.0
995660.0
945790.0
669815.0
1028460.0
884900.0
1040400.0
1029385.0
1029385.0
906550.0
951685.0
932490.0
837020.0
795275.0
827610.0
995835.0
995835.0
909575.0
1007245.0
899255.0
899255.0
842660.0
807095.0
921535.0
961355.0
885755.0
874865.0
863620.0
863620.0
966735.0
1058650.0
833275.0
777735.0
872670.0
687395.0
814440.0
905285.0
758800.0
886205.0
816135.0
816135.0
979690.0
958195.0
990255.0
990255.0
871535.0
884125.0
1013035.0
1013035.0
963405.0
963405.0
933475.0
933475.0
869730.0
901580.0
901580.0
959080.0
892585.0
902220.0
913770.0
894880.0
811355.0
857830.0
877925.0
925315.0
900095.0
900095.0
828920.0
863310.0
920900.0
1022145.0
1039110.0
1039110.0
853045.0
968945.0
1003165.0
1003165.0
1023505.0
1023505.0
829110.0
856615.0
910365.0
910365.0
1029850.0
1138975.0
1138975.0
773350.0
913135.0
913135.0
732705.0
1076265.0
1076265.0
869560.0
783695.0
929320.0
929320.0
1063650.0
1001875.0
1001875.0
944315.0
946435.0
1029550.0
893740.0
891405.0
888445.0
966950.0
865555.0
1025425.0
1025425.0
948790.0
999010.0
999010.0
900735.0
978990.0
1011890.0
1030645.0
1018035.0
843540.0
940260.0
991810.0
991810.0
909650.0
909650.0
832355.0
979740.0
1092565.0
1092565.0
992610.0
970160.0
884985.0
1003415.0
1003415.0
897835.0
925185.0
859210.0
859210.0
812780.0
1073420.0
1073420.0
981910.0
981910.0
840815.0
898100.0
898100.0
919125.0
831085.0
1003940.0
1003940.0
903425.0
903425.0
762085.0
895540.0
895540.0
888095.0
963360.0
812925.0
987390.0
987390.0
844990.0
948110.0
948110.0
833565.0
953080.0
954945.0
1036475.0
891555.0
1035380.0
1035380.0
897940.0
989775.0
989775.0
898055.0
898055.0
1027755.0
1027755.0
848720.0
1078935.0
1078935.0
965065.0
970345.0
1101995.0
1101995.0
837800.0
862550.0
1113415.0
1113415.0
833815.0
1029810.0
1029810.0
956635.0
1013355.0
977445.0
827360.0
935630.0
1050405.0
1050405.0
1017480.0
1017480.0
878740.0
878740.0
925455.0
971090.0
971090.0
739620.0
927380.0
927380.0
890105.0
936005.0
936005.0
901130.0
846485.0
867435.0
867435.0
762930.0
964970.0
964970.0
1024385.0
1024385.0
921435.0
921435.0
823285.0
856045.0
