38.57480256845525
38.57480256845525
40.82597462458455
43.99933241624858
44.217908756021544
42.28741941104723
43.87296403805838
43.8687624750499
44.126649435450965
44.126649435450965
43.74027620529339
44.8661155620336
43.768612179448546
43.768612179448546
43.768612179448546
43.768612179448546
43.81946289809558
43.81946289809558
45.12132792535109
43.82549566649842
43.82549566649842
42.16446381743393
42.16446381743393
42.16446381743393
42.16446381743393
42.16446381743393
42.51904235639665
43.9706414981784
44.57935075499517
44.57935075499517
43.16031581310953
41.06553404651043
40.93095240277816
43.09210125780802
43.09210125780802
46.009670079635946
46.009670079635946
46.79876234678091
47.156868331696465
47.25854191212392
47.68737664265592
47.68737664265592
48.225856639231864
48.225856639231864
48.729634330823664
49.25062455098342
49.869245938446156
49.869245938446156
49.869245938446156
50.07768601885708
50.07768601885708
50.12845648772776
50.12845648772776
50.12845648772776
50.28472871106021
50.28472871106021
50.3243368782643
50.3243368782643
50.3243368782643
50.38374912907041
50.38374912907041
50.38374912907041
50.38374912907041
50.38374912907041
50.38374912907041
50.38374912907041
50.38374912907041
50.38374912907041
46.85261215175399
50.38374912907041
50.41831625681215
49.851159796144984
49.851159796144984
49.851159796144984
49.851159796144984
49.851159796144984
48.45507546936589
49.851159796144984
50.41831625681215
50.41831625681215
50.41831625681215
50.52070860974366
50.52070860974366
50.52070860974366
50.52070860974366
50.52070860974366
50.52070860974366
50.52070860974366
50.52070860974366
50.52070860974366
50.61761735269812
50.61761735269812
50.61761735269812
49.982087391370186
50.635412149749634
50.635412149749634
50.635412149749634
50.635412149749634
50.78814645283826
50.78814645283826
50.791802472566154
50.791802472566154
50.791802472566154
51.13667252171272
51.13667252171272
51.13667252171272
51.13667252171272
51.36575041757039
49.66292704202869
49.66292704202869
51.36575041757039
51.36575041757039
51.401368093685726
51.401368093685726
51.401368093685726
51.5112205052836
51.5112205052836
51.59257877598919
51.59257877598919
51.59257877598919
51.59257877598919
51.59632800505397
51.59632800505397
51.59632800505397
50.96720736798496
51.59632800505397
51.59632800505397
51.59632800505397
51.59632800505397
51.59632800505397
51.646567674521926
51.64975451922699
51.72473910052246
51.72473910052246
51.30083354382419
51.72473910052246
51.72473910052246
51.72473910052246
51.72473910052246
51.72473910052246
51.72473910052246
51.72473910052246
51.72473910052246
51.72473910052246
51.72473910052246
51.72473910052246
51.72473910052246
51.72942563685343
51.72942563685343
51.73167517429229
51.73167517429229
51.73167517429229
51.60120200283817
51.60120200283817
51.60120200283817
51.60120200283817
51.60120200283817
51.73167517429229
51.73167517429229
51.73167517429229
51.73167517429229
51.97297949700526
51.97297949700526
51.97297949700526
51.97297949700526
51.97297949700526
53.68317276925472
53.68317276925472
53.68317276925472
53.68336494648824
53.68336494648824
53.68336494648824
53.68336494648824
53.68336494648824
53.73140925487121
53.73140925487121
45.476952198796226
53.74774431972142
53.74774431972142
53.87112210364887
53.89283813103796
53.89283813103796
53.89283813103796
53.89283813103796
53.89283813103796
53.89283813103796
53.89283813103796
53.89283813103796
53.89283813103796
53.89283813103796
53.89283813103796
53.89283813103796
53.89283813103796
53.89283813103796
53.89283813103796
53.89283813103796
48.95430650735079
53.89283813103796
53.89283813103796
53.89283813103796
53.89283813103796
53.925508260738376
53.925508260738376
53.925508260738376
53.925508260738376
53.925508260738376
53.925508260738376
43.194626535519674
53.925508260738376
53.925508260738376
53.925508260738376
53.925508260738376
53.925508260738376
53.953373959600505
53.953373959600505
53.953373959600505
53.953373959600505
53.953373959600505
53.953373959600505
53.953373959600505
53.953373959600505
53.953373959600505
53.953373959600505
54.06233845101307
54.06233845101307
54.06233845101307
54.15073997843771
54.15073997843771
54.15073997843771
54.15073997843771
54.15073997843771
54.15073997843771
46.03128105366397
52.31885971191588
53.91436198119354
53.91436198119354
53.91436198119354
53.91436198119354
54.15073997843771
54.15073997843771
54.177644791132174
54.177644791132174
54.177644791132174
54.177644791132174
54.177644791132174
52.76636808069558
42.5747786025405
55.099454414522896
55.099454414522896
55.099454414522896
55.099454414522896
55.099454414522896
55.099454414522896
55.099454414522896
49.57162110127069
49.57162110127069
49.57162110127069
54.75444585033626
54.75444585033626
54.75444585033626
54.75444585033626
54.75444585033626
54.75444585033626
54.75444585033626
55.099454414522896
55.099454414522896
55.099454414522896
54.66351497189246
54.66351497189246
54.66351497189246
55.099454414522896
55.099454414522896
55.10352291174208
55.236583781664
55.236583781664
55.236583781664
55.236583781664
55.236583781664
56.09663056257347
56.09663056257347
56.4123305366392
56.4123305366392
56.4123305366392
56.4123305366392
56.4123305366392
56.4123305366392
56.4123305366392
56.4123305366392
56.4123305366392
56.4123305366392
56.4123305366392
56.4123305366392
56.4123305366392
56.4123305366392
56.53895010487135
56.53895010487135
56.53895010487135
56.53895010487135
56.53895010487135
56.53895010487135
56.53895010487135
56.53895010487135
56.53895010487135
56.53895010487135
56.53895010487135
56.53895010487135
56.53895010487135
56.53895010487135
56.53895010487135
56.53895010487135
56.53895010487135
56.53895010487135
56.67319506164448
55.281733848610976
55.281733848610976
56.67319506164448
56.67319506164448
56.67319506164448
55.701346771673734
56.67319506164448
56.67319506164448
56.67319506164448
56.779715007751285
56.831941223551624
56.831941223551624
56.831941223551624
56.831941223551624
56.831941223551624
56.831941223551624
56.85554210191474
56.85554210191474
56.86591544157277
56.98417225153288
57.389881386671114
57.389881386671114
57.389881386671114
57.85020402245281
57.85020402245281
57.85020402245281
58.69882792593852
58.968914557499566
58.968914557499566
59.077204008833014
59.077204008833014
59.077204008833014
59.077204008833014
59.077204008833014
59.077204008833014
59.077204008833014
59.077204008833014
59.077204008833014
59.077204008833014
59.077204008833014
59.077204008833014
59.077204008833014
59.077204008833014
59.077204008833014
59.077204008833014
59.132410395787325
59.132410395787325
59.132410395787325
59.132410395787325
59.132410395787325
59.132410395787325
59.169568540852715
59.169568540852715
59.169568540852715
59.169568540852715
59.169568540852715
59.252378121284174
59.56875318498387
59.56875318498387
59.56875318498387
59.56875318498387
59.56875318498387
59.56875318498387
59.56875318498387
59.56875318498387
59.56875318498387
59.59529471717343
59.59529471717343
59.64519279768983
59.64519279768983
59.64519279768983
59.64519279768983
54.557799549000485
54.557799549000485
54.557799549000485
54.557799549000485
59.019733097469796
59.64519279768983
59.64519279768983
59.64519279768983
59.64519279768983
59.64519279768983
59.74237488895469
59.74237488895469
59.74237488895469
59.74237488895469
59.74237488895469
59.74237488895469
59.75443123651592
59.75443123651592
59.75443123651592
59.88134015821311
59.88134015821311
59.91941283472227
59.91941283472227
59.91941283472227
58.82145808484395
58.82145808484395
58.82145808484395
58.82145808484395
58.82145808484395
59.91941283472227
58.57832647006271
58.57832647006271
59.91941283472227
59.84432505605144
59.84432505605144
59.84432505605144
59.954312788189
59.954312788189
59.954312788189
59.954312788189
59.954312788189
60.05732052963323
60.05732052963323
60.0812217098862
60.0812217098862
60.0812217098862
60.0812217098862
60.0812217098862
60.0812217098862
60.0812217098862
60.0812217098862
60.0812217098862
60.0812217098862
60.0812217098862
60.1087186429206
60.13515800160751
60.13515800160751
60.13515800160751
60.13515800160751
60.13515800160751
60.13515800160751
60.13515800160751
60.13515800160751
60.13515800160751
60.13515800160751
60.13515800160751
60.13515800160751
60.16688523203181
60.16688523203181
60.16688523203181
60.16688523203181
60.170927467300835
60.170927467300835
60.170927467300835
60.170927467300835
60.170927467300835
60.170927467300835
57.6376364499288
58.13730236221766
58.13730236221766
58.13730236221766
60.170927467300835
60.170927467300835
60.170927467300835
60.170927467300835
60.17517411245117
60.17517411245117
60.17517411245117
58.821053242756776
60.17517411245117
60.17517411245117
60.17517411245117
60.17517411245117
60.17517411245117
60.17517411245117
60.17517411245117
60.17517411245117
60.17517411245117
60.17517411245117
60.17517411245117
60.18664005435706
60.18664005435706
60.18664005435706
60.18664005435706
60.19513334465772
60.2705112960761
60.132495328690325
60.132495328690325
60.17033646605471
60.17033646605471
60.17033646605471
60.2705112960761
60.2705112960761
60.2705112960761
60.2705112960761
