723948.675
703994.725
683886.325
637497.675
607726.125
577585.05
540170.5
501935.8375
493843.475
474226.425
446504.3
418173.3125
411244.525
400278.2625
418107.1625
422313.15
414045.075
405802.3125
376954.7375
362630.75
356471.9875
343663.6875
339318.625
336419.975
328748.2
319156.8625
336901.8
330243.8
346906.2125
338280.5875
307748.65
310165.7125
288956.0375
274987.525
311491.3
340776.475
330599.2125
327373.875
333395.5625
339909.225
336982.2875
323297.625
311433.4375
286152.6375
281965.2375
285496.6375
279629.325
285578.6625
284708.0125
266983.075
261481.275
265910.4
292103.9375
270129.6
268829.3875
261189.225
258709.7875
280382.65
279409.2125
279981.0125
283281.1625
288404.3
276567.4125
285577.7
294582.6625
312642.9
298769.5875
316992.5625
329935.2
348272.6625
349521.4125
293498.6125
276702.475
259795.0625
259978.8375
247502.6
237577.4
247020.375
275891.55
276636.4875
274454.05
277604.875
276393.7625
270812.8125
280186.9375
266192.975
277426.0625
274680.0875
274558.9375
257365.225
271679.1625
283417.8625
299571.85
297239.8875
295720.125
287777.4375
297107.5375
301283.6375
295217.775
306196.85
300278.1
305983.5625
306239.15
314361.25
299024.4125
280641.5875
263543.65
286640.7
269526.1625
260858.0625
255753.6
255078.2125
257555.775
253476.8
248133.8375
239954.7875
255766.95
246382.525
246494.5875
242467.7375
225600.25
222712.225
218006.0375
206504.975
188440.2125
191810.425
191731.425
228136.6125
234033.0875
239963.6625
234255.65
246350.125
248262.0
256876.325
262421.1375
259778.4875
251141.475
255612.125
241369.9125
241743.5375
240660.7375
263252.325
264032.9
258498.9875
257925.175
246337.225
256198.7625
278453.7
291994.2125
275175.7125
264019.6875
245296.625
236785.7125
236472.1875
250469.675
261271.125
264998.1875
255335.1
267037.5875
266219.775
279828.0625
271627.075
277905.0125
273070.7
269927.6
264475.3875
275637.1625
279615.0
267413.775
271507.35
261041.5875
235974.75
230982.5375
240256.9625
263982.4625
268345.4875
272793.075
274415.75
271453.075
272025.875
277559.125
278225.2125
278711.2625
283372.5
283157.925
292472.7375
283977.2625
290177.675
283748.7875
268446.3125
291590.8625
297408.4625
298330.6875
297422.05
319424.2375
330495.225
313089.5125
295825.9
291918.0375
298340.3
313949.0625
319050.0375
311844.7
313130.2875
293367.5125
297671.1375
288497.2375
279556.0375
264732.5125
267647.1125
269741.4625
270409.5875
265565.0125
258771.25
257047.325
258458.7375
264533.75
254541.2625
251305.7375
269924.825
275706.55
266519.225
269634.6375
266746.1875
241386.2375
225369.375
233557.6125
236551.75
218878.2625
212756.5
211798.6625
213897.4375
212912.1
211923.6
216312.9875
227658.325
221204.5
226764.0875
223867.075
237974.8125
245855.2125
243269.6375
244493.5125
243788.1125
251827.65
250012.875
245015.6
257227.3125
255575.4875
259308.325
272913.5125
272881.45
272881.45
282445.1375
273006.65
286297.5
290893.5375
294504.3125
265844.2875
260756.5125
278141.85
297970.1
290538.0875
270580.3
274960.2375
276934.9
270856.8375
283816.525
278402.7125
296758.4375
294536.2125
302232.4
311463.0375
295389.775
279659.875
285620.725
302573.8125
294899.0
304891.6125
306357.8125
310568.6625
302649.55
290205.925
296870.6875
289141.925
285273.2
254351.075
260775.75
251135.8
253438.0625
260448.675
246735.95
256836.2125
251343.0125
258774.825
294912.0125
290861.875
282440.175
296070.8125
293029.5375
297003.8
301173.675
314719.25
327743.2875
306758.1875
306225.825
296867.7125
300127.425
296550.675
298799.2625
302954.9625
294441.825
280302.5
272728.125
265228.2625
274214.5125
274663.4375
275590.6375
269027.375
281498.675
281188.6625
283215.8875
293341.1875
297032.5875
298628.35
294511.0125
300565.025
298203.9625
295238.3625
301759.0875
297293.7375
310905.125
312757.0375
309075.7375
285056.225
303647.675
307294.8125
303851.8125
325527.175
305245.2
302781.1875
309552.2875
295464.825
286228.975
281779.975
276816.75
283341.5125
274224.725
279361.0125
290183.2125
289697.7125
286895.275
286241.6625
257996.3875
229138.425
219421.0625
215283.0875
209804.675
207916.625
215479.8
216423.4375
228670.2
236319.6375
242115.5125
244833.2375
237347.2
236820.2
222799.525
219874.5125
220932.0625
220437.8
206075.2375
201404.4
204808.1375
205252.8625
208934.275
202570.1625
212345.6125
221060.8625
217330.9375
219148.85
226731.6375
224680.9625
228836.3625
224723.425
235503.775
242824.45
234938.4375
244770.05
251240.1375
267410.025
259516.4875
257996.975
256279.1
276426.075
277075.6
275592.5
263118.15
260041.425
262319.0375
240793.6625
245928.4375
235708.1375
233114.5625
226498.8875
233493.05
234512.7625
234475.2625
230515.1875
211588.8875
205382.725
206501.6125
210461.15
214523.0875
222347.05
209085.5625
212926.75
223332.7875
220510.75
217250.4125
210267.95
219783.4
225742.675
232129.3125
231506.825
236328.8625
232974.7875
231788.8125
235630.05
234808.2625
230661.6375
230495.775
232976.4125
231923.2625
232221.7
228845.85
231942.225
234438.6625
215689.075
219996.65
225516.1
230592.325
232923.3125
235735.1125
237965.2
237310.125
236396.5
240840.4125
239637.45
242075.05
249588.05
239533.2375
232270.65
235540.8125
248485.0375
239360.0625
244383.85
248882.875
260864.2
257461.5
249611.575
249482.025
234871.5875
228183.55
234358.425
240004.825
245394.6125
235732.0625
239321.95
229187.45
230895.35
241803.05
242646.1125
238602.8375
242115.4375
239238.7875
239394.95
235465.6125
228653.4125
238781.3375
240675.775
251147.0125
253897.0125
253085.9875
251383.925
246579.5125
249255.6875
244621.375
229135.2375
219550.7
208803.55
221872.4125
216139.05
224093.1375
201295.5375
203981.925
203500.475
196650.7
196872.025
196222.8
