54.42562801801313
54.42562801801313
54.42562801801313
54.48306864835619
54.78342509786449
55.57115454115816
55.57115454115816
55.81273626054085
56.82692056447641
57.63865743179751
57.63865743179751
57.63865743179751
57.63865743179751
57.63865743179751
57.63865743179751
57.63865743179751
61.16272300448621
61.16272300448621
61.82265407835182
61.82265407835182
61.82265407835182
61.82265407835182
61.82265407835182
61.82265407835182
61.82265407835182
61.82265407835182
61.82265407835182
61.82265407835182
61.82265407835182
62.268402821541414
62.268402821541414
62.540080452398996
62.540080452398996
62.540080452398996
62.540080452398996
62.540080452398996
62.69135452179657
62.69135452179657
62.69135452179657
62.69135452179657
62.69135452179657
62.69135452179657
62.69135452179657
62.69135452179657
62.69135452179657
62.69135452179657
62.693571197403834
62.693571197403834
62.74211639320279
62.74211639320279
62.74211639320279
62.7802821848838
62.814057905094735
63.02427388361923
63.02427388361923
63.02427388361923
63.02427388361923
63.02427388361923
63.02427388361923
63.02427388361923
63.02427388361923
63.02427388361923
63.02427388361923
63.02427388361923
63.02427388361923
63.02786768520994
63.02786768520994
63.02786768520994
63.02786768520994
63.062082468189914
63.062082468189914
63.21623149194818
63.21623149194818
63.21623149194818
63.21623149194818
63.21623149194818
63.74279108993491
63.74279108993491
63.74279108993491
63.74279108993491
63.74279108993491
63.937832314557404
63.937832314557404
63.937832314557404
63.937832314557404
64.16875420052546
64.35473861520731
64.35473861520731
64.35473861520731
64.35473861520731
64.35473861520731
64.35473861520731
65.46310832025118
65.46310832025118
65.51742209665471
65.51742209665471
65.51742209665471
65.51742209665471
65.51742209665471
65.51742209665471
65.51742209665471
65.51742209665471
65.51742209665471
65.51742209665471
65.51742209665471
65.51742209665471
65.51742209665471
65.51742209665471
65.51742209665471
65.59904136161093
65.93002775985909
65.93002775985909
65.93002775985909
65.93002775985909
65.93002775985909
65.93002775985909
65.93002775985909
65.93002775985909
65.93002775985909
66.28856240653091
66.28856240653091
66.28856240653091
66.28856240653091
66.28856240653091
66.28856240653091
66.28856240653091
66.28856240653091
66.28856240653091
66.28856240653091
66.28856240653091
66.29798481301356
66.29798481301356
66.29798481301356
66.29798481301356
66.29798481301356
66.29798481301356
67.68901462421603
68.1066355322047
68.1066355322047
68.1066355322047
68.1066355322047
68.1066355322047
68.1066355322047
68.1066355322047
68.1066355322047
68.1166145264219
68.1166145264219
68.1166145264219
68.1166145264219
68.74055113985062
68.74055113985062
68.84108950658865
68.84108950658865
68.84108950658865
68.84108950658865
68.84108950658865
68.84108950658865
68.84108950658865
68.94279784308682
68.94279784308682
68.94279784308682
68.94279784308682
68.94279784308682
68.94279784308682
68.94279784308682
68.94279784308682
68.94279784308682
68.94279784308682
68.94279784308682
68.94279784308682
69.0254678598456
69.0254678598456
69.0254678598456
69.0254678598456
69.0254678598456
69.0254678598456
69.0254678598456
69.0254678598456
69.0254678598456
69.07991518206136
69.07991518206136
69.07991518206136
69.07991518206136
69.07991518206136
69.10539053465772
69.10539053465772
69.10539053465772
69.10539053465772
69.16866811818664
69.25524554993045
69.25524554993045
69.25524554993045
69.25524554993045
69.25524554993045
69.25524554993045
69.25524554993045
69.25524554993045
69.25524554993045
69.25524554993045
69.25524554993045
69.25524554993045
69.40709863207346
69.40709863207346
69.40709863207346
69.40709863207346
69.40709863207346
69.40709863207346
69.40709863207346
69.40709863207346
69.40709863207346
69.40709863207346
69.40709863207346
69.40709863207346
69.40709863207346
69.40709863207346
69.40709863207346
69.4328237430286
69.4328237430286
69.4328237430286
69.4328237430286
69.4328237430286
69.4328237430286
69.4328237430286
69.4328237430286
69.4328237430286
69.4328237430286
69.4328237430286
69.4328237430286
69.4328237430286
69.4328237430286
69.4328237430286
69.4328237430286
69.4328237430286
69.4328237430286
69.4328237430286
69.4328237430286
69.4328237430286
69.4328237430286
69.4328237430286
69.4328237430286
69.4328237430286
69.4328237430286
69.4328237430286
69.4328237430286
69.55270775524679
69.55270775524679
69.94420087684337
69.94420087684337
69.94420087684337
69.94420087684337
69.94420087684337
69.94420087684337
69.94420087684337
69.94420087684337
69.94420087684337
69.94420087684337
69.94420087684337
69.94420087684337
69.94420087684337
69.94420087684337
69.94420087684337
69.9628836189717
69.9628836189717
70.06003387803906
70.06003387803906
70.06003387803906
70.06003387803906
70.06003387803906
70.06003387803906
70.06003387803906
70.06003387803906
70.08419689119171
70.08419689119171
70.08419689119171
70.16515544041451
70.16515544041451
70.16515544041451
70.16515544041451
70.16515544041451
70.16515544041451
70.16515544041451
70.16515544041451
70.16515544041451
70.16515544041451
70.16515544041451
70.21871263451575
70.21871263451575
70.21871263451575
70.21871263451575
70.21871263451575
70.21871263451575
70.21871263451575
70.21871263451575
70.21871263451575
70.21871263451575
70.21871263451575
70.21871263451575
70.21871263451575
70.21871263451575
70.21871263451575
70.21871263451575
70.21871263451575
70.21871263451575
70.21871263451575
70.2361498605022
70.35696492626545
70.35696492626545
70.35696492626545
70.35696492626545
70.35696492626545
70.35696492626545
70.35696492626545
70.35696492626545
70.35696492626545
70.35696492626545
70.35696492626545
70.35696492626545
70.35696492626545
70.35696492626545
70.35696492626545
70.35696492626545
70.35696492626545
70.35696492626545
70.35696492626545
70.35696492626545
70.35696492626545
70.35696492626545
70.35696492626545
70.35696492626545
70.35696492626545
70.35696492626545
70.35696492626545
70.40898055527138
70.40898055527138
70.40898055527138
70.40898055527138
70.40898055527138
70.40898055527138
70.40898055527138
70.40898055527138
70.40898055527138
70.40898055527138
70.40898055527138
70.40898055527138
70.40898055527138
70.40898055527138
70.40898055527138
70.40898055527138
70.40898055527138
70.40898055527138
70.40898055527138
70.40898055527138
70.40898055527138
70.45028142589118
70.45028142589118
70.45028142589118
70.45028142589118
70.45028142589118
70.45028142589118
70.45028142589118
70.45028142589118
70.45028142589118
70.45028142589118
70.45028142589118
70.45028142589118
70.45028142589118
70.45028142589118
70.45028142589118
70.45028142589118
70.45028142589118
70.45028142589118
70.45028142589118
70.45028142589118
70.45028142589118
70.5462970328534
70.5462970328534
70.5462970328534
70.5462970328534
70.5462970328534
70.5462970328534
70.5462970328534
70.5462970328534
70.5462970328534
70.70309195236413
70.70309195236413
70.70309195236413
70.70309195236413
70.70309195236413
70.70309195236413
70.70309195236413
70.70309195236413
70.70309195236413
70.70309195236413
70.70309195236413
70.70309195236413
70.95440950328704
70.95440950328704
70.95440950328704
70.95440950328704
70.95440950328704
71.05767364549793
71.05767364549793
71.05767364549793
71.05767364549793
71.05767364549793
71.05767364549793
71.21966149267695
71.21966149267695
71.21966149267695
71.21966149267695
71.21966149267695
71.21966149267695
71.21966149267695
71.21966149267695
71.21966149267695
71.21966149267695
71.21966149267695
71.21966149267695
71.21966149267695
71.21966149267695
71.21966149267695
71.21966149267695
71.21966149267695
71.21966149267695
71.21966149267695
71.21966149267695
71.21966149267695
71.21966149267695
71.21966149267695
71.21966149267695
71.21966149267695
71.21966149267695
71.21966149267695
71.21966149267695
71.2301671223947
71.2301671223947
71.2301671223947
71.2301671223947
71.2301671223947
71.2301671223947
71.2301671223947
71.2301671223947
71.35350445009536
71.35350445009536
71.35350445009536
71.35350445009536
71.35350445009536
71.35350445009536
71.35350445009536
71.35350445009536
71.35350445009536
71.40119123379208
71.40119123379208
71.40119123379208
71.40119123379208
71.40119123379208
71.40119123379208
71.40119123379208
71.40119123379208
71.40119123379208
71.40119123379208
71.40119123379208
71.42800381436744
71.42800381436744
71.42800381436744
71.42800381436744
71.42800381436744
71.42800381436744
71.42800381436744
71.42800381436744
71.42800381436744
71.42800381436744
71.42800381436744
71.42800381436744
71.42800381436744
71.42800381436744
71.42800381436744
71.42800381436744
71.48098798822687
71.48098798822687
71.48098798822687
71.48098798822687
71.48098798822687
71.70770026250895
71.70770026250895
71.70770026250895
71.70770026250895
71.70770026250895
71.70770026250895
71.70770026250895
71.70770026250895
71.70770026250895
71.70770026250895
71.70770026250895
71.70770026250895
71.70770026250895
71.70770026250895
71.70770026250895
71.78426537268317
71.78426537268317
