42.456088632657995
42.456088632657995
42.63796889406512
43.90915499859321
43.90915499859321
44.61827786781835
44.61827786781835
44.61827786781835
44.61827786781835
48.996318495543065
45.46729187536247
45.46729187536247
51.17258686672336
51.15600772293232
49.77918392169355
48.265201910072044
52.52833012614924
52.52833012614924
51.59841372612495
52.52833012614924
50.85825376586408
50.47666350373621
47.04973698126861
50.47666350373621
50.47666350373621
50.47666350373621
51.00498189760929
51.00498189760929
52.35435779816514
49.16303737004777
49.06414293345329
49.06414293345329
51.465325215325215
51.465325215325215
52.548929663608554
49.38791286015461
53.17416841656775
54.19588165790864
52.64090074082998
54.26292714778769
53.329532755444134
53.329532755444134
53.35330924473429
46.77491041896362
53.35330924473429
52.374750483909985
52.171903198130224
49.933848205834266
48.5064402646185
49.56432724020348
48.05380343953853
47.83664213704242
54.007614864456926
54.007614864456926
54.27213518082473
54.27213518082473
54.285908349936605
53.74626745513628
53.74988715356143
51.244975196715714
51.244975196715714
54.539862947533656
53.29916416370863
44.6877872242647
46.84056903941728
46.84056903941728
45.52953427434306
43.0958429561201
43.0958429561201
45.52953427434306
45.52953427434306
45.52953427434306
45.719992136116666
46.502615621660574
45.67576102058861
46.798902320237765
46.798902320237765
46.798902320237765
48.37278299426187
48.37278299426187
48.813935143448056
48.813935143448056
48.813935143448056
48.813935143448056
48.9158535291934
48.9158535291934
49.57897694953817
49.57502358172753
49.91764970860667
50.1594937228194
50.1594937228194
49.50114524386958
50.29783963325922
50.29783963325922
54.62136291786196
54.331567238452095
54.43091007552251
54.20130554417189
54.43091007552251
54.43091007552251
53.86489781873672
54.79225970565077
54.83238447095875
52.03185725227653
52.03185725227653
54.83238447095875
54.83238447095875
54.83238447095875
52.25480926714511
54.86023917437374
55.32408828585462
55.32408828585462
55.32408828585462
55.537051817288805
52.941610362021656
52.941610362021656
52.941610362021656
52.49930161437351
52.49930161437351
52.62013670600795
52.62013670600795
56.195314208930974
56.195314208930974
56.195314208930974
56.257812255867
56.257812255867
54.214586308529064
52.47144209996744
52.47144209996744
52.47144209996744
54.10888946265303
54.10888946265303
53.6624251949465
54.114315882227835
54.114315882227835
54.114315882227835
54.207036272838735
54.214586308529064
54.214586308529064
54.214586308529064
52.2486679259113
51.1179823539689
55.68596013656916
49.73564697551543
52.86754183581087
55.68596013656916
55.68596013656916
55.778690417539096
55.778690417539096
55.778690417539096
54.58604637010892
54.58604637010892
50.737810545884734
55.778690417539096
51.60575878570799
55.778690417539096
55.849896846902325
56.22821291954589
56.22821291954589
56.2380460266535
54.60223708969266
54.60223708969266
56.31690368953603
50.26395723857981
56.433072207084464
56.433072207084464
52.970214684921785
52.970214684921785
52.970214684921785
54.25620803339181
56.433072207084464
55.50902654324773
56.6043395466931
50.80579199822552
50.80579199822552
50.80579199822552
50.80579199822552
52.917926660990574
53.15793259039429
56.09665119363395
56.09665119363395
56.09665119363395
56.67671693088928
56.67671693088928
56.67671693088928
56.67671693088928
54.54784437434279
53.35100479027924
54.54784437434279
54.54784437434279
54.40364652062989
56.817020683676006
55.77495403996262
55.77495403996262
55.58668051347722
55.77495403996262
55.77495403996262
56.84025413235931
56.84256564280406
56.84256564280406
54.16462454702073
56.906031387358375
54.93849654926225
56.906031387358375
56.906031387358375
56.906031387358375
56.906031387358375
56.906031387358375
56.906031387358375
57.071441837429575
57.071441837429575
57.071441837429575
57.181135083266255
57.10498368527982
57.22717916176561
57.22717916176561
57.22717916176561
46.110916543440474
55.755379145466804
55.755379145466804
57.22717916176561
53.39092278283033
57.22717916176561
57.25174890113291
57.25174890113291
52.677536831650386
57.25174890113291
55.72500834825901
53.973629082825056
55.72500834825901
55.72500834825901
57.25174890113291
57.27264285272085
57.27264285272085
57.2943106543676
57.2943106543676
50.579953898523144
50.579953898523144
57.2943106543676
57.2943106543676
57.318106543676095
57.318106543676095
57.318106543676095
57.318106543676095
57.318106543676095
57.318106543676095
57.3364854825729
52.441442870741625
57.3364854825729
57.37633876060175
57.442889865659616
57.442889865659616
57.442889865659616
57.442889865659616
57.44675911595369
57.44675911595369
57.44675911595369
57.796040329115506
43.520432386113626
57.87512466496292
57.87512466496292
50.36466518859453
57.91350105866235
55.069782113620974
57.91350105866235
55.65975569345704
55.65975569345704
57.91350105866235
57.91350105866235
55.84902211661488
57.896551455463445
49.20456368839088
57.91350105866235
57.91350105866235
57.91350105866235
57.92284797107773
51.1307306690565
57.92284797107773
56.85178311836937
57.92284797107773
57.92284797107773
56.44810041762762
56.44810041762762
56.93673846823325
57.93161347628249
57.93161347628249
57.93161347628249
54.25476642269812
57.95011843171477
55.42551274736494
55.42551274736494
55.42551274736494
55.42551274736494
55.42551274736494
57.3647774730412
57.3647774730412
57.95011843171477
57.973493112260805
57.973493112260805
57.973493112260805
57.975441002306304
58.104196534314035
58.104196534314035
58.104196534314035
53.7943802212025
53.7943802212025
58.11744218662345
57.041817303496856
57.906198565261946
57.906198565261946
57.906198565261946
56.36882129277567
55.49143722135196
55.49143722135196
55.49143722135196
55.49143722135196
57.906198565261946
58.0420588418625
56.874103970579064
58.0420588418625
58.11744218662345
58.11861092065076
53.32468864575452
58.48052889110515
58.48345072617341
52.37585378720569
58.48345072617341
58.48539861621891
58.48539861621891
58.49611201146918
58.49611201146918
55.25378987031195
58.45267406345447
58.52825219721997
58.74953250638908
58.74953250638908
58.829785576263795
53.23683610667882
58.829785576263795
58.829785576263795
58.84848532070062
58.84848532070062
58.868938166178395
54.81831542671803
58.608894845103784
58.608894845103784
58.608894845103784
55.281397843143026
58.868938166178395
58.868938166178395
58.868938166178395
58.92640092252073
58.93029670261173
58.93029670261173
58.93029670261173
58.93029670261173
58.93029670261173
58.94198404288474
58.94198404288474
57.27137093062502
58.94198404288474
58.94198404288474
58.94198404288474
52.62961278586279
58.94198404288474
58.94198404288474
59.06470111575141
59.06470111575141
59.06470111575141
59.06470111575141
59.06470111575141
59.07658324502898
59.07658324502898
59.10560680670698
59.10560680670698
59.10560680670698
59.10560680670698
59.10560680670698
59.123722184130145
59.20689708907312
58.24063374780289
59.20689708907312
59.20689708907312
59.20689708907312
59.20689708907312
59.20689708907312
61.202485380116954
61.202485380116954
61.202485380116954
61.202485380116954
58.943596012192025
58.943596012192025
61.202485380116954
61.202485380116954
61.202485380116954
61.202485380116954
61.202485380116954
61.287629585326954
61.287629585326954
61.287629585326954
61.287629585326954
61.287629585326954
61.287629585326954
61.31358818447634
61.31358818447634
61.31358818447634
61.31358818447634
61.31358818447634
59.21095905794777
61.31358818447634
61.31358818447634
61.31358818447634
61.31358818447634
61.37069710260499
61.42469098883572
61.42884436469963
61.42884436469963
61.42884436469963
61.49882874800638
61.49882874800638
61.920188729399264
61.920188729399264
61.920188729399264
61.920188729399264
61.920188729399264
61.920188729399264
61.920188729399264
61.920188729399264
62.074901980329614
62.074901980329614
62.074901980329614
62.074901980329614
62.074901980329614
62.074901980329614
62.074901980329614
62.074901980329614
62.074901980329614
62.074901980329614
62.074901980329614
62.074901980329614
62.074901980329614
62.074901980329614
62.287554824561404
62.427743264343384
62.427743264343384
62.68337459435951
56.72869309662328
62.68337459435951
62.88828577163695
62.88828577163695
62.88828577163695
62.88828577163695
62.88828577163695
62.88828577163695
62.88828577163695
62.88828577163695
62.88828577163695
62.88828577163695
62.88828577163695
62.96042286976012
62.96042286976012
62.96042286976012
62.96042286976012
62.96042286976012
62.96042286976012
62.96042286976012
62.96042286976012
62.96042286976012
62.96042286976012
62.986559499514904
62.986559499514904
62.986559499514904
62.986559499514904
62.986559499514904
63.21551637616674
63.21551637616674
63.21551637616674
63.21551637616674
63.21551637616674
63.21551637616674
58.287730414746534
63.21551637616674
63.21551637616674
63.21551637616674
63.19063430464019
63.21551637616674
63.21551637616674
63.21551637616674
62.06188502938652
63.21551637616674
58.05583692073942
63.21551637616674
63.12246997423974
63.21551637616674
63.21551637616674
63.21551637616674
63.21551637616674
63.21551637616674
63.21551637616674
63.21551637616674
63.23956207554113
