1064934.0
996517.0
970378.0
987450.0
987450.0
936499.0
936499.0
936499.0
936499.0
827332.0
827332.0
835543.0
725005.0
849888.0
849888.0
722765.0
722765.0
722765.0
722765.0
654441.0
654441.0
575943.0
596983.0
596983.0
596983.0
609491.0
610086.0
605333.0
606573.0
605333.0
627085.0
615278.0
615278.0
615278.0
615278.0
615278.0
615278.0
615278.0
606723.0
606723.0
606723.0
606723.0
605678.0
605678.0
605678.0
605678.0
605678.0
605678.0
605678.0
605678.0
605678.0
605678.0
605678.0
605678.0
605678.0
605678.0
605678.0
605678.0
583225.0
583225.0
648177.0
648177.0
648177.0
579937.0
579937.0
579937.0
579937.0
579937.0
579937.0
596601.0
596601.0
596601.0
616383.0
616383.0
616383.0
616383.0
597543.0
597543.0
597543.0
597543.0
597543.0
597543.0
597543.0
597543.0
584491.0
584491.0
581448.0
581448.0
581448.0
581448.0
581448.0
581448.0
581448.0
581448.0
581448.0
581448.0
581448.0
581448.0
581448.0
581448.0
581448.0
581448.0
581448.0
581448.0
578668.0
578668.0
578668.0
578668.0
578668.0
578668.0
578668.0
578668.0
573857.0
609661.0
566475.0
566475.0
566475.0
566475.0
567570.0
566475.0
565082.0
565082.0
565082.0
564122.0
564122.0
564122.0
564122.0
564122.0
564122.0
564122.0
564122.0
564122.0
564122.0
564122.0
564122.0
564122.0
564122.0
564122.0
562732.0
562732.0
562732.0
562732.0
562732.0
562732.0
574583.0
574583.0
579362.0
579362.0
579362.0
579362.0
579362.0
579362.0
579362.0
579362.0
579362.0
579362.0
579362.0
584227.0
579362.0
579362.0
579362.0
579362.0
579362.0
579362.0
579362.0
579362.0
579362.0
578115.0
578115.0
578115.0
578115.0
578115.0
578115.0
575070.0
575070.0
575070.0
575070.0
575070.0
575070.0
575070.0
575070.0
575070.0
575070.0
575070.0
575070.0
575070.0
575070.0
584524.0
584524.0
584524.0
584524.0
584524.0
584524.0
571157.0
571157.0
571157.0
571157.0
571157.0
571157.0
571157.0
571157.0
571157.0
571157.0
571157.0
571157.0
571157.0
571157.0
571157.0
571157.0
571157.0
571157.0
571157.0
571157.0
562459.0
577934.0
577934.0
562459.0
562459.0
562459.0
562459.0
574303.0
574303.0
574303.0
574303.0
574303.0
574303.0
574303.0
574303.0
574303.0
574303.0
574303.0
574303.0
574303.0
574303.0
574303.0
574303.0
574303.0
574303.0
574303.0
574303.0
574303.0
574303.0
574303.0
574303.0
574303.0
569443.0
569443.0
569443.0
569443.0
569443.0
569443.0
569443.0
569443.0
569443.0
569443.0
554589.0
554589.0
554589.0
554589.0
554589.0
554589.0
554589.0
554589.0
554589.0
554589.0
554589.0
554589.0
554589.0
554589.0
554589.0
554589.0
554589.0
554589.0
554589.0
554589.0
554589.0
554589.0
554589.0
554589.0
554589.0
554589.0
554589.0
554589.0
554589.0
554589.0
554589.0
552743.0
552743.0
552743.0
552743.0
553567.0
553567.0
553567.0
553567.0
561911.0
561911.0
561911.0
561911.0
561911.0
561911.0
561911.0
561911.0
561911.0
561911.0
561911.0
561911.0
561911.0
561911.0
561911.0
561911.0
561911.0
561911.0
553567.0
553567.0
553567.0
553567.0
553567.0
553567.0
537132.0
537132.0
537132.0
537132.0
537282.0
537282.0
537282.0
537282.0
537282.0
537282.0
537282.0
537282.0
537282.0
537282.0
537282.0
537282.0
537282.0
537282.0
537282.0
537282.0
537282.0
537282.0
537282.0
537282.0
537282.0
537282.0
537282.0
537282.0
537282.0
537282.0
537282.0
537282.0
537282.0
537282.0
537282.0
537282.0
537282.0
537282.0
537282.0
537282.0
537282.0
537282.0
537282.0
537282.0
537282.0
537282.0
537282.0
537282.0
537282.0
537282.0
537282.0
537282.0
537282.0
537282.0
537282.0
537282.0
537282.0
537282.0
537282.0
537282.0
537282.0
537282.0
537282.0
537282.0
537282.0
537282.0
537282.0
537282.0
537282.0
537282.0
537282.0
537282.0
537282.0
537282.0
537282.0
537282.0
537282.0
537282.0
537282.0
537282.0
537282.0
537282.0
537282.0
537282.0
537282.0
537282.0
537282.0
537282.0
537282.0
537282.0
537282.0
537282.0
537132.0
537132.0
537132.0
537132.0
537132.0
537132.0
537132.0
529587.0
529587.0
529587.0
529587.0
529587.0
529587.0
529307.0
529307.0
529307.0
529307.0
529307.0
529307.0
529307.0
529307.0
529307.0
529307.0
529307.0
529307.0
529307.0
529307.0
529307.0
529307.0
529307.0
529307.0
529307.0
529307.0
529307.0
529307.0
529307.0
526557.0
526557.0
526557.0
526557.0
526557.0
526557.0
526557.0
526557.0
526557.0
526557.0
526557.0
526557.0
526557.0
526557.0
526557.0
526557.0
526557.0
526557.0
526557.0
526557.0
526557.0
526557.0
526557.0
526557.0
528266.0
526557.0
526557.0
526557.0
526557.0
526557.0
547177.0
547177.0
547177.0
547177.0
547177.0
547177.0
547177.0
547177.0
547177.0
552134.0
552134.0
552134.0
552134.0
552134.0
552134.0
552134.0
552134.0
552134.0
552134.0
552134.0
552134.0
552134.0
552134.0
552134.0
552134.0
