47.62021261169432
50.166684567439624
50.640072241125225
52.26970795345105
53.149133698099455
53.27239224972961
53.20566117561646
53.559044703321796
54.33815459010348
56.83553379813494
57.07825112718374
56.87014986588444
58.57516167622284
58.677858213080725
58.955913850388335
57.55614269136538
59.6558209185826
59.43374380066803
59.4185558173267
59.022647756600506
59.203439768761044
58.5231928428952
58.49055563622431
58.91632200537051
59.20209792536783
59.04361057801127
60.13027475334149
59.87365705920583
62.10019005300634
61.672087948433145
60.954027905047916
60.60383472898575
61.007455907636306
59.97307290760225
60.959310503705524
60.11939265496384
62.107954761209186
62.579398013041335
61.435348494171265
62.02513824191187
62.237897510284576
61.56015058815047
60.12209472168943
60.959672988278435
61.37637260344037
61.68312954123244
62.332633965628276
61.21136686912584
61.5960445947927
60.98931469515142
60.06263042256242
60.77072119984449
61.796639433098896
61.519103870774025
61.851023173594875
62.40269128878651
62.77189703095257
61.9024024021153
61.89837353924707
63.068823090117284
62.18012130068182
63.17860280814266
62.10356149001153
60.73264183402692
61.7121350225827
61.957207808941966
61.65224938364817
60.47694160873595
60.05778324641048
60.415087415421446
60.42257295180676
59.66182231495077
61.14332706282313
61.8043801702482
61.293949630156426
62.069035252064275
61.72245228613314
61.12454519637629
61.82726206871273
61.03696010095161
61.55518200773393
61.111574190810565
61.629249926947864
61.2326574976605
61.42056782831171
61.24848078024175
62.085016987366224
61.36791985343089
60.891929722267605
62.04964425111465
62.248185802298444
61.48741847731512
62.643888917925466
62.252914796507675
62.56148308871987
61.15625469063068
61.524951235509405
61.55910559819849
62.08819505155869
62.469725096273926
61.20146225103848
61.66885954083518
61.594970674842685
62.32863321139663
62.226726633923164
63.09299910640239
62.514274019878144
62.38401711978186
62.85479348933399
62.67009850637975
62.709483189381515
63.23229642189537
62.45865151293892
63.368444390605454
62.476880031145406
62.70407673054467
62.92755384183729
62.90065329369819
62.65919402847716
63.10728355721614
63.23065572339091
63.37940688920978
63.436120641754876
62.68186828560433
62.8951439141362
63.1926745913855
63.59040956732567
63.49881451818216
63.28760319065787
63.36696194901757
62.96423735181595
63.058763727431774
62.98417209771377
62.87466102052188
63.092277794767604
63.126430409762825
63.12103078435164
63.395337558447274
63.64662356843804
64.02197152545072
63.85779551802429
63.352503070955365
63.912397873170384
63.75352374268764
64.04671817074723
64.89082323991742
64.31476496679764
65.48238490387686
65.65598232910087
66.03088575552341
66.72179255295549
66.04558041003526
65.17773583062193
66.65371044162475
65.98945629398264
66.69495402442227
67.10487978540216
66.59864072518559
66.04251465010317
66.37931107528443
66.27368332337743
65.58430872713815
66.0053775843738
65.89486903536827
65.64158260326263
65.72314069257642
65.90075689788448
65.97593931928924
66.63146467344559
66.76938126356193
67.24706801557217
66.57314126638205
67.19720564641696
67.20790341016878
66.62383294614963
66.70848673497518
66.46524904114352
67.1449632151314
67.31435577275506
67.93726505604613
67.46020843420077
67.72210947422886
68.44437938832101
68.8340586700303
68.64086564662509
68.59174723123743
68.35694981526916
68.23239108201092
67.4850601346832
67.4925333296465
66.4280090448496
67.54142326403554
67.0789276924492
66.0055043854523
66.38778042525276
67.08201002076349
66.96016481366223
66.95140240896369
67.67499274132015
67.67499274132015
67.5901696991097
67.60781974645847
66.99238751669046
67.38024664733845
67.4702644820718
67.42241671289018
67.22614993496059
67.1293711007624
66.84257411668331
67.26400961880118
67.28130942386456
67.3114452442482
67.6442218259236
67.36186177015074
67.80824101263289
67.97588671362675
67.4510087228646
66.40483459517301
66.33856129333309
66.68994504229266
67.22726155958802
66.98888630499724
67.49898580776215
67.73689200918989
67.48455782812378
67.17214834046449
67.49733558575154
67.82654100650511
67.15129821091497
67.31688079033535
67.12976625814316
67.21865165853977
67.23290978197497
67.36879501219603
67.83008664331719
67.53753641001025
66.9511895233564
67.2038026132553
67.35282192799922
67.84616152775952
67.93439548021364
67.78673490667111
67.97242867733686
67.9505011714738
68.26239099989755
68.28733061204399
67.87527136787898
67.47809659581223
67.73422748642629
67.59127441728033
67.57024131880172
67.79470706913737
67.91003714553538
68.11698829813537
68.43022425045424
68.15857910976922
67.88400917415451
67.89886853573418
66.83312995604302
67.251444030921
67.5062574011337
67.42654936010403
67.82126436897896
67.43065223132197
67.90747576454407
67.57579832458593
68.01361870725741
68.66429263600462
68.4657178764938
68.28498669979444
68.55595886790437
68.24569465293054
68.67207825113616
68.63555677548212
68.41738865014757
68.73257440431371
68.19540678379407
69.20757392035084
68.74285524022193
68.92084761441947
68.65169884321718
67.82772652688452
68.14271564354145
68.52715359601193
68.0284869622796
68.26175505986399
68.48631436846267
68.44292953673077
69.06978642244363
68.76411023647526
68.74173840426883
69.14019157999668
69.18724039821531
69.19347160761355
69.55884259222573
69.67849733843804
69.84915296688243
69.77287081649258
69.64373828219509
69.65667494630485
69.84482152560275
69.76883234815111
69.73312207860934
69.78497296432052
69.5676421175574
69.72672006896977
70.06318242718842
69.41282015798348
69.7008775099857
69.72989832179482
69.6169378826865
69.43522963997007
68.54847233502846
68.44535761226115
68.31567354619644
68.94848574551489
69.48443330805313
68.95504326309515
68.49805541478325
69.20301100402806
68.79562877211202
68.48743387626145
68.2110423764487
68.6360713970944
69.04151225611538
68.19507771946634
68.52728655868651
68.68106519975437
68.71328938176426
68.99782815937776
69.1710712724443
68.20395537761985
68.29081901936242
69.25670311125626
68.97012742598154
69.08398896866393
69.5860029037795
69.34178920549002
69.44771111722044
69.58038790317929
69.64700765498755
69.37289441920431
69.73153152479712
69.43582528887562
69.62576609598949
69.679392407272
69.68528827754612
69.28381733684999
69.48265711744862
69.24875390937069
69.31220034111223
69.12921766697242
69.26703156673958
69.0842039935565
69.1346033219135
69.26508253948151
68.95608909027841
69.7381269243404
69.63228352302188
69.49750699552655
69.5304226489799
69.39354347872171
69.08097445402771
68.83982693955431
69.11765218005677
69.15874343914841
68.86897324633387
68.94409625323308
68.85323060301144
68.85846618375301
68.89080644797887
68.83946077359164
68.98359787370359
69.10438126538892
69.10159792070878
69.38760014859696
69.32085368235153
69.21753932936716
69.65591415017121
70.15923900096732
69.29258964122208
69.7326118897876
69.77578312732288
69.59228812460364
69.93375618298552
69.75399065672757
70.03276944701818
70.06674578471207
70.0022523022989
70.05624907559398
69.58279141935697
69.57073094773129
69.81007545835632
69.83333971978976
70.01636257143939
69.59948882335394
69.71962194680427
69.90124027652608
69.86853924469642
69.82757532583545
69.93883571082098
69.99086956449706
70.05596862367949
70.34055903488368
70.39873485480656
70.28901431445989
70.01834795607623
70.34778934236823
70.22165667471117
70.45905090545352
70.2794637556292
70.2990201843599
70.1536381592396
70.2476846776049
70.08595183179068
70.38682145514466
70.11757079930642
69.83301300943131
70.18644872050724
69.9446958657554
70.37042867138439
70.3307526183541
70.30188989672503
70.34193340054905
70.10135007379432
70.0123165983441
70.2559416296505
70.07157070607494
70.57024686015824
70.12344513380961
70.12311433799624
70.1670046134092
70.24077217649469
70.22311019222812
70.18188241339132
70.39345122401589
69.99344193658672
69.47465672152673
69.03393651230054
68.90569745093339
69.03030736275157
69.03030736275157
69.13657042856515
69.2101046524981
69.3004312451292
69.39889626752398
68.88962879710475
69.03387051812204
68.88281951829421
68.89478892463232
68.89261229312174
68.85376628657521
68.85350783099784
68.92542778483144
68.8025513544106
68.93366056847246
68.73341698991659
68.48841823486205
68.58196071505539
68.68044511450431
68.84308413429487
68.87698901805182
69.2003934104138
69.1913311084932
69.40004818814865
69.52001318238021
69.57821880250316
69.68864467631185
69.73235579768256
69.817951583743
70.09810732467996
70.2009265579747
70.11572653124988
70.06741730745776
70.19729416526374
70.35350346127863
70.78483053414475
70.98712770924193
70.99180318017397
70.99855535933585
71.0142178232178
71.36273484927821
71.44587720691275
71.34504892081709
70.90853367939235
71.07187325393188
71.15090861462481
71.11266429766833
71.42003055131782
71.37390791104171
70.94501858437525
71.22417380489141
70.90617676815904
71.10575480661163
70.93985899418838
70.50974259817401
70.57764288563081
70.68623379636492
70.32128001489907
70.2703300469511
70.3696516455866
