245702.6
188022.0
184013.0
162037.4
161059.2
152599.8
153307.2
156068.4
155093.2
153827.2
153955.2
153872.6
153351.4
159774.4
159406.0
159066.8
158580.8
160968.2
159726.4
161500.0
162083.0
165771.0
168160.0
167379.6
168160.0
168160.0
168160.0
168160.0
168160.0
166899.2
165530.2
164390.8
164101.6
162258.4
158918.4
157915.0
159435.0
158002.0
155898.4
155282.2
154014.4
150922.4
151479.2
146246.2
144987.6
145115.0
143829.4
144522.4
144522.4
145280.4
143502.4
150466.2
151649.4
144761.4
138020.0
122453.4
116779.0
115389.8
115389.8
115240.0
115240.0
114203.0
113873.0
112435.0
112410.0
112360.0
111678.8
112056.8
112210.0
112210.0
112210.0
112210.0
111977.6
111512.8
110797.0
109815.0
110594.0
108647.2
105775.2
105722.8
100026.0
100026.0
100026.0
100026.0
99956.8
99714.6
99455.6
99425.6
99471.8
99857.0
98650.4
97890.6
97080.6
97025.6
96466.6
95940.4
95704.0
95704.0
95704.0
95674.0
95596.6
95549.2
96051.8
98524.0
97966.2
95427.4
94654.8
94012.4
93063.0
92383.4
92383.4
92713.8
92677.2
92677.2
92524.8
92524.8
92524.8
92524.8
92524.8
92309.0
92309.0
91445.8
91445.8
91230.0
91230.0
91230.0
91230.0
91230.0
91230.0
91230.0
91230.0
91230.0
91230.0
91230.0
91066.6
91066.6
90903.2
90903.2
90576.4
90576.4
90413.0
91420.0
89596.0
89596.0
89596.0
89596.0
89596.0
89596.0
89596.0
89596.0
89596.0
89596.0
89596.0
89596.0
89596.0
89596.0
89596.0
89596.0
89596.0
89596.0
89596.0
89586.4
89567.2
89548.0
89500.0
89500.0
89500.0
89500.0
89500.0
89500.0
89500.0
89500.0
89500.0
89500.0
89500.0
89500.0
89500.0
89500.0
89500.0
89500.0
89500.0
89500.0
89500.0
89500.0
89500.0
89500.0
89500.0
89500.0
89500.0
89500.0
89500.0
89500.0
