427568.0
390216.0
390216.0
171850.0
171850.0
171850.0
171850.0
171850.0
159790.0
159790.0
168986.0
168986.0
168986.0
168986.0
168986.0
168986.0
168986.0
168986.0
168986.0
168986.0
168986.0
188900.0
168160.0
168160.0
168160.0
168160.0
168160.0
168160.0
168160.0
168160.0
168160.0
165554.0
165554.0
165554.0
165554.0
164584.0
175306.0
175306.0
175306.0
164584.0
163994.0
152496.0
168568.0
150888.0
150888.0
150888.0
150888.0
163936.0
163936.0
163936.0
163936.0
163936.0
163936.0
163936.0
163936.0
130016.0
128558.0
128558.0
128558.0
127060.0
127060.0
121640.0
121640.0
112460.0
112460.0
112460.0
112460.0
116990.0
112210.0
112210.0
112210.0
112210.0
112210.0
112210.0
112210.0
119036.0
119036.0
118596.0
117976.0
117976.0
100026.0
100026.0
100026.0
100026.0
100026.0
100026.0
99680.0
99680.0
100742.0
105226.0
100442.0
101456.0
101800.0
101800.0
99784.0
96886.0
95704.0
95704.0
95704.0
95704.0
95704.0
95704.0
101030.0
112330.0
105576.0
99884.0
99124.0
99124.0
94074.0
93388.0
93388.0
94420.0
93388.0
93388.0
93388.0
93388.0
93388.0
93388.0
93388.0
93388.0
93388.0
93388.0
93388.0
91230.0
91230.0
91230.0
91230.0
91230.0
91230.0
91230.0
91230.0
91230.0
91230.0
91230.0
91230.0
91230.0
91230.0
91230.0
91230.0
91230.0
91230.0
102934.0
89596.0
89596.0
89596.0
89596.0
89596.0
89596.0
89596.0
89596.0
89596.0
89596.0
89596.0
89596.0
89596.0
89596.0
89596.0
89596.0
89596.0
89596.0
89596.0
89596.0
89596.0
89596.0
89500.0
89500.0
89500.0
89500.0
89500.0
89500.0
89500.0
89500.0
89500.0
89500.0
89500.0
89500.0
89500.0
89500.0
89500.0
89500.0
89500.0
89500.0
89500.0
89500.0
89500.0
89500.0
89500.0
89500.0
89500.0
89500.0
89500.0
89500.0
