12740.0
5480.0
5480.0
5480.0
5480.0
5480.0
5480.0
5480.0
5480.0
5480.0
5480.0
5480.0
5480.0
5480.0
5480.0
5380.0
4820.0
4820.0
4820.0
4820.0
4820.0
4820.0
4820.0
4820.0
4820.0
4820.0
4820.0
4820.0
4820.0
4820.0
4820.0
4820.0
4820.0
4820.0
4820.0
4820.0
4820.0
4820.0
4820.0
4820.0
4820.0
4820.0
4820.0
4820.0
4820.0
4820.0
4820.0
4820.0
4820.0
4820.0
4820.0
4820.0
4820.0
4820.0
4820.0
4820.0
4820.0
4820.0
4820.0
4820.0
4820.0
4820.0
4820.0
4820.0
4820.0
4820.0
4820.0
4820.0
4820.0
4820.0
4820.0
4820.0
4820.0
4820.0
4820.0
4820.0
4820.0
4820.0
4820.0
4820.0
4820.0
4820.0
4820.0
4820.0
4820.0
4820.0
4820.0
4820.0
4820.0
4820.0
4820.0
4820.0
4820.0
4820.0
4820.0
4820.0
4820.0
4820.0
4820.0
4820.0
4820.0
4820.0
4820.0
4820.0
4820.0
4820.0
4820.0
4820.0
4820.0
4820.0
4820.0
4820.0
4820.0
4820.0
4820.0
4820.0
4820.0
4820.0
4820.0
4820.0
4820.0
4820.0
4820.0
4820.0
4820.0
4820.0
4820.0
4820.0
4820.0
4720.0
4720.0
4720.0
4720.0
4720.0
4720.0
4720.0
4720.0
4720.0
4720.0
4720.0
4720.0
4720.0
4720.0
4720.0
4720.0
4720.0
4720.0
4720.0
4720.0
4720.0
4720.0
4720.0
4720.0
4720.0
4720.0
4720.0
4720.0
4720.0
4720.0
4720.0
4720.0
4720.0
4720.0
4720.0
4720.0
4720.0
4720.0
4720.0
4720.0
4720.0
4720.0
4720.0
4720.0
4720.0
4720.0
4720.0
4720.0
4720.0
4720.0
4720.0
4720.0
4720.0
4720.0
4720.0
4720.0
4720.0
4720.0
4720.0
4720.0
4720.0
4720.0
4720.0
4720.0
4720.0
4720.0
4720.0
4720.0
4720.0
4720.0
4720.0
