37433.416666666664
30562.666666666668
39326.166666666664
43246.25
36483.5
41429.333333333336
34936.166666666664
33353.833333333336
32211.666666666668
31263.166666666668
30523.166666666668
30404.833333333332
29468.333333333332
29631.0
28207.166666666668
28222.5
27021.666666666668
26551.333333333332
26106.0
24873.333333333332
26056.0
26108.0
26077.333333333332
27115.666666666668
29029.0
28331.333333333332
28288.333333333332
28135.666666666668
28040.333333333332
27751.666666666668
27751.666666666668
27447.666666666668
27322.0
27186.666666666668
27308.666666666668
25244.333333333332
25870.666666666668
25883.333333333332
25520.0
25879.666666666668
25837.0
25900.333333333332
27596.333333333332
27391.333333333332
27680.666666666668
27467.333333333332
27102.0
27058.666666666668
27056.666666666668
27043.666666666668
26200.666666666668
26769.333333333332
26484.666666666668
26459.666666666668
26006.333333333332
25997.333333333332
25997.333333333332
25992.0
25987.0
26231.0
25816.666666666668
26171.0
26314.666666666668
26314.666666666668
26257.0
26249.333333333332
26178.0
26696.666666666668
26344.666666666668
27432.666666666668
27422.666666666668
27388.666666666668
27364.666666666668
27364.666666666668
27075.666666666668
27149.0
27144.833333333332
26864.166666666668
27001.166666666668
27599.666666666668
27528.333333333332
27913.666666666668
27992.333333333332
27972.333333333332
27998.333333333332
27998.333333333332
27462.0
27531.666666666668
27446.666666666668
27430.0
27297.666666666668
27297.666666666668
27010.666666666668
26965.0
26982.0
27189.666666666668
25926.666666666668
25905.333333333332
25919.333333333332
26724.833333333332
26936.0
26614.75
26648.0
26118.666666666668
26118.666666666668
26246.333333333332
26602.666666666668
25418.333333333332
25873.333333333332
25956.0
26386.666666666668
26560.333333333332
26286.666666666668
26797.333333333332
26800.333333333332
27345.083333333332
27133.416666666668
27143.416666666668
25993.0
26276.666666666668
26276.666666666668
25843.333333333332
26181.666666666668
26327.333333333332
26778.333333333332
26534.333333333332
26503.0
26490.333333333332
26490.333333333332
26854.666666666668
26855.0
26855.0
26869.0
27659.333333333332
27439.666666666668
27428.0
27410.0
27410.0
27434.0
27174.666666666668
26698.0
25859.0
26500.333333333332
26715.666666666668
26615.0
27455.666666666668
27445.0
27567.0
27865.333333333332
27657.666666666668
27216.333333333332
27471.666666666668
27471.666666666668
27594.0
27536.666666666668
27529.666666666668
27096.666666666668
26590.333333333332
26057.666666666668
26999.666666666668
26999.666666666668
27204.666666666668
27188.666666666668
27162.0
26946.666666666668
26768.666666666668
26675.0
26615.333333333332
26675.333333333332
24842.0
26443.0
26646.0
26747.333333333332
26545.666666666668
26480.333333333332
26345.0
26606.333333333332
26627.333333333332
25853.666666666668
25887.333333333332
25887.333333333332
26924.0
26896.666666666668
26243.0
26296.333333333332
26112.666666666668
26581.666666666668
26581.666666666668
27087.666666666668
29937.5
29755.0
28417.333333333332
28438.666666666668
28332.75
28686.0
28397.0
27786.333333333332
27723.333333333332
27693.333333333332
29109.0
