54.23566878980891
61.19469026548673
61.19469026548673
61.19469026548673
61.01535341830822
62.01334816462736
64.34675550405562
65.2013325608343
65.2013325608343
65.2013325608343
65.2013325608343
65.2013325608343
65.2013325608343
65.2013325608343
65.31466512702079
65.31466512702079
65.36430834213306
65.36430834213306
65.36430834213306
65.36430834213306
65.36430834213306
65.36430834213306
65.36430834213306
65.36430834213306
65.36430834213306
65.43173862310385
65.43173862310385
65.87048832271762
65.87048832271762
65.87048832271762
65.87048832271762
65.87048832271762
65.87048832271762
65.87048832271762
65.87048832271762
65.87048832271762
65.87048832271762
65.87048832271762
65.87048832271762
65.87048832271762
65.87048832271762
65.87048832271762
65.87048832271762
65.87048832271762
65.87048832271762
65.87048832271762
65.87048832271762
65.87048832271762
65.87048832271762
65.87048832271762
65.87048832271762
65.87048832271762
65.87048832271762
65.87048832271762
65.87048832271762
65.87048832271762
65.87048832271762
65.87048832271762
65.87048832271762
65.87048832271762
65.87048832271762
66.15628299894404
66.15628299894404
66.15628299894404
66.15628299894404
66.15628299894404
66.15628299894404
66.37473460721868
66.37473460721868
66.37473460721868
66.37473460721868
66.37473460721868
66.37473460721868
66.37473460721868
66.37473460721868
66.37473460721868
66.37473460721868
66.37473460721868
66.37473460721868
66.37473460721868
66.37473460721868
66.37473460721868
66.37473460721868
66.37473460721868
66.37473460721868
66.37473460721868
66.37473460721868
66.37473460721868
66.37473460721868
66.37473460721868
66.37473460721868
66.37473460721868
66.37473460721868
66.37473460721868
66.37473460721868
66.37473460721868
66.37473460721868
66.37473460721868
66.37473460721868
66.37473460721868
66.37473460721868
66.37473460721868
66.37473460721868
66.37473460721868
66.37473460721868
66.37473460721868
66.37473460721868
66.37473460721868
66.37473460721868
66.37473460721868
66.37473460721868
66.37473460721868
66.37473460721868
66.37473460721868
66.37473460721868
66.37473460721868
66.37473460721868
66.37473460721868
66.37473460721868
66.37473460721868
66.37473460721868
66.37473460721868
66.37473460721868
66.37473460721868
66.37473460721868
66.37473460721868
66.37473460721868
66.37473460721868
66.37473460721868
66.37473460721868
66.37473460721868
66.37473460721868
66.37473460721868
66.37473460721868
66.37473460721868
66.37473460721868
66.37473460721868
66.37473460721868
66.37473460721868
66.37473460721868
66.37473460721868
66.37473460721868
66.37473460721868
66.37473460721868
66.37473460721868
66.37473460721868
66.37473460721868
66.37473460721868
66.37473460721868
66.37473460721868
66.37473460721868
66.37473460721868
66.37473460721868
66.37473460721868
66.37473460721868
66.37473460721868
66.37473460721868
66.37473460721868
66.37473460721868
66.37473460721868
66.37473460721868
66.37473460721868
66.37473460721868
66.37473460721868
66.37473460721868
66.37473460721868
66.37473460721868
66.37473460721868
66.37473460721868
66.37473460721868
66.37473460721868
66.37473460721868
66.37473460721868
66.37473460721868
66.37473460721868
66.37473460721868
66.37473460721868
66.37473460721868
66.37473460721868
66.37473460721868
66.37473460721868
66.37473460721868
66.37473460721868
66.37473460721868
66.37473460721868
66.37473460721868
66.37473460721868
66.37473460721868
67.15581643543223
67.15581643543223
67.15581643543223
67.15581643543223
67.15581643543223
67.15581643543223
67.15581643543223
67.15581643543223
67.15581643543223
67.15581643543223
67.15581643543223
67.15581643543223
