39.68256635606677
39.68256635606677
44.40232930252079
44.43101711983888
45.15213911337173
46.16396202098841
47.01736054753016
47.01736054753016
47.92649940658552
48.369804141527446
49.41827983515208
49.41827983515208
48.88599576795185
49.18013491401933
52.18416509730069
52.18416509730069
52.18416509730069
52.18416509730069
51.3269590266924
48.83164373111118
51.3269590266924
51.3269590266924
51.3269590266924
52.47695761777217
52.72164612843803
52.86498243933589
52.4583984375
52.4583984375
52.4583984375
52.4583984375
50.18138693862729
52.548046875000004
52.548046875000004
52.101986249045076
52.69645427802466
52.69645427802466
51.27017636794218
51.11393108276765
51.11393108276765
51.11393108276765
51.11393108276765
51.11393108276765
51.11393108276765
52.925690723645985
51.53237398831287
51.53237398831287
51.53237398831287
51.53237398831287
51.53237398831287
50.621848037428606
45.58947412031156
45.58947412031156
45.58947412031156
45.58947412031156
45.58947412031156
45.62831436778435
50.659891957530284
50.659891957530284
50.659891957530284
50.659891957530284
50.659891957530284
50.659891957530284
48.849115952086414
48.849115952086414
50.659891957530284
50.659891957530284
50.659891957530284
50.659891957530284
48.81316293459046
48.81316293459046
48.81316293459046
49.684046332280786
49.684046332280786
49.47908892802771
49.47908892802771
49.684046332280786
49.684046332280786
49.684046332280786
49.684046332280786
49.684046332280786
49.684046332280786
48.853006017994396
48.853006017994396
48.853006017994396
48.853006017994396
48.853006017994396
46.121200838435655
46.121200838435655
46.121200838435655
46.121200838435655
46.121200838435655
46.121200838435655
46.121200838435655
46.121200838435655
46.470158597662774
46.470158597662774
46.470158597662774
46.470158597662774
46.470158597662774
46.470158597662774
46.470158597662774
46.470158597662774
46.470158597662774
46.470158597662774
46.470158597662774
46.470158597662774
46.470158597662774
46.470158597662774
46.470158597662774
46.470158597662774
46.470158597662774
46.470158597662774
46.470158597662774
46.470158597662774
46.470158597662774
46.470158597662774
46.470158597662774
46.47831477171986
46.47831477171986
46.47831477171986
46.47831477171986
46.47831477171986
46.47831477171986
46.47831477171986
45.96822168728037
45.96822168728037
45.96822168728037
42.17355610147398
42.17355610147398
42.17355610147398
42.17355610147398
42.17355610147398
42.17355610147398
46.47831477171986
46.47831477171986
46.048094696431114
46.048094696431114
46.048094696431114
45.91536822197759
36.77350892468438
46.048094696431114
46.048094696431114
46.048094696431114
46.048094696431114
46.048094696431114
39.81453132359868
39.81453132359868
39.81453132359868
39.81453132359868
39.77320737002698
39.77320737002698
39.77320737002698
47.751043134654175
47.751043134654175
47.751043134654175
47.751043134654175
47.751043134654175
47.751043134654175
47.751043134654175
47.636922711788685
47.636922711788685
47.636922711788685
47.636922711788685
47.636922711788685
47.636922711788685
45.88481154202804
45.88481154202804
45.88481154202804
45.88481154202804
45.88481154202804
45.922141766213926
47.636922711788685
47.636922711788685
47.636922711788685
49.47714256494171
49.47029333180108
49.47714256494171
49.47714256494171
49.47714256494171
49.47714256494171
49.47714256494171
49.47714256494171
46.943991976737934
46.943991976737934
46.943991976737934
46.943991976737934
48.254486775818634
47.512920789342765
47.512920789342765
47.512920789342765
47.512920789342765
47.512920789342765
48.254486775818634
48.828967533204676
48.828967533204676
48.828967533204676
49.731517397093725
49.731517397093725
49.731517397093725
49.731517397093725
49.731517397093725
49.731517397093725
49.731517397093725
49.731517397093725
49.731517397093725
49.70186719604119
49.70186719604119
49.731517397093725
49.731517397093725
49.731517397093725
49.731517397093725
49.731517397093725
49.731517397093725
49.731517397093725
51.066930115252646
51.066930115252646
51.066930115252646
51.066930115252646
51.066930115252646
51.066930115252646
51.066930115252646
51.066930115252646
51.066930115252646
51.066930115252646
44.459134926594345
44.459134926594345
44.459134926594345
44.459134926594345
49.409119063036684
49.409119063036684
49.409119063036684
49.409119063036684
51.01396569982938
51.066930115252646
51.066930115252646
51.066930115252646
51.066930115252646
51.066930115252646
51.066930115252646
51.066930115252646
51.066930115252646
51.066930115252646
51.066930115252646
51.066930115252646
51.066930115252646
51.066930115252646
51.066930115252646
51.066930115252646
51.066930115252646
51.11714712883935
51.11714712883935
51.11714712883935
51.11714712883935
51.11714712883935
51.11714712883935
51.11714712883935
51.11714712883935
51.11714712883935
51.167077993517886
51.167077993517886
51.167077993517886
52.85455974842769
52.85455974842769
52.944654683065274
52.944654683065274
52.947684710705296
45.753248147750455
45.753248147750455
52.947684710705296
52.378616969102495
48.16425000710086
48.10331140848265
46.91895288518103
46.91895288518103
46.91895288518103
45.52628035801297
45.52628035801297
45.52628035801297
45.52628035801297
48.73441147998406
46.8100690804505
46.8100690804505
46.8100690804505
47.066745545657014
47.066745545657014
47.066745545657014
47.066745545657014
49.840080163284625
47.882217895440405
49.840080163284625
51.95547509151679
48.642407483673594
49.82830820770519
49.82830820770519
49.82830820770519
49.82830820770519
49.82830820770519
49.852870884865865
49.852870884865865
49.852870884865865
49.852870884865865
49.922327776781984
51.54161441287124
51.54161441287124
51.54161441287124
51.806322031831215
51.806322031831215
51.806322031831215
51.806322031831215
51.806322031831215
51.806322031831215
51.806322031831215
51.806322031831215
41.927202672390926
45.35093313204404
51.63635688836105
51.63635688836105
51.806322031831215
51.806322031831215
51.806322031831215
51.806322031831215
51.806322031831215
51.806322031831215
52.31060256173409
52.38122729232096
52.38122729232096
52.38122729232096
52.38122729232096
52.38122729232096
52.626008374899925
52.668729601576445
52.668729601576445
52.668729601576445
52.90950271638474
52.98448532144184
52.98448532144184
52.98448532144184
49.330174288861905
52.98448532144184
52.98448532144184
52.98448532144184
53.129645113340764
53.129645113340764
53.129645113340764
53.129645113340764
53.129645113340764
53.129645113340764
47.772357555168895
53.129645113340764
53.129645113340764
53.129645113340764
53.129645113340764
53.129645113340764
53.129645113340764
53.129645113340764
53.186741298154345
53.186741298154345
53.186741298154345
53.186741298154345
53.186741298154345
53.186741298154345
53.186741298154345
53.186741298154345
54.098522089872056
54.098522089872056
54.098522089872056
54.098522089872056
54.098522089872056
54.098522089872056
54.098522089872056
54.098522089872056
43.73956048065417
43.73956048065417
43.73956048065417
45.44457244932302
45.44457244932302
47.076245856203464
54.098522089872056
54.098522089872056
54.098522089872056
54.098522089872056
54.098522089872056
55.78968187874751
61.823948511494855
61.823948511494855
61.823948511494855
61.823948511494855
61.823948511494855
61.823948511494855
61.823948511494855
61.823948511494855
61.823948511494855
61.823948511494855
61.823948511494855
61.823948511494855
59.06313173854448
57.65465805420522
57.2477976814252
57.60544161429044
57.37447098192317
53.6877150503377
53.6877150503377
52.98962366892546
53.475393300597375
51.00535834403473
53.475393300597375
53.475393300597375
53.475393300597375
53.475393300597375
53.475393300597375
53.475393300597375
53.475393300597375
53.475393300597375
49.95358156740171
49.95358156740171
49.95358156740171
49.95358156740171
46.10352731526826
46.10352731526826
46.10352731526826
46.10352731526826
46.10352731526826
46.276968386113836
46.276968386113836
46.276968386113836
46.276968386113836
46.276968386113836
46.276968386113836
46.276968386113836
47.83697632058288
52.30220419386029
52.30220419386029
54.50850594065696
51.37841209275022
51.4437287275333
51.40416940347525
51.40416940347525
51.40416940347525
51.40416940347525
51.40416940347525
51.4437287275333
51.4437287275333
51.4437287275333
51.4437287275333
51.4437287275333
52.01069582623764
52.01069582623764
52.01069582623764
52.49814120635707
52.49814120635707
52.49814120635707
53.70139171545759
53.629864847953954
50.62088162616932
50.62088162616932
50.62088162616932
50.62088162616932
53.517313474910736
53.517313474910736
51.01214121442012
53.134858044164034
53.517313474910736
53.517313474910736
53.517313474910736
53.517313474910736
47.61229566943243
47.61229566943243
47.61229566943243
47.61229566943243
47.61229566943243
47.61229566943243
47.61229566943243
47.61229566943243
47.61229566943243
47.61229566943243
47.61229566943243
47.61229566943243
47.61229566943243
47.61229566943243
47.61229566943243
47.61229566943243
47.61229566943243
47.61229566943243
44.87084459370818
47.61229566943243
47.61229566943243
47.61229566943243
47.61229566943243
47.61229566943243
47.61229566943243
47.61229566943243
47.61229566943243
51.58055482049925
51.58055482049925
51.58055482049925
51.58055482049925
51.58055482049925
49.14886800512601
52.49954752496154
