1062284.0
1096153.0
981182.0
981182.0
836969.0
797258.0
794389.0
814306.0
841116.0
841116.0
841116.0
769787.0
753032.0
839947.0
855162.0
855162.0
855162.0
855162.0
739756.0
739756.0
495682.0
495682.0
495682.0
559533.0
559533.0
559533.0
559533.0
559533.0
539970.0
539970.0
586552.0
586552.0
631424.0
631424.0
631424.0
631424.0
631424.0
631424.0
534020.0
534020.0
534020.0
534020.0
534020.0
534020.0
534020.0
534020.0
534020.0
534020.0
534020.0
516749.0
477896.0
472619.0
472619.0
472619.0
506552.0
472619.0
472619.0
472619.0
472619.0
472619.0
532683.0
472619.0
485664.0
472619.0
472619.0
472619.0
472619.0
488163.0
488163.0
488163.0
488163.0
488163.0
488163.0
481021.0
481021.0
474796.0
474796.0
474796.0
474796.0
473288.0
506542.0
487193.0
487193.0
480568.0
480568.0
480568.0
480568.0
480568.0
480568.0
474870.0
474870.0
474870.0
474870.0
474870.0
476903.0
476903.0
474870.0
474870.0
460075.0
461880.0
461880.0
461880.0
461880.0
461880.0
461880.0
461880.0
461880.0
461880.0
461880.0
461880.0
461880.0
461880.0
460075.0
460075.0
460075.0
460075.0
460075.0
460075.0
460075.0
421460.0
413820.0
413820.0
413820.0
400481.0
400481.0
506476.0
506476.0
506476.0
506476.0
506476.0
506476.0
506476.0
506476.0
506476.0
506476.0
506476.0
506476.0
506476.0
506476.0
506476.0
506476.0
506476.0
506476.0
506476.0
506476.0
506476.0
506476.0
506476.0
506476.0
506476.0
506476.0
506476.0
506476.0
506476.0
506476.0
506476.0
506476.0
506476.0
506476.0
483515.0
483515.0
483515.0
483515.0
401995.0
395425.0
389884.0
389884.0
389884.0
389884.0
389884.0
389884.0
389884.0
389884.0
389884.0
441328.0
441328.0
441328.0
441328.0
441328.0
441328.0
441328.0
441328.0
441328.0
441328.0
441328.0
441328.0
441328.0
441328.0
441328.0
441328.0
441328.0
441328.0
441328.0
441328.0
441748.0
441748.0
441748.0
441748.0
441328.0
441328.0
441328.0
441328.0
441328.0
441328.0
441328.0
441328.0
441328.0
441328.0
393964.0
393964.0
393964.0
393964.0
393964.0
393964.0
384944.0
384944.0
384944.0
384944.0
384944.0
384944.0
384944.0
384944.0
384944.0
384944.0
384944.0
381984.0
361719.0
361044.0
361044.0
361044.0
447232.0
361044.0
361044.0
360559.0
360559.0
360559.0
360559.0
385974.0
385974.0
360559.0
360559.0
360559.0
360559.0
360559.0
360559.0
360559.0
360559.0
360559.0
360559.0
360559.0
360559.0
360559.0
360559.0
360559.0
360559.0
360559.0
360559.0
360559.0
360559.0
360559.0
360559.0
283508.0
283508.0
283508.0
283508.0
283508.0
280693.0
280693.0
280693.0
280693.0
280693.0
280693.0
280693.0
280693.0
280693.0
280693.0
272249.0
267069.0
267069.0
267069.0
267069.0
267069.0
310256.0
310256.0
310256.0
268813.0
267069.0
267069.0
267069.0
267069.0
267069.0
267069.0
267069.0
267069.0
267069.0
267069.0
267069.0
267069.0
267069.0
267069.0
267069.0
267069.0
267069.0
267069.0
267069.0
267069.0
267069.0
260598.0
259558.0
259558.0
259558.0
259558.0
259558.0
259558.0
259558.0
259558.0
259558.0
259558.0
259558.0
259558.0
259558.0
259558.0
345603.0
345603.0
345603.0
345603.0
345603.0
345603.0
259378.0
259378.0
259378.0
252660.0
252660.0
252660.0
252660.0
252660.0
252660.0
252660.0
252660.0
252660.0
252660.0
252660.0
252660.0
251130.0
251130.0
251130.0
251130.0
251130.0
251130.0
251130.0
251130.0
251130.0
251130.0
251130.0
251130.0
251130.0
251130.0
251130.0
251130.0
251130.0
251130.0
251130.0
251130.0
251130.0
251130.0
251130.0
251130.0
251130.0
251130.0
251130.0
251130.0
258202.0
251130.0
251130.0
257165.0
252280.0
251130.0
251130.0
251130.0
251130.0
251130.0
251130.0
251130.0
251130.0
251130.0
251130.0
251130.0
251130.0
251130.0
251130.0
251130.0
251130.0
251130.0
251130.0
251130.0
251130.0
251130.0
251614.0
285114.0
285114.0
285114.0
285114.0
285114.0
285114.0
285114.0
285114.0
285114.0
285114.0
285114.0
285114.0
285114.0
285114.0
283964.0
283964.0
283964.0
286374.0
286374.0
286374.0
286374.0
286374.0
286374.0
286374.0
283964.0
282954.0
282954.0
282954.0
282954.0
282954.0
282954.0
282954.0
252393.0
251614.0
251614.0
252022.0
252022.0
252022.0
252022.0
252022.0
252022.0
312291.0
251614.0
251161.0
251161.0
251161.0
249991.0
249991.0
249991.0
249991.0
249991.0
249991.0
249991.0
249991.0
249991.0
249991.0
305015.0
247297.0
247297.0
247297.0
243097.0
242162.0
242121.0
242121.0
242121.0
242121.0
242121.0
242121.0
242121.0
242121.0
242121.0
242121.0
242121.0
242121.0
242121.0
242121.0
242121.0
242121.0
242121.0
242121.0
242121.0
242121.0
242121.0
242121.0
242121.0
242121.0
242121.0
242121.0
242121.0
242194.0
242121.0
242121.0
242681.0
242121.0
242121.0
242121.0
290351.0
290351.0
290351.0
242926.0
242121.0
