46.732894775727836
47.9326516137076
48.72583916266527
49.62768168777115
50.55586682050861
51.07044999236456
51.87048259405949
52.76530585225909
53.75145915937744
53.977604365253214
54.308519904817594
54.610583353984325
54.615165691796406
54.85216662905136
55.11830015491595
55.28609560672667
55.50325393247615
55.59693768776278
55.24618151156996
55.13064057940154
55.38607734237415
55.39359253940047
55.469913678888
55.8956765871999
55.90171951277699
56.29655147410595
56.51961160631762
56.54865673573973
56.580361093929966
56.45603592186601
56.3143425701532
56.46535640069923
56.538160297259914
56.410183395160956
56.41155888314343
56.08457816387695
56.100651172126064
56.13350805885964
56.13869374964571
56.13985651344566
56.10461617902886
56.38579968761894
56.35319865429487
56.66406378962354
56.733686366304504
56.778895186112116
56.70570581069787
56.72232139833669
56.82159322816282
56.176621643867335
56.026253332330796
55.86497513678412
55.90965689220533
55.98828018649156
56.190608657174735
56.39483777756497
56.77262265032927
56.988997836314425
57.00752731329378
57.040283113468476
57.2072462474913
57.04030311717399
56.851320071186
56.77320144268157
56.72552660884391
56.78983701071585
56.691763280496524
56.84647693518663
56.456997547467424
56.3596518821847
56.30233170246687
56.615789645740314
56.79180598230003
56.761085824917814
57.119543412717675
57.27325063943273
57.3951972680894
57.393333118384035
57.46789401920843
57.72161440865106
57.7145615155931
57.66766650431382
57.89691165262309
57.92502126914015
57.89255961934682
57.91341792779036
57.64080594155727
57.34483856325384
57.38318314532349
56.99910710577368
56.97761161539709
56.94536583469054
56.573614504764905
56.62751141546111
56.61811512585358
56.466590871869336
56.240167730741994
56.477073316782004
57.12715832866621
56.804186173197046
57.051333444776084
57.11201876000206
57.355627516084404
57.208034198000895
56.62576454192252
56.45843994649717
56.726318767497766
56.430699233878144
56.73256109078765
56.756345025963114
56.7725705487626
56.547051724598965
56.493061050959604
56.60823495138501
56.90654821197749
57.047818118811335
57.27234104533967
57.77177003297366
57.98626866473186
57.97410490437602
57.631715156471486
57.741459010115896
57.547044841784746
57.13547868255705
56.59048369879606
56.077552798961825
56.14198617168569
55.95617492683444
56.35798120718482
56.51864804214374
56.57535844631885
56.74773910790479
56.2321594813377
56.4062242875858
56.231147155008216
56.773183298223614
56.58231900155063
56.82026834648235
56.721579521204035
56.570179345515726
56.95157591455636
57.01413229396208
57.157710870665824
57.4355519802721
56.969226018981885
56.92204245135023
56.759772533752574
56.66559753625766
56.662546458516225
56.56743712688357
56.68280439581321
56.83356425881294
57.12618436286415
57.04805557993792
57.392445029193674
57.58772095493325
57.725003143469564
57.63190814655819
57.30877249695717
57.192946665496336
57.1304799167245
56.97818452496125
56.90699910730823
56.66977979283939
56.43966215541157
56.344721813634884
56.52621484879675
56.60973021002923
56.00990264214344
55.78174836285664
55.49324807467116
55.73315345895302
55.758723541676964
55.55513530135803
56.10024821999483
56.26265435134532
56.45710405316886
56.52400877331543
56.33934302950604
56.19307839339825
55.81190994522169
55.711052469017126
55.86941135435806
56.242585704540694
56.448215133971914
56.71105264037495
57.03067359845788
57.190838130314106
57.134316308721246
57.18928212539142
57.366394767222324
57.263395005905544
57.59730164321305
57.873171211777105
58.37421114166854
58.769599358504294
59.445547190461376
59.41934612418887
59.470806009847195
59.327105136481485
59.335312234620176
59.17884606069489
59.18009419627034
59.20491156947547
59.42120124896782
58.87732633837479
58.546364919289566
58.36546846435298
57.39366010065616
57.548048494658886
57.484619349843186
57.543473823491766
57.775304068234256
58.00712225499397
57.85999648750622
57.87651947371167
58.04668766200058
57.667899188122746
57.698974954356196
57.4622576057949
57.5848844431178
57.632169082135945
57.49472258917136
57.47290261055032
56.93948487130858
56.72884272714214
56.59594222668876
56.70219046146849
56.866208481074025
56.63787308646654
56.71662991140904
56.65421104196287
57.24705891180522
57.26130192703859
56.76362598876068
56.622983320588936
56.98225163919973
57.22897153228696
57.30258656492549
57.337428490582525
57.159954760580845
57.049758949727675
56.912384635929754
57.11662491298431
56.9919702327165
57.0044824305118
57.065349569424384
56.98184460430235
57.12395911488244
57.14428510358489
57.597432045521565
57.82359135675692
57.9178175122719
57.941081857076725
58.10244871491784
58.40567963866122
58.49671467082301
58.69247658576363
59.165819940230826
59.06954600714876
59.10846852406422
59.55734145022738
59.83701402880998
59.88971874594796
60.11514969284379
60.37220435944526
59.811200232886655
59.78023815815334
60.21120877839651
60.040498135488974
59.861095223846995
59.12859364179701
58.64793326825136
58.329223764365224
58.613279514515725
57.98780911685424
58.30540402361163
57.948778854042146
57.38627461844701
57.4804735201486
56.62800408849971
56.494718598238705
56.42452430059151
56.8212066805735
57.210191051842244
57.72398327110152
57.93119963239534
58.24320340531874
57.93551830188907
58.115454104308434
57.790835948808066
57.875803909406855
57.824126547945106
58.04419943457815
58.054690310702725
57.910752262402674
57.907353300190536
58.18474811572811
58.09774708234321
58.23248190541061
58.26499648498026
58.24724429373937
58.367670215973874
58.6305758300454
58.84985670027138
58.89492775637491
58.96689986408042
59.16546707260569
59.175597023771196
59.3110513008658
59.18817137353187
59.21180441781753
59.09863690045739
58.82389654193505
58.79506103127545
58.723378282017826
58.6964916581926
58.3314929359913
58.30194462475102
58.29046771379277
58.439491275612326
58.38443192904292
58.46755375022758
58.66020234287608
58.52727219994415
58.446326031083245
58.70873220270374
58.48644736427222
58.43873636441756
58.433269817959776
58.27774194533663
58.3653012174225
58.39716097584166
58.280442405118535
58.04817666802687
57.94473064533116
58.02048024373731
57.698075158222046
57.77990504431606
57.94985786496348
57.97141035870169
58.050773400327365
58.14735029911818
58.25125338575216
58.281431891433215
58.38872077097786
57.862931728758305
57.51402273340743
57.69443484847054
57.658680881675494
58.01315516852268
58.05326924335951
58.14472239235764
58.27315613601648
58.37329257470843
58.633570817356414
58.68900918837902
58.8004338486444
58.91243418948456
58.88179934531049
58.86651169950322
58.55785356415233
58.5365022974763
58.66336203388448
58.44404059318888
58.49365043224915
58.037844629655524
57.82373221270691
57.42540707947874
57.29144142232351
57.29144142232351
57.529862959297816
57.867917227577685
58.10808027192771
58.42038953998925
58.98867507165143
59.570799712185874
60.223206606007395
60.34643798709923
60.37951762597254
60.772586037809276
60.943874167670494
61.420823752367696
61.82394851149486
61.82394851149486
61.82394851149486
61.82394851149486
61.82394851149486
61.82394851149486
61.82394851149486
61.82394851149486
61.82394851149486
61.82394851149486
61.82394851149486
61.82394851149486
61.76996078019888
61.64430788753706
61.42086148960944
61.15104389886049
60.92200034137933
60.58175433171296
59.86010254360686
59.690220544385454
59.704389588374816
59.53995951387124
59.698820481664356
59.371255707806256
59.42988298738927
59.343472234172204
59.41470779827195
59.82235575919351
59.31965857265914
59.45216734897532
59.41592316221274
59.57946677013025
59.637598332701565
59.45944854404062
58.96763374022638
58.65813981554091
58.807248152661906
58.760157228591936
58.486878434396566
59.07426923156472
58.93840395454828
58.84815796998403
59.08191624382133
59.32568256436125
59.355143165345666
59.412039427608605
59.52166881999261
59.990579468850605
60.311971110634474
60.54531868989901
60.1996069617637
59.68306468038942
58.50086245565635
57.811364943076924
57.51177073317903
58.000974851649836
58.16059284224308
58.11923366917834
58.21906042372933
58.237205905455276
58.3382143039821
58.50453962904453
58.88170329536912
58.5684730395123
58.90688083319071
59.15724224417427
59.246775097586394
59.26740442006785
59.319642508565195
59.32827774459535
59.581566178839466
59.55844860643339
59.49135900309291
59.4774714737159
60.14049132204256
60.126111111967546
59.84185928954069
59.70164895181758
59.25684603617668
59.21501531674571
59.20725161249824
59.11095378810651
58.92499708213394
58.75720167339082
58.73259304641473
58.80471014850904
58.779017396676934
58.52730563168497
58.56783367563715
58.63332186530587
58.302965080647574
58.19961555117292
58.22339676775715
58.27664691544474
58.49701201950512
58.637109432445015
58.595587166582995
58.397319943042795
58.77422207349723
59.023508546233735
59.22314583950735
59.84126599328272
60.112514070871576
60.304992518006124
60.44149957025449
60.31584226366399
60.19195446421766
60.238928970841734
60.26893466557351
60.68418389691435
60.7523711581871
60.945278252389826
60.92123800843781
60.7747559926493
60.670163906215144
61.353533748672646
