52.88366598490725
54.78316874194934
52.279150516795866
56.54527979495942
56.600811618966254
61.7866847826087
65.06624927198601
65.32712094738885
65.69112793632304
65.75786255096098
65.75786255096098
67.06304496913883
65.61183501518566
63.90379947722181
70.0672238372093
70.0672238372093
70.0672238372093
64.19699255208825
63.66668237956067
63.66668237956067
63.5075893278024
62.77024464251849
62.77024464251849
62.77024464251849
62.77024464251849
63.13057083254314
63.13057083254314
63.13057083254314
63.13057083254314
63.13057083254314
63.13057083254314
62.834249952588664
62.834249952588664
62.834249952588664
62.834249952588664
62.834249952588664
62.834249952588664
62.834249952588664
