241049.0
218339.33333333334
203122.33333333334
197461.33333333334
168723.5
143084.16666666666
138443.0
142970.83333333334
135092.33333333334
136526.66666666666
137328.33333333334
136296.66666666666
131647.33333333334
130334.0
125545.66666666667
118215.66666666667
115335.33333333333
115316.66666666667
114978.33333333333
114978.33333333333
113137.0
112090.0
112090.0
112134.33333333333
112134.33333333333
113192.33333333333
115133.66666666667
115133.66666666667
115133.66666666667
116889.0
116889.0
116030.33333333333
115857.66666666667
115857.66666666667
111604.0
111604.0
107833.66666666667
106852.33333333333
