55.030862151615885
56.074318313962785
56.71373065956774
58.59387718117097
59.533063387048536
64.37394423886875
65.47211706464763
66.19155232520296
66.60404976214922
67.33855894605144
67.49350267718785
68.57088699754186
68.61944929172353
68.36314775460852
71.235273487174
71.09054967003136
71.08672761299728
70.17498220447958
69.10822529487149
69.10822529487147
67.73085958621488
67.49306826795323
67.49306826795323
68.23669912727792
68.2366991272779
68.8151564419769
68.89701199891734
68.89701199891734
68.89701199891734
68.96443475268984
68.96443475268985
69.30308169638575
69.39645252519351
69.39645252519351
68.0711876493201
68.07118764932011
67.83370075204547
68.71139738922098
