2508.0555555555557
2316.9166666666665
2021.25
2012.0833333333333
1945.1666666666667
1974.5833333333333
1796.6666666666667
1729.25
1718.9166666666667
1773.0833333333333
1954.5833333333333
1906.0
1857.0
1770.3333333333333
1662.25
2110.4166666666665
2166.0833333333335
2143.25
2131.6666666666665
2551.0
2202.5833333333335
2075.5833333333335
1997.8333333333333
2062.75
1953.3333333333333
2099.6666666666665
1974.4166666666667
1855.9166666666667
1935.3333333333333
2010.0833333333333
1926.25
1736.4166666666667
1912.3333333333333
1769.1666666666667
1857.6666666666667
2110.4166666666665
1949.25
2054.9166666666665
1898.3333333333333
1772.3333333333333
1931.4166666666667
1875.5833333333333
2029.4166666666667
1821.0
1972.8333333333333
2054.0833333333335
1906.8333333333333
1929.1666666666667
1948.6666666666667
1772.75
1782.0833333333333
1829.6666666666667
2024.5833333333333
1927.75
1616.5833333333333
1814.0
1964.5
1961.6666666666667
1933.5833333333333
2069.8333333333335
1906.6666666666667
1976.6666666666667
1784.0833333333333
1794.0
2128.3333333333335
1832.75
1879.8333333333333
1914.25
1959.0
2052.1666666666665
2001.1666666666667
2026.0
1927.6666666666667
1966.8333333333333
1962.5
1881.75
1830.5833333333333
1760.0
1950.3333333333333
1779.6666666666667
2041.0
1961.6666666666667
1994.1666666666667
2048.5833333333335
1881.9166666666667
2092.5
1915.1666666666667
1927.9166666666667
1719.4166666666667
2031.75
1884.5
1886.5833333333333
1760.0833333333333
1935.0
1891.4166666666667
1885.0
1817.4166666666667
1979.5
2096.1666666666665
2145.25
2182.0833333333335
1936.75
2179.6666666666665
1901.25
1908.9166666666667
1858.3333333333333
1909.25
1834.0833333333333
2014.9166666666667
1687.8333333333333
2057.4166666666665
1902.9166666666667
1930.1666666666667
1923.3333333333333
2004.0
2033.3333333333333
1921.3333333333333
2083.4166666666665
1991.6666666666667
1790.75
2036.25
1809.1666666666667
1856.25
1927.5833333333333
1931.25
1942.25
1937.3333333333333
1890.4166666666667
1716.6666666666667
1981.5833333333333
1878.1666666666667
1790.0833333333333
1892.5833333333333
1902.0
1887.0833333333333
1929.75
1900.75
1900.4166666666667
1911.3333333333333
2112.5
1917.5
1881.25
1826.3333333333333
2053.1666666666665
1707.8333333333333
2090.75
2012.9166666666667
1979.25
2002.25
1993.5833333333333
1985.25
1968.1666666666667
1967.0
1864.75
1836.0833333333333
1887.4166666666667
1780.4166666666667
1904.6666666666667
2012.9166666666667
1797.9166666666667
2097.1666666666665
1874.25
2018.3333333333333
1887.6666666666667
1914.25
2197.3333333333335
2057.5833333333335
2051.0
2011.1666666666667
1817.8333333333333
2036.6666666666667
1913.4166666666667
1897.8333333333333
2087.5
1871.8333333333333
2050.5833333333335
2009.9166666666667
1940.5
1754.1666666666667
2025.5
1890.3333333333333
1975.6666666666667
1934.5
2026.3333333333333
2310.8333333333335
2552.25
2611.1666666666665
2462.1666666666665
2476.9166666666665
2437.75
2341.4166666666665
2333.8333333333335
2317.3333333333335
2141.1666666666665
2214.75
2349.1666666666665
2233.75
2136.0
2358.1666666666665
2081.5833333333335
2289.6666666666665
