3880.0
4530.0
4730.0
4755.0
5355.0
3860.0
3820.0
4955.0
3545.0
4080.0
3745.0
3985.0
3615.0
3955.0
4120.0
3755.0
3390.0
3265.0
5205.0
4400.0
3690.0
3265.0
3265.0
3960.0
3265.0
3265.0
3265.0
3265.0
3265.0
3265.0
3265.0
3265.0
3265.0
3265.0
3265.0
3265.0
3265.0
3265.0
3265.0
3265.0
3265.0
3265.0
3265.0
3265.0
3265.0
3265.0
3265.0
3265.0
3265.0
3265.0
3265.0
3560.0
3265.0
3265.0
3265.0
3265.0
4015.0
4220.0
3460.0
3660.0
3265.0
3265.0
3265.0
3265.0
3970.0
3265.0
3265.0
3265.0
3265.0
3265.0
3265.0
3265.0
3265.0
3265.0
3265.0
3265.0
3265.0
3265.0
3265.0
3265.0
3265.0
3265.0
3265.0
3265.0
3265.0
3265.0
3265.0
3265.0
3265.0
3265.0
3265.0
3265.0
3265.0
3265.0
3265.0
3265.0
3465.0
3265.0
3265.0
3265.0
3265.0
3265.0
3570.0
3195.0
3195.0
3195.0
3195.0
3195.0
3195.0
3195.0
3195.0
3195.0
3195.0
3195.0
3195.0
3195.0
3195.0
3195.0
3195.0
3195.0
3195.0
3195.0
3195.0
3195.0
3195.0
3195.0
3775.0
3195.0
3195.0
3195.0
3195.0
3195.0
3195.0
3195.0
3195.0
3195.0
3195.0
3195.0
3195.0
3195.0
3195.0
3195.0
3195.0
3195.0
3195.0
4185.0
3195.0
3195.0
3195.0
3155.0
3155.0
3155.0
3155.0
3155.0
3155.0
3155.0
3155.0
3155.0
3155.0
3155.0
3155.0
3155.0
3155.0
3155.0
3155.0
3155.0
3155.0
3155.0
3155.0
3155.0
3155.0
3155.0
3155.0
3155.0
3155.0
3345.0
3155.0
4080.0
3155.0
3675.0
4685.0
3980.0
3155.0
4535.0
3380.0
3725.0
3450.0
3835.0
3435.0
3800.0
4080.0
3920.0
3495.0
3155.0
3860.0
3155.0
3340.0
3400.0
3970.0
3155.0
3155.0
