9760.0
5280.0
5280.0
5280.0
5280.0
5280.0
4620.0
4620.0
4620.0
4620.0
4620.0
4620.0
4620.0
4920.0
4920.0
4920.0
4920.0
4620.0
4620.0
4620.0
4620.0
4620.0
4620.0
4620.0
4620.0
4620.0
4620.0
4620.0
4620.0
4620.0
4620.0
4620.0
4620.0
4620.0
4620.0
4620.0
4620.0
4620.0
5180.0
5180.0
5180.0
5180.0
5180.0
5180.0
5180.0
5180.0
5180.0
4820.0
4820.0
4820.0
4620.0
4620.0
4620.0
4620.0
4620.0
4620.0
4620.0
4620.0
4620.0
4620.0
4620.0
4620.0
4620.0
4620.0
4620.0
4620.0
4620.0
4620.0
4620.0
4620.0
4620.0
4620.0
4620.0
4620.0
4620.0
4620.0
4620.0
4620.0
4620.0
4620.0
4620.0
4620.0
4620.0
4620.0
4820.0
4820.0
4820.0
4820.0
4820.0
4820.0
4820.0
4820.0
4820.0
4820.0
4820.0
4820.0
4820.0
4820.0
4820.0
4820.0
4820.0
4820.0
4820.0
4820.0
4820.0
4820.0
4820.0
4820.0
4820.0
4820.0
4820.0
4820.0
4820.0
4820.0
4820.0
4820.0
4820.0
4820.0
4820.0
4820.0
4820.0
4820.0
4820.0
4820.0
4820.0
4820.0
4820.0
4820.0
4820.0
4620.0
4620.0
4620.0
4620.0
4620.0
4620.0
4620.0
4620.0
4620.0
4620.0
4620.0
4620.0
4620.0
4620.0
4620.0
5180.0
5180.0
5180.0
4920.0
4920.0
4820.0
4820.0
4820.0
4820.0
4820.0
4820.0
4820.0
4820.0
4820.0
4820.0
4820.0
4820.0
4820.0
4820.0
4820.0
4820.0
4820.0
4820.0
4820.0
4820.0
4820.0
4820.0
4820.0
4820.0
4820.0
4820.0
4820.0
4820.0
5180.0
5180.0
5180.0
5180.0
5180.0
5180.0
5180.0
5180.0
4820.0
4820.0
4820.0
4820.0
4820.0
4820.0
4820.0
4820.0
4820.0
4820.0
4820.0
4820.0
4820.0
4820.0
4820.0
