46885.4375
45503.1875
43674.9375
40401.125
33057.75
33770.75
32194.6875
33939.75
33021.5
32086.8125
32353.0625
33404.625
34378.9375
31342.25
34197.5625
33007.3125
30529.5625
29534.5
30085.5
31033.125
34213.75
34189.75
33746.25
33203.5
32441.5
31791.0
30259.5
29587.75
29721.25
30507.5
32473.0
34849.0
35495.75
35448.0
35791.3125
35621.8125
35673.8125
35416.8125
35445.0
35781.25
36021.25
35834.25
36101.0
36210.25
36422.25
36452.5
36461.25
35732.5
35698.0
35637.75
35107.25
34860.75
35700.75
35507.5
35693.5
35295.5
35341.75
34699.25
35427.0
34964.5
34548.5
33691.25
34104.75
33810.5
34179.75
34825.0
35116.25
34059.75
34556.5
32984.0
33855.5
34970.75
35165.75
34505.75
35773.5
35762.5
35106.0
35303.25
35644.0
36312.0
36081.75
35520.25
34827.75
34661.0
35093.0
33958.25
34835.5
35314.75
35221.75
35462.0
35870.75
35731.75
34906.5
35552.0
35405.0
34605.0
34784.5
34949.75
34340.75
33780.5
33153.75
33615.25
33503.5
33014.25
32913.0
31968.0
32608.75
32376.0
32120.75
32028.75
31640.5
32807.0
32516.5
32533.0
32830.25
33118.75
33027.0
32881.75
33115.75
32408.5
32608.25
32878.25
34412.75
35008.25
35105.25
35663.0
35432.75
35538.25
35873.0
34193.75
33707.0
34066.25
34021.75
33792.0
33125.5
32395.25
32600.75
32254.25
31904.75
32081.5
32377.25
32069.75
31833.5
33150.25
33413.75
33229.75
33085.5
32937.25
32685.75
31244.5
31391.0
31796.0
30918.5
31260.5
32201.25
31608.75
31415.5
30556.0
31155.75
31552.25
30887.75
32407.0
31490.75
31600.0
31333.0
30992.5
30595.25
30654.0
30707.75
31574.75
30963.75
32446.25
32444.25
32011.5
32495.0
31529.75
34661.0
35594.0
35196.5
35133.25
34866.25
35073.0
35518.75
35009.0
34660.0
34048.5
34317.5
33428.5
33677.25
34110.75
33502.75
33908.5
34596.25
34810.0
35114.5
34719.0
34426.5
34826.25
35374.75
35386.5
