104910.0
99250.0
97720.0
85200.0
92640.0
92640.0
69130.0
58520.0
58520.0
57920.0
54630.0
54630.0
54830.0
54830.0
54830.0
54830.0
53520.0
53520.0
53520.0
53520.0
53520.0
49780.0
49780.0
49780.0
45000.0
45000.0
45000.0
45000.0
45000.0
43720.0
45000.0
49280.0
49280.0
49280.0
49280.0
49280.0
49280.0
49280.0
45000.0
45000.0
45000.0
45000.0
45000.0
45000.0
45000.0
45000.0
45000.0
45000.0
45000.0
45000.0
45000.0
45000.0
45000.0
45000.0
45000.0
45000.0
45000.0
45000.0
45000.0
45000.0
45000.0
45000.0
45000.0
45000.0
45000.0
45000.0
45000.0
45000.0
45000.0
45000.0
45000.0
45000.0
45000.0
45000.0
45000.0
45000.0
45000.0
45000.0
45000.0
45000.0
45000.0
45000.0
45000.0
45000.0
45000.0
45000.0
45000.0
45000.0
45000.0
45000.0
45000.0
45000.0
45000.0
45000.0
45000.0
45000.0
45000.0
45000.0
45000.0
45000.0
45000.0
45000.0
45000.0
45000.0
45000.0
45000.0
45000.0
45000.0
45000.0
45000.0
45000.0
45000.0
45000.0
45000.0
45000.0
45000.0
45000.0
45000.0
45000.0
45000.0
45000.0
45000.0
45000.0
45000.0
45000.0
45000.0
45000.0
45000.0
45000.0
45000.0
45000.0
45000.0
45000.0
45000.0
45000.0
45000.0
45000.0
45000.0
45000.0
45000.0
45000.0
45000.0
45000.0
45000.0
45000.0
45000.0
45000.0
45000.0
45000.0
45000.0
45000.0
45000.0
45000.0
45000.0
45000.0
45000.0
45000.0
45000.0
45000.0
45000.0
45000.0
45000.0
45000.0
45000.0
45000.0
45000.0
45000.0
45000.0
45000.0
45000.0
45000.0
45000.0
45000.0
45000.0
45000.0
45000.0
45000.0
45000.0
45000.0
45000.0
45000.0
45000.0
45000.0
45000.0
45000.0
45000.0
45000.0
45000.0
45000.0
45000.0
45000.0
45000.0
45000.0
45000.0
45000.0
45000.0
45000.0
45000.0
45000.0
45000.0
