546355.0
509930.0
509930.0
499735.0
473790.0
409840.0
381280.0
381280.0
381280.0
381280.0
370450.0
370450.0
370450.0
370450.0
361155.0
342980.0
335665.0
335665.0
335665.0
335665.0
323480.0
309445.0
291810.0
291810.0
291810.0
286150.0
286150.0
286150.0
286150.0
282015.0
282015.0
264155.0
264155.0
264155.0
264155.0
261380.0
261380.0
261380.0
261380.0
255160.0
255160.0
255160.0
251130.0
251130.0
251130.0
241610.0
237270.0
237270.0
237270.0
237270.0
237270.0
224715.0
224715.0
224715.0
204730.0
204730.0
204175.0
204175.0
204175.0
204175.0
204175.0
204175.0
200355.0
200355.0
200355.0
193135.0
193135.0
193135.0
193135.0
193135.0
193135.0
183985.0
183985.0
183985.0
183985.0
183985.0
183985.0
182660.0
182660.0
182660.0
182660.0
182660.0
182445.0
182445.0
182445.0
182445.0
182445.0
182445.0
182445.0
182445.0
181385.0
165455.0
165455.0
165455.0
165455.0
165455.0
165455.0
165455.0
165455.0
165455.0
165455.0
165455.0
165455.0
162465.0
162465.0
162465.0
162465.0
162465.0
162465.0
162465.0
162465.0
162465.0
162465.0
162465.0
162465.0
162465.0
162465.0
162465.0
162465.0
160335.0
160335.0
160335.0
160335.0
160335.0
160335.0
160335.0
159845.0
159845.0
159845.0
159845.0
159845.0
159845.0
159845.0
159845.0
159845.0
159845.0
159845.0
159845.0
159845.0
159845.0
159845.0
159845.0
159845.0
159845.0
159845.0
159845.0
159845.0
159845.0
159845.0
159845.0
159845.0
159845.0
159845.0
159845.0
159845.0
159845.0
159845.0
159845.0
159845.0
159845.0
159845.0
159845.0
159845.0
159845.0
159845.0
159845.0
159845.0
159845.0
159845.0
159845.0
159845.0
159845.0
159845.0
159845.0
159845.0
159845.0
159845.0
159845.0
159845.0
159705.0
159705.0
159705.0
159705.0
159705.0
159705.0
159705.0
159705.0
159705.0
159705.0
159705.0
159705.0
159705.0
158390.0
158390.0
158390.0
158390.0
158390.0
158390.0
158390.0
158390.0
158390.0
158390.0
158390.0
158390.0
158390.0
158390.0
158390.0
158390.0
158390.0
158390.0
158390.0
158390.0
158390.0
158390.0
158390.0
158255.0
156020.0
156020.0
156020.0
156020.0
156020.0
156020.0
156020.0
156020.0
156020.0
156020.0
156020.0
156020.0
156020.0
156020.0
156020.0
156020.0
156020.0
156020.0
156020.0
156020.0
156020.0
156020.0
156020.0
156020.0
156020.0
156020.0
156020.0
156020.0
156020.0
156020.0
156020.0
156020.0
156020.0
156020.0
156020.0
156020.0
156020.0
156020.0
156020.0
155520.0
155520.0
155520.0
155520.0
155520.0
155520.0
155520.0
155520.0
155520.0
155520.0
155520.0
155520.0
155520.0
155520.0
155520.0
155520.0
155520.0
155520.0
155520.0
155520.0
155520.0
155520.0
155520.0
155520.0
155520.0
155520.0
154990.0
154990.0
154990.0
154990.0
154990.0
154990.0
154990.0
154990.0
154990.0
154990.0
154990.0
154990.0
154990.0
154730.0
154730.0
154730.0
154730.0
154730.0
154730.0
154730.0
154730.0
154730.0
154730.0
154730.0
154730.0
154730.0
154730.0
154730.0
154730.0
154730.0
154730.0
154730.0
154730.0
154730.0
154730.0
154730.0
154730.0
154730.0
154730.0
154730.0
154730.0
154730.0
154730.0
154730.0
154730.0
154730.0
154730.0
154730.0
154730.0
154730.0
154730.0
154730.0
154730.0
154730.0
154730.0
154730.0
152120.0
152120.0
152120.0
152120.0
152120.0
152120.0
152120.0
152120.0
152120.0
152120.0
152120.0
152120.0
152120.0
152120.0
152120.0
152120.0
152120.0
152120.0
152120.0
152120.0
152120.0
152120.0
152120.0
152120.0
152120.0
152120.0
151100.0
151100.0
151100.0
151100.0
151100.0
151100.0
151100.0
151100.0
151100.0
151100.0
151100.0
151100.0
151100.0
151100.0
151100.0
151100.0
151100.0
151100.0
151100.0
151100.0
151100.0
151100.0
151100.0
151100.0
151100.0
151100.0
151100.0
151100.0
151100.0
151100.0
151100.0
151100.0
151100.0
151100.0
151100.0
151100.0
149035.0
149035.0
149035.0
149035.0
149035.0
149035.0
149035.0
149035.0
149035.0
149035.0
149035.0
149035.0
149035.0
149035.0
149035.0
149035.0
149035.0
149035.0
149035.0
149035.0
149035.0
149035.0
149035.0
149035.0
149035.0
149035.0
149035.0
149035.0
149035.0
149035.0
149035.0
149035.0
149035.0
149035.0
149035.0
146780.0
146780.0
146780.0
146780.0
146780.0
146780.0
146780.0
146780.0
146780.0
146780.0
146780.0
146780.0
146780.0
146780.0
146780.0
146780.0
146780.0
146780.0
146780.0
146780.0
146780.0
146780.0
146780.0
146780.0
146620.0
146620.0
146620.0
146620.0
146620.0
146620.0
146620.0
146620.0
146620.0
146620.0
146620.0
146620.0
146620.0
146620.0
146620.0
146620.0
146620.0
146620.0
146620.0
146430.0
146430.0
146430.0
146430.0
146430.0
146430.0
146430.0
146430.0
146430.0
146430.0
146430.0
146430.0
146430.0
146430.0
146430.0
146430.0
146430.0
146430.0
146430.0
146430.0
146430.0
146430.0
146430.0
