1029150.0
1029150.0
963690.0
870085.0
870085.0
870085.0
784310.0
721630.0
669625.0
640875.0
640875.0
640825.0
630755.0
630755.0
630755.0
598065.0
598065.0
598065.0
566590.0
566590.0
566590.0
552355.0
548340.0
548340.0
537860.0
537860.0
537860.0
477525.0
477525.0
477525.0
477525.0
477525.0
445785.0
445785.0
445785.0
445785.0
423505.0
423505.0
406325.0
406325.0
444415.0
444415.0
444415.0
371345.0
371345.0
371345.0
371345.0
371345.0
371345.0
371345.0
371345.0
371345.0
371345.0
371345.0
371345.0
379410.0
385585.0
371345.0
371345.0
371345.0
377730.0
371345.0
371345.0
370970.0
370970.0
370970.0
370875.0
370875.0
370875.0
370875.0
370875.0
366515.0
366515.0
366515.0
366515.0
359545.0
359545.0
360535.0
360535.0
350895.0
350895.0
350895.0
347790.0
347790.0
345150.0
345150.0
357835.0
357835.0
357835.0
358600.0
358600.0
358600.0
345150.0
345570.0
345570.0
345570.0
345570.0
345570.0
345570.0
345570.0
345570.0
345570.0
345570.0
345570.0
345150.0
345150.0
345150.0
345150.0
345150.0
345150.0
345150.0
345150.0
345150.0
345150.0
345150.0
345150.0
345150.0
344610.0
344610.0
344610.0
344610.0
344610.0
344610.0
344610.0
344610.0
344610.0
344610.0
344610.0
344610.0
345045.0
345325.0
345325.0
345325.0
345325.0
345045.0
345045.0
345045.0
345045.0
345045.0
345045.0
345045.0
345045.0
345045.0
344545.0
344545.0
344545.0
344545.0
344545.0
344545.0
334835.0
334835.0
334835.0
334835.0
334835.0
334835.0
334835.0
334835.0
334835.0
334835.0
334835.0
334835.0
334835.0
334835.0
334835.0
334835.0
334835.0
334835.0
334835.0
334835.0
334835.0
334835.0
334835.0
334835.0
334835.0
334835.0
334835.0
334835.0
334835.0
331870.0
339040.0
335075.0
335075.0
335075.0
331870.0
331870.0
331870.0
331870.0
331870.0
331870.0
331870.0
331870.0
331870.0
341055.0
353645.0
331870.0
348690.0
334160.0
334160.0
334160.0
334160.0
334160.0
334160.0
334160.0
334160.0
338250.0
338250.0
338250.0
338250.0
334470.0
334470.0
334470.0
334470.0
334470.0
334160.0
334160.0
334160.0
334160.0
334160.0
334160.0
334160.0
355240.0
334160.0
334160.0
334160.0
334160.0
334160.0
334160.0
334160.0
334160.0
333180.0
333180.0
333180.0
329755.0
329755.0
329755.0
329755.0
329755.0
329755.0
329755.0
329755.0
329755.0
329755.0
329755.0
329755.0
329755.0
329755.0
343870.0
329755.0
329755.0
329755.0
329755.0
329455.0
329455.0
329455.0
329455.0
329455.0
329455.0
329455.0
329455.0
329455.0
329455.0
329455.0
329455.0
329455.0
329455.0
329455.0
329455.0
322705.0
322705.0
322705.0
322705.0
322705.0
322705.0
331850.0
322705.0
322705.0
322705.0
322705.0
322705.0
322705.0
322705.0
322705.0
322705.0
322705.0
322705.0
322705.0
322705.0
322705.0
322705.0
322705.0
322705.0
322705.0
322705.0
322705.0
322705.0
322705.0
322705.0
322705.0
316780.0
316780.0
316780.0
316780.0
316780.0
316780.0
323895.0
323040.0
323040.0
323040.0
323040.0
330825.0
323040.0
323040.0
323040.0
323040.0
323040.0
323040.0
323040.0
323040.0
323040.0
323040.0
323040.0
323040.0
323040.0
323040.0
323040.0
323040.0
323040.0
323040.0
323040.0
323040.0
323040.0
323040.0
323040.0
323040.0
323040.0
323040.0
323040.0
323040.0
323040.0
323040.0
323040.0
316780.0
316780.0
316780.0
316780.0
316780.0
319665.0
319665.0
319665.0
319665.0
316780.0
316780.0
316780.0
316780.0
322300.0
324180.0
319710.0
319710.0
319710.0
319710.0
319710.0
319710.0
319710.0
319710.0
319710.0
319710.0
319710.0
319710.0
319710.0
319710.0
319710.0
319710.0
319710.0
319710.0
319710.0
319710.0
324900.0
324900.0
319710.0
319710.0
319710.0
319710.0
319710.0
323390.0
323390.0
323390.0
323390.0
323390.0
323390.0
323390.0
323390.0
323390.0
323390.0
323390.0
323390.0
323390.0
323390.0
323390.0
323390.0
323390.0
330450.0
323390.0
323390.0
323390.0
323390.0
323390.0
323390.0
323390.0
323390.0
322490.0
322490.0
322490.0
322490.0
322490.0
322490.0
322490.0
322490.0
322490.0
323390.0
322490.0
322490.0
322490.0
322490.0
331655.0
323840.0
323840.0
323840.0
322490.0
322490.0
322490.0
322490.0
322745.0
322490.0
322490.0
322490.0
322490.0
322490.0
322490.0
322490.0
322490.0
322490.0
322490.0
322490.0
322490.0
322490.0
322490.0
322490.0
322490.0
322490.0
322490.0
322490.0
322490.0
322490.0
322490.0
322490.0
322490.0
322490.0
322490.0
322490.0
322490.0
322490.0
322490.0
322490.0
322490.0
322490.0
322490.0
322490.0
322490.0
322490.0
322490.0
322000.0
322000.0
322000.0
322000.0
322000.0
322000.0
322000.0
322000.0
322000.0
322000.0
322000.0
322000.0
322000.0
322000.0
322000.0
322000.0
375345.0
375345.0
322000.0
322000.0
322000.0
322000.0
322000.0
322000.0
322000.0
322000.0
322000.0
322000.0
322000.0
322000.0
