39.84981109567258
41.048883133700215
41.048883133700215
40.71998760867507
39.149646969625174
41.55455310533966
41.55455310533966
41.55455310533966
41.55455310533966
45.101116076211646
45.101116076211646
54.90129598344509
55.791135434781374
55.791135434781374
55.791135434781374
53.81051162615272
51.38526842806998
53.81051162615272
55.791135434781374
56.711136594006284
54.20591347401625
54.79480094156175
54.50205053604487
54.50205053604487
54.50205053604487
53.910382254608294
53.28574597600454
53.910382254608294
53.21365726873405
53.21365726873405
57.693577119838196
58.494380539006144
58.494380539006144
58.494380539006144
57.34254616607559
54.307372147989106
54.307372147989106
58.336565279817805
57.27960213260201
57.85816361912666
55.04108458013426
55.04108458013426
56.86449150940271
56.86449150940271
57.85816361912666
57.85816361912666
57.857161468511435
52.37525394992619
57.857161468511435
57.857161468511435
57.857161468511435
52.567139865887626
57.85816361912666
58.290566561143564
57.2992830409172
57.2992830409172
57.08985927110682
57.08985927110682
57.08985927110682
57.08985927110682
57.08985927110682
57.08985927110682
58.40100181568812
58.40100181568812
58.36166309870352
56.95235125964676
58.40100181568812
58.40100181568812
58.0088498260991
54.750993982638114
57.37244136778659
57.208330846810284
57.208330846810284
54.48802628459168
52.692326230669124
50.727885818348724
50.727885818348724
50.727885818348724
52.692326230669124
53.956761938397115
53.956761938397115
55.163235990590586
55.163235990590586
55.163235990590586
55.163235990590586
55.163235990590586
56.40512887980328
54.05013121124624
54.05013121124624
54.05013121124624
55.976478462494626
55.976478462494626
55.976478462494626
55.976478462494626
54.64791493115107
53.38586592136686
56.71122772369576
56.71122772369576
56.71122772369576
56.649923957416156
56.649923957416156
56.649923957416156
56.649923957416156
56.6483230609141
56.43807945304812
54.1920704106973
53.32450581670292
54.1920704106973
52.425660668147415
52.425660668147415
52.425660668147415
52.425660668147415
52.425660668147415
52.425660668147415
52.425660668147415
52.425660668147415
52.425660668147415
52.425660668147415
52.401040527630364
52.401040527630364
52.401040527630364
52.401040527630364
52.401040527630364
52.425660668147415
52.425660668147415
51.934154664202424
51.934154664202424
51.934154664202424
51.934154664202424
51.934154664202424
51.934154664202424
50.65343803785795
53.0444063841934
53.0444063841934
55.16042258450469
55.168154774016585
55.168154774016585
55.168154774016585
55.168154774016585
55.168154774016585
51.31694239084007
55.168154774016585
55.168154774016585
55.168154774016585
55.168154774016585
55.168154774016585
55.168154774016585
54.44459435233323
53.5628969063588
53.5628969063588
51.84100093924223
55.168154774016585
55.168154774016585
55.168154774016585
55.24258110019821
52.916094388275006
52.916094388275006
53.55460020933913
56.98340639947616
56.98340639947616
56.98340639947616
56.98340639947616
56.7253039857884
56.18971272868233
56.98340639947616
56.98340639947616
57.268883405600945
57.268883405600945
57.268883405600945
57.268883405600945
57.268883405600945
56.36494304775775
54.65404129574218
54.65404129574218
54.52587405613063
49.180564750002524
54.52587405613063
54.52587405613063
54.52587405613063
54.586289368247634
54.586289368247634
54.586289368247634
54.586289368247634
54.586289368247634
54.586289368247634
55.55452695730996
55.55452695730996
55.55452695730996
55.55452695730996
55.55452695730996
55.55452695730996
55.55452695730996
55.55452695730996
55.55452695730996
55.55452695730996
55.55452695730996
55.55452695730996
55.55452695730996
55.55452695730996
55.55452695730996
59.28104602615907
59.28104602615907
59.28104602615907
56.59458545848619
56.59458545848619
56.59458545848619
56.40240698430245
56.40240698430245
56.40240698430245
56.40240698430245
56.40240698430245
56.59458545848619
56.59458545848619
56.03331811179681
56.67374073379463
56.67374073379463
58.507188929761455
49.08063075509404
49.08063075509404
49.08063075509404
49.08063075509404
49.08063075509404
58.684650245831676
58.687655523098556
58.687655523098556
58.687655523098556
58.38051618642336
58.38051618642336
58.40056676781786
58.687655523098556
58.687655523098556
57.42349949075177
57.42349949075177
58.687655523098556
58.687655523098556
58.687655523098556
58.048672114709106
58.687655523098556
58.69364038315366
58.69364038315366
58.69364038315366
59.38089587229398
59.38089587229398
59.407100971304985
59.407100971304985
56.72201066260473
59.086553882341335
59.086553882341335
59.086553882341335
57.49891578866808
57.49891578866808
57.49891578866808
56.78325745205652
56.07919634758651
55.46634348331061
55.46634348331061
55.18759593525947
55.18759593525947
55.18759593525947
55.18759593525947
55.18759593525947
55.18759593525947
55.18759593525947
55.18759593525947
55.18759593525947
55.18759593525947
55.18759593525947
55.18759593525947
55.46634348331061
55.54818112576891
56.24914283922994
56.24914283922994
56.24914283922994
58.57845231179305
56.40529644707917
56.40529644707917
56.40529644707917
56.810023184118464
56.810023184118464
56.810023184118464
55.496948103430164
56.27520764001767
56.27520764001767
58.41015104398045
57.60796086142669
58.412286846871474
57.41726273303551
57.41726273303551
58.412286846871474
58.412286846871474
58.412286846871474
58.412286846871474
55.36670984743916
58.412286846871474
58.412286846871474
58.412286846871474
58.412286846871474
58.34264325730456
58.412286846871474
58.412286846871474
58.412286846871474
58.412286846871474
58.412286846871474
58.463546116256026
58.463546116256026
58.463546116256026
58.463546116256026
58.803993097085055
58.93598571575026
58.93598571575026
58.93598571575026
58.93598571575026
58.93598571575026
58.93598571575026
58.93598571575026
58.93598571575026
58.93598571575026
58.93598571575026
58.93598571575026
58.32641500710594
57.08349366628444
57.08349366628444
57.08349366628444
56.28521178655296
58.9781689335924
58.9781689335924
58.9781689335924
58.77919960600168
58.77919960600168
58.77919960600168
58.77919960600168
58.83560361770737
58.83560361770737
59.224828559990016
59.224828559990016
59.224828559990016
59.224828559990016
59.489575844716036
59.50119889624058
59.50119889624058
57.84010190998775
59.04795983876569
59.04795983876569
55.240780928149725
55.240780928149725
55.593308735385236
55.593308735385236
55.593308735385236
54.84158962953349
55.593308735385236
55.593308735385236
55.593308735385236
55.593308735385236
55.593308735385236
57.31352131043886
57.31352131043886
57.86982248520711
57.86982248520711
57.86982248520711
57.86982248520711
57.86982248520711
57.86982248520711
51.782659857096064
57.86982248520711
57.86982248520711
57.86982248520711
57.86982248520711
53.538252669827315
53.538252669827315
56.29475688296222
57.276149750226836
57.276149750226836
57.276149750226836
57.276149750226836
57.99099693349847
57.22127985166773
57.22127985166773
57.22127985166773
57.22127985166773
57.22127985166773
57.22127985166773
57.22127985166773
57.22127985166773
57.22127985166773
57.99099693349847
57.99099693349847
58.69501563986115
57.496473778837824
57.496473778837824
57.496473778837824
57.2681979631546
57.340628927727764
58.63789807451779
57.13660979006967
58.63789807451779
51.432919232549025
58.41178799003437
58.41178799003437
58.04746826461895
58.04746826461895
