48.22357750066224
50.86973591199944
52.025498900707454
53.34024869485229
55.55368415733301
57.04178095900984
57.609941380795895
58.12898100204652
58.45930904481186
58.858239381086186
59.239544579555414
59.88203140439106
60.54939068214037
60.70932340976473
60.76116133005652
60.69483386923626
60.96822903150453
61.119414484789004
61.29242121931825
61.78687582899944
61.8851397438102
62.02883436874096
61.4127828537768
61.97975301039683
62.00877244606695
61.20254857663211
61.28257803153012
61.756227161332575
61.78130948989782
62.20533269060316
63.28770399520388
63.4772333763593
63.774784973906534
64.21606522711853
63.910481159281254
64.06917858573874
64.00231901283793
64.22777981004775
64.37547813407829
64.45352967001996
63.96571400783655
64.04605039030413
64.70433118252251
64.9147639644594
64.79309017361085
65.18287654195373
65.45484676146636
65.07373153651321
65.42486389355369
65.43212130194466
65.33065221527553
65.08845856090974
65.01234999894673
64.66555184613635
64.37105420153803
63.92938224148109
64.31490867859256
64.28948926774964
64.11211293914387
64.23982037055539
64.52778040176833
64.45701611118845
64.33994896653937
64.79330810619383
64.97892081064651
64.65902089217458
64.66803942111285
65.13178279024274
65.47746182664096
65.0118148432974
65.31836392516668
65.55919860396259
65.41536707250856
65.06040291909383
65.00797104158872
64.96977754394604
65.10705631943765
64.34021379381915
64.4932277189499
64.46651285426756
64.89622129412898
64.99450293640116
65.26667873646495
65.60203528207025
65.89651407301298
65.73857390575503
65.41494522216912
65.45660013318751
65.94453990272828
65.77661109070671
65.75598649818723
65.97282633867435
65.74360874709306
65.60266683258723
65.53108741996078
65.27047404742925
66.53784312767094
66.37863244243819
66.25663522683877
66.27468758961268
65.94588711162154
65.71793905527618
65.68152620185947
64.84449079050951
64.57719191557945
64.55391523365107
64.20865948178914
65.05875474303271
64.99685022424441
65.28586174556361
65.52247602363498
65.68376291161779
65.91849330498266
66.14874118033244
66.35382251839003
66.41653855812773
66.16346302656044
66.03050988025181
65.65918990433299
65.30018504824409
65.12066016819614
64.57172741222698
64.89006620871561
64.78501655627143
64.6427094428125
64.23425457366946
64.51698589961637
64.22582500420972
64.27968309199863
64.11861920851959
64.40111129649247
64.24108028996517
64.29802142003328
64.80592983967298
65.06608854973341
64.8313785231581
64.66885475806835
64.37299607944108
64.49633447778463
64.31439810239856
64.19416140014452
64.33911496338808
64.87754030791339
64.96020563274747
65.3561193572705
65.18243616175474
65.51776015113529
64.88600419182993
64.51387958255012
64.74245196922357
65.30124462880073
65.72465265903688
65.85551113040495
66.15877293882292
66.55210750999625
65.87377892046956
65.8525838061573
66.10963685291864
66.49077411535139
66.21561353077989
66.15623608258025
66.59846279684704
66.54354555556348
66.67756771489181
67.61154745661275
68.06341422753948
67.47201089617235
67.04101811978337
66.27125987869803
66.05175969260277
65.65566986756716
65.58784205679862
65.31040912419137
65.10335333373604
64.40453073198657
63.63283413864319
63.89514095608215
63.70022041991334
64.55940024011409
64.59010469860313
65.00699930946368
65.15956027432024
65.0084902103768
64.9495357703178
65.00173995811666
65.02351020189303
65.09585884830028
65.14759179588295
65.60776143779843
65.4318759668882
65.65784666492318
65.4792846431446
64.90642882540773
65.10546097353313
65.59072311001238
65.52150849764132
66.04962414013626
66.4405738986687
66.36389939939195
66.3573442075535
66.79487268844235
66.55890683171823
66.5205405121225
66.51255145117872
67.0036067565681
67.03850148490794
67.20081783915148
66.9948711914199
66.9812755212484
66.88430438347447
66.71416887534974
67.01516055344628
67.02380313924375
67.17011847947805
66.90851113566895
67.27881747975985
67.18720555684311
66.18954036680209
66.25081151760168
66.27114012434969
65.59851885214071
65.27576299083337
65.92590826724626
65.7192308240737
66.42657247511717
66.63313824373554
66.34353359053412
66.50460700551294
66.57495253801335
66.46402128371118
66.25234762738893
66.20243598901769
66.50590342519038
66.55726822947591
66.44515180722219
66.54086431908635
65.93291910170728
65.9016045703668
66.27132717219183
66.23462110724496
66.00523797098761
66.0934183624656
65.66900432048035
65.51932780262914
66.33388851162911
66.11433433468238
66.14265545165225
65.82528928805615
65.64641630176548
65.73234346169978
65.9660253219034
66.04515258392131
66.06221087144147
65.681819181053
66.15841631734986
65.64710685235156
65.44631389174545
65.6234803769756
65.49352647273537
65.54560493151075
65.16091944005021
65.08305095395602
65.29345293559778
65.34623542772749
64.83663757243386
64.585963729719
64.47924661140408
65.03194340902108
64.52898712749331
64.73501132472072
65.46638452503444
65.72126679686446
65.47903384387419
66.33366830763474
65.86701650155291
65.49857721610931
65.44021087511456
65.47399982919329
65.43477063565777
64.86802337076564
64.92958624059582
65.26295951994304
65.33055082098016
65.71889950592023
65.61459086575442
65.61526775909354
65.61672662092056
65.38102464645289
65.54586089562179
65.6866312075108
65.96894615513226
65.7947475512518
65.86079118345471
65.7277435103621
65.58757570489293
65.87032874003715
66.04886873369067
66.02888889431783
66.4361571985963
66.24157198022641
66.18844756053973
66.24194996627543
66.2037219484935
66.09291460519763
66.11188174081234
66.25728747280323
66.21964310291318
66.18949678503792
66.0528071397972
66.33117415017935
66.28355270194382
65.88075449513644
65.94606421975234
65.66243090272323
65.52688422674031
65.79024943840736
65.79735940988414
66.06330268513146
65.7504078299443
65.86308110462521
65.79108183118305
65.76851816226753
65.79972943128816
65.75814344796778
66.16022094261135
66.00244832355082
66.05139871133156
66.07080280260632
66.16568900477124
66.34242102976143
66.3472322686954
66.40399693036397
66.35101786162828
66.27544142667516
66.2908848358947
65.95241000719336
65.95063079940961
65.81564837872159
65.9583492329811
66.11956154916166
66.1034864680037
66.02768402310248
65.9258403500958
65.76409629855226
65.84214562260723
65.67962826694666
65.56725164738717
65.75739056442634
65.51830687980424
65.63519254605055
65.52522314812998
65.52098243388959
65.6414311456148
65.20475079568077
65.55416081682061
65.50455721480029
65.81159839366433
65.70356991323135
65.64601740683204
65.350904145765
65.38974162882987
65.20790426415431
64.92001111737565
65.21800670974166
65.23403891538752
65.39492445912595
65.3373804069391
65.45891105433434
65.33585924562696
64.94594358457903
64.88899732122407
64.76871854850926
64.98181800635864
65.19180086736695
65.27913743756248
64.87250588830929
64.9000549760349
65.09639457565926
65.88762029647663
65.5128874698242
65.50078141953045
65.49859768234947
65.61143112937177
65.12040525700989
65.48541825831465
65.57395166735107
65.90542932067383
66.01923285278761
65.9824918395919
65.47624276224033
64.96253113589229
65.45676353469028
65.92219971179058
65.69247888397919
65.56337692396765
65.51749724340655
65.62677494781022
65.51907253213119
65.500899251096
65.26463412377952
