1096561.0
1096561.0
1096561.0
931265.0
931265.0
994021.0
1016530.0
1016530.0
820039.0
777712.0
830429.0
902699.0
844559.0
897483.0
844559.0
844559.0
844559.0
784586.0
758338.0
740819.0
819504.0
819504.0
819504.0
819504.0
819504.0
819504.0
819504.0
819504.0
819504.0
819504.0
819504.0
819504.0
819504.0
819504.0
819504.0
819504.0
819504.0
819504.0
819504.0
819504.0
819504.0
819504.0
807211.0
807211.0
807211.0
807211.0
807211.0
807211.0
807211.0
807211.0
807211.0
807211.0
807211.0
811810.0
811810.0
811810.0
811810.0
811810.0
811810.0
811810.0
811810.0
811810.0
813293.0
813293.0
813293.0
813293.0
813293.0
813293.0
813293.0
813293.0
807211.0
807211.0
807211.0
807211.0
807211.0
807211.0
807211.0
807211.0
807211.0
807211.0
802040.0
802040.0
802040.0
802040.0
802040.0
802040.0
802040.0
802040.0
802040.0
802040.0
802040.0
802040.0
802040.0
802040.0
802040.0
802040.0
795877.0
795877.0
795877.0
795877.0
795877.0
795877.0
795877.0
795877.0
795877.0
795877.0
795877.0
795877.0
795877.0
795877.0
795877.0
795877.0
795877.0
795877.0
795877.0
795877.0
795877.0
795877.0
795877.0
795877.0
795877.0
795877.0
795877.0
795877.0
795877.0
795877.0
795877.0
795877.0
795877.0
795877.0
795877.0
795877.0
795877.0
795877.0
795877.0
795877.0
795877.0
795877.0
795877.0
795877.0
795877.0
795877.0
795877.0
795877.0
795877.0
795877.0
795877.0
795877.0
795877.0
795877.0
795877.0
795877.0
795877.0
795877.0
795877.0
795877.0
795877.0
795877.0
795877.0
795877.0
795877.0
795877.0
795877.0
795877.0
795877.0
795877.0
795877.0
795877.0
795877.0
795877.0
795877.0
795877.0
795877.0
795877.0
795877.0
795877.0
795877.0
795877.0
795877.0
795877.0
795877.0
795877.0
795877.0
795877.0
795877.0
795877.0
795877.0
795877.0
795877.0
795877.0
795877.0
795877.0
795877.0
795877.0
795877.0
795877.0
795877.0
795877.0
795877.0
795877.0
795877.0
795877.0
795877.0
795877.0
795877.0
795877.0
745629.0
745629.0
745629.0
745629.0
745629.0
762115.0
762115.0
762115.0
762115.0
762115.0
762115.0
762115.0
762115.0
762115.0
762115.0
762262.0
762262.0
764132.0
764132.0
764132.0
762115.0
762115.0
762115.0
762115.0
762115.0
762115.0
762115.0
762115.0
762115.0
762115.0
799791.0
799791.0
799791.0
799791.0
799791.0
799791.0
799791.0
799791.0
799791.0
799791.0
799791.0
799791.0
745629.0
745629.0
745629.0
745629.0
745629.0
745629.0
745629.0
745629.0
769717.0
745629.0
745629.0
745629.0
745629.0
745629.0
745629.0
745629.0
745629.0
772845.0
772845.0
745629.0
745629.0
745629.0
745629.0
745629.0
745629.0
745629.0
745629.0
745629.0
745629.0
745629.0
745629.0
745629.0
745629.0
808994.0
808994.0
808994.0
808994.0
744076.0
744076.0
744076.0
744076.0
744076.0
744076.0
744076.0
744076.0
744076.0
744076.0
744076.0
744076.0
744076.0
742051.0
742051.0
742051.0
742051.0
742051.0
742051.0
742051.0
742051.0
742051.0
742051.0
719892.0
719892.0
719892.0
719892.0
719892.0
719892.0
719892.0
719892.0
719892.0
719892.0
719892.0
719892.0
719892.0
719892.0
719892.0
719892.0
719892.0
719892.0
719892.0
719892.0
711608.0
711608.0
711608.0
716197.0
716197.0
716197.0
716197.0
716197.0
716197.0
716197.0
716197.0
716197.0
716197.0
716197.0
716197.0
716197.0
716197.0
716197.0
716197.0
716197.0
716197.0
716197.0
716197.0
716197.0
716197.0
716197.0
716197.0
716197.0
716197.0
716197.0
716197.0
716197.0
716197.0
716197.0
716197.0
782404.0
782404.0
716197.0
716197.0
716197.0
716197.0
709340.0
709340.0
709340.0
709340.0
709340.0
709340.0
709340.0
709340.0
709340.0
709340.0
709340.0
709340.0
709340.0
709340.0
709340.0
709340.0
709340.0
709340.0
709340.0
709340.0
709340.0
709340.0
709340.0
709340.0
709340.0
709340.0
709340.0
709340.0
709340.0
709340.0
709340.0
709340.0
709340.0
709340.0
709340.0
709340.0
709340.0
709340.0
709340.0
709340.0
709340.0
724558.0
724558.0
724558.0
724558.0
724558.0
724558.0
724558.0
724558.0
724558.0
724558.0
724558.0
724558.0
724558.0
724558.0
724558.0
724558.0
724558.0
724558.0
724558.0
724558.0
724558.0
724558.0
724558.0
724558.0
724558.0
724558.0
724558.0
724558.0
724558.0
724558.0
724558.0
724558.0
724558.0
724558.0
724558.0
724558.0
724558.0
724558.0
724558.0
724558.0
724558.0
724558.0
724558.0
724558.0
724558.0
724558.0
724558.0
724558.0
724558.0
724558.0
724558.0
724558.0
724558.0
724558.0
724558.0
724558.0
724558.0
724558.0
724558.0
724558.0
724558.0
724558.0
675811.0
675811.0
675811.0
675811.0
675811.0
675811.0
675811.0
675811.0
675811.0
675811.0
669161.0
714582.0
669161.0
669161.0
669161.0
669161.0
669161.0
669161.0
669161.0
669161.0
669161.0
669161.0
669161.0
669161.0
669161.0
669161.0
669161.0
669161.0
