46.83110919356358
47.85079030076035
47.908400000864354
48.66451278037117
50.2526305102937
51.945680350836845
52.54520815852972
53.68203091185084
54.03753837396393
53.91049914585386
55.306358789578624
55.537440956291974
55.12283311687904
55.05905994506022
55.296326955296266
55.01703809889533
55.56931249834552
55.67057102540609
55.85985882703896
56.431367568273934
56.52328587832777
56.937433720984075
57.43940004755787
57.050468263585856
57.15546987154848
57.36082939811039
57.12008586086664
57.441598001237026
57.16034848028737
56.569543391737604
56.70908992549598
56.06146784812036
56.582213445610535
56.73467028640001
57.04518522364178
57.00537703742818
57.02882201738926
56.996220870081956
57.08504135740137
57.10203209446968
57.61991306662776
58.01876310535245
58.27592925285528
58.15728105555229
58.00587909953585
58.121370881090606
57.998652735309406
58.41714168441299
58.82173945159908
58.681806011795935
58.143164646490185
58.96467893535529
59.022315765835515
58.57986416337318
59.05386237420915
59.29321020351451
59.365815645619264
59.76912412285101
59.73940709682449
59.91925091112711
60.09303219606301
59.36130443418597
60.24781878141753
60.49822400802884
60.42676762630142
60.6167592812262
60.226807505609955
60.741501380681754
60.51928492289606
61.267473178519126
60.59962012585631
60.77732926576107
60.866386510655765
60.909958152672594
60.4898115979586
59.79879104402644
59.625685809780784
59.65478738463245
59.649945477791526
59.900384926425204
60.10774515056936
60.0503808194209
60.222602965922576
60.049360887040166
60.11727682753915
59.39172280257827
60.20547566979004
60.105090178578315
60.26245926414632
60.29236376894416
60.28716958157224
60.694541739922684
60.770758163753555
60.734082039195684
60.80554433464139
60.72456921395351
60.498225487628986
60.99480041830422
61.08882403312164
61.050548501593184
61.0722711094475
61.463078478837836
61.46060845757196
61.66509438499689
61.44342331527217
61.52531817571774
61.07965236733044
61.19022058323973
61.41238553697512
61.340218138505485
61.443387934528076
61.618895981626885
61.510829092642226
61.54306934243041
60.88504893572601
60.760215222160625
60.94532299751675
60.779893486476645
61.01548210159372
60.89003574441442
60.79053328132683
60.95618375764845
60.869042679017376
60.83338841516485
60.66402026973901
60.77533043253442
60.78704906538466
60.75685858317549
59.65086686995583
59.65086686995583
59.699776037289574
59.85010242732942
59.21618471366138
58.81909537538979
58.81909537538979
58.525881800996174
59.21602171272548
58.93785086831953
58.98748552164087
59.17715042114419
59.32800641000712
59.052107606226535
59.14222688075084
58.96797884255356
58.665305455583635
58.896749410922574
58.83379226327645
58.88428237298092
59.19445896834678
59.48535696291127
59.37601673002682
59.25703307448947
58.92893499823729
58.71764868045675
59.22772174528328
59.495978868611004
59.27395988595329
59.41814086617372
59.36448148522372
59.43537713109028
59.278676168216485
59.14532381983882
59.30242409301947
59.368852826318104
59.07157196128181
59.07157196128181
59.07157196128181
59.120982796555005
59.28067169169103
59.28350165890521
59.337230792275555
59.446685076626764
59.38156579082529
59.22105559063128
58.895287464723616
58.895287464723616
58.94814629018176
58.860924014286674
59.33708063797619
59.37413890271963
59.39480386140841
59.364123447074654
59.608690476030475
59.576029334755845
59.6991381727756
60.018678720485426
59.84532763908555
59.9730529304347
59.97715179740917
60.13431265040593
60.17243073442954
60.28949410789039
60.52744252163713
60.573907169837426
60.629908188657645
61.17124898543135
61.118155169933985
61.11815516993397
60.936517764165025
61.1813880954425
61.18443725806772
61.19401255635255
61.22453114235308
61.23664643896228
61.241396610069
61.27583170102846
60.43631881326146
60.45793633461492
61.0356196210966
61.0342608699583
61.16254477244106
61.30758848763058
61.33920442043643
61.17922494460275
61.184731720056256
61.20239664301098
61.14122643751493
61.14122643751492
61.14122643751492
61.02118246828676
61.02118246828676
61.13764200272643
61.13764200272643
61.486464403248206
61.48917768260971
61.64893194861223
61.61292407928986
61.61292407928986
61.65956740077187
61.68940393789925
61.72276310803763
61.986445150127395
62.0002682479334
61.93028039491766
61.930280394917666
61.93028039491766
62.096289116076925
62.09988862536088
61.97503724120024
61.94446869466329
62.061299153038874
62.071302385732864
61.96212346544844
61.966326826078536
61.95096186493822
62.089864585340344
62.089864585340344
61.924119809239016
61.74360718008046
61.783930741267525
61.95637792652989
61.956377926529875
61.893818657518864
61.89738633249448
61.92502771364309
62.01895741859239
62.25863594130666
61.984103010761885
61.8625354285256
61.8625354285256
62.07887491755046
62.15571864014588
62.15571864014588
62.15571864014588
62.16011062880274
62.2094842263798
62.3321729541517
62.199719835106364
62.27751947692904
62.25697490596616
62.74611620534589
62.782487068327086
62.79600941522216
62.86520650898243
62.86933524705582
62.78171720483738
62.778778226983164
62.778778226983164
62.778778226983164
62.79657310846729
62.74393671808646
62.799777652775234
62.66032242909915
62.42176466801864
62.54279179504497
62.57371025377877
62.032995251108915
62.049949231857454
62.13092972231688
62.379177365368605
62.316298190123995
62.7519678094982
62.94600272590499
63.00144206463206
63.02406797943944
62.9456078094874
62.96278438179888
62.990795634993084
62.98505938456125
62.922624974603785
62.922624974603785
62.946340438288836
62.946340438288836
62.83971490129197
62.91885604963418
63.02040475037926
63.055317907659436
63.309007955829394
63.265021442728184
63.26529234945499
63.26826474303357
63.327638317418405
63.32763831741842
63.32763831741842
63.42382386577145
63.140404789415335
63.358108349723466
63.3675794521216
63.3675794521216
63.38603343883094
63.38603343883092
63.43828069139717
63.43828069139717
63.547440081590345
63.867993575959325
63.88541122131022
64.06478293153893
63.89312501058222
63.90633241831769
64.08321362475178
64.08321362475178
64.10124445778078
63.77839633975884
64.34413527484568
64.00636659596815
64.15631713823474
64.15631713823474
64.08946840920099
64.30639282775182
64.17001706033152
64.1700170603315
63.95279567245416
63.88214961791201
63.964443791589474
64.36514432637048
64.40669561699784
64.40669561699784
64.48624227501912
64.41879681831543
64.23572976561931
64.37451864821176
64.3933788794913
64.3933788794913
64.3933788794913
64.24434741641795
64.24434741641797
64.19102977673043
64.33548391474059
64.34700791765039
64.34755063342257
64.3475506334226
64.42797126223637
64.27229938840608
64.33231260193571
64.36411944368999
64.21985845658494
64.21985845658494
64.4035384872486
64.40647313917361
64.57732957284504
64.57732957284504
64.57732957284504
64.97984564145439
65.0493830443777
65.1711274616948
64.99607062291543
65.0121668514719
64.92070803823422
64.89900010593043
64.89272228717081
64.96462043274602
65.10554084199691
65.10554084199693
65.11771884626725
65.11771884626725
65.11199993327651
65.10589625723716
65.12159113880726
65.24883516198
65.16670923273169
65.17077455366217
65.17473686425373
65.18138623647928
65.18138623647928
65.22795841101306
65.27936076171322
65.25475686422995
65.27042233470685
65.24398027054164
65.13771794106182
65.12686877882267
65.12686877882268
65.01034425518596
64.87406968145316
64.74864057740514
64.74864057740514
64.74864057740514
64.78505246861769
64.9562122373587
64.97534060605024
64.93072675709027
64.93072675709027
65.1478221860356
65.14891785571767
65.05030727382486
65.1499841963034
65.1499841963034
65.03658398850551
65.35502320492819
65.2698457150964
65.5028184747458
65.41233740080595
65.47819992867464
65.47819992867464
65.44670369324692
65.31179393289666
65.41415710685015
65.6728038696762
65.7770592503185
65.77902129446534
66.0271509806238
65.92459840508937
65.9750861145008
65.57458646107428
65.78482515510309
65.71497235225254
65.60494174003706
65.62453275721222
65.75204476017971
65.76624084854883
65.76624084854883
65.76594986778197
65.69132826831932
65.7323185823896
65.7323185823896
65.79480713072584
65.85363578465159
65.85363578465159
65.86543976941091
65.76897199853335
65.76897199853335
65.76897199853335
65.73424462967898
65.73428882534748
65.4619609336953
65.70149782520834
65.81705126181585
65.89231501474526
66.00892274180045
66.00892274180045
66.02776696863982
66.02776696863982
66.10222070270245
66.10222070270245
66.10222070270245
66.18913253573587
66.13767559701758
66.239770279877
66.1909705276414
66.19510147557612
66.08075955195122
66.14315122791845
66.0920150285106
66.19875841000263
66.11385922755429
66.1213967915734
66.02167695559692
66.05136907574888
66.20164037564291
66.06692164243393
65.82173834978231
65.67342066222112
65.37568071564279
65.36656084614545
65.19703577425646
65.19703577425646
65.36977726805547
65.39179688877245
65.39179688877245
65.33837617166526
65.33837617166526
65.06136163892049
65.06667498026547
65.06667498026547
65.06667498026547
65.13273444474702
65.13273444474702
64.91131882826026
65.15683756251676
65.15683756251676
