52.92667887004948
58.16930304471931
58.16930304471931
59.75741765445464
59.75741765445464
62.457832138175654
62.457832138175654
62.457832138175654
61.901244988394176
65.02732654463168
65.02732654463168
65.02732654463168
65.02732654463168
65.02732654463168
64.92459854087448
64.92459854087448
64.92459854087448
64.39857600424342
64.39857600424342
64.39857600424342
65.0737632910242
65.47856802193871
66.29046201133416
66.29046201133416
66.29046201133416
67.29364927295565
66.29046201133416
66.29046201133416
66.5418568275803
66.5418568275803
66.5418568275803
66.64229392984937
66.64229392984937
66.64229392984937
66.64229392984937
66.64229392984937
66.64229392984937
66.64229392984937
66.64229392984937
66.64229392984937
66.29046201133416
66.29046201133416
66.29046201133416
66.23025704552494
66.23025704552494
66.23025704552494
66.23025704552494
66.23025704552494
66.23025704552494
65.76402074273697
65.76402074273697
65.76402074273697
65.76402074273697
65.76402074273697
65.63151646536595
65.90650658343593
65.90650658343593
65.90650658343593
65.90650658343593
65.90650658343593
65.90650658343593
65.90650658343593
65.81038163443439
65.81038163443439
65.81038163443439
66.5282660524508
66.5282660524508
67.5504603747474
67.5504603747474
67.5504603747474
67.5504603747474
67.5504603747474
67.5504603747474
67.5504603747474
66.6504941463057
66.6504941463057
66.6504941463057
66.6504941463057
66.6504941463057
66.6504941463057
66.6504941463057
66.6504941463057
66.06297513738531
66.06297513738531
66.06297513738531
66.47356187067379
66.47356187067379
66.47356187067379
66.47356187067379
66.47356187067379
66.47356187067379
66.47356187067379
66.8700566715007
66.8700566715007
66.8700566715007
66.8700566715007
66.8700566715007
66.8700566715007
66.8700566715007
66.8700566715007
66.8700566715007
66.8700566715007
67.62837851896549
67.62837851896549
67.62837851896549
67.62837851896549
67.62837851896549
67.62837851896549
67.62837851896549
67.45490106323213
67.45490106323213
67.45490106323213
67.45490106323213
67.45490106323213
67.45490106323213
65.37200524581775
65.37200524581775
68.31818133316261
68.31818133316261
68.31818133316261
68.31818133316261
68.31818133316261
68.31818133316261
68.31818133316261
68.31818133316261
68.31818133316261
68.31818133316261
68.31818133316261
68.31818133316261
68.31818133316261
68.31818133316261
68.31818133316261
68.31818133316261
68.31818133316261
68.31818133316261
68.31818133316261
68.31818133316261
68.43448894010692
68.43448894010692
68.31818133316261
68.31818133316261
68.24535569853923
68.24535569853923
68.24535569853923
68.24535569853923
68.24535569853923
68.24535569853923
68.3144466852332
68.3144466852332
68.3144466852332
68.3144466852332
68.3144466852332
68.47503654619759
68.47503654619759
68.47503654619759
68.47503654619759
68.47503654619759
68.47503654619759
68.47503654619759
68.47503654619759
68.47503654619759
68.67323964702243
68.67323964702243
68.67323964702243
68.67323964702243
68.67323964702243
68.72205683067105
68.72205683067105
68.47503654619759
68.47503654619759
68.29230555822316
68.29230555822316
68.29230555822316
68.29230555822316
68.29230555822316
68.29230555822316
68.28883767086015
68.28883767086015
68.28883767086015
68.28883767086015
68.28883767086015
68.4223839829927
68.4223839829927
68.4223839829927
68.4223839829927
68.4223839829927
68.77786897377591
68.77786897377591
68.77786897377591
68.77786897377591
68.77786897377591
68.4223839829927
68.4223839829927
68.4223839829927
68.4223839829927
68.4223839829927
68.48831420459896
68.48831420459896
68.48831420459896
68.48831420459896
68.48831420459896
68.48831420459896
69.12232684044766
69.12232684044766
69.12232684044766
68.48831420459896
68.48831420459896
68.8946596520499
68.48831420459896
68.48831420459896
68.48831420459896
68.9217709285621
68.9217709285621
69.21300770536763
69.21300770536763
69.21300770536763
69.04453441295546
69.04453441295546
69.04453441295546
69.04453441295546
69.00725127752523
69.07399334447102
69.5641669887901
69.67691019198557
69.67691019198557
69.67691019198557
69.67691019198557
69.67691019198557
69.67691019198557
69.88467980930292
70.08976506463942
70.08976506463942
70.08976506463942
70.08976506463942
70.08976506463942
70.08976506463942
70.08976506463942
70.08976506463942
70.08976506463942
69.75153545505304
69.75153545505304
69.75153545505304
69.75153545505304
69.75153545505304
69.75153545505304
69.94814084529622
69.94814084529622
69.94814084529622
69.94814084529622
69.94814084529622
69.94814084529622
69.94814084529622
69.94814084529622
69.94814084529622
69.94814084529622
69.94814084529622
69.94814084529622
69.94814084529622
69.94814084529622
69.81005454623545
69.81005454623545
69.81005454623545
69.81005454623545
69.81005454623545
69.81005454623545
69.81005454623545
69.81005454623545
69.81005454623545
69.81005454623545
69.81005454623545
69.81005454623545
69.81005454623545
69.81005454623545
69.80737018425461
69.80737018425461
69.8731370527853
69.80737018425461
69.17317603694536
69.17317603694536
69.17317603694536
69.17317603694536
69.17317603694536
69.17317603694536
69.17317603694536
69.17317603694536
69.17317603694536
69.49437357728814
69.49437357728814
70.61187346991366
70.73669630202295
70.73669630202295
70.73669630202295
70.73669630202295
70.73669630202295
70.61187346991366
70.61187346991366
70.61187346991366
70.61187346991366
70.61187346991366
70.66019198556889
70.66019198556889
70.66019198556889
70.66019198556889
70.64757548425891
70.71012111841259
70.71012111841259
70.71012111841259
70.71012111841259
70.73266975905166
70.73266975905166
70.79306790362065
70.79306790362065
71.49153889103637
71.49153889103637
71.57489540644362
71.57489540644362
71.57489540644362
71.57489540644362
71.57489540644362
71.49153889103637
71.49153889103637
71.49153889103637
71.54173646007817
71.54173646007817
71.54173646007817
71.54173646007817
71.54173646007817
71.87110767512777
71.87110767512777
71.87110767512777
71.87110767512777
71.87110767512777
71.87110767512777
71.87110767512777
71.87110767512777
71.87110767512777
72.10169436928231
72.10169436928231
72.10169436928231
72.10169436928231
72.10169436928231
72.10169436928231
72.10169436928231
72.10169436928231
71.7172937336254
71.7172937336254
71.7172937336254
71.7172937336254
71.7172937336254
71.64872569686574
71.64872569686574
71.64872569686574
71.64872569686574
71.55918481295366
71.55918481295366
71.55918481295366
71.55918481295366
71.55918481295366
71.4862503424448
71.4862503424448
71.4862503424448
71.4862503424448
71.4862503424448
71.4862503424448
71.4862503424448
71.4862503424448
71.4862503424448
71.67675986771465
71.67675986771465
71.95861787570331
71.67675986771465
71.67675986771465
71.67675986771465
71.67675986771465
71.67675986771465
71.67675986771465
71.67675986771465
71.67675986771465
71.67675986771465
70.79572967956823
70.79572967956823
70.79572967956823
70.79572967956823
70.79572967956823
70.747621538777
70.747621538777
70.747621538777
70.747621538777
70.747621538777
70.747621538777
71.00116654086324
71.00116654086324
71.00116654086324
71.00116654086324
71.00116654086324
71.00116654086324
71.00116654086324
71.00116654086324
71.83094130874272
71.83094130874272
