26.073366359990565
29.80737545310206
29.80737545310206
30.354272702919904
35.967813051146386
35.967813051146386
36.038961038961034
39.33607520564042
39.33607520564042
39.306822019587976
39.306822019587976
38.32684824902724
35.25519848771267
34.41664084288813
33.34135965968376
37.19887955182073
38.77518259892448
40.76667564413322
36.527811220804246
38.32710779082177
37.563254184507585
35.0110794555239
35.0110794555239
37.03895208548777
34.304796599878564
37.192140126255886
38.981288981288984
40.955114822546975
36.764767799250556
36.764767799250556
40.52507219742715
39.40677966101695
37.52110773387369
40.429887410440124
41.15555555555556
42.040627885503234
38.41269841269842
37.47297010811957
39.17922559703223
36.76999101527404
36.76999101527404
44.6601478654901
45.18854500177873
39.09613375130617
42.71045485403938
40.50996285038838
45.22869022869023
34.23542938003006
40.667327386851674
41.46090534979424
38.105079452558094
40.820126439767904
39.957063117217686
37.28755280479418
36.611111111111114
38.04298125285779
37.51737559077009
35.83247156153051
38.74000940291491
39.43938667944418
39.88970588235295
40.36139066788655
35.003077870113884
34.907385324747594
40.292956891317544
41.99867197875166
43.528767123287665
37.342259156663594
40.77081000373273
40.782953419226956
39.65153115100317
37.461348175633894
35.91909216909216
33.940740740740736
35.718518518518515
36.136177194421656
36.136177194421656
37.21846846846847
38.64320096269555
40.038924274593064
40.038924274593064
37.48733535967579
41.32536382536382
32.57128896024572
32.57128896024572
36.217612044817926
37.334564481378884
38.8230008984726
38.28076685219543
39.63031750243213
40.708129513160955
43.27817993795242
36.74752920035939
36.992592592592594
36.992592592592594
39.34004212497074
38.95855102751654
41.58048948638401
39.48779833735586
41.5956340956341
36.213235294117645
36.213235294117645
40.68892900120337
40.45118630882925
38.46629560915275
38.29961964038727
37.662435781202774
43.681489141675286
41.094182825484765
36.39259259259259
38.959923664122144
37.572430619091186
40.70772058823529
41.46284649429303
37.29609110495537
35.68610258658483
38.98222222222223
40.37184594953519
36.11880578639581
38.471490177287976
40.473918575063614
35.674334686513305
39.7077144226162
42.02133333333333
40.099243856332706
40.85769046478198
41.187681048940384
38.69914996964177
38.49047731013402
38.483302411873844
39.390787518573546
40.816405047706986
40.93435553425971
40.93435553425971
39.322916666666664
35.459987397605545
42.08610319721431
36.63677130044843
36.63677130044843
39.226648031679474
45.18035636679704
38.2295338817078
39.04278239458295
37.92126225490196
37.3451193714113
38.086665271090645
38.397616807776735
40.100316789862724
40.12115563839702
39.88711194731891
40.909090909090914
39.226648031679474
39.96705600479186
41.3696715583508
34.175790045811006
42.284232997865196
39.874819451131444
39.214814814814815
40.43273753527752
36.2852168407724
37.36462093862816
37.05259473177562
36.19155354449472
38.334879406307984
39.52022577610536
38.426776960784316
38.668791742562235
33.60113421550095
41.246570644718794
40.89247567054356
35.515818431911974
36.5555018527469
40.94685990338164
34.61051298290057
34.61051298290057
39.910714285714285
38.04767500419674
36.88878676470588
43.72171401059221
40.16028955532575
40.018467220683284
35.05378895744344
41.981735159817354
43.32985022640195
38.65847897968824
37.27407407407408
37.298685470531915
38.89070910367424
37.47243226212981
35.787502925345194
34.63437573477545
34.18336369156042
41.936523280167556
36.61628090064557
41.30202774813233
37.09216054348798
40.490014955573145
40.97753956100052
41.334202520643196
40.58370920668612
39.97793618465716
