11280.0
11280.0
11280.0
11280.0
11280.0
11280.0
11280.0
11280.0
11280.0
11280.0
11280.0
11280.0
11280.0
11280.0
11280.0
11280.0
11280.0
11280.0
11280.0
11280.0
11280.0
11280.0
11280.0
11280.0
11280.0
11040.0
11040.0
11040.0
5420.0
5420.0
5420.0
4520.0
4520.0
4520.0
4520.0
4520.0
4520.0
4520.0
4520.0
4520.0
4520.0
4520.0
4520.0
4520.0
4520.0
4520.0
4520.0
4520.0
4520.0
4520.0
4520.0
4520.0
4520.0
4520.0
4520.0
4520.0
4520.0
4520.0
4520.0
4520.0
4520.0
4520.0
4520.0
4520.0
4520.0
4520.0
4520.0
4520.0
4520.0
4520.0
4520.0
4520.0
4520.0
4520.0
4520.0
4520.0
4520.0
4520.0
4520.0
4520.0
4520.0
4520.0
4520.0
4520.0
4520.0
4520.0
4520.0
4520.0
4520.0
4520.0
4520.0
4520.0
4520.0
4520.0
4520.0
4520.0
4520.0
4520.0
4520.0
4520.0
4520.0
4520.0
4520.0
4520.0
4520.0
4520.0
4520.0
4520.0
4520.0
4520.0
4520.0
4520.0
4520.0
4520.0
4520.0
4520.0
4520.0
4520.0
4520.0
4520.0
4520.0
4520.0
4520.0
4520.0
4520.0
4520.0
4520.0
4520.0
4520.0
4520.0
4520.0
4520.0
4520.0
4520.0
4520.0
4520.0
4520.0
4520.0
4520.0
4520.0
4520.0
4520.0
4520.0
4520.0
4520.0
4520.0
4520.0
4520.0
4520.0
4520.0
4520.0
4520.0
4520.0
4520.0
4520.0
4520.0
4520.0
4520.0
4520.0
4520.0
4520.0
4520.0
4520.0
4520.0
4520.0
4520.0
4520.0
4520.0
4520.0
4520.0
4520.0
4520.0
4520.0
4520.0
4520.0
4520.0
4520.0
4520.0
4520.0
4520.0
4520.0
4520.0
4520.0
4520.0
4520.0
4520.0
4520.0
4520.0
4520.0
4520.0
4520.0
4520.0
4520.0
4520.0
4520.0
4520.0
4520.0
4520.0
4520.0
4520.0
4520.0
