117050.0
98020.0
100395.0
90540.0
92270.0
113330.0
99590.0
98900.0
107270.0
107270.0
110490.0
91990.0
110020.0
100980.0
80800.0
87560.0
94110.0
88440.0
88440.0
84985.0
85990.0
91080.0
85740.0
97250.0
97250.0
101990.0
101990.0
100920.0
94730.0
120250.0
93700.0
111440.0
97460.0
96220.0
115660.0
95460.0
102550.0
109805.0
109805.0
103400.0
119565.0
109490.0
109490.0
102160.0
79350.0
80460.0
101190.0
97790.0
89380.0
117730.0
117730.0
122470.0
118700.0
95360.0
88915.0
100320.0
116445.0
98570.0
103760.0
81430.0
88440.0
97690.0
93060.0
102505.0
110200.0
100730.0
101780.0
108020.0
78220.0
100560.0
121550.0
121550.0
120220.0
109460.0
122600.0
90350.0
82340.0
79045.0
103400.0
103400.0
94310.0
104550.0
107550.0
107550.0
113700.0
113700.0
94535.0
94535.0
120010.0
120010.0
109780.0
88800.0
105380.0
105380.0
114110.0
114110.0
99100.0
105110.0
109700.0
103600.0
99520.0
92770.0
108885.0
71470.0
95840.0
85990.0
102400.0
111110.0
101955.0
114110.0
114270.0
95450.0
127360.0
106880.0
100470.0
86410.0
97535.0
96800.0
103000.0
120295.0
88400.0
119165.0
84580.0
77870.0
109120.0
104650.0
82070.0
106065.0
101190.0
108220.0
105110.0
116180.0
90670.0
109120.0
105030.0
91800.0
82070.0
100355.0
84580.0
102800.0
104760.0
86740.0
95200.0
89600.0
94510.0
107335.0
72760.0
117330.0
96570.0
103400.0
97970.0
107525.0
99850.0
97970.0
107825.0
86760.0
109010.0
99410.0
105690.0
104760.0
118630.0
83030.0
105730.0
111330.0
103600.0
107810.0
109010.0
111530.0
98300.0
123905.0
104695.0
104610.0
105455.0
119840.0
119840.0
116430.0
115160.0
115160.0
92015.0
95880.0
114240.0
94230.0
94050.0
110330.0
109110.0
92600.0
100400.0
104470.0
98240.0
102120.0
104695.0
91720.0
103600.0
103400.0
102370.0
96510.0
95710.0
78620.0
102200.0
103675.0
97390.0
