30.03525531672922
31.088187702265373
34.58608795630928
38.13315134971186
40.2790415529269
40.35486806187443
41.767554479418884
42.61501210653753
42.83887468030691
42.83887468030691
43.133863714977515
43.98132134209616
43.98132134209616
43.98132134209616
43.98132134209616
44.190719766167334
43.782428225527504
44.190719766167334
44.190719766167334
44.603943272224136
44.603943272224136
44.64978746996859
44.939715016441355
45.118400621118006
40.81688596491228
48.3454398708636
48.378805852115455
48.378805852115455
48.378805852115455
49.80229339659945
50.65243179122183
50.65243179122183
50.65243179122183
50.65243179122183
50.65243179122183
50.65243179122183
50.65243179122183
50.65243179122183
50.65243179122183
50.65243179122183
50.65243179122183
50.65243179122183
50.65243179122183
50.65243179122183
50.65243179122183
50.65243179122183
50.65243179122183
50.65243179122183
50.65243179122183
50.65243179122183
50.65243179122183
50.65243179122183
50.65243179122183
50.65243179122183
50.65243179122183
50.65243179122183
50.65243179122183
50.65243179122183
50.65243179122183
50.65243179122183
50.65243179122183
50.65243179122183
50.65243179122183
50.65243179122183
50.65243179122183
50.65243179122183
50.65243179122183
50.65243179122183
50.65243179122183
50.65243179122183
50.65243179122183
50.65243179122183
50.65243179122183
50.65243179122183
50.65243179122183
50.65243179122183
50.65243179122183
50.65243179122183
50.65243179122183
50.65243179122183
50.65243179122183
50.65243179122183
50.65243179122183
50.65243179122183
50.65243179122183
50.65243179122183
50.65243179122183
50.65243179122183
50.65243179122183
50.65243179122183
50.65243179122183
50.65243179122183
50.65243179122183
50.65243179122183
50.65243179122183
50.65243179122183
50.65243179122183
50.65243179122183
50.65243179122183
50.65243179122183
50.65243179122183
50.65243179122183
50.65243179122183
50.65243179122183
50.65243179122183
50.65243179122183
50.65243179122183
50.65243179122183
50.65243179122183
50.65243179122183
50.65243179122183
50.65243179122183
50.65243179122183
50.65243179122183
50.65243179122183
50.65243179122183
50.65243179122183
50.65243179122183
50.65243179122183
50.65243179122183
50.65243179122183
50.65243179122183
50.65243179122183
50.65243179122183
50.65243179122183
50.65243179122183
50.65243179122183
50.65243179122183
50.65243179122183
50.65243179122183
50.65243179122183
50.65243179122183
50.65243179122183
50.65243179122183
50.65243179122183
50.65243179122183
50.65243179122183
50.65243179122183
44.410692588092346
44.410692588092346
43.75816993464052
43.75816993464052
43.75816993464052
43.75816993464052
43.75816993464052
43.75816993464052
43.75816993464052
43.75816993464052
43.75816993464052
43.75816993464052
43.75816993464052
43.75816993464052
46.91066997518611
46.91066997518611
46.91066997518611
46.91066997518611
46.91066997518611
46.91066997518611
46.91066997518611
46.91066997518611
46.91066997518611
46.91066997518611
49.90033222591363
49.90033222591363
49.90033222591363
49.90033222591363
49.90033222591363
49.90033222591363
49.90033222591363
49.90033222591363
49.90033222591363
49.90033222591363
49.90033222591363
49.90033222591363
49.90033222591363
49.90033222591363
49.90033222591363
49.90033222591363
50.239651416122
50.239651416122
50.239651416122
50.239651416122
50.239651416122
50.239651416122
50.239651416122
50.239651416122
50.239651416122
50.239651416122
50.239651416122
50.239651416122
50.239651416122
50.239651416122
50.239651416122
50.239651416122
50.239651416122
50.239651416122
50.239651416122
50.239651416122
50.239651416122
50.239651416122
