39177.9375
40334.9375
37424.6875
36167.0
41317.5625
38845.5625
38225.3125
36293.375
34608.875
33022.5625
34393.25
32196.625
31176.625
29409.4375
27173.75
28566.25
25027.625
24021.75
22998.875
23350.125
23664.875
23993.375
23882.875
25752.125
28693.6875
32268.0
34382.0
34410.0
35816.5
32076.0
32197.0
30586.0
29016.0
30543.25
29027.0
31042.5
29857.25
29178.0
30432.5
27889.0
25720.75
28372.25
30372.0
32037.25
30880.75
30500.5
32150.75
33749.75
32693.75
31010.0
33442.0
32879.25
32360.75
31330.75
30539.25
31195.0
30196.25
29737.0
29632.75
28228.75
25270.5
27199.5
28167.25
28093.75
28102.75
27735.25
25988.75
25972.75
26300.0
26674.25
27150.5
25655.5
25885.25
26663.75
27671.25
26224.0
25854.25
26434.75
26907.5
28178.25
27843.75
30242.5
29591.75
29578.5
29043.5
28676.5
29020.0
28196.5
28392.75
29325.5
26705.5
28061.0
29271.75
29150.75
28269.5
29273.25
29333.75
31256.0
28312.0
27630.25
26837.75
26664.0
27120.25
28191.0
27839.75
28879.0
27895.0
26877.5
27194.5
27728.75
28170.75
27258.5
26078.75
26330.25
27268.75
28423.25
29955.0
28898.75
28148.5
29079.75
26777.25
27865.0
28760.25
28645.5
28281.25
28454.0
28921.5
27897.0
26492.25
26914.25
27117.25
29464.0
28587.75
27911.75
28697.5
28755.75
28753.0
29902.25
30028.25
28782.75
28018.25
28844.5
28882.0
28449.0
28309.0
28606.5
26087.75
25565.0
27816.5
27871.75
26197.75
28195.75
29996.25
28773.5
25071.75
24089.0
26162.75
26789.75
26828.0
26483.5
26559.5
26152.75
27120.0
28013.0
28058.25
26172.5
25609.5
26003.0
26630.25
25973.5
25960.0
22567.75
25529.0
27712.5
27114.75
25017.25
26812.5
27611.25
26162.25
26557.75
28264.0
26088.5
26978.75
27069.25
26438.25
26099.25
26505.25
24823.25
26187.75
25552.0
26928.5
26756.75
24882.0
24435.25
23430.25
25585.75
26724.25
25892.75
25697.5
25880.25
