49.449064449064444
63.857290589451914
63.857290589451914
63.857290589451914
63.857290589451914
63.857290589451914
63.857290589451914
63.857290589451914
65.74172892209178
65.74172892209178
65.74172892209178
65.74172892209178
65.74172892209178
66.55042918454936
66.55042918454936
66.55042918454936
66.55042918454936
66.55042918454936
66.55042918454936
66.55042918454936
66.55042918454936
66.55042918454936
66.55042918454936
66.55042918454936
66.55042918454936
66.55042918454936
67.08690987124463
67.08690987124463
67.08690987124463
67.59656652360515
67.59656652360515
67.59656652360515
67.59656652360515
67.59656652360515
67.59656652360515
67.59656652360515
67.59656652360515
67.59656652360515
67.59656652360515
67.59656652360515
67.59656652360515
67.59656652360515
67.59656652360515
67.59656652360515
67.59656652360515
67.59656652360515
67.59656652360515
67.59656652360515
67.59656652360515
67.59656652360515
67.59656652360515
67.59656652360515
67.59656652360515
67.59656652360515
67.59656652360515
67.59656652360515
67.59656652360515
67.59656652360515
67.59656652360515
67.59656652360515
67.59656652360515
67.59656652360515
67.59656652360515
67.59656652360515
67.59656652360515
67.59656652360515
67.59656652360515
67.59656652360515
67.59656652360515
67.59656652360515
67.59656652360515
67.59656652360515
67.59656652360515
67.59656652360515
67.59656652360515
67.59656652360515
67.59656652360515
67.59656652360515
67.59656652360515
67.59656652360515
67.59656652360515
67.59656652360515
67.59656652360515
67.59656652360515
67.59656652360515
67.59656652360515
67.59656652360515
67.59656652360515
67.59656652360515
67.59656652360515
67.59656652360515
67.59656652360515
67.59656652360515
67.59656652360515
67.59656652360515
67.59656652360515
67.59656652360515
67.59656652360515
67.59656652360515
67.59656652360515
67.59656652360515
67.59656652360515
67.59656652360515
67.59656652360515
67.59656652360515
67.59656652360515
67.59656652360515
67.59656652360515
67.59656652360515
67.59656652360515
67.59656652360515
67.59656652360515
67.59656652360515
67.59656652360515
67.59656652360515
67.59656652360515
67.59656652360515
67.59656652360515
67.59656652360515
67.59656652360515
67.59656652360515
67.59656652360515
67.59656652360515
67.59656652360515
67.59656652360515
67.59656652360515
67.59656652360515
67.59656652360515
67.59656652360515
67.59656652360515
67.59656652360515
67.59656652360515
67.59656652360515
67.59656652360515
67.59656652360515
67.59656652360515
67.59656652360515
67.59656652360515
67.59656652360515
67.59656652360515
67.59656652360515
67.59656652360515
67.59656652360515
67.59656652360515
67.59656652360515
67.59656652360515
67.59656652360515
67.59656652360515
67.59656652360515
67.59656652360515
67.59656652360515
67.59656652360515
67.59656652360515
67.59656652360515
67.59656652360515
67.59656652360515
67.59656652360515
67.59656652360515
67.59656652360515
67.59656652360515
67.59656652360515
67.59656652360515
67.59656652360515
67.59656652360515
67.59656652360515
67.59656652360515
67.59656652360515
67.59656652360515
67.59656652360515
67.59656652360515
67.59656652360515
67.59656652360515
67.59656652360515
67.59656652360515
67.59656652360515
67.59656652360515
67.59656652360515
67.59656652360515
67.59656652360515
67.59656652360515
67.59656652360515
67.59656652360515
67.59656652360515
67.59656652360515
67.59656652360515
67.59656652360515
67.59656652360515
67.59656652360515
67.59656652360515
67.59656652360515
67.59656652360515
67.59656652360515
67.59656652360515
67.59656652360515
67.59656652360515
67.59656652360515
67.59656652360515
67.59656652360515
67.59656652360515
67.59656652360515
