39.38700226510371
42.680645591111094
44.336278745330745
46.13195321821567
49.23485086385866
50.594108267779724
52.204657412546695
52.39524901671591
52.95215389317732
52.80297714482388
53.520719598610185
53.14345367362115
53.29568034034054
53.4374070601099
53.09240714953815
54.37233059684413
52.99993434950729
52.88240269398417
52.572065240877635
52.874287305494
53.28855848339672
53.67306783418083
54.05955064360005
55.117662319122324
57.392129339846164
59.45908525230974
60.68750330919136
61.51754377111619
62.52609178884484
60.4943826948258
60.37226811899179
59.69262872858301
59.60252201221151
60.43037582906926
60.59483421974585
61.343291338158416
60.86526366993163
60.522777088329576
61.32555904874016
60.193133831377374
59.3677010760603
60.46443199317647
61.07026840071593
61.76314768768077
61.34894327350928
61.26624248554484
62.06891826175769
62.84376862604718
62.65245685080998
61.92967530530249
62.502998037727664
62.30916934571469
62.108728555530035
61.49763615029475
61.287667264554806
61.416047856911106
61.041349488079845
60.914937271946904
61.002978920873694
60.520927743655136
59.194934129544194
59.994091790415396
60.61663472412173
60.404943814657145
60.466345877874645
60.324818832997245
59.726146612573174
59.6048602563204
59.563233875381854
60.01176388338943
60.14618790471043
59.48921354657146
59.560219258776705
59.65943825945304
60.26264472563247
59.60125997514557
59.59908263603618
59.89158165027402
60.05766158678305
60.4286274621882
60.41899122857477
61.22559090312031
61.035196939313174
60.89723134194473
60.87808160750971
60.60330873343348
60.47106056881732
60.30359225166658
60.6606633668019
60.860510821306455
59.94184970056293
60.43628928031346
60.87546795759029
61.05006224890182
60.62651853657699
60.974855306162794
60.88417148007967
61.79477533500932
60.451091082021904
60.22986038152057
59.877836664671385
59.74915580045149
59.93466879939685
60.338008498066756
60.31675994155931
60.73603225754526
60.14530003483053
59.88026804263219
59.9101893406128
59.8616420694078
60.12351066922888
59.8929718134263
59.540683532000365
59.61726757355086
59.88255482092686
60.68096184388973
61.264057908621126
60.79593678318086
60.41660728106242
60.50791037272271
59.88507081204629
60.1006079221669
60.515505667980655
60.707478022691554
60.291888924875025
60.508101473434024
60.91179976335108
60.45790763188145
59.97323010072294
60.14275994804275
60.04156424530731
60.96789577185543
60.473277969290656
60.171160058115106
60.61716293555435
60.62085176373686
60.70608127586796
61.24378655989233
61.30088517895107
61.048147653555624
60.76671900885829
61.05386371061636
60.74481821091605
60.638040402191244
60.720945197011396
60.78759364272005
59.92275091158465
59.625629203839345
60.60642814500845
60.3612713821081
59.59773335284908
59.92867612227629
61.17890635955912
60.84159929716933
59.49707235450446
59.265449443797365
59.899311071246416
60.04038307507375
60.092125681880326
59.990318218217546
59.98386751742346
60.070528491337726
60.70529564208912
61.047455303192066
60.95678698378568
60.18872888620842
60.02143615978698
60.095546556112666
60.12138035122685
60.04253413232249
59.928265513493855
58.76777971801025
59.69173768983543
60.345310934531554
60.32019475633557
59.814519785003355
60.32878928716715
60.79679314545352
60.58439606022898
60.51919295938975
60.99811687519872
60.21691501064587
60.51869364174746
60.58927205842481
60.19014025315995
59.991269564528274
60.292769220633794
59.599690476171034
59.876979632372425
59.91568176846329
60.358130376315515
60.1978925721253
59.85708840688473
59.820332920261784
59.59943940995729
60.21390375796337
60.55202255178957
60.22946536460317
59.98306883451447
60.11071426891296
