26.146341463414636
30.97876269621422
33.376805778491175
35.13625103220479
34.99029705926257
34.52042399172699
33.48030570252792
34.37826541274818
35.83757127446448
33.075074577394766
37.211965078002
33.59139634274504
37.699656665173904
35.22670445074179
36.768149882903984
39.309428950863214
37.07240704500979
35.24523563303295
39.98109640831758
35.82683073229292
35.43213543213543
36.868231046931406
35.43812509329751
36.25421822272216
37.46134817563389
34.14541590771099
38.56732151413512
34.202551272112196
35.21243769285545
42.66147635524798
34.0169116484906
37.44965361688416
37.00153374233129
35.76899509803921
34.595435684647306
38.433981576253835
33.53809274102929
37.65488062858869
39.6948608137045
39.50393224440411
38.89421540428252
37.14757531818914
36.47809299983213
36.44675366521669
39.73034274193548
37.8533706119913
35.77418388739143
39.38961038961039
37.91167664670658
35.40093491549802
38.62179487179487
40.327715355805246
36.34226610249177
33.6458580583907
37.201492537313435
36.48732220160792
34.73928796471329
41.92185850052798
44.360742705570296
32.753001033468486
41.03581267217631
32.8210643169361
39.33405522468868
37.80035478148685
36.51851851851852
37.79793667733903
38.330970384373025
41.096757184286844
34.56284153005465
43.21677189574226
36.51131477218434
38.641058994567295
38.92612395511709
36.675824175824175
41.99025247682966
40.80405191516303
42.723814578910115
40.21231422505308
36.2177303353774
39.23005099475687
42.98827374086889
36.36026136026136
40.00517063081696
32.87269681742044
38.495087467050084
33.47479423868313
35.42527548209367
39.888164026095055
40.78535420535951
38.48206344500445
41.418983700862896
33.22610294117647
36.761029115251226
35.78605200945627
39.90458602646968
34.74147836078131
37.765466297322256
39.93936492739748
38.15394341710132
40.5705375160521
37.736294896030245
33.67136978248089
35.53482587064677
37.711694357492576
36.85403445149591
37.19078540507112
39.25645872715816
35.714285714285715
37.04756980351603
35.28820893215886
38.289313904068
38.287213740458014
35.98688133571854
37.564234326824256
40.74309978768578
38.91784181483752
35.97650513950074
38.03058676654182
38.436112481499755
40.376782077393074
40.35747883349012
35.33659445609131
36.84050015248551
29.706761613650873
38.811482289743154
38.14762576398684
37.51805488685604
38.10612991765782
36.196769456681345
34.9408764201252
34.07299716887291
38.496188496188495
35.079292467215616
43.11912225705329
38.684796437659024
42.05030849549122
37.651081424936386
36.04280510018215
41.9753086419753
38.689445354551836
38.27440314294349
34.818210311863346
39.23565770000871
39.711191335740075
35.17938496583144
38.864042933810374
36.86378346572521
38.42741935483871
38.690757361045506
38.23271042964383
38.842428537680135
33.405902273826804
36.09527984801987
39.355660007833926
38.92931392931393
39.01876590330789
37.662337662337656
38.509021842355175
36.00294985250738
34.49025545461604
40.93435553425971
38.62263551104753
42.08810572687224
34.77534911961141
38.541666666666664
36.247723132969035
37.84786641929499
39.36026023312551
39.25992779783393
36.94960212201592
37.83092659446451
37.18882817243473
36.408331098596584
40.234238941135494
36.58316115702479
38.76777983920841
36.6879137043393
35.70329332102185
35.426267281105986
37.04566635601118
36.82641869337149
39.86396499238965
37.026838010315586
33.28466606768493
37.5
35.913336395651505
34.99538319482918
40.117302052785924
39.112069740271416
34.50693131695022
36.7490088441598
33.7923393478949
37.740347638824794
36.34533301119433
35.481770833333336
36.677339025257915
38.1904761904762
34.681372549019606
36.76423157555233
41.28676470588235
33.154789628939604
