62286.607142857145
50088.5
49985.107142857145
43369.32142857143
40698.107142857145
44676.857142857145
37765.75
39458.107142857145
33861.0
37595.71428571428
40978.71428571428
37116.32142857143
37675.96428571428
40907.28571428572
42377.42857142857
38118.107142857145
42889.32142857143
39232.142857142855
39278.5
41042.92857142857
37910.78571428572
41882.57142857143
41461.92857142857
44911.0
43250.107142857145
43649.67857142857
45727.25
44383.82142857143
47586.82142857143
43692.892857142855
44861.92857142857
46319.857142857145
47600.92857142857
46679.78571428572
43721.5
45049.5
48885.42857142857
47422.67857142857
45965.78571428572
44283.46428571428
47431.857142857145
48522.357142857145
47784.142857142855
49238.46428571428
44580.46428571428
44128.46428571428
44380.25
49294.21428571428
47629.92857142857
46440.142857142855
45283.53571428572
43688.107142857145
46535.892857142855
46659.82142857143
47498.71428571428
47551.75
45636.82142857143
46241.71428571428
47568.82142857143
46444.46428571428
46024.357142857145
46320.357142857145
49419.17857142857
50120.142857142855
47513.32142857143
48517.32142857143
48800.392857142855
48571.78571428572
46366.92857142857
51037.142857142855
48265.357142857145
47394.642857142855
48096.17857142857
47222.57142857143
49537.32142857143
47267.5
48303.07142857143
49007.892857142855
49648.03571428572
48884.07142857143
48377.642857142855
47811.642857142855
48128.46428571428
47158.892857142855
47751.17857142857
46061.142857142855
48036.32142857143
47775.28571428572
49449.28571428572
46229.107142857145
47455.857142857145
46362.25
44286.142857142855
48196.32142857143
49564.78571428572
47037.42857142857
43762.142857142855
45041.71428571428
48263.67857142857
49094.357142857145
48747.357142857145
43724.892857142855
48966.5
45336.392857142855
48589.21428571428
51109.357142857145
48117.67857142857
49851.25
46696.82142857143
45324.53571428572
48751.53571428572
47695.96428571428
48810.357142857145
50555.57142857143
48177.75
47555.857142857145
48094.28571428572
49123.78571428572
45839.642857142855
45648.75
47700.107142857145
49121.607142857145
46928.357142857145
50419.75
46672.0
49366.25
51483.78571428572
50352.0
46624.28571428572
49171.357142857145
52332.32142857143
48051.71428571428
48555.71428571428
48509.0
48820.32142857143
50157.857142857145
47231.892857142855
50224.142857142855
49485.71428571428
49120.96428571428
46446.46428571428
49057.53571428572
47659.17857142857
48801.57142857143
49103.21428571428
47219.392857142855
45032.78571428572
48623.42857142857
48035.32142857143
48152.78571428572
48034.0
48866.07142857143
47173.892857142855
46391.25
49987.78571428572
48538.607142857145
46590.107142857145
50849.857142857145
46713.21428571428
48815.42857142857
45600.32142857143
46810.42857142857
46815.42857142857
45971.857142857145
49006.53571428572
46943.107142857145
47225.78571428572
44098.857142857145
44742.25
50198.82142857143
47653.392857142855
47397.25
46557.107142857145
48372.857142857145
43945.21428571428
48780.892857142855
46297.28571428572
49356.07142857143
47571.42857142857
47687.892857142855
49570.07142857143
47261.46428571428
49215.392857142855
49594.21428571428
50898.142857142855
47360.25
49000.07142857143
48782.857142857145
49529.0
46407.71428571428
48444.07142857143
47466.357142857145
49958.21428571428
46948.46428571428
49503.57142857143
46512.32142857143
51041.17857142857
47137.0
46474.5
47234.857142857145
49701.32142857143
