112670.0
109550.0
109550.0
114610.0
100390.0
104900.0
101340.0
107310.0
81200.0
113480.0
102680.0
97060.0
102250.0
105580.0
105890.0
97500.0
100450.0
103770.0
94750.0
100400.0
107070.0
117650.0
97830.0
104590.0
108490.0
99940.0
105900.0
101890.0
124490.0
120105.0
116320.0
107940.0
117050.0
112180.0
121350.0
106590.0
117650.0
117810.0
119250.0
106260.0
105350.0
106710.0
103110.0
125810.0
106910.0
98500.0
103110.0
102310.0
104370.0
109250.0
109460.0
102110.0
111710.0
118230.0
102310.0
117650.0
109850.0
109670.0
104210.0
105090.0
104210.0
109390.0
110510.0
106250.0
103510.0
117650.0
103110.0
109690.0
108110.0
108310.0
109250.0
115940.0
105900.0
107210.0
114050.0
110410.0
108310.0
119250.0
103110.0
120830.0
108500.0
99310.0
109170.0
109245.0
112890.0
101410.0
113080.0
110410.0
107210.0
109850.0
108050.0
108110.0
98750.0
106340.0
108730.0
121650.0
103670.0
109890.0
108530.0
116820.0
108730.0
106910.0
106910.0
106910.0
113530.0
106910.0
116970.0
112870.0
108110.0
106710.0
103670.0
102310.0
111630.0
110510.0
106910.0
105490.0
106910.0
109850.0
118650.0
112410.0
111710.0
109850.0
102900.0
119550.0
108110.0
113130.0
109530.0
122330.0
106710.0
111710.0
111710.0
114050.0
111710.0
105110.0
103510.0
106980.0
104210.0
125170.0
118650.0
113450.0
121650.0
118650.0
117460.0
113450.0
108110.0
119450.0
100800.0
135995.0
110510.0
110400.0
116890.0
105900.0
117680.0
106710.0
119250.0
104370.0
103110.0
111710.0
122405.0
110410.0
118670.0
115380.0
108730.0
108110.0
118270.0
106910.0
110410.0
104370.0
106910.0
110510.0
102910.0
111625.0
110510.0
106250.0
109850.0
109960.0
106710.0
111210.0
98750.0
104590.0
122630.0
111710.0
104850.0
111320.0
108500.0
123370.0
109870.0
111710.0
125250.0
111330.0
118570.0
106250.0
105490.0
107110.0
106910.0
108710.0
111710.0
111710.0
111710.0
116540.0
106910.0
