38.30355458124003
42.96019467726899
45.434445418571656
46.739929818007944
47.36499156336418
49.577473363813304
48.03650800100031
49.34128345261189
49.48835950119722
50.57681392582498
52.4723800538852
52.226477888517174
50.62857162481984
52.241185425335345
53.01662048417588
52.65006820829288
53.72900010369765
52.564173007306444
53.22756865384594
53.5857109165226
53.456968009625754
54.6045076430216
55.2331898734133
55.257471161227514
55.27170446184081
54.29575859149278
56.46576692166783
56.27781181952634
56.13233379172906
56.15804073749719
56.22997610112123
55.960272382740776
55.80979382543044
55.83801742404831
56.16265328667263
56.2921476781892
56.404562912637466
54.845396568218234
56.08743555009185
55.94221377516051
55.64396417798097
56.95703895167177
56.619321759883036
56.75316614881049
56.52420014146749
56.54823114118634
56.75728118194384
56.20171016118984
56.52771432724845
56.075099467178674
56.107796200755615
56.4754499051133
55.818835249879164
56.196293619678244
56.360410785256605
56.20950177725731
56.713789066314085
55.973186313842035
56.59540360801725
56.98052951769439
56.22815342935568
55.61695228933776
55.94766791544244
56.27219263793317
55.36550771461416
56.209825500949485
55.71237612291685
56.02900149328634
56.72409994933257
55.43928875239034
57.0879187713296
56.23506557009321
56.91271229265516
56.26795126877167
56.48819681523538
56.464125786898464
56.42537760455851
56.9291744910716
56.433487806676666
56.29005815447799
56.48671699762349
56.67602352039366
57.183352361328176
56.988386545398185
56.510794567936564
56.7858782991679
55.77511847677607
56.42010422464241
56.21244560890238
56.877469704151395
56.83604440231767
56.5872229568849
55.5324314809229
56.01367149552087
56.50891468377671
56.42923851033921
56.01733954463467
55.59443275365941
56.0629483738497
55.68701295330951
56.323459749373164
55.91348855869578
56.18673705503358
55.11340057309547
57.84577386064632
57.16339758569155
56.271832455653644
56.320608737983775
56.41228710725631
56.439143382685685
56.66120805296697
57.023526369745966
57.09299936347031
57.36982334075383
57.505498274967024
56.64965962119083
56.93697387277393
57.18501052014943
57.13742615126664
56.851858852000994
56.25060637227519
56.85590636680327
57.601049827276626
56.427598172964196
56.637219948567825
56.789078569512526
56.27034028406132
56.944830510644636
56.65630122249936
56.833152651743774
56.899633187964696
55.5478972961307
57.08305147594508
57.45448013566771
57.14338249577444
56.21121911388582
55.96209849837389
56.560057140480346
56.71202265766841
56.45042090772213
56.94601592306657
56.17875781844347
57.488881082506325
57.03611736718883
56.93303926241619
56.70873360590127
56.759821447594085
56.41166760545672
56.36135450079939
56.959357008553106
56.40756075000714
56.77822500505574
56.77200065940877
56.005530436413096
56.12324674024783
56.884135750714385
56.30295079891368
56.79254417043438
57.054106285334264
56.02585041285241
56.4107268019209
56.62206566471347
56.76484437977568
56.96981947182136
55.720258152646466
56.7623603684596
56.09905632385145
56.97426506770659
55.97367405949077
56.328147698339684
56.576114102196385
56.264947254764216
56.195049404690515
56.6982319706467
56.21629196087205
56.7022364768644
55.851864715864295
57.33422352515725
57.687914215055535
57.107613788280126
57.54099045531417
57.17369572747631
56.62916656694669
56.00278400031352
56.4137960506426
57.02412482258612
56.963471800708156
56.810519367956324
56.659021862765535
56.227870011644804
56.29658260272603
56.87793176114655
56.978993927970244
56.63482647615501
56.74844606757705
57.54683042390906
57.36149115753082
56.822954897156464
56.722663736897154
56.4210362428054
55.84337272473496
