29.53703703703704
31.68055273318431
34.83583750695604
34.77048477048477
34.77048477048477
38.78080415045395
34.337068160597575
37.66018035121025
33.57963875205254
41.10497237569061
40.62893081761006
41.77396280400572
41.77396280400572
39.46953781512605
36.51925820256776
39.32773109243698
39.32773109243698
35.11807341594575
35.381750465549345
37.31149245969839
38.72387238723873
34.430176565008026
38.227513227513235
34.275362318840585
36.80998613037448
36.152570480928695
36.576704545454554
35.45119705340699
35.45119705340699
34.7972972972973
33.221123500946774
37.7829218106996
34.05797101449275
37.866224433388616
39.479334406870635
37.86098874204601
36.22423328305681
40.435606060606055
37.073170731707314
37.073170731707314
38.18860877684407
40.88203463203463
38.95981087470449
38.95981087470449
39.32153392330384
36.42366613840465
41.32045088566828
39.44045555830651
43.15756434400502
43.24237560192616
44.704049844236756
41.26829268292683
35.511982570806104
35.3959222380275
40.672043010752695
39.44374209860935
39.38666666666666
39.968404423380726
42.1551724137931
43.42487883683361
44.28125
39.53674121405751
44.264705882352935
44.0
41.4586070959264
37.08994708994709
37.08994708994709
35.42001070090958
35.42001070090958
37.219837863614686
36.49921507064364
38.02521008403361
33.97683397683398
36.908358509566966
39.847715736040605
39.847715736040605
40.99836333878887
30.68545803971813
30.68545803971813
40.98256735340729
40.98256735340729
39.441680486456605
39.441680486456605
34.25794215267899
34.25794215267899
39.02195608782435
39.02195608782435
38.7905604719764
40.64729867482161
40.64729867482161
41.04458598726115
42.92282430213465
38.703983862834086
42.84057971014493
44.2090395480226
40.929064657878214
44.74532559638943
43.19327731092437
43.246893571042676
39.07376594564615
37.2093023255814
37.2093023255814
41.568627450980394
41.20863309352519
42.7563025210084
41.588785046728965
40.20100502512563
40.577789557381394
39.96865203761755
42.87145242070117
42.87145242070117
40.891364902506965
41.20670995670996
36.61290322580645
43.37190082644628
44.6710168569875
42.57342657342657
38.906030855539974
43.731587561374795
43.92812887236679
41.20863309352519
42.75630252100841
41.63090128755364
43.28896283971159
40.0212314225053
37.010582010582006
38.23361823361823
43.672787979966614
41.41004862236628
39.3939393939394
44.11467116357504
43.062200956937794
45.341074020319304
40.067911714770794
48.306332842415316
38.22882288228823
43.52564102564103
43.23266219239374
42.13286713286713
43.487858719646795
47.35838779956428
38.88095238095238
43.014492753623195
43.24888226527571
44.515931372549026
46.53399668325042
39.804543053354465
48.330275229357795
45.51872314303254
45.125
41.94957983193277
41.94957983193277
44.02684563758389
43.32801701222754
41.43864598025388
41.43864598025388
43.46333853354135
42.87323943661971
44.61538461538462
43.709949409780776
40.115107913669064
39.68386023294509
42.10084033613445
35.95959595959596
42.7563025210084
42.7563025210084
47.51401869158879
41.69844020797227
46.08403361344538
45.598885793871865
45.598885793871865
44.07801418439716
45.729729729729726
41.67375886524823
46.89054726368159
44.927536231884055
46.66666666666667
45.610142630744846
46.08403361344538
46.075085324232084
43.37115072933549
43.59060402684564
41.78861788617886
41.983739837398375
38.55973025048169
42.25
43.900826446280995
45.484460694698356
41.63038219641994
48.119507908611595
40.436974789915965
41.477104874446084
43.73333333333333
45.02529510961214
42.924369747899156
43.78019323671498
41.18975903614458
45.54294975688817
44.11003236245955
44.537815126050425
44.76878612716763
