4305.0
4350.0
3770.0
3320.0
3325.0
3975.0
4860.0
4010.0
3865.0
3320.0
3320.0
4090.0
3180.0
3840.0
2895.0
2200.0
3715.0
3780.0
3240.0
4885.0
2885.0
2200.0
2200.0
2200.0
2200.0
2200.0
3490.0
2265.0
2515.0
2200.0
3350.0
3500.0
3720.0
3600.0
4655.0
3250.0
4425.0
3755.0
3390.0
2910.0
3495.0
3025.0
3010.0
3560.0
4200.0
2950.0
4845.0
3925.0
3375.0
3350.0
2815.0
3660.0
2325.0
3390.0
3185.0
3905.0
3225.0
3270.0
3680.0
2490.0
2970.0
4625.0
4770.0
4590.0
3840.0
4155.0
2810.0
4055.0
5025.0
5040.0
5630.0
3315.0
4055.0
4530.0
3960.0
3180.0
5160.0
4230.0
3810.0
4625.0
4005.0
3785.0
4250.0
3420.0
3685.0
4095.0
3930.0
2455.0
3045.0
3360.0
3375.0
3780.0
3460.0
2650.0
3510.0
4155.0
2790.0
4495.0
3170.0
3760.0
4115.0
3270.0
3615.0
4655.0
3130.0
2675.0
3855.0
3190.0
3290.0
3210.0
2525.0
3700.0
3930.0
2555.0
3435.0
3440.0
3175.0
3140.0
2360.0
3290.0
2200.0
2200.0
2200.0
2200.0
3555.0
2200.0
2200.0
2200.0
2200.0
3700.0
4080.0
2815.0
4360.0
2990.0
3315.0
2795.0
3200.0
3790.0
2520.0
2355.0
3870.0
3810.0
2200.0
2200.0
2200.0
2200.0
2200.0
2200.0
2200.0
2200.0
2985.0
4170.0
3135.0
3385.0
3090.0
3390.0
3680.0
3855.0
3260.0
3445.0
3570.0
3600.0
2655.0
3475.0
3855.0
3355.0
3360.0
4160.0
2700.0
3970.0
3125.0
2715.0
2200.0
2200.0
2200.0
3970.0
3580.0
2200.0
2200.0
2200.0
3100.0
2240.0
2170.0
2170.0
2170.0
2170.0
2170.0
2170.0
2170.0
2170.0
2170.0
2170.0
2170.0
2170.0
3690.0
2170.0
3860.0
2345.0
2170.0
2170.0
2170.0
