4780.0
4350.0
4350.0
3890.0
3325.0
4800.0
4860.0
5880.0
4130.0
4190.0
3455.0
4090.0
4680.0
3840.0
3840.0
3380.0
3715.0
3780.0
4270.0
4885.0
4885.0
4220.0
3525.0
4660.0
4445.0
4400.0
3930.0
3490.0
3640.0
3765.0
4620.0
3930.0
4585.0
4415.0
4655.0
4655.0
4425.0
4425.0
4035.0
4050.0
3880.0
4280.0
3920.0
3600.0
4200.0
4200.0
4845.0
4845.0
3925.0
3825.0
3935.0
3660.0
3820.0
4680.0
3760.0
5140.0
5000.0
3975.0
5905.0
3970.0
4630.0
4625.0
4770.0
5160.0
4590.0
4220.0
4155.0
4055.0
5025.0
5040.0
5630.0
5630.0
4055.0
4530.0
4530.0
3960.0
5160.0
5160.0
4230.0
4625.0
4625.0
4135.0
4250.0
4330.0
3685.0
4300.0
4095.0
4340.0
3965.0
4080.0
3585.0
4965.0
3780.0
4530.0
4100.0
4155.0
4155.0
4495.0
4590.0
4620.0
4115.0
4115.0
3615.0
4655.0
4655.0
3795.0
3855.0
3855.0
3570.0
4500.0
3365.0
3700.0
4920.0
4140.0
3680.0
3460.0
4195.0
4420.0
4080.0
3860.0
4040.0
3900.0
3355.0
3780.0
4275.0
3555.0
3480.0
3855.0
4415.0
3700.0
4080.0
4080.0
4360.0
4360.0
3315.0
3960.0
3510.0
3885.0
3790.0
3505.0
3870.0
4020.0
3955.0
3225.0
3460.0
3805.0
4625.0
4660.0
3730.0
3845.0
3680.0
4170.0
4335.0
3500.0
3385.0
4025.0
4040.0
4940.0
3855.0
4615.0
3745.0
3720.0
4160.0
3475.0
3910.0
3855.0
3450.0
4500.0
4300.0
3970.0
3970.0
3845.0
3980.0
2870.0
3980.0
3970.0
3970.0
3805.0
3855.0
3375.0
3750.0
5195.0
3600.0
4080.0
3905.0
4390.0
5105.0
3215.0
3795.0
3470.0
3830.0
4220.0
4420.0
3215.0
3690.0
5240.0
3860.0
4415.0
3720.0
3965.0
4365.0
