147604.0
113502.0
113502.0
113502.0
109922.0
109922.0
109922.0
109922.0
106672.0
106006.0
96624.0
96624.0
96624.0
96624.0
96624.0
95208.0
95208.0
77646.0
77646.0
77646.0
77646.0
77646.0
77646.0
77646.0
77646.0
77646.0
77646.0
75792.0
75792.0
75792.0
75792.0
75792.0
75792.0
75792.0
75792.0
75792.0
75792.0
75792.0
65568.0
65568.0
65568.0
65568.0
63394.0
63392.0
63392.0
63392.0
63392.0
63392.0
63392.0
58340.0
58340.0
45388.0
45388.0
45388.0
45388.0
45388.0
45388.0
45388.0
45388.0
40916.0
40916.0
40916.0
40916.0
40916.0
40916.0
40916.0
40916.0
40916.0
40916.0
40916.0
40916.0
40916.0
40916.0
40916.0
40916.0
40916.0
40916.0
40916.0
40916.0
40916.0
40916.0
40916.0
40916.0
40916.0
40916.0
40916.0
40916.0
40916.0
40916.0
40916.0
40916.0
40916.0
40916.0
40916.0
40916.0
40916.0
40916.0
40916.0
40916.0
40916.0
40916.0
40916.0
40916.0
40916.0
40916.0
40916.0
40916.0
40916.0
40916.0
40916.0
40916.0
40916.0
40916.0
40916.0
40916.0
40916.0
40916.0
39110.0
39110.0
39110.0
39110.0
39110.0
39110.0
39110.0
39110.0
39110.0
39110.0
39110.0
39110.0
39110.0
39110.0
39110.0
39110.0
39110.0
39110.0
39110.0
39110.0
39110.0
33640.0
33640.0
33640.0
33640.0
31858.0
31858.0
31858.0
31858.0
31858.0
31858.0
31858.0
31858.0
31400.0
31400.0
31400.0
31400.0
31400.0
31400.0
31400.0
31400.0
31400.0
31400.0
31400.0
31400.0
31400.0
31400.0
31400.0
31400.0
30422.0
30422.0
30422.0
30422.0
30422.0
30422.0
30422.0
30422.0
30422.0
27130.0
27130.0
24010.0
24010.0
24010.0
24010.0
24010.0
24010.0
24010.0
24010.0
24010.0
24010.0
24010.0
24010.0
24010.0
24010.0
24010.0
24010.0
24010.0
24010.0
24010.0
24010.0
24010.0
24010.0
24010.0
24010.0
24010.0
24010.0
24010.0
24010.0
24010.0
24010.0
24010.0
24010.0
22742.0
22742.0
22742.0
22742.0
22742.0
22742.0
22742.0
22742.0
22742.0
22742.0
22742.0
22742.0
22742.0
22742.0
22742.0
22742.0
22742.0
22742.0
22742.0
22742.0
22742.0
22742.0
22742.0
22742.0
22742.0
22742.0
22742.0
22742.0
22742.0
22550.0
22550.0
22550.0
22550.0
19550.0
19550.0
19550.0
19550.0
19550.0
19550.0
19550.0
19550.0
19550.0
19550.0
19550.0
19550.0
19550.0
19550.0
19550.0
19550.0
19550.0
19550.0
19550.0
19550.0
19550.0
19550.0
19550.0
19550.0
19550.0
19550.0
19550.0
19550.0
19550.0
19550.0
19550.0
19550.0
19550.0
19550.0
19550.0
19550.0
19550.0
15206.0
15206.0
15206.0
15206.0
15206.0
15206.0
15206.0
15206.0
15206.0
15206.0
11372.0
11372.0
11372.0
11372.0
11372.0
11372.0
11372.0
9834.0
9834.0
9834.0
9834.0
9834.0
9834.0
9834.0
9834.0
9834.0
5630.0
5630.0
5630.0
5630.0
5630.0
5630.0
5630.0
5630.0
5630.0
5630.0
5630.0
5630.0
5630.0
5630.0
5630.0
5630.0
5630.0
5630.0
5630.0
5630.0
5630.0
5630.0
5630.0
5630.0
5630.0
5630.0
5630.0
5630.0
5630.0
5630.0
5630.0
5630.0
5630.0
5630.0
5630.0
5630.0
5160.0
5160.0
5160.0
5160.0
5160.0
5160.0
5160.0
5160.0
5160.0
5160.0
5160.0
5160.0
5160.0
5160.0
5160.0
5160.0
5160.0
5160.0
5160.0
5160.0
5160.0
5160.0
5160.0
5160.0
5160.0
5160.0
5160.0
5160.0
5160.0
5160.0
5160.0
5160.0
5160.0
5160.0
5160.0
5160.0
5160.0
5160.0
5160.0
5160.0
5160.0
5160.0
5160.0
5160.0
5160.0
5160.0
5160.0
5160.0
5160.0
5160.0
5160.0
5160.0
5160.0
5160.0
5160.0
5160.0
5160.0
5160.0
5160.0
5160.0
