40.28393966282165
40.50415204475175
44.287024386592044
47.57919592109663
48.36207653150781
47.302865705188246
47.93801311016357
47.06117552978808
47.06117552978808
49.89015717715269
52.765390151247026
52.064535683476734
53.52462936394069
52.59327077134355
53.58794552303681
52.89691762330681
53.76789841088319
53.76789841088319
53.76789841088319
56.36774112630127
56.020111476492175
56.020111476492175
56.020111476492175
56.020111476492175
56.477233517782516
56.477233517782516
56.477233517782516
56.477233517782516
57.70735775226122
55.93715928238676
55.93715928238676
55.93715928238676
55.93715928238676
60.472139868665316
59.51818611242324
59.51818611242324
59.51818611242324
59.51818611242324
59.51818611242324
60.068296981714035
60.068296981714035
60.068296981714035
60.068296981714035
60.068296981714035
60.068296981714035
60.068296981714035
60.068296981714035
60.068296981714035
57.412667232958164
57.412667232958164
62.5743877317464
61.375228696568165
61.375228696568165
61.375228696568165
61.375228696568165
61.375228696568165
61.375228696568165
61.375228696568165
61.375228696568165
61.375228696568165
63.41644320191705
63.41644320191705
63.41644320191705
63.41644320191705
63.41644320191705
63.57191761282593
63.57191761282593
63.57191761282593
63.57191761282593
63.57191761282593
63.57191761282593
63.57191761282593
63.57191761282593
63.57191761282593
63.57191761282593
63.57191761282593
63.57191761282593
63.57191761282593
63.57191761282593
63.57191761282593
63.57191761282593
63.57191761282593
63.57191761282593
63.57191761282593
63.57191761282593
64.7188772416183
64.7188772416183
65.538098291844
65.16790065877687
65.16790065877687
65.34189018072982
65.05537178196462
65.05537178196462
66.03655337258789
66.03655337258789
66.03655337258789
66.03655337258789
66.03655337258789
66.03655337258789
66.03655337258789
66.03655337258789
66.03655337258789
66.03655337258789
66.03655337258789
66.03655337258789
66.03655337258789
66.03655337258789
66.03655337258789
66.03655337258789
66.20270506616917
66.20270506616917
66.20270506616917
66.24934413805165
66.24934413805165
66.24934413805165
66.24934413805165
66.24934413805165
66.24934413805165
66.24934413805165
66.28869585495248
66.01760624963562
66.01760624963562
66.01760624963562
66.01760624963562
66.01760624963562
66.01760624963562
66.01760624963562
66.01760624963562
66.01760624963562
66.28869585495248
66.28869585495248
66.28869585495248
66.28869585495248
66.28869585495248
66.28869585495248
66.40643309116476
66.40643309116476
65.67377318754868
65.67377318754868
65.67377318754868
65.67377318754868
65.67377318754868
65.67377318754868
65.67377318754868
65.67377318754868
65.67377318754868
65.67377318754868
65.67377318754868
66.76089758612609
66.76089758612609
66.73892664635575
66.73892664635575
66.73892664635575
66.73892664635575
66.75796812749003
66.75796812749003
66.75796812749003
66.75796812749003
66.75796812749003
66.75796812749003
65.27956160630191
65.27956160630191
65.27956160630191
65.27956160630191
65.27956160630191
65.27956160630191
65.27956160630191
65.27956160630191
65.27956160630191
65.27956160630191
65.27956160630191
65.27956160630191
65.27956160630191
65.27956160630191
66.4767400984298
66.4767400984298
66.4767400984298
66.4767400984298
66.4767400984298
66.4767400984298
66.4767400984298
66.4767400984298
66.4767400984298
66.4767400984298
66.4767400984298
66.4767400984298
66.4767400984298
66.4767400984298
66.4767400984298
66.4767400984298
66.4767400984298
66.4767400984298
66.4767400984298
66.4767400984298
66.4767400984298
66.4767400984298
66.4767400984298
66.4767400984298
66.4767400984298
66.4767400984298
66.4767400984298
66.4767400984298
66.4767400984298
66.4767400984298
66.4767400984298
66.4767400984298
66.4767400984298
66.4767400984298
66.4767400984298
66.4767400984298
66.4767400984298
66.4767400984298
66.4767400984298
66.4767400984298
66.4767400984298
66.4767400984298
66.4767400984298
66.4767400984298
66.4767400984298
66.4767400984298
66.4767400984298
66.4767400984298
66.4767400984298
66.4767400984298
66.4767400984298
66.4767400984298
66.4767400984298
66.4767400984298
66.4767400984298
66.4767400984298
66.4767400984298
66.4767400984298
66.4767400984298
66.4767400984298
67.0150219008143
67.0150219008143
67.0150219008143
67.0150219008143
67.0150219008143
67.0150219008143
67.0150219008143
67.0150219008143
67.0150219008143
67.0150219008143
67.0150219008143
67.0150219008143
67.0150219008143
67.0150219008143
67.0150219008143
67.0150219008143
67.0150219008143
67.0150219008143
67.0150219008143
67.0150219008143
67.0150219008143
67.0150219008143
67.0150219008143
67.0150219008143
67.0150219008143
67.0150219008143
67.0150219008143
67.0150219008143
67.0150219008143
67.0150219008143
67.0150219008143
67.0150219008143
67.0150219008143
67.14583884528325
67.14583884528325
67.14583884528325
67.16200723167827
67.16200723167827
67.16200723167827
67.16200723167827
67.16200723167827
67.16200723167827
67.16200723167827
67.16200723167827
67.16200723167827
67.16200723167827
67.16200723167827
67.16200723167827
67.16200723167827
67.16200723167827
67.16200723167827
67.16200723167827
67.16200723167827
67.16200723167827
67.16200723167827
67.16200723167827
67.16200723167827
67.16200723167827
67.16200723167827
67.16200723167827
67.16200723167827
67.16200723167827
67.16200723167827
67.16200723167827
67.16200723167827
67.16200723167827
67.16200723167827
67.16200723167827
67.16200723167827
67.16200723167827
67.16200723167827
67.16200723167827
67.16200723167827
67.9160419790105
67.9160419790105
67.9160419790105
67.9160419790105
67.9160419790105
67.9160419790105
67.9160419790105
68.19237440103478
68.19237440103478
68.19237440103478
68.19237440103478
68.19237440103478
68.19237440103478
68.19237440103478
68.19237440103478
66.0015038463763
66.0015038463763
66.0015038463763
66.0015038463763
66.0015038463763
66.0015038463763
66.0015038463763
66.0015038463763
66.0015038463763
66.0015038463763
66.0015038463763
66.0015038463763
66.0015038463763
66.0015038463763
66.0015038463763
66.0015038463763
66.0015038463763
66.0015038463763
66.0015038463763
68.52815200154136
68.52815200154136
68.52815200154136
68.52815200154136
68.52815200154136
68.52815200154136
68.52815200154136
68.52815200154136
68.52815200154136
69.4123646398896
69.4123646398896
69.4123646398896
69.4123646398896
69.4123646398896
69.4123646398896
69.4123646398896
69.4123646398896
69.4123646398896
69.4123646398896
69.4123646398896
69.4123646398896
69.4123646398896
69.4123646398896
69.4123646398896
69.4123646398896
69.4123646398896
69.4123646398896
69.4123646398896
69.4123646398896
68.83792782793891
68.83792782793891
68.83792782793891
68.83792782793891
68.83792782793891
68.83792782793891
68.83792782793891
68.83792782793891
68.83792782793891
68.83792782793891
68.83792782793891
68.83792782793891
68.83792782793891
68.83792782793891
68.83792782793891
68.83792782793891
68.483966763656
68.483966763656
68.483966763656
68.483966763656
68.483966763656
68.483966763656
68.483966763656
68.483966763656
68.483966763656
68.483966763656
68.483966763656
68.483966763656
68.483966763656
68.483966763656
68.483966763656
68.483966763656
68.483966763656
68.483966763656
68.483966763656
68.483966763656
68.483966763656
68.483966763656
68.483966763656
68.483966763656
68.483966763656
68.483966763656
68.483966763656
68.483966763656
68.483966763656
68.483966763656
68.483966763656
68.483966763656
68.483966763656
68.483966763656
68.483966763656
68.483966763656
68.483966763656
68.483966763656
68.483966763656
68.483966763656
68.483966763656
68.483966763656
68.483966763656
68.483966763656
68.483966763656
68.483966763656
68.483966763656
68.483966763656
68.483966763656
68.483966763656
68.483966763656
68.2214956354801
68.2214956354801
68.2214956354801
68.2214956354801
68.2214956354801
68.2214956354801
68.2214956354801
68.2214956354801
68.2214956354801
68.2214956354801
68.2214956354801
68.2214956354801
68.2214956354801
68.2214956354801
68.2214956354801
68.2214956354801
68.2214956354801
68.2214956354801
68.2214956354801
68.2214956354801
68.2214956354801
68.2214956354801
68.2214956354801
68.2214956354801
68.2214956354801
68.2214956354801
68.2214956354801
68.2214956354801
68.2214956354801
68.2214956354801
68.2214956354801
68.2214956354801
68.2214956354801
68.2214956354801
68.2214956354801
68.2214956354801
68.2214956354801
68.2214956354801
68.2214956354801
68.2214956354801
68.2214956354801
68.2214956354801
68.2214956354801
68.2214956354801
68.2214956354801
68.2214956354801
68.2214956354801
68.2214956354801
68.2214956354801
68.2214956354801
68.2214956354801
68.2214956354801
68.2214956354801
68.2214956354801
68.2214956354801
68.40660160563465
68.40660160563465
68.40660160563465
68.40660160563465
68.40660160563465
68.40660160563465
68.40660160563465
68.40660160563465
