888950.0
759610.0
706585.0
728690.0
672495.0
632735.0
632735.0
619590.0
508420.0
496405.0
496405.0
457735.0
442485.0
442160.0
421005.0
402285.0
390750.0
385850.0
385850.0
414560.0
390940.0
390940.0
352935.0
352935.0
355225.0
355480.0
362940.0
356790.0
356790.0
353170.0
378725.0
354560.0
360995.0
354560.0
325055.0
325055.0
325055.0
325055.0
325055.0
325055.0
325055.0
298395.0
295055.0
295055.0
295055.0
295055.0
295055.0
295055.0
295055.0
295055.0
267195.0
292780.0
267195.0
274270.0
274270.0
274270.0
274270.0
274270.0
264100.0
280665.0
280665.0
280665.0
262850.0
262850.0
262850.0
276180.0
264140.0
264140.0
264140.0
264140.0
264140.0
264140.0
264140.0
264140.0
264580.0
264580.0
264580.0
263940.0
265450.0
263685.0
264670.0
264195.0
264195.0
264195.0
264535.0
264535.0
260585.0
259665.0
259380.0
259380.0
259080.0
258000.0
258000.0
256540.0
256540.0
257570.0
257570.0
257570.0
257570.0
257570.0
259250.0
259250.0
259720.0
259720.0
259720.0
258470.0
258470.0
258470.0
258470.0
258470.0
258470.0
258470.0
257885.0
257885.0
259605.0
259605.0
259605.0
259605.0
259605.0
259605.0
259605.0
259605.0
259605.0
259605.0
262630.0
262630.0
262630.0
262630.0
262630.0
262630.0
262630.0
258095.0
255845.0
255845.0
255845.0
255845.0
255845.0
255845.0
255845.0
255845.0
255845.0
256965.0
256965.0
256965.0
256965.0
256965.0
256965.0
256965.0
256965.0
256965.0
256965.0
256965.0
256965.0
256965.0
256965.0
256965.0
256965.0
254750.0
254750.0
254750.0
254750.0
254750.0
254750.0
254750.0
254750.0
254750.0
254750.0
254750.0
254750.0
254750.0
254750.0
254750.0
254750.0
254750.0
249180.0
249180.0
249180.0
249180.0
249180.0
249180.0
249180.0
249180.0
249180.0
249180.0
249180.0
249180.0
249180.0
249180.0
249180.0
249180.0
249180.0
249180.0
249940.0
249940.0
249940.0
249940.0
261100.0
268010.0
261100.0
249255.0
249255.0
249255.0
249255.0
263190.0
263190.0
263190.0
263190.0
263190.0
263190.0
263190.0
263190.0
263190.0
263190.0
263190.0
263190.0
263190.0
263190.0
263190.0
263190.0
263190.0
263190.0
263190.0
263190.0
263190.0
263190.0
263190.0
263190.0
263190.0
263190.0
263190.0
263190.0
263190.0
263190.0
263190.0
263190.0
263190.0
263190.0
263190.0
263190.0
263190.0
263190.0
263190.0
251995.0
251995.0
251995.0
251995.0
251995.0
251995.0
249395.0
249395.0
249395.0
249395.0
249395.0
249395.0
249395.0
249395.0
249395.0
249395.0
249395.0
249395.0
249395.0
249395.0
249395.0
249395.0
249395.0
249395.0
249395.0
249395.0
249395.0
251090.0
265250.0
249745.0
249745.0
249745.0
249745.0
249745.0
249745.0
249745.0
249745.0
249745.0
249745.0
249745.0
249745.0
249745.0
249745.0
249745.0
249745.0
249745.0
249745.0
249745.0
248920.0
248920.0
248920.0
248920.0
248920.0
248980.0
248980.0
248980.0
248980.0
247360.0
247360.0
247360.0
247965.0
247965.0
247965.0
247965.0
248285.0
248285.0
248285.0
248285.0
247965.0
247965.0
247965.0
247965.0
247965.0
247965.0
247965.0
247965.0
247965.0
247965.0
247965.0
247965.0
247965.0
247965.0
247965.0
247965.0
247965.0
247965.0
247965.0
247965.0
247965.0
247965.0
247965.0
247965.0
247965.0
249320.0
249320.0
249320.0
249320.0
249320.0
249320.0
249320.0
244145.0
244145.0
244145.0
244145.0
244145.0
244145.0
244145.0
244145.0
241225.0
241225.0
241225.0
241225.0
241570.0
241570.0
241605.0
241605.0
241605.0
241965.0
241965.0
241965.0
241965.0
241965.0
241780.0
242210.0
242210.0
242210.0
242210.0
242210.0
242210.0
242210.0
242210.0
242210.0
242210.0
242210.0
242210.0
242210.0
242210.0
242210.0
242210.0
242210.0
242210.0
242210.0
242210.0
242210.0
242210.0
242210.0
242210.0
242210.0
242210.0
242210.0
242210.0
242210.0
242210.0
241780.0
241520.0
241520.0
241935.0
241520.0
241520.0
241985.0
241985.0
241985.0
241985.0
241985.0
241985.0
241985.0
241985.0
241985.0
241985.0
241985.0
241985.0
241985.0
241985.0
241985.0
241985.0
241985.0
241985.0
241985.0
241305.0
241305.0
241305.0
241305.0
241275.0
241275.0
241275.0
241275.0
241275.0
241275.0
241205.0
241205.0
242385.0
242385.0
242385.0
242385.0
242385.0
242385.0
242385.0
242385.0
242385.0
242385.0
242385.0
242385.0
242385.0
242385.0
242385.0
242385.0
242385.0
242385.0
242385.0
241075.0
241075.0
241075.0
241075.0
241075.0
241075.0
240515.0
240515.0
240515.0
240515.0
240515.0
240515.0
240515.0
240515.0
240515.0
240515.0
240515.0
240515.0
240515.0
240515.0
240515.0
240515.0
240515.0
240515.0
240515.0
240515.0
240515.0
240515.0
240515.0
240515.0
240515.0
240515.0
240515.0
240515.0
240515.0
240515.0
240515.0
240515.0
240515.0
240515.0
240515.0
240515.0
240515.0
240515.0
240515.0
240515.0
240515.0
240515.0
240515.0
