54.25925715648314
54.25925715648314
54.25925715648314
54.25925715648314
54.25925715648314
54.96363850630861
56.1757039993194
56.61595667535835
56.61595667535835
56.67996937283929
56.77857954940951
56.94447666999234
57.1507083776601
57.1507083776601
57.1507083776601
57.1507083776601
57.1507083776601
57.1507083776601
57.21667497771722
57.275120953114616
58.418175477223926
58.418175477223926
58.418175477223926
58.99943836298706
58.99943836298706
58.99943836298706
58.99943836298706
58.99943836298706
58.99943836298706
59.246264866058134
59.2730553835009
59.80480815288307
59.80480815288307
59.833289033012605
59.833289033012605
59.833289033012605
59.833289033012605
59.833289033012605
59.84733990717341
59.938184430900364
59.938184430900364
59.938184430900364
59.938184430900364
59.938184430900364
59.938184430900364
60.059998678625114
60.059998678625114
60.059998678625114
60.22929983647986
60.22929983647986
60.234452943132695
60.234452943132695
61.03241216125719
61.03241216125719
61.198491004062674
61.198491004062674
61.198491004062674
61.198491004062674
61.198491004062674
61.198491004062674
61.198491004062674
61.198491004062674
61.198491004062674
61.198491004062674
61.198491004062674
61.25139515156927
61.83802848341444
61.83802848341444
61.83802848341444
61.83802848341444
61.83802848341444
61.83802848341444
61.83802848341444
61.83802848341444
61.83802848341444
61.83802848341444
61.83802848341444
61.83802848341444
61.98959774989956
61.98959774989956
61.98959774989956
61.98959774989956
61.98959774989956
61.98959774989956
61.98959774989956
62.0864770748694
62.0864770748694
62.0864770748694
62.133577391847844
62.133577391847844
62.133577391847844
62.133577391847844
62.133577391847844
62.133577391847844
63.27455919395466
63.27455919395466
63.27455919395466
63.314907051756954
64.15024576468983
64.15024576468983
64.15024576468983
64.15024576468983
64.15024576468983
64.15024576468983
64.18137067979339
64.18137067979339
64.18137067979339
64.18137067979339
64.29373461317613
64.29373461317613
64.29373461317613
64.29373461317613
64.29373461317613
64.32349984400457
64.32349984400457
64.32349984400457
64.72446586011255
64.72446586011255
64.72446586011255
64.72446586011255
64.76791347453806
64.76791347453806
64.76791347453806
64.76791347453806
64.76791347453806
64.81112998463156
64.81112998463156
64.81112998463156
64.81112998463156
64.81112998463156
65.10084956365948
65.10084956365948
65.11471999075304
65.11471999075304
65.11471999075304
65.11471999075304
65.11471999075304
65.11471999075304
65.11471999075304
65.11471999075304
65.11471999075304
65.11471999075304
65.11471999075304
65.11471999075304
65.11471999075304
65.11471999075304
65.11471999075304
65.11471999075304
65.11471999075304
65.11471999075304
65.11471999075304
65.11471999075304
65.11471999075304
65.11471999075304
65.11471999075304
65.11471999075304
65.11471999075304
65.11471999075304
65.11471999075304
65.11471999075304
65.11471999075304
65.14361671386465
65.14361671386465
65.14361671386465
65.14361671386465
65.14361671386465
65.14361671386465
65.14361671386465
65.14361671386465
65.14361671386465
65.19655551060508
65.19655551060508
65.19655551060508
65.19655551060508
65.19655551060508
65.3824192336589
65.40021961509564
65.40021961509564
65.40669248107264
65.40669248107264
65.40669248107264
65.40669248107264
65.40669248107264
65.40669248107264
65.51019047407375
65.51019047407375
65.51019047407375
65.71688929389016
65.71688929389016
65.71688929389016
65.71688929389016
65.83312959793747
65.83312959793747
65.83312959793747
65.83312959793747
65.83312959793747
65.83312959793747
65.88424866090281
65.88424866090281
65.88424866090281
65.88424866090281
65.88424866090281
65.88424866090281
65.88424866090281
65.88424866090281
65.88424866090281
65.88424866090281
65.88424866090281
65.88424866090281
66.00871246638367
66.00871246638367
66.00871246638367
66.10102693961123
66.10102693961123
66.10102693961123
66.18207276687485
66.18207276687485
66.18207276687485
66.18207276687485
66.18207276687485
66.18207276687485
66.18207276687485
66.18207276687485
66.18207276687485
66.18207276687485
66.18207276687485
66.18207276687485
66.18207276687485
66.18207276687485
66.18207276687485
66.18207276687485
66.18207276687485
66.18207276687485
66.18207276687485
66.18207276687485
66.18207276687485
66.18207276687485
66.18207276687485
66.18207276687485
66.18207276687485
66.18207276687485
66.18207276687485
66.18207276687485
66.18207276687485
66.18207276687485
66.18207276687485
66.18207276687485
66.21769194518959
66.21769194518959
66.21769194518959
66.21769194518959
66.41745028518575
66.41745028518575
66.41745028518575
66.6545877682022
66.6545877682022
66.6545877682022
66.74089128316653
66.74089128316653
66.74089128316653
66.74089128316653
66.74089128316653
66.74089128316653
66.74089128316653
66.74089128316653
66.74089128316653
66.74089128316653
66.74089128316653
66.74089128316653
66.74089128316653
66.74089128316653
66.74089128316653
66.74089128316653
66.74089128316653
66.74089128316653
66.74089128316653
66.74089128316653
66.74089128316653
66.74089128316653
66.74089128316653
66.74089128316653
66.74089128316653
66.74089128316653
66.74089128316653
66.74089128316653
66.74089128316653
66.74089128316653
66.74089128316653
66.74089128316653
66.74089128316653
66.74089128316653
66.74089128316653
66.74089128316653
66.80871072971465
66.80871072971465
66.80871072971465
66.80871072971465
66.80871072971465
66.80871072971465
66.80871072971465
66.80871072971465
66.83877735101763
66.83877735101763
66.83877735101763
66.83877735101763
66.83877735101763
66.83877735101763
66.83877735101763
66.94325487860388
66.94325487860388
66.94325487860388
66.94325487860388
66.94325487860388
66.94325487860388
66.94325487860388
66.94325487860388
66.94325487860388
66.94325487860388
66.94325487860388
66.94325487860388
66.94325487860388
66.94325487860388
66.94325487860388
66.94325487860388
67.03836982048186
67.03836982048186
67.03836982048186
67.03836982048186
67.03836982048186
67.03836982048186
67.03836982048186
67.03836982048186
67.03836982048186
67.03836982048186
67.03836982048186
67.03836982048186
67.03836982048186
67.03836982048186
67.15799579575754
67.15799579575754
67.15799579575754
67.15799579575754
67.15799579575754
67.15799579575754
67.23494070036301
67.23494070036301
67.23494070036301
67.23494070036301
67.23494070036301
67.23494070036301
67.23494070036301
67.23494070036301
67.23494070036301
67.23494070036301
67.27004264319893
67.27004264319893
67.27004264319893
67.27004264319893
67.27004264319893
67.4953817033552
67.4953817033552
67.4953817033552
67.4953817033552
67.4953817033552
67.55566981226511
67.5829700879979
67.5829700879979
67.5829700879979
67.5829700879979
67.5829700879979
67.72288400112842
67.72288400112842
67.72288400112842
67.72288400112842
67.72288400112842
67.72288400112842
67.72288400112842
67.72288400112842
67.72288400112842
67.72288400112842
67.72288400112842
67.72288400112842
67.72288400112842
67.72288400112842
67.72288400112842
67.72288400112842
67.72288400112842
67.72288400112842
67.75223179754116
67.75223179754116
67.75223179754116
67.75223179754116
67.78317211003831
67.78317211003831
67.78317211003831
67.78317211003831
67.78317211003831
67.78317211003831
67.82594254201967
67.82594254201967
