62.63767498045903
63.46259010688541
69.29066417503698
69.29066417503698
69.29066417503698
69.29066417503698
69.29066417503698
70.88894216681318
70.88894216681318
70.88894216681318
70.88894216681318
70.88894216681318
70.88894216681318
70.88894216681318
70.88894216681318
70.88894216681318
70.88894216681318
70.88894216681318
70.88894216681318
70.88894216681318
70.88894216681318
70.88894216681318
71.53227310263992
71.7716470001662
71.7716470001662
70.32029152282318
70.32029152282318
70.32029152282318
71.54653387350889
71.54653387350889
71.54653387350889
71.54653387350889
72.61273395628139
72.61273395628139
72.61273395628139
71.54653387350889
70.54802072995919
70.09057513810605
70.09057513810605
70.09057513810605
70.09057513810605
72.22031276851693
72.22031276851693
72.27557411273487
72.27557411273487
72.62298324432766
70.46300928241898
70.46300928241898
70.46300928241898
70.46300928241898
70.49774887443722
70.46300928241898
70.46300928241898
70.46300928241898
70.46300928241898
70.65843277977133
70.78495060224657
70.91949211664574
71.01677997194345
71.01677997194345
71.01677997194345
71.01677997194345
71.01677997194345
71.01677997194345
71.01677997194345
71.01677997194345
71.01677997194345
71.01677997194345
71.01677997194345
71.01677997194345
71.01677997194345
71.01677997194345
71.01677997194345
71.01677997194345
71.01677997194345
71.01677997194345
71.01677997194345
71.12738750404662
71.12738750404662
71.37485083118253
71.37485083118253
71.37485083118253
71.52748869092223
71.52748869092223
72.72872263302885
72.72872263302885
72.72872263302885
72.28662634408602
72.28662634408602
72.28662634408602
72.28662634408602
72.28662634408602
72.28662634408602
72.28662634408602
72.28662634408602
72.28662634408602
72.2936267921147
73.41167724595414
73.41167724595414
73.41167724595414
73.41167724595414
73.41167724595414
73.41167724595414
73.6618630983016
73.6618630983016
73.41167724595414
73.41167724595414
73.5832332589924
73.5832332589924
73.62612226225197
73.62612226225197
73.5832332589924
73.55749985703666
73.79338937496426
73.79338937496426
73.79338937496426
73.79338937496426
73.79338937496426
73.79338937496426
73.79338937496426
73.79338937496426
73.79338937496426
73.79338937496426
73.97317337332335
73.97317337332335
73.97317337332335
73.80768570938413
73.80768570938413
73.44312918167782
73.44312918167782
73.44312918167782
73.44312918167782
73.44312918167782
73.44312918167782
73.44312918167782
73.44312918167782
73.45027734888775
73.66758163206953
73.66758163206953
73.66758163206953
74.40670212157602
74.40670212157602
74.40670212157602
74.40670212157602
74.40670212157602
74.40670212157602
74.40670212157602
74.40670212157602
74.40670212157602
74.40670212157602
74.40670212157602
74.40670212157602
74.40670212157602
74.40670212157602
74.40670212157602
74.40670212157602
74.40670212157602
74.40670212157602
74.40670212157602
74.40670212157602
74.40670212157602
74.40670212157602
74.40670212157602
74.40670212157602
74.40670212157602
74.40670212157602
74.40670212157602
74.40670212157602
74.40670212157602
74.40670212157602
74.40670212157602
74.40670212157602
74.40670212157602
74.40670212157602
74.40670212157602
74.41385028878595
74.41385028878595
74.41385028878595
74.41385028878595
74.41385028878595
74.41385028878595
74.41385028878595
74.41385028878595
74.41385028878595
74.41385028878595
74.41385028878595
74.41385028878595
74.41385028878595
74.41385028878595
74.52393206381883
74.52393206381883
74.53393949791273
74.52393206381883
74.52393206381883
74.52393206381883
74.52393206381883
74.52393206381883
74.52393206381883
74.52393206381883
74.52393206381883
74.52393206381883
74.52393206381883
74.52393206381883
74.52393206381883
74.52393206381883
74.52393206381883
74.52393206381883
74.52393206381883
74.52393206381883
74.52393206381883
74.52393206381883
74.52393206381883
74.52393206381883
74.52393206381883
74.52393206381883
74.52393206381883
74.78126608337622
74.52393206381883
74.52393206381883
74.52393206381883
74.52393206381883
74.52393206381883
74.52393206381883
74.52393206381883
74.52393206381883
74.52393206381883
74.52393206381883
74.52393206381883
