55.5865833511868
57.76700046337557
57.678504377683325
57.84781146547234
62.15268082410055
62.68882370741693
63.54403087345312
66.49054989849505
63.14630141414877
63.8268933071134
64.98951189667922
65.06027672870209
65.79046234400147
65.97504428820523
66.27984287096247
66.70505950280037
67.24489170877447
67.64503184644488
68.25849303039661
68.99554564745885
69.98824111346146
70.04908005846202
70.16861727693484
69.86614634312733
69.81920714324158
69.50572996713916
69.56930592155166
69.97860330335239
70.04402918649228
70.0883840827742
69.94006569355494
69.78797666944006
70.07033518122827
69.94477627809826
70.13445045903686
70.20034760846056
69.9043584457985
70.01325472094176
70.09057513810605
70.09057513810605
70.09057513810605
70.40839269788546
70.72065941627628
71.1105196077059
71.18811942187719
71.13377590753
70.46300928241898
70.46300928241898
70.46300928241898
70.44424990272913
70.46509365794006
70.46161969873825
70.46300928241898
70.46300928241898
70.46300928241898
70.3557366349635
70.37195055461788
70.50277350630108
70.7150753289059
70.80345000594556
70.89193887075763
70.88787108226377
70.92254767360014
71.00705118641369
71.01677997194346
71.01677997194346
71.01677997194346
71.01677997194346
71.01677997194346
71.01677997194346
71.01677997194346
71.01677997194346
71.01677997194346
71.01677997194346
71.01677997194346
71.01677997194346
71.01677997194346
70.96006103304417
70.9821825394648
70.81572648505414
71.02285137697503
70.99664494264424
70.98621304686655
70.62612088150742
71.12810688442305
71.18416258588351
71.94861151061471
72.28662634408602
72.28662634408602
72.28662634408602
72.28662634408602
72.28662634408602
72.28662634408602
72.28662634408602
72.28662634408602
72.28662634408602
72.28732638888889
72.40333170309005
72.37397334448448
72.5341435658807
72.65321411509343
72.96218611742898
73.0577295868173
73.20480928689885
73.27028649854178
73.307885858066
73.36364156230343
73.37679418996971
73.42225653342486
73.33694587565398
73.24477297736158
73.40356679405049
73.55749985703666
73.58108880882942
73.61654371819066
73.62840967575913
73.66543718190657
73.71418768227826
73.74192257105278
73.73162921027048
73.7213358494882
73.7213358494882
73.73162921027048
73.77305359855497
73.73802757922633
73.6419562119249
73.51604048721909
73.47958483444845
73.44312918167782
73.44312918167782
73.44312918167782
73.44312918167782
73.44312918167782
73.44312918167782
73.44312918167782
73.44312918167782
73.4348373077143
73.43026248069995
73.41224909933092
73.3942357179619
73.55464059015267
73.56336135414878
73.85178811538034
73.92069644728406
73.97309429862183
74.06930862926745
74.35180419740378
74.35180419740378
74.3518041974038
74.3518041974038
74.38840281351861
74.39755246754731
74.39755246754731
74.40670212157602
74.40441470806884
74.40670212157602
74.40670212157602
74.40670212157602
74.40670212157602
74.40670212157602
74.40670212157602
74.40670212157602
74.40670212157602
74.40670212157602
74.40670212157602
74.40670212157602
74.40670212157602
74.40670212157602
74.40670212157602
74.40670212157602
74.40670212157602
74.40670212157602
74.40670212157602
74.40670212157602
74.40670212157602
74.30762852404642
74.30762852404642
74.30834334076742
74.30905815748841
74.11191170583862
73.55864356379024
74.01298107165323
74.41385028878595
74.41385028878595
74.41385028878595
74.41385028878595
74.41385028878595
74.41385028878595
74.41385028878595
74.42485846628924
74.4165973287106
74.39006761945936
74.40282209347788
74.46337707864836
74.49365457123359
74.52393206381883
74.52393206381883
74.52393206381883
74.52393206381883
74.52393206381883
74.52393206381883
74.52393206381883
74.52393206381883
74.52393206381883
74.52393206381883
74.52393206381883
74.52393206381883
74.52393206381883
74.52393206381883
74.52393206381883
74.52393206381883
74.52393206381883
74.52393206381883
74.52393206381883
74.30362555040888
73.86301252358895
73.76383664709373
74.08331903699892
74.52393206381883
74.52393206381883
74.52393206381883
74.52393206381883
74.52393206381883
74.52393206381883
74.52393206381883
74.52393206381883
74.52393206381883
74.52393206381883
