40.02951181338831
37.461624548190485
39.915903248485236
39.915903248485236
42.20296655171867
42.20296655171867
42.20296655171867
42.42444905286157
42.42444905286157
42.42444905286157
42.42444905286157
42.42444905286157
42.91034621935074
42.91034621935074
42.91034621935074
42.91034621935074
42.91034621935074
42.91034621935074
42.91034621935074
42.91034621935074
44.21845414457089
44.21845414457089
44.21845414457089
40.62093737391849
40.62093737391849
40.62093737391849
39.15668334447584
39.926404152045556
39.926404152045556
39.926404152045556
39.926404152045556
39.926404152045556
42.59571871964365
42.59571871964365
42.59571871964365
42.59571871964365
42.59571871964365
43.64325028968714
43.64325028968714
43.21494003997336
43.21494003997336
43.21494003997336
43.21494003997336
43.21494003997336
43.21494003997336
43.21494003997336
43.21494003997336
44.512168581803714
44.512168581803714
44.512168581803714
44.512168581803714
44.512168581803714
44.512168581803714
46.31888615145228
46.31888615145228
46.31888615145228
46.95998522856163
46.95998522856163
46.95998522856163
46.95998522856163
46.95998522856163
46.95998522856163
46.95998522856163
47.41221498371336
47.41221498371336
48.09320657118349
48.250340290381125
48.250340290381125
48.59015407169728
48.80859481956081
48.80859481956081
48.80859481956081
48.80859481956081
48.80859481956081
49.20713978031446
44.9205555831512
49.20713978031446
49.20713978031446
49.39087837837838
49.39087837837838
49.39087837837838
49.39087837837838
49.39087837837838
49.39087837837838
50.32067718150571
50.32067718150571
50.32067718150571
50.48258745666561
50.48258745666561
48.34875829615929
50.48258745666561
50.48258745666561
50.48258745666561
50.48258745666561
50.654094105827205
50.788860727231544
50.87813695701102
50.87813695701102
51.046527439809914
51.046527439809914
51.046527439809914
51.046527439809914
51.046527439809914
51.1439223450319
51.1439223450319
51.1439223450319
51.27759398055978
51.27759398055978
51.519616598202056
51.519616598202056
51.519616598202056
51.519616598202056
51.519616598202056
51.519616598202056
48.15230349704014
48.15230349704014
51.519616598202056
51.519616598202056
51.519616598202056
51.708361916195045
51.708361916195045
51.708361916195045
51.708361916195045
51.708361916195045
51.708361916195045
52.978316703076096
52.978316703076096
52.978316703076096
52.978316703076096
52.978316703076096
53.22587957925281
53.22587957925281
53.22587957925281
50.15703076750324
53.22587957925281
53.22587957925281
53.22587957925281
53.22587957925281
53.22587957925281
53.249311394607126
53.249311394607126
53.249311394607126
53.249311394607126
53.249311394607126
53.249311394607126
53.249311394607126
53.249311394607126
53.249311394607126
53.249311394607126
53.249311394607126
53.249311394607126
52.87666736295544
52.87666736295544
53.249311394607126
53.249311394607126
53.249311394607126
53.249311394607126
53.249311394607126
53.249311394607126
53.249311394607126
53.249311394607126
53.249311394607126
53.249311394607126
53.249311394607126
53.249311394607126
53.249311394607126
53.249311394607126
53.249311394607126
53.249311394607126
53.249311394607126
53.249311394607126
53.249311394607126
53.249311394607126
53.249311394607126
53.249311394607126
53.249311394607126
53.249311394607126
53.249311394607126
53.249311394607126
53.28256922713586
53.36605307701608
53.36605307701608
53.36605307701608
53.36605307701608
53.36605307701608
53.36605307701608
53.36605307701608
53.36605307701608
53.36605307701608
53.36605307701608
53.61466267682263
53.822984244670984
53.949983375649865
53.949983375649865
53.949983375649865
53.949983375649865
53.949983375649865
53.949983375649865
53.949983375649865
53.949983375649865
53.949983375649865
53.949983375649865
53.949983375649865
53.949983375649865
53.949983375649865
53.949983375649865
53.949983375649865
53.949983375649865
53.949983375649865
53.949983375649865
53.949983375649865
53.949983375649865
53.949983375649865
53.949983375649865
53.949983375649865
54.24015385080402
54.24015385080402
54.24015385080402
52.37979999417742
54.24015385080402
54.24015385080402
54.24015385080402
54.24015385080402
54.24015385080402
54.24015385080402
54.24015385080402
54.24015385080402
54.24015385080402
54.24015385080402
54.321203770630035
54.321203770630035
54.321203770630035
54.321203770630035
54.321203770630035
54.321203770630035
54.321203770630035
54.34661486567882
54.34661486567882
54.34661486567882
54.34661486567882
54.34661486567882
54.34661486567882
46.68582338841289
50.38830093493817
50.38830093493817
50.38830093493817
50.38830093493817
54.34661486567882
54.34661486567882
54.34661486567882
54.34661486567882
54.34661486567882
54.34661486567882
54.34661486567882
54.34661486567882
55.1298988911629
55.1298988911629
55.1298988911629
55.1298988911629
55.1298988911629
55.1298988911629
55.1298988911629
55.255044415275194
55.255044415275194
55.255044415275194
55.255044415275194
55.255044415275194
55.255044415275194
55.255044415275194
55.255044415275194
55.255044415275194
55.255044415275194
55.255044415275194
55.255044415275194
55.255044415275194
55.255044415275194
55.255044415275194
55.255044415275194
55.255044415275194
55.255044415275194
55.255044415275194
55.255044415275194
55.255044415275194
55.255044415275194
47.50054879780998
47.50054879780998
55.255044415275194
55.255044415275194
55.255044415275194
55.255044415275194
55.255044415275194
55.255044415275194
55.255044415275194
55.255044415275194
55.255044415275194
55.255044415275194
55.255044415275194
55.255044415275194
55.255044415275194
55.255044415275194
55.255044415275194
55.255044415275194
55.255044415275194
55.255044415275194
55.255044415275194
55.255044415275194
55.255044415275194
55.255044415275194
55.255044415275194
55.255044415275194
55.255044415275194
55.255044415275194
55.255044415275194
55.255044415275194
55.255044415275194
55.255044415275194
55.255044415275194
55.255044415275194
55.255044415275194
55.255044415275194
55.255044415275194
55.255044415275194
55.255044415275194
55.255044415275194
55.255044415275194
55.255044415275194
55.255044415275194
55.255044415275194
55.255044415275194
55.255044415275194
55.255044415275194
55.255044415275194
55.255044415275194
55.255044415275194
55.255044415275194
55.255044415275194
55.255044415275194
55.255044415275194
55.255044415275194
55.255044415275194
55.255044415275194
55.255044415275194
55.255044415275194
55.255044415275194
55.255044415275194
55.255044415275194
55.255044415275194
55.255044415275194
55.255044415275194
55.255044415275194
55.255044415275194
55.255044415275194
55.255044415275194
55.255044415275194
55.255044415275194
55.255044415275194
55.255044415275194
55.255044415275194
55.255044415275194
55.255044415275194
55.255044415275194
55.255044415275194
55.255044415275194
55.255044415275194
55.255044415275194
55.255044415275194
55.255044415275194
55.255044415275194
55.255044415275194
55.255044415275194
55.255044415275194
55.255044415275194
55.255044415275194
55.255044415275194
55.255044415275194
55.255044415275194
55.255044415275194
55.255044415275194
55.255044415275194
55.255044415275194
55.255044415275194
55.255044415275194
55.28022833419824
55.28022833419824
55.28022833419824
52.61825029936785
52.61825029936785
55.28022833419824
55.28022833419824
55.28022833419824
55.28022833419824
55.28022833419824
55.28022833419824
55.28022833419824
55.28022833419824
55.28022833419824
55.290534960543226
55.290534960543226
55.290534960543226
55.290534960543226
