46.3376223270992
46.943998456609066
48.647972149175985
49.89859418643588
50.50920026129473
51.018590565170896
51.2429377743116
51.84471665321804
52.28785558804191
52.193915421643695
52.62546330114575
52.85845960412537
52.98056716555743
53.458132307248334
53.641942021029344
53.563969696605284
53.81244837603199
53.995946785369995
53.97553446546091
54.012885245428855
54.31682638028516
54.649981603115826
54.650265019416544
53.79132544975192
53.39632337517107
53.5600407008901
53.29788506315032
53.463328319564006
52.796545809360815
52.761923781978375
52.949766874750445
52.95470562089171
52.94495516737104
52.777738654380286
52.66281702525863
52.45812399256813
52.522185354447025
52.87287455910767
52.651039224826754
53.249788141649525
53.76096439576851
53.68915579381917
53.52016953499922
54.07628794496095
54.367696055645084
54.83247313715168
54.651335910608566
54.78307202976778
55.006363873476666
54.93593651082756
54.77069969081299
55.01659706085478
54.970319923008944
55.21169228382185
55.30370801793451
55.261925517312044
55.890261639007974
56.405236220713256
56.43376804242496
56.438074671688184
56.41054667284819
56.44197981335319
56.24821923194563
56.051344732446765
56.119900205071566
56.57139987483767
56.60273224142575
56.590657680219316
56.58340260844409
56.8962484457997
56.81213065470909
56.79603006117743
56.796418015308724
56.58299579431832
56.82144953407269
56.8438842992206
57.03181477638302
57.140481244890054
57.28607503777763
57.15673811981393
57.2984518562825
57.29578493101271
57.26109767512169
57.40704620504812
57.51809864367321
57.41964665748694
57.595380804956164
57.67840187891791
57.7047110702206
57.56507074065179
57.70384021013189
57.867421590911555
58.056953245697926
58.073776261334174
58.184962540553656
58.258823356398764
58.339870796300104
58.504120423728736
58.63463592339544
58.580650066094094
58.68771648331623
58.664865167783184
58.640380754986836
58.77074750008022
58.76642643780099
58.78203236124283
58.9847073033906
58.783899176949305
59.31633991581249
59.18410887451853
59.38498056023398
59.58042189944416
59.772190686365015
59.813408681395025
59.706051282757116
59.84634426761677
60.10851028173771
60.20432537640206
60.466875952658995
60.61469363345545
60.50140348218781
60.58091987022486
60.77934045862558
60.891336186719684
61.01210615573083
61.3018967862987
61.48119639280718
61.50800517106785
61.47586481199827
61.37933485334257
61.69746342779897
61.75010443375252
61.75711319612926
61.63112556329013
61.82491509661033
61.777329350991444
61.777329350991444
61.79634967179239
61.71066186512297
61.646154916525504
61.59177074571977
61.591770745719785
61.624104646248824
61.68856986085849
61.77137534226637
61.58619588971915
61.51112453518573
61.48976998841981
61.306944987844204
61.289771217020174
61.20175088152614
60.93786511873375
60.82093043728058
60.93834135423598
60.8894904476634
60.8894904476634
60.795587059879765
60.73466596485948
60.748356203347555
60.847971643924
60.873394443603786
60.96355019193758
60.9961264344308
61.02154609563485
61.110176675650465
61.08572835384812
61.150632516445455
60.99952658165969
60.891640935732234
60.98719503129149
60.749503819255914
60.73314401281616
60.875052865023505
61.16552921100731
61.16552921100731
61.29340728260369
61.30857429987001
61.26381476265927
61.08740114078448
61.25950377588072
61.51749813712471
61.56237518073256
61.71582953059485
61.69667766264392
61.55051279536839
61.491374749776625
61.58037799004768
61.50774208973528
61.35279966400098
61.34819654364954
61.53729412119077
61.55112655310667
61.63698176401874
61.84291183078145
61.761109852728886
61.769119539308505
61.78390114377102
61.85925517831298
61.85925517831298
61.80819591254859
61.883000527070955
62.00212916178066
61.879363499883006
61.93840424938295
62.06930639279592
62.03838324791542
62.05228192713164
61.87705635406273
61.76171907710968
61.61619276736526
61.61619276736526
61.80666223423297
61.63115942081585
61.639624988937534
61.62007024919454
61.8990208494014
62.0401559804915
61.839098409687196
61.699355050025076
61.847574625991115
61.849568599960875
61.89836454560998
61.898364545609965
62.01027985689798
62.021117356890855
61.95096771425883
61.95096771425883
62.22071426811887
62.22071426811887
62.15346801205713
62.20769601395365
62.16265736495317
62.29764468230131
62.26835968818857
62.38096090855564
62.450593283461345
62.63135881255705
62.70237215006657
62.76127789118929
62.746953209997685
62.74695320999765
62.74695320999765
62.49400804979795
62.54028901912951
62.3858509462908
62.3858509462908
62.3858509462908
62.7116594596146
62.72296413700885
62.71740402334507
62.63195957519572
62.631959575195694
62.49953021953693
62.500229578946815
62.88680307376279
62.941752380083116
62.941752380083116
63.10079112252962
63.11540880318105
63.11540880318105
63.11540880318105
63.11540880318105
63.116973122232444
63.239513757583595
63.254759533942305
63.22809305192381
63.22809305192381
63.15511590752631
63.26653158093743
63.26653158093743
63.26653158093743
63.26761093734025
63.286155842466236
63.29074443547461
63.24040359632052
63.24040359632052
63.240403596320526
63.39967097444385
63.39967097444385
63.45182477171433
63.446609042427255
63.327504504288356
63.32908379675943
63.329083796759434
63.14343083298197
63.14640949207918
63.27264164671976
63.34355280709767
63.361177231622456
63.36997678952302
63.39113039929144
63.39113039929144
63.347239764350306
63.3472397643503
63.28803896307572
63.45769615288498
63.454088422844485
63.45408842284449
63.5051760070751
63.505176007075114
63.5285041459605
63.5285041459605
63.53183239947598
63.50590149162525
63.17766214578247
63.24958815041904
63.24958815041904
63.261345276602164
63.21255780847565
63.21255780847567
63.21255780847567
63.396724721933595
63.35712155833302
63.537803619017424
63.53780361901742
63.53780361901742
63.53780361901742
63.51302585583041
63.63068599114604
63.68228536615592
63.68228536615592
63.59655904111488
63.59655904111488
63.59655904111488
63.64714731508492
63.64714731508492
63.655021025069004
63.655021025069004
63.66223511563679
63.65672367626902
63.65672367626901
63.6786856566488
63.69698707429685
63.5633911125159
63.49366322531112
63.493663225311124
63.493663225311124
63.60469640666268
63.675425844796244
63.67636814803096
63.616773553151496
63.54938447001721
63.554223834917266
63.554223834917266
63.554223834917266
63.554223834917266
63.69329363805631
63.693293638056296
63.693293638056296
63.693293638056296
63.693293638056296
63.693293638056296
63.76511278794186
63.77493493232398
63.77493493232398
63.776054524718276
63.8784062695547
63.878406269554716
63.879603493948764
63.88442796429295
63.88442796429295
63.88442796429295
63.88442796429293
64.0031046954798
63.995509075985616
64.01955095583294
64.01955095583294
64.06600734331472
64.06600734331474
63.9077654882062
63.91079518000505
63.91079518000506
63.91599271803186
63.91599271803187
63.7737477915799
63.78037576977291
63.72643231320036
63.82385022313294
63.827650273004394
63.78563348516921
63.914909580001485
63.91617377395554
63.91661740577139
63.91661740577139
63.91661740577139
63.75501659760624
63.75501659760624
63.84251035684999
63.9013719222156
63.97785957750794
63.973816193241746
64.16328245499678
64.17089986749761
63.9939488202851
63.873467922690566
63.873467922690566
63.91877150215326
63.9186172689327
63.83772663052248
63.83772663052248
