43.58786559803573
43.58786559803573
44.29458685989161
44.22039948355737
44.22039948355737
44.22039948355737
44.22039948355737
44.22039948355737
44.22039948355737
43.21401178652219
44.22039948355737
44.30207964411373
52.488315306651465
51.98984694102952
51.98984694102952
51.98984694102952
51.98984694102952
51.98984694102952
51.98984694102952
52.488315306651465
54.20380051448012
56.876178476587974
54.0889685927854
54.0889685927854
54.0889685927854
55.64105281176384
55.64105281176384
55.64105281176384
56.354071437899954
56.354071437899954
57.378837785005516
54.64391867792177
55.42612064194798
55.42612064194798
55.42612064194798
55.42612064194798
55.42612064194798
59.32353091771775
59.1658922923469
59.1658922923469
59.1658922923469
56.74055323330059
59.3890497012995
60.13600616007545
58.70135644047701
57.45914623304832
58.52962200990305
58.08524662199274
58.08524662199274
57.18586852710788
54.83591909674275
57.186296805471684
58.48882491633037
58.48882491633037
57.0797053474905
57.0797053474905
57.66153496959829
59.705553318118774
59.705553318118774
58.2776350747025
59.705553318118774
61.36217948717949
61.36217948717949
61.36217948717949
61.44158799499182
60.85633391341984
59.10395312271778
61.44158799499182
61.45100732600732
61.45100732600732
61.45100732600732
61.45100732600732
61.45100732600732
61.45100732600732
61.57234432234432
58.95695422846826
61.0364101952218
59.30005529062134
59.30005529062134
59.30005529062134
59.30005529062134
59.30005529062134
59.30005529062134
60.31405564343869
60.31405564343869
60.31405564343869
62.75296043130837
62.75296043130837
62.75296043130837
63.62569168420233
61.33144146449258
61.507488905325445
62.07571555253674
62.07571555253674
64.09282207154548
64.09282207154548
64.09282207154548
64.1892681786299
64.1892681786299
64.1892681786299
64.1892681786299
64.28084327020498
64.28084327020498
63.71311078858249
63.71311078858249
64.28084327020498
64.28084327020498
64.28084327020498
64.28084327020498
64.28084327020498
64.28084327020498
64.28084327020498
64.29448211363105
64.29448211363105
64.29448211363105
64.29448211363105
64.29448211363105
64.29448211363105
64.29448211363105
64.29448211363105
64.29448211363105
64.29448211363105
64.29448211363105
62.753232257464404
62.753232257464404
62.753232257464404
62.753232257464404
59.36027570609299
59.36027570609299
59.36027570609299
59.36027570609299
62.512348325287505
62.753232257464404
63.42550447580034
60.9403206250842
60.9403206250842
60.9403206250842
60.9403206250842
60.9403206250842
60.9403206250842
60.9403206250842
61.109804843639786
61.109804843639786
61.740819209039536
62.048269336684974
62.44338454143789
62.44338454143789
62.44338454143789
62.154111356844844
60.39531113038818
62.44338454143789
62.44338454143789
62.49346128385666
62.49346128385666
62.49346128385666
56.31326844054691
62.49346128385666
62.49346128385666
62.49346128385666
62.49346128385666
62.742100380544876
62.742100380544876
62.742100380544876
62.742100380544876
62.742100380544876
62.742100380544876
63.46153846153845
63.46153846153845
63.46153846153845
63.46153846153845
63.46153846153845
63.46153846153845
63.46153846153845
63.46153846153845
63.46153846153845
63.502982031592396
63.502982031592396
63.502982031592396
58.906724213530964
58.906724213530964
62.074942715884504
63.39818219927213
63.39818219927213
63.39818219927213
63.39818219927213
63.39818219927213
63.39818219927213
63.39818219927213
63.39818219927213
63.39818219927213
63.39818219927213
63.39818219927213
63.502982031592396
61.9096744612563
62.86231969315481
62.912087912087905
62.912087912087905
62.912087912087905
63.262583212325794
63.502982031592396
63.54076368855603
63.795986622073585
63.795986622073585
63.795986622073585
63.795986622073585
63.795986622073585
63.795986622073585
63.795986622073585
63.795986622073585
64.7554864181
64.84929078014184
61.003117306363905
64.84929078014184
64.84929078014184
64.84929078014184
64.84929078014184
64.84929078014184
64.84929078014184
64.84929078014184
64.84929078014184
64.84929078014184
64.84929078014184
63.63065117319713
64.84929078014184
64.84929078014184
64.84929078014184
64.84929078014184
64.2866185593113
61.75622916705033
64.55995245888863
64.55995245888863
64.55995245888863
64.55995245888863
64.55995245888863
64.84929078014184
64.84929078014184
64.84929078014184
64.84929078014184
64.84929078014184
64.84929078014184
64.84929078014184
64.84929078014184
64.9418400748188
65.21821872621162
65.21821872621162
65.21821872621162
65.21821872621162
65.21821872621162
65.21821872621162
65.21821872621162
65.21821872621162
65.21821872621162
65.21821872621162
65.21821872621162
65.21821872621162
65.21821872621162
65.21821872621162
65.40976312760546
65.40976312760546
65.40976312760546
65.40976312760546
65.40976312760546
65.40976312760546
56.77208846047217
56.77208846047217
56.77208846047217
60.18591019444019
61.00724189702376
61.00724189702376
61.00724189702376
61.00724189702376
61.00724189702376
61.00724189702376
61.385521014305255
61.385521014305255
61.385521014305255
61.385521014305255
61.385521014305255
61.48666300323403
61.48666300323403
61.48666300323403
61.48666300323403
61.48666300323403
61.48666300323403
61.48666300323403
63.676272915336
63.676272915336
63.676272915336
63.676272915336
63.676272915336
62.25303471318802
63.676272915336
63.67913286366627
63.67913286366627
63.67913286366627
63.67913286366627
63.67913286366627
63.67913286366627
63.67913286366627
63.67913286366627
63.67913286366627
61.567460494499116
61.567460494499116
63.374548366492846
63.67913286366627
63.67913286366627
63.67913286366627
63.86741279540883
63.86741279540883
63.86741279540883
63.86741279540883
63.86741279540883
63.86741279540883
63.86741279540883
63.86741279540883
63.86741279540883
63.86741279540883
63.86741279540883
63.86741279540883
63.86741279540883
63.86741279540883
63.86741279540883
63.86741279540883
63.86741279540883
63.86741279540883
63.86741279540883
63.86741279540883
63.86741279540883
63.86741279540883
63.86741279540883
63.86741279540883
63.86741279540883
63.86741279540883
63.86741279540883
63.86741279540883
63.86741279540883
63.86741279540883
63.86741279540883
63.86741279540883
63.86741279540883
63.86741279540883
63.86741279540883
63.86741279540883
63.86741279540883
61.3260345602353
61.3260345602353
63.884095827335386
63.884095827335386
63.884095827335386
63.884095827335386
63.884095827335386
63.884095827335386
63.884095827335386
63.884095827335386
63.884095827335386
63.884095827335386
63.884095827335386
63.884095827335386
63.884095827335386
63.884095827335386
63.884095827335386
63.884095827335386
63.884095827335386
63.884095827335386
64.08762881683937
64.08762881683937
64.08762881683937
64.08762881683937
64.08762881683937
64.08762881683937
64.08762881683937
64.08762881683937
64.45036559672823
61.611282232203024
64.45036559672823
64.45036559672823
64.45036559672823
64.45036559672823
64.45036559672823
64.45036559672823
64.45036559672823
64.45036559672823
60.727865768153784
61.500789746010426
64.45036559672823
64.45036559672823
64.45036559672823
64.45036559672823
64.45036559672823
64.45036559672823
64.45036559672823
64.45036559672823
64.45036559672823
64.569094454647
64.569094454647
64.569094454647
64.569094454647
64.569094454647
64.569094454647
64.569094454647
64.569094454647
64.569094454647
64.569094454647
64.569094454647
64.569094454647
64.569094454647
64.569094454647
64.569094454647
64.569094454647
64.569094454647
64.569094454647
64.569094454647
64.569094454647
64.569094454647
64.569094454647
64.569094454647
64.569094454647
64.569094454647
64.99008919722496
64.99008919722496
64.99008919722496
64.99008919722496
64.99008919722496
64.99008919722496
64.99008919722496
64.99008919722496
65.1058740565678
65.1058740565678
65.1058740565678
64.32233531348139
63.69264486882897
65.1058740565678
65.1058740565678
65.1058740565678
62.64197599210193
65.1058740565678
65.1058740565678
65.1058740565678
65.1058740565678
65.1058740565678
65.1058740565678
65.1058740565678
65.1058740565678
65.19735838987573
65.19735838987573
65.19735838987573
65.19735838987573
65.19735838987573
65.19735838987573
65.19831135168103
65.19831135168103
65.19831135168103
65.19831135168103
65.19831135168103
63.70918800825343
65.19831135168103
65.19831135168103
65.56758405123122
65.56758405123122
65.56758405123122
65.56758405123122
65.56758405123122
64.6199824706767
64.6199824706767
65.56758405123122
65.56758405123122
65.56758405123122
65.56758405123122
65.75531752687353
65.75531752687353
65.75531752687353
65.75531752687353
65.75531752687353
65.75531752687353
65.75531752687353
65.75531752687353
65.75531752687353
65.75531752687353
65.75531752687353
65.75531752687353
61.75374580948256
65.75531752687353
59.57055108423506
65.75531752687353
65.78009453381108
65.78009453381108
65.78009453381108
65.78009453381108
65.78009453381108
65.78009453381108
65.78009453381108
65.78009453381108
65.78009453381108
65.78009453381108
65.78009453381108
65.78009453381108
65.78819470915606
65.78819470915606
65.78819470915606
65.78819470915606
