2062705.0
2011715.0
2011715.0
1884640.0
1884640.0
1667795.0
1667795.0
1667795.0
1265530.0
1265530.0
1073300.0
766820.0
766820.0
581385.0
581385.0
581385.0
581385.0
581385.0
581385.0
507490.0
66115.0
66115.0
45900.0
39025.0
39025.0
39025.0
39025.0
23500.0
23500.0
23500.0
23500.0
23500.0
21840.0
21840.0
21840.0
21840.0
21840.0
21840.0
21840.0
21840.0
21840.0
21840.0
21840.0
19060.0
19060.0
17070.0
16980.0
16980.0
14320.0
14320.0
14320.0
14320.0
14320.0
14320.0
14120.0
14120.0
14120.0
14120.0
14120.0
14120.0
14120.0
14120.0
14120.0
14120.0
14120.0
14120.0
14120.0
14120.0
14120.0
14120.0
14120.0
14120.0
14120.0
14120.0
14120.0
14120.0
6120.0
6120.0
6120.0
6120.0
6120.0
6120.0
6120.0
6120.0
6120.0
6120.0
6120.0
6120.0
6120.0
4700.0
4700.0
4700.0
4700.0
4700.0
4700.0
4700.0
4700.0
4700.0
4700.0
4700.0
4700.0
4700.0
4700.0
4700.0
4700.0
4700.0
4700.0
4700.0
4700.0
4700.0
4700.0
4700.0
4700.0
4700.0
4700.0
4700.0
4700.0
4700.0
4700.0
4700.0
4700.0
4700.0
4700.0
4500.0
4500.0
4500.0
4500.0
4500.0
4500.0
4500.0
4500.0
4500.0
4500.0
4500.0
4300.0
4300.0
4300.0
4300.0
4300.0
4300.0
4300.0
4300.0
4300.0
4300.0
4300.0
4300.0
4300.0
4300.0
4300.0
4300.0
4300.0
4300.0
4300.0
4300.0
4300.0
4300.0
4300.0
4300.0
4300.0
4300.0
4300.0
4300.0
4300.0
4300.0
4300.0
4300.0
4300.0
4300.0
4300.0
4300.0
4300.0
4300.0
4300.0
4300.0
4300.0
4300.0
4300.0
4300.0
4300.0
4300.0
4300.0
4300.0
4300.0
4300.0
4300.0
4300.0
4300.0
4300.0
4300.0
4300.0
4300.0
4300.0
4300.0
4300.0
4300.0
4300.0
4300.0
4300.0
4300.0
4300.0
4300.0
4300.0
4300.0
4300.0
4300.0
4300.0
4300.0
4300.0
4300.0
4300.0
4300.0
4300.0
4300.0
4300.0
4300.0
4300.0
4300.0
4300.0
4300.0
4300.0
4300.0
4300.0
4300.0
4300.0
4300.0
4300.0
4300.0
4300.0
4300.0
4300.0
4300.0
4300.0
4300.0
4300.0
4300.0
4300.0
4300.0
4300.0
4300.0
4300.0
4300.0
4300.0
4300.0
4300.0
4300.0
4300.0
4300.0
4300.0
4300.0
4300.0
4300.0
4300.0
4300.0
4300.0
4300.0
4300.0
4300.0
4300.0
4300.0
4300.0
4300.0
4300.0
4300.0
3800.0
3800.0
3800.0
3800.0
3800.0
3800.0
3800.0
3800.0
3800.0
3800.0
3800.0
3800.0
3800.0
3800.0
3800.0
3800.0
3800.0
3800.0
3800.0
3800.0
3800.0
3800.0
3800.0
3800.0
3800.0
3800.0
3800.0
3800.0
3800.0
3800.0
3800.0
3800.0
3800.0
3800.0
3800.0
3800.0
3800.0
3800.0
3800.0
3800.0
3800.0
3800.0
3800.0
3800.0
3800.0
3800.0
3800.0
3800.0
3800.0
3800.0
3800.0
3800.0
3800.0
3800.0
3800.0
3800.0
3800.0
3800.0
3800.0
3800.0
3800.0
3800.0
3800.0
3800.0
3800.0
3800.0
3800.0
3800.0
3800.0
3800.0
3800.0
3800.0
3800.0
3800.0
3800.0
3800.0
3800.0
3800.0
3800.0
3800.0
3800.0
3800.0
3800.0
3800.0
3800.0
3800.0
3800.0
3800.0
3800.0
3800.0
3800.0
3800.0
3800.0
3800.0
3800.0
3800.0
3800.0
3800.0
3800.0
3800.0
3800.0
3800.0
3800.0
3800.0
3800.0
3800.0
3800.0
3800.0
3800.0
3800.0
3800.0
3800.0
3800.0
3800.0
3800.0
3800.0
3800.0
3800.0
3800.0
3800.0
3800.0
3800.0
3800.0
3800.0
3800.0
3800.0
3800.0
3800.0
3800.0
3800.0
3800.0
3800.0
3800.0
3800.0
3800.0
3800.0
3800.0
3800.0
3800.0
3800.0
3800.0
3800.0
3800.0
3800.0
3800.0
3800.0
3800.0
3800.0
3800.0
3800.0
3800.0
3800.0
3800.0
3800.0
3800.0
3800.0
3800.0
3800.0
3800.0
3800.0
3800.0
3800.0
3800.0
3800.0
3800.0
3800.0
3800.0
3800.0
3800.0
3800.0
3800.0
3800.0
3800.0
3800.0
3800.0
3800.0
3800.0
3800.0
3800.0
3800.0
3800.0
3800.0
3800.0
3800.0
3800.0
3800.0
3800.0
3800.0
3800.0
3800.0
3800.0
3800.0
3800.0
3800.0
3800.0
3800.0
3800.0
3800.0
3800.0
3800.0
3800.0
3800.0
3800.0
3800.0
3800.0
3800.0
3800.0
3800.0
3800.0
3800.0
3800.0
3800.0
3800.0
3800.0
3800.0
3800.0
3800.0
3800.0
3800.0
3800.0
3800.0
3800.0
3800.0
3800.0
3800.0
3800.0
3800.0
3800.0
3800.0
3800.0
3800.0
3800.0
3800.0
3800.0
3800.0
3800.0
3800.0
