2971435.6875
2857358.625
2726655.9375
2646689.1875
2518776.3125
2431771.25
2405655.625
2289250.3125
2220385.5625
2192128.1875
2151981.0625
2062179.125
2021590.625
2026862.5625
1923761.0
1913504.4375
1874633.5
1834704.0
1767555.875
1823588.5625
1808369.125
1741050.0
1513194.0625
1435458.625
1412409.875
1436196.25
1313330.125
1394612.875
1497292.125
1493004.25
1520469.8125
1399637.875
1478655.25
1623047.625
1612806.875
1575178.1875
1593893.75
1552249.8125
1425150.6875
1453642.75
1429109.25
1282284.25
1299874.375
1362329.5
1349309.3125
1174473.75
1160843.8125
1198666.0
1349866.9375
1428808.1875
1443582.125
1420564.9375
1529159.75
1444393.375
1430137.25
1341322.5625
1363859.375
1474698.6875
1337800.0625
1270952.3125
1341261.875
1420150.125
1405970.0625
1387030.6875
1383403.25
1318814.5625
1356563.9375
1299576.75
1412354.875
1491924.3125
1552933.125
1590752.5625
1597938.6875
1581201.0625
1703608.5
1605413.4375
1492699.125
1402978.3125
1366817.375
1317703.1875
1294781.0
1229886.5625
1163628.8125
1248578.75
1300668.625
1296918.0
1337465.0625
1365836.25
1171206.9375
1371056.0
1394959.4375
1343657.75
1337850.75
1328532.0
1256070.0
1229286.0625
1217219.875
1202385.1875
1212967.25
1191438.3125
1246484.3125
1270067.8125
1307903.8125
1244516.75
1231607.3125
1256829.875
1284982.5
1226071.6875
1234095.5
1256930.875
1253217.4375
1253449.625
1292994.3125
1342171.0
1336477.5
1301449.0625
1333080.0625
1308449.8125
1238864.9375
1245486.5
1342543.125
1398935.5625
1370680.375
1356437.0
1404944.6875
1426968.5
1504133.4375
1523770.0
1565557.75
1539467.6875
1533916.125
1554981.9375
1609647.75
1646540.75
1600801.9375
1598113.125
1566000.625
1570434.4375
1532505.625
1504483.3125
1366876.9375
1378957.3125
1262961.0
1247627.9375
1321982.0
1343322.0625
1309050.25
1316595.125
1337165.4375
1359148.5
1318881.75
1372354.5625
1332665.25
1296915.375
1292009.0
1207788.9375
1203429.8125
1250948.0
1246823.8125
1224335.875
1193337.3125
1176468.0625
1189526.0
1196265.375
1162919.875
1178631.4375
1210404.1875
1230802.0
1208253.0625
1232651.5625
1215889.1875
1266494.75
1256784.75
1281342.0625
1294050.1875
1276706.1875
1385214.3125
1396272.875
1251961.4375
1214313.625
1191217.75
1231457.1875
1243474.25
1254096.6875
1249018.6875
1180515.5
1170235.625
1191316.1875
1192179.1875
1167802.625
1250035.8125
1252842.9375
1232952.9375
1144393.0
1124699.375
1103281.1875
1121235.5
1121235.4375
1128896.8125
1083677.6875
1118445.25
1142591.25
1135943.875
1171121.3125
1125807.0625
1085110.75
1107519.8125
1124357.6875
1083699.5
1049378.1875
1071201.625
998501.375
1047944.4375
1054014.75
1060797.375
1018557.0
1018557.0
1052008.125
1049748.5625
1081540.4375
1077794.1875
1063439.0
1037493.9375
1040261.6875
1081167.375
1058207.625
1084259.9375
1082665.8125
1056258.875
1176608.75
1176449.5
1201149.8125
1208402.1875
1230692.25
1244825.875
1243261.1875
1325425.9375
1297990.5
1268707.125
1244843.5
1199392.625
1254578.4375
1238688.0625
1216881.6875
1192765.625
1178523.6875
1199423.6875
1161544.1875
1222240.9375
1134677.0
1072103.75
1074811.6875
1150786.6875
1168297.0
1229954.9375
1265292.3125
1232796.9375
1247032.0625
1301383.0625
1304337.0625
1285649.625
1239136.6875
1194232.9375
1115850.5
1129391.5
1100323.3125
1117836.625
1113236.5
1107253.0625
1123144.6875
1157918.4375
1093297.75
1109773.0625
1185439.4375
1191453.0
1222636.0625
1158604.3125
1142032.4375
1155910.4375
1155973.5
1166271.5
1182173.875
1182173.875
1180701.8125
1201721.4375
1189026.25
1175918.4375
1086148.125
1098443.75
1120013.5625
1136016.875
1175139.875
1170560.125
1152147.1875
1098531.0625
1093431.6875
1056463.9375
1102168.875
1054738.125
1072612.1875
1044457.0625
1046894.125
1030330.125
1059970.3125
1047917.5
1086777.4375
1064333.75
1080788.875
1141236.0
1137461.75
1143898.875
1143800.8125
1202505.3125
1180759.6875
1182407.9375
1210161.75
1234236.0
1224055.375
1217633.75
1150312.5625
1159931.1875
1149884.6875
1130247.75
1101797.125
1028567.125
987192.4375
1035109.625
997595.5
1005232.875
981510.8125
971285.8125
1032206.25
1030998.75
1035558.25
1055098.8125
934861.8125
835150.125
798205.5625
757953.9375
852299.75
882921.375
1004246.1875
996291.125
1022822.8125
1042913.75
1070203.0625
1143256.8125
1097851.75
1195306.0625
1174888.3125
1161378.3125
1035675.6875
1083352.5625
1096525.0625
1033329.375
1083532.25
1055303.0
1054333.3125
1009694.0625
1044785.3125
1046771.8125
1021785.125
1054994.3125
1000256.25
1008803.625
971417.8125
970876.75
967097.875
986750.4375
1025812.5625
1025812.5625
1047008.4375
1044674.625
935353.0
896429.125
896429.125
847009.5
848943.375
846673.9375
843937.0625
841810.5625
821251.5
802389.75
813614.875
872961.25
872116.625
892621.875
927307.375
926634.5625
899552.8125
863445.25
915359.9375
876196.8125
847968.6875
902248.5625
902248.5625
881672.5625
847937.6875
848901.1875
843272.8125
821350.625
842749.8125
806640.8125
780459.5
805421.5
811064.25
828294.0625
826847.0625
816860.125
814444.375
850456.8125
846200.875
867355.8125
853872.6875
856756.6875
867897.6875
849389.3125
841594.3125
848884.4375
827912.25
805425.3125
819699.6875
827247.125
839202.875
859566.4375
876874.625
860925.375
863798.125
853595.75
932682.0
931260.9375
941697.875
930656.25
920287.875
952257.75
968865.0
975909.25
954658.125
934387.25
913617.375
951715.9375
905719.8125
905065.625
917131.5625
913428.3125
900041.4375
964583.8125
951049.6875
968459.1875
918954.375
893529.8125
868276.9375
857646.3125
858436.125
853934.3125
895007.6875
906687.625
914082.75
912627.1875
957644.5
989674.875
985277.125
947596.9375
940749.625
957422.1875
903220.875
818836.4375
859787.4375
898208.6875
895346.25
912511.6875
912511.6875
920316.9375
900894.9375
913931.875
889602.25
896840.6875
876724.0625
834074.125
871751.8125
888863.125
872356.0
837931.0625
895743.5625
896320.8125
929211.625
923892.375
938759.625
969855.375
980137.8125
1000332.5
962180.375
911885.1875
924725.3125
975348.4375
986002.5
993726.8125
986104.8125
971568.0625
1019614.5
