13180.0
10480.0
4520.0
4520.0
4520.0
4520.0
4520.0
4520.0
4520.0
4520.0
4520.0
4520.0
4520.0
4520.0
4520.0
4420.0
4420.0
4420.0
4420.0
4420.0
4420.0
4420.0
4420.0
4420.0
4420.0
4420.0
4420.0
4420.0
4320.0
4320.0
4320.0
4320.0
4320.0
4320.0
4320.0
4320.0
4320.0
4320.0
4320.0
4320.0
4320.0
4320.0
4320.0
4320.0
4320.0
4320.0
4320.0
4320.0
4320.0
4320.0
4320.0
4320.0
4320.0
4320.0
4320.0
4320.0
4320.0
4320.0
4320.0
4320.0
4320.0
4320.0
4320.0
4320.0
4320.0
4320.0
4320.0
4320.0
4320.0
4320.0
4320.0
4320.0
4320.0
4320.0
4320.0
4320.0
4320.0
4320.0
4320.0
4320.0
4320.0
4320.0
4320.0
4320.0
4320.0
4320.0
4320.0
4320.0
4320.0
4320.0
4320.0
4320.0
4320.0
4320.0
4320.0
4320.0
4320.0
4320.0
4320.0
4320.0
4320.0
4320.0
4320.0
4320.0
4320.0
4320.0
4320.0
4320.0
4320.0
4320.0
4320.0
4320.0
4320.0
4320.0
4320.0
4320.0
4320.0
4320.0
4320.0
4320.0
4320.0
4320.0
4320.0
4320.0
4320.0
4320.0
4320.0
4320.0
4320.0
4320.0
4320.0
4320.0
4320.0
4320.0
4320.0
4320.0
4320.0
4320.0
4320.0
4320.0
4320.0
4320.0
4320.0
4320.0
4320.0
4320.0
4320.0
4320.0
4320.0
4320.0
4320.0
4320.0
4320.0
4320.0
4320.0
4320.0
4320.0
4320.0
4320.0
4320.0
4320.0
4320.0
4320.0
4320.0
4320.0
4320.0
4320.0
4320.0
4320.0
4320.0
4320.0
4320.0
4320.0
4320.0
4320.0
4320.0
4320.0
4320.0
4320.0
4320.0
4320.0
4320.0
4320.0
4320.0
4320.0
4320.0
4320.0
4320.0
4320.0
4320.0
4320.0
4320.0
4320.0
4320.0
4320.0
4320.0
4320.0
4320.0
4320.0
4320.0
4320.0
