49526.333333333336
38300.333333333336
39508.5
32941.75
34216.583333333336
30275.75
34018.583333333336
31435.333333333332
30741.166666666668
28460.333333333332
29050.083333333332
26430.583333333332
28266.25
24643.833333333332
24865.333333333332
23345.833333333332
23020.166666666668
20699.333333333332
22035.666666666668
26421.0
25570.333333333332
22151.166666666668
23991.833333333332
22844.5
22969.666666666668
20949.666666666668
20847.583333333332
18617.416666666668
19660.416666666668
19803.083333333332
20686.75
21104.083333333332
20959.75
20273.75
21693.75
23758.5
24221.166666666668
20856.5
22264.166666666668
22799.5
24955.25
25052.25
25052.25
24674.916666666668
25244.75
24904.25
24624.916666666668
25003.916666666668
26276.083333333332
26919.75
26729.5
26415.083333333332
25716.416666666668
24500.75
24500.75
25071.75
25156.416666666668
24972.75
25355.416666666668
25605.75
25881.416666666668
25797.75
25434.416666666668
25957.75
26004.75
26017.75
26541.083333333332
26541.083333333332
26151.083333333332
26426.083333333332
26284.416666666668
25934.416666666668
24552.75
24430.75
24067.416666666668
24067.416666666668
23859.75
23859.75
23338.083333333332
23338.083333333332
23338.083333333332
23841.75
23841.75
24043.75
24049.083333333332
24049.083333333332
24049.083333333332
24747.75
24747.75
24751.916666666668
24751.916666666668
24748.25
24207.916666666668
24510.916666666668
24501.25
24746.5
24579.75
24579.75
24800.916666666668
24793.583333333332
23789.583333333332
23764.583333333332
23710.25
23048.583333333332
23363.0
23363.0
23363.0
23363.0
23188.333333333332
22318.333333333332
22318.333333333332
22120.0
22654.666666666668
22654.666666666668
22654.666666666668
23165.333333333332
22741.333333333332
22235.666666666668
22235.666666666668
22230.666666666668
22448.25
22063.916666666668
21679.583333333332
21679.583333333332
21175.916666666668
21185.25
21185.25
21214.583333333332
21214.583333333332
21214.583333333332
21214.583333333332
21214.583333333332
21280.583333333332
21313.25
21313.25
21313.25
21203.916666666668
21203.916666666668
21581.583333333332
21212.583333333332
20950.583333333332
20658.25
20660.25
20660.25
20660.25
20996.916666666668
21139.25
21156.583333333332
21156.583333333332
21785.916666666668
21243.916666666668
21514.916666666668
21514.916666666668
20867.25
20925.25
20431.25
19856.916666666668
19711.333333333332
19748.0
19438.333333333332
19492.333333333332
19492.333333333332
19492.333333333332
19492.333333333332
19492.333333333332
19492.333333333332
19492.333333333332
19529.0
19529.0
19495.0
18977.0
18977.0
19269.75
18914.083333333332
19919.75
19919.75
19934.75
20059.083333333332
20396.833333333332
21030.833333333332
21572.833333333332
22567.166666666668
22158.166666666668
22048.833333333332
22037.833333333332
21776.833333333332
21384.833333333332
21181.25
21473.333333333332
20977.0
22999.666666666668
22983.0
22760.666666666668
23049.0
23049.0
23049.0
23426.75
23426.75
23576.416666666668
23573.083333333332
23181.416666666668
