55.61659772492244
59.27503932878867
61.68116683725691
63.55578727841501
63.55578727841501
66.30338078291815
66.30338078291815
66.30338078291815
66.30338078291815
66.30338078291815
66.30338078291815
66.30338078291815
66.30338078291815
66.65733482642779
66.65733482642779
66.65733482642779
66.7556029882604
66.7556029882604
66.7556029882604
67.58360302049621
67.58360302049621
67.58360302049621
67.58360302049621
67.59656652360515
67.59656652360515
67.59656652360515
67.59656652360515
67.59656652360515
68.6353829557713
68.6353829557713
68.6353829557713
68.6353829557713
68.6353829557713
68.6353829557713
68.6353829557713
68.6353829557713
68.6353829557713
68.6353829557713
68.6353829557713
68.6353829557713
68.6353829557713
68.6353829557713
68.6353829557713
68.6353829557713
68.6353829557713
68.6353829557713
68.6353829557713
68.6353829557713
68.6353829557713
68.6353829557713
68.6353829557713
68.6353829557713
68.6353829557713
68.6353829557713
68.6353829557713
68.6353829557713
68.6353829557713
68.6353829557713
68.6353829557713
68.6353829557713
68.6353829557713
68.6353829557713
68.6353829557713
68.6353829557713
68.6353829557713
68.6353829557713
68.6353829557713
68.6353829557713
68.6353829557713
68.6353829557713
68.6353829557713
68.6353829557713
68.6353829557713
68.6353829557713
68.6353829557713
68.6353829557713
68.6353829557713
68.6353829557713
68.6353829557713
68.6353829557713
68.6353829557713
68.6353829557713
68.6353829557713
68.6353829557713
68.6353829557713
68.6353829557713
68.6353829557713
68.6353829557713
68.6353829557713
68.6353829557713
68.6353829557713
68.6353829557713
68.6353829557713
68.6353829557713
68.6353829557713
68.6353829557713
68.6353829557713
68.6353829557713
68.6353829557713
68.6353829557713
68.6353829557713
68.6353829557713
68.6353829557713
68.6353829557713
68.6353829557713
68.6353829557713
68.6353829557713
68.6353829557713
68.6353829557713
68.6353829557713
68.6353829557713
68.6353829557713
68.6353829557713
68.6353829557713
68.6353829557713
68.6353829557713
68.6353829557713
68.6353829557713
68.6353829557713
68.6353829557713
68.6353829557713
68.6353829557713
68.6353829557713
68.6353829557713
68.6353829557713
68.6353829557713
68.6353829557713
68.6353829557713
68.6353829557713
68.6353829557713
68.6353829557713
68.6353829557713
68.6353829557713
68.6353829557713
68.6353829557713
68.6353829557713
68.6353829557713
68.6353829557713
68.6353829557713
68.6353829557713
68.6353829557713
68.6353829557713
68.6353829557713
68.6353829557713
68.6353829557713
68.6353829557713
68.6353829557713
68.6353829557713
68.6353829557713
68.6353829557713
68.6353829557713
68.6353829557713
68.6353829557713
68.6353829557713
68.6353829557713
68.6353829557713
68.6353829557713
68.6353829557713
68.6353829557713
68.6353829557713
68.6353829557713
68.6353829557713
68.6353829557713
68.6353829557713
68.6353829557713
68.6353829557713
68.6353829557713
68.6353829557713
68.6353829557713
68.6353829557713
68.6353829557713
68.6353829557713
68.6353829557713
68.6353829557713
68.6353829557713
68.6353829557713
68.6353829557713
68.6353829557713
68.6353829557713
68.6353829557713
68.6353829557713
68.6353829557713
68.6353829557713
68.6353829557713
68.6353829557713
68.6353829557713
68.6353829557713
68.6353829557713
68.6353829557713
68.6353829557713
68.6353829557713
68.6353829557713
68.6353829557713
68.6353829557713
68.6353829557713
68.6353829557713
68.6353829557713
68.6353829557713
68.6353829557713
68.6353829557713
68.6353829557713
