48.38549527365161
51.800908715406855
53.02044609665428
53.02044609665428
53.02044609665428
53.02044609665428
53.02044609665428
53.02044609665428
53.02044609665428
53.02044609665428
53.02044609665428
53.02044609665428
53.02044609665428
56.19917711471799
55.003781475220215
54.382946896035904
54.382946896035904
58.943465030614384
58.943465030614384
58.943465030614384
58.943465030614384
58.39154377795025
58.39154377795025
62.571622436670694
62.571622436670694
62.571622436670694
62.571622436670694
62.571622436670694
62.571622436670694
62.571622436670694
62.571622436670694
62.571622436670694
62.571622436670694
62.46267504118617
62.46267504118617
64.25412143144351
