62.46291560102302
66.72465753424657
66.72465753424657
66.72465753424657
68.3285010147869
68.3285010147869
68.49938765218644
68.49938765218644
68.49938765218644
68.49938765218644
68.49938765218644
68.92838551349743
68.92838551349743
68.92838551349743
69.6390472015198
69.93887620590617
69.6390472015198
69.6390472015198
69.6390472015198
69.6390472015198
69.6390472015198
69.6390472015198
69.98384728340676
69.98384728340676
70.52300949598248
70.52300949598248
70.97131874630396
70.97131874630396
70.97131874630396
70.97131874630396
71.6401642403882
71.6401642403882
71.6401642403882
71.6401642403882
71.6401642403882
71.6401642403882
