54.599368032371935
57.61809173561489
59.95155276975433
58.32318285745083
58.59049010420756
58.65662284358092
58.28800654951337
56.99340787259599
59.464370858562596
59.464370858562596
59.464370858562596
59.53587050211442
59.53587050211442
62.43730343329679
59.60760727067639
63.261903416626694
62.799588401842335
64.81415944974471
65.6206380535279
65.6206380535279
65.55986271804896
64.76069290992866
64.81815959024316
66.39729915305638
66.48715952181901
66.35949260072715
66.48996842054247
66.79394837500968
66.54058050552858
66.49979226938204
66.61126651839608
67.42379700145057
67.06882922348007
66.79781009982885
66.48838697071359
67.12024211278406
