498811.0
498811.0
335946.0
335946.0
335946.0
335946.0
335946.0
289631.0
271098.0
254442.0
226046.0
226046.0
206632.0
188630.0
159076.0
123657.0
123657.0
123657.0
123657.0
123657.0
123657.0
115849.0
115849.0
115849.0
115849.0
115849.0
105170.0
105170.0
105170.0
105170.0
105170.0
98622.0
98610.0
98610.0
98610.0
82983.0
82983.0
82983.0
82983.0
82983.0
82983.0
82983.0
82983.0
82983.0
82983.0
80404.0
80404.0
80404.0
80404.0
80404.0
80404.0
73155.0
73155.0
73155.0
71108.0
71084.0
71084.0
71084.0
71084.0
71084.0
71084.0
68388.0
68388.0
65447.0
65447.0
65447.0
65092.0
65092.0
65092.0
65092.0
63021.0
63021.0
61049.0
61049.0
57903.0
57903.0
57903.0
57903.0
57903.0
57903.0
57903.0
56837.0
56837.0
56837.0
56837.0
56837.0
56837.0
56837.0
56837.0
56690.0
56690.0
55248.0
55248.0
53866.0
53866.0
53866.0
53866.0
53444.0
53432.0
53432.0
53432.0
53432.0
53432.0
53432.0
52782.0
52782.0
52683.0
52683.0
52683.0
52182.0
52182.0
52182.0
52182.0
52182.0
52182.0
51939.0
51939.0
51939.0
51939.0
51939.0
51939.0
51939.0
51939.0
51939.0
51939.0
51939.0
51939.0
51939.0
51939.0
51939.0
51939.0
51033.0
51033.0
51033.0
51033.0
51033.0
51033.0
51033.0
51033.0
51033.0
51033.0
51033.0
51033.0
51033.0
51033.0
51033.0
51033.0
51033.0
51033.0
51033.0
51033.0
51033.0
51033.0
51033.0
51033.0
51033.0
51033.0
51033.0
51033.0
51033.0
51033.0
51033.0
51033.0
51033.0
51033.0
51033.0
51033.0
51033.0
51033.0
51033.0
50976.0
50976.0
50976.0
49083.0
49083.0
49083.0
49083.0
49083.0
49083.0
49083.0
49083.0
49083.0
49083.0
49083.0
49083.0
49083.0
49083.0
49083.0
49083.0
49083.0
49083.0
49083.0
49083.0
49083.0
49083.0
49083.0
49083.0
49083.0
49083.0
49083.0
49083.0
49083.0
49083.0
49083.0
49083.0
49083.0
49083.0
49083.0
49083.0
49083.0
49083.0
49083.0
49083.0
49083.0
49083.0
49083.0
49083.0
49083.0
49083.0
49083.0
49083.0
49083.0
49083.0
49083.0
49083.0
49083.0
49008.0
49008.0
49008.0
49008.0
49008.0
49008.0
49008.0
49008.0
49008.0
49008.0
49008.0
49008.0
49008.0
49008.0
47699.0
47699.0
47699.0
47699.0
47699.0
47699.0
47699.0
47699.0
47699.0
47699.0
47699.0
47699.0
47699.0
47699.0
47699.0
47699.0
47614.0
47614.0
47614.0
47541.0
47541.0
47541.0
47541.0
47541.0
47541.0
47541.0
47541.0
47541.0
47541.0
47541.0
47541.0
47541.0
47541.0
47541.0
47541.0
47541.0
47541.0
47541.0
47541.0
47541.0
47541.0
47541.0
47541.0
47541.0
47541.0
47541.0
47541.0
47541.0
47541.0
47541.0
47541.0
47541.0
47541.0
47541.0
47541.0
47541.0
47541.0
47541.0
47541.0
47541.0
47541.0
47541.0
47541.0
47541.0
47541.0
47541.0
47541.0
47541.0
47541.0
47541.0
47541.0
47541.0
47541.0
47541.0
47541.0
47541.0
47541.0
47541.0
47541.0
44775.0
37530.0
37530.0
37530.0
37530.0
37530.0
37530.0
33287.0
33287.0
33287.0
31625.0
31625.0
31625.0
31625.0
31625.0
31625.0
31625.0
31625.0
31625.0
31625.0
31625.0
31625.0
31625.0
31625.0
31625.0
31625.0
31625.0
31625.0
31625.0
31625.0
31625.0
31625.0
31625.0
31625.0
31625.0
31625.0
31625.0
31625.0
31625.0
31625.0
31625.0
31625.0
31625.0
31625.0
31625.0
31625.0
31625.0
31625.0
31625.0
31625.0
31625.0
31625.0
31625.0
31625.0
27688.0
26773.0
26186.0
26186.0
26186.0
26007.0
26007.0
26007.0
26007.0
26007.0
26007.0
26007.0
26007.0
25848.0
25848.0
25848.0
25848.0
25848.0
25848.0
25848.0
25848.0
25848.0
25848.0
25430.0
25430.0
25430.0
25430.0
25108.0
25108.0
25108.0
25108.0
25108.0
25108.0
25108.0
25108.0
25108.0
25108.0
25108.0
25108.0
25108.0
25108.0
25108.0
25108.0
25108.0
25108.0
25108.0
25108.0
25108.0
25108.0
25108.0
25108.0
25108.0
25108.0
25108.0
25108.0
25108.0
25108.0
25108.0
25108.0
25108.0
25108.0
25108.0
25108.0
25108.0
25108.0
25108.0
25108.0
25108.0
25108.0
25108.0
25108.0
24003.0
24003.0
24003.0
24003.0
24003.0
24003.0
24003.0
24003.0
23752.0
23752.0
23752.0
23557.0
23557.0
23557.0
23557.0
23557.0
23557.0
23557.0
23557.0
23557.0
23557.0
23557.0
23557.0
23557.0
23557.0
23557.0
23557.0
23557.0
23557.0
23557.0
23557.0
23557.0
23557.0
23557.0
23557.0
23557.0
23557.0
23557.0
23557.0
23557.0
23557.0
23557.0
23557.0
23557.0
23557.0
23557.0
23557.0
23557.0
23557.0
23557.0
22863.0
22863.0
22863.0
22863.0
22863.0
22863.0
