52.4215751402421
52.57910362148084
53.1498046632767
53.656617516618155
54.78780889089619
54.78780889089619
56.23155383110671
56.23155383110671
56.953918822430936
57.494324062635634
57.494324062635634
57.494324062635634
58.80738948157743
58.80738948157743
58.80738948157743
58.80738948157743
59.39118835474513
60.351018220793144
60.607304338464864
60.607304338464864
60.607304338464864
60.87130937098845
60.87130937098845
60.87130937098845
60.87130937098845
60.87130937098845
61.055373204700416
61.055373204700416
61.12508097020296
61.12508097020296
61.12508097020296
61.82187523057625
61.82187523057625
61.82187523057625
61.82187523057625
62.038256162680135
62.038256162680135
62.038256162680135
62.95212073900598
62.95212073900598
62.95212073900598
62.95212073900598
64.85841439319097
64.85841439319097
64.85841439319097
64.85841439319097
64.85841439319097
64.85841439319097
64.85841439319097
64.85841439319097
64.85841439319097
64.85841439319097
64.91612204574815
64.91612204574815
65.12664654746992
65.12664654746992
65.12664654746992
65.12664654746992
65.12664654746992
65.12664654746992
65.12664654746992
65.12664654746992
65.12664654746992
65.12664654746992
65.12664654746992
65.12664654746992
65.12664654746992
65.12664654746992
65.12664654746992
65.12664654746992
65.12664654746992
65.12664654746992
65.12664654746992
65.12664654746992
65.12664654746992
65.15630338230271
65.37358497709461
65.37358497709461
65.37358497709461
65.37358497709461
65.37358497709461
65.37358497709461
65.37358497709461
65.37358497709461
65.37358497709461
65.37358497709461
65.37358497709461
65.37358497709461
65.37358497709461
65.37358497709461
65.37358497709461
65.37358497709461
65.40008707833263
65.40008707833263
65.41830727293379
65.41830727293379
65.41830727293379
65.41830727293379
65.41830727293379
65.48905841820316
65.48905841820316
65.57863010068893
65.57863010068893
65.57863010068893
65.57863010068893
65.57863010068893
65.57863010068893
65.57863010068893
65.57863010068893
65.57863010068893
65.87815341881966
65.87815341881966
66.0835657023353
66.2743019247899
66.2743019247899
66.2743019247899
66.2743019247899
66.41153452886581
66.43354556307202
66.43354556307202
66.7593659660911
66.7593659660911
66.7593659660911
66.7593659660911
66.7593659660911
66.7593659660911
67.2479295257442
67.2479295257442
67.2479295257442
67.2479295257442
67.2479295257442
67.2479295257442
67.2479295257442
67.2479295257442
67.80374289633548
67.80374289633548
67.80374289633548
67.80374289633548
67.80374289633548
67.80374289633548
67.80374289633548
67.80374289633548
67.80374289633548
67.80374289633548
68.14692337840488
68.14692337840488
68.14692337840488
68.41980207720948
68.45091122868902
68.45091122868902
68.45091122868902
68.45091122868902
68.45091122868902
68.45091122868902
68.45091122868902
68.45091122868902
68.45091122868902
68.45091122868902
68.45091122868902
68.54105428179503
68.54105428179503
68.64050558495003
68.64050558495003
68.64050558495003
68.72501469723693
68.72501469723693
68.72501469723693
68.72501469723693
68.72501469723693
68.72501469723693
68.72501469723693
68.72501469723693
68.72501469723693
68.72501469723693
68.72501469723693
68.72501469723693
68.73383303938861
68.73383303938861
68.73383303938861
68.73383303938861
68.73383303938861
68.73383303938861
69.11547129139723
69.11547129139723
69.11547129139723
69.21205558386578
69.21205558386578
69.21271800901431
69.21271800901431
69.21271800901431
69.21271800901431
69.21271800901431
69.3394516091098
69.3394516091098
69.3394516091098
69.3394516091098
69.3394516091098
69.4509231311983
69.4509231311983
69.4509231311983
69.4509231311983
69.4509231311983
69.4509231311983
69.50555642663949
69.50555642663949
69.50555642663949
69.50555642663949
69.50555642663949
69.50555642663949
69.50555642663949
69.50555642663949
69.50555642663949
69.50555642663949
69.50555642663949
69.54206028771901
69.54206028771901
69.54206028771901
69.54206028771901
69.54206028771901
69.54206028771901
69.54206028771901
69.72457959311669
69.72457959311669
69.72457959311669
69.72457959311669
69.72457959311669
69.72457959311669
69.79685233820703
69.79685233820703
69.79685233820703
69.87524989220336
69.87524989220336
69.87524989220336
69.92179843988868
69.92179843988868
69.92179843988868
69.92179843988868
69.92179843988868
69.92179843988868
69.9690819646427
69.9690819646427
69.9690819646427
69.9690819646427
69.9690819646427
70.21774920622477
70.21774920622477
70.21774920622477
70.21774920622477
70.21774920622477
70.37576927599858
70.37576927599858
70.37576927599858
70.37576927599858
70.37576927599858
70.37576927599858
70.37576927599858
70.37576927599858
70.37576927599858
70.37576927599858
70.37576927599858
70.44804202108894
70.44804202108894
70.44804202108894
70.47499118027517
70.47499118027517
70.51174003371095
70.51174003371095
70.51174003371095
70.51174003371095
70.51174003371095
70.51174003371095
70.51174003371095
70.51174003371095
70.51174003371095
70.51174003371095
70.54113911645956
70.54113911645956
70.54113911645956
70.54113911645956
70.54113911645956
70.54113911645956
70.54113911645956
70.54113911645956
70.54113911645956
70.54113911645956
70.54113911645956
70.54113911645956
70.54113911645956
70.54113911645956
70.54113911645956
70.54971384892791
70.54971384892791
70.54971384892791
70.54971384892791
70.54971384892791
70.67343498882835
70.67343498882835
70.67343498882835
70.67343498882835
70.67343498882835
70.67343498882835
70.67343498882835
70.67343498882835
70.67343498882835
70.67343498882835
70.67343498882835
70.67343498882835
70.67343498882835
70.67343498882835
70.67343498882835
70.67343498882835
70.67343498882835
70.67343498882835
70.67343498882835
70.67343498882835
70.67343498882835
70.67343498882835
70.70405903335815
70.70405903335815
70.81553055544668
70.81553055544668
70.82533024969622
70.82533024969622
70.82533024969622
70.82533024969622
70.82533024969622
70.82533024969622
70.82533024969622
70.82533024969622
70.82533024969622
70.82533024969622
70.82533024969622
70.82533024969622
70.82533024969622
70.82533024969622
70.82533024969622
70.82533024969622
70.82533024969622
70.82533024969622
70.82533024969622
70.82533024969622
70.82533024969622
70.82533024969622
70.82533024969622
70.85113680909447
70.85113680909447
70.85113680909447
70.85113680909447
70.85113680909447
70.85113680909447
70.85423934773236
70.86158911841952
70.9939729517836
70.9939729517836
70.9939729517836
70.9939729517836
71.16596432771463
71.16596432771463
71.16596432771463
71.16596432771463
71.28944531556252
71.28944531556252
71.28944531556252
71.28944531556252
71.28944531556252
71.32188292644261
71.32188292644261
71.32188292644261
71.32188292644261
71.32188292644261
71.32188292644261
71.32188292644261
71.32188292644261
71.32188292644261
71.32188292644261
71.32188292644261
71.32188292644261
71.32188292644261
71.32188292644261
71.32188292644261
71.32188292644261
71.32188292644261
71.33080017438174
71.33080017438174
71.33080017438174
71.33080017438174
71.33080017438174
71.37885423272036
71.37885423272036
71.37885423272036
71.52472037125179
71.52472037125179
71.52472037125179
71.52472037125179
71.58347215611613
71.58347215611613
71.58347215611613
71.58347215611613
71.58347215611613
71.58347215611613
71.58347215611613
71.58347215611613
71.58347215611613
71.58347215611613
71.58347215611613
71.58347215611613
71.59586704743771
71.59586704743771
71.59586704743771
71.59586704743771
71.59586704743771
71.59586704743771
71.59586704743771
71.59586704743771
71.59586704743771
71.59586704743771
71.59586704743771
71.59586704743771
71.59586704743771
71.59586704743771
71.59586704743771
71.59586704743771
71.62387950182452
71.63677018879898
71.63677018879898
71.63677018879898
71.63677018879898
71.69006822148182
71.69006822148182
71.69006822148182
71.69006822148182
71.69006822148182
71.69006822148182
71.69006822148182
71.69006822148182
71.69006822148182
71.69006822148182
71.69006822148182
71.69006822148182
71.69006822148182
71.69006822148182
71.69006822148182
71.69006822148182
71.69006822148182
71.69006822148182
71.69006822148182
71.69006822148182
71.69006822148182
71.69006822148182
71.69006822148182
71.69006822148182
71.69006822148182
71.69006822148182
71.69006822148182
71.69006822148182
71.69006822148182
71.69006822148182
71.69006822148182
71.69006822148182
71.69006822148182
71.71411431064573
71.71411431064573
71.71411431064573
71.71411431064573
71.71411431064573
71.71411431064573
71.71411431064573
71.71411431064573
71.71411431064573
71.71411431064573
71.79765587815325
71.79765587815325
71.79765587815325
71.79765587815325
71.91639893701412
71.91639893701412
71.91639893701412
71.91639893701412
71.91639893701412
71.93623076312866
71.93623076312866
71.93623076312866
71.93623076312866
71.93623076312866
71.93623076312866
71.93623076312866
71.93623076312866
71.93623076312866
71.93623076312866
71.93623076312866
71.93623076312866
71.93623076312866
71.93623076312866
71.93623076312866
71.93623076312866
71.93623076312866
71.93623076312866
71.93623076312866
71.93623076312866
71.93623076312866
