46.86186561519994
48.32976634108685
49.03158545522176
49.79183408593087
50.96688577201357
51.16542891242365
51.28261558094512
51.976562546572
52.62352612902261
53.046103145182904
53.45030698685143
53.967132389999016
54.607382995882496
54.6636545937513
54.67723378914254
54.86419176234544
55.217465196531485
55.43694994727699
56.06364662635669
56.24494564681204
56.66330214383587
56.61027197168736
56.64657801173759
57.2741876277546
57.06406816275138
57.011971199102184
57.37556582978349
57.426072936189556
58.16844039556719
58.501182890074816
58.49553935207801
58.85981299041265
59.19440923915035
59.25749147964531
59.02763567125529
58.96348746426683
59.15541294364582
59.09548888411467
59.34927325594614
59.82766116689248
59.540441406224076
59.58474870310416
59.60005354414157
59.61412864290385
59.7574481298552
60.00350663023509
60.21256277801491
60.5156631523707
60.896836440494596
61.18792294851063
61.325211038529005
61.45866473002815
61.6102977234346
61.56397360623657
61.896956517081186
61.37257468285723
61.86809073419566
61.82419715830224
61.50308623603364
61.36771866103442
61.15235607229213
60.88301747656764
61.270734972723076
61.506965083831105
61.60432560097187
61.391022474093916
61.39499564327864
61.35461580241728
61.650336825105306
61.82519820143217
61.99027796540859
62.49753658550177
62.98687046037035
62.735119504403634
63.316903180528456
63.3310691681634
62.63437471728058
62.24670885636643
61.38248221801431
61.86971871052835
61.93087860408765
62.142577888416575
62.211139510951476
62.291002116916346
62.11228513821747
62.39942568748673
62.735282730112
62.96520982890256
62.59478967210704
62.690865281145406
62.80187755590911
62.92776072788105
62.69494811117244
62.80761487655597
62.82751695930814
63.32103392109502
63.04188486596091
63.04050522243424
63.15503424495828
63.42398614900189
63.563919197427346
63.63094179115031
63.55484499021456
63.159510535299695
62.80688159680159
62.96200584270031
62.95696745634315
62.925090144574085
62.73232200481759
63.1628308971932
63.80705256945794
63.4057468374977
63.02898292653666
62.59153135864485
62.735627245911395
63.12848020205056
63.729415919054716
63.88665393951349
63.920479064395394
63.96605733734354
63.78120982446178
63.807596274278254
63.6402303960204
63.69610660937982
63.73048211943603
63.92534620289284
64.08829182857842
64.241857310325
64.21897442543788
64.33033879258141
64.24842600330268
64.34747340424808
64.35555673533534
64.61457698974422
64.6817561084401
64.93540159013915
65.01208249102078
65.10946371793206
65.33810544879104
65.71885985140094
66.06849136903337
65.94174712235052
65.81899728440445
65.93180417714511
66.31647615411978
66.22470368653421
66.27307329262551
65.92550225573807
65.67751648074122
65.27840800932718
64.95632353818687
64.96365950264963
65.07432498339861
65.28007745824128
65.57937638902479
65.55397982037842
65.58727247958379
65.57589325069975
65.54090062473406
65.50434998156035
65.70597166783355
65.84281418672967
65.98835988410364
65.85700694258347
65.83038306774645
66.16668191062168
66.20690210493771
66.54165474632495
66.54029197941293
66.39616459148661
66.14331021746344
65.83607219625976
65.66759442364041
65.9098601850994
66.06849778440115
66.35621299847011
66.5302315951438
66.40225201365743
66.0993363066764
65.62412973954822
65.58795832226608
65.5412415288737
65.59154066069388
65.69190493932851
66.50148289257842
67.06816438015574
66.7682239006588
66.52637314883602
66.38726644899774
66.35705845624179
66.39869508087857
66.12465677379478
66.3544900071341
66.27905002253978
66.10227323808053
66.28214612652782
66.60656051995872
66.4985032600781
66.34141327671817
66.57910965495006
66.7394154768779
66.82146424918446
67.08737199680324
67.62484152683007
67.56340464520854
67.48228926556605
67.64638059307251
68.10284714823601
68.31948623208305
68.02773949726341
67.72682537682269
67.18236639106865
67.16083008682193
66.69550745511201
66.53328120543686
66.29934595846377
66.27661600432234
65.96097627116703
65.89965588744596
66.11131143841058
66.39808444270892
66.34631522620704
66.54380608124417
66.52769123884511
66.61216729264825
66.7172461721164
67.77599253122466
68.06536816104804
67.95800563514177
68.01685009048006
68.12743501754696
68.41969091220162
68.22645316078959
67.72623437949866
68.00091067090295
68.05567350434403
68.12586494051435
68.81765830023218
69.06232682684393
69.07784844107768
68.94268267952806
68.98361555472
68.99656988817482
68.9240907199023
68.74719610670255
68.52683323865452
68.5849471748343
68.56574854668251
68.45479463387558
68.20520883000746
68.56813930145505
68.714038374404
68.7309452733314
68.64135161444395
68.77769938100252
68.98926344217575
69.03469268170004
69.2603247127141
69.31633059333873
69.00087490258359
68.78875335168325
68.38544077913957
68.44906111347458
68.50025652011843
68.49083871522853
68.00426630196
67.43093120421437
67.61718823927558
67.84207578809273
68.11436000963539
68.6059224991737
68.74433539127078
68.60182242561828
68.484259814001
68.80476821869624
68.35666592248306
68.28392337994778
68.01025298655443
68.31961200786905
68.38323170758179
68.44987589549413
68.38267740028367
68.50992270192111
68.57638997429669
68.6618187828868
68.9341034588233
68.78025160064536
68.74301277118562
68.99005983865487
68.79466876183145
68.59996694284192
68.70141029724321
68.79908894623902
68.72586279681015
68.82294511892619
68.80989123606419
68.78964124378982
68.99601687218089
69.05878080172474
68.93889387906891
68.9405612131794
68.99430358419256
69.32673425613555
69.26630722442744
69.28039581166979
69.3923901419254
69.21526196131371
68.99355775994155
68.95526320844776
69.08724582121393
69.0428375096169
68.9649534910117
68.66647225244779
68.65441318171199
68.92515192212066
69.0273251995224
69.48487944810962
69.52389088800308
69.41591758759351
69.22776207865857
68.92464046174265
68.8724622381749
68.87866034152705
68.7455973058126
68.30165334811811
67.9353760968164
67.25723525580278
67.92455926707188
68.22117754984123
68.36540408075862
68.95047484225574
69.3208108597411
69.27224724755195
69.63846268713726
69.51308141972711
69.47994881846185
68.92853092665419
68.83151924119173
69.03575611253646
68.86172757224399
69.12509814165783
68.96903652531263
69.2995953134752
69.31029291712196
69.46931794974849
69.54801250686454
69.68628738518106
69.59867939987029
69.57761194521163
69.37559463271171
69.27310538396806
68.89563093873561
69.02195025379916
69.41404010421573
69.0983604141056
69.27336844064428
69.21863121332393
68.46712475369446
68.31948911479714
68.69683657560138
68.309354046914
68.97619891899737
69.01245519086011
68.90043590656217
69.11281685451569
69.02297510287146
68.79582444509342
69.23961066868968
69.1162717093817
69.16351665419329
68.71280769634811
68.9254684480084
68.75294572145394
68.82626117262771
69.09478448330721
68.65802045973794
68.26213486440759
68.59087518987639
67.57163900291343
67.45899769135694
66.52194969611301
67.27844740006242
66.97804350724564
66.98438733085125
65.85558314150813
65.5495304624557
65.40551326544175
65.84155298436406
64.9035958664849
65.3170270105066
66.3870000344748
66.36689440710703
67.14231552244787
66.87686433388798
67.67012146878832
68.03144086097949
67.74397367978642
68.2541854226958
69.01413707217662
68.89836132671721
68.98914090976805
69.1381240119971
69.45154338293626
69.41404703095145
69.20260897461242
69.40871678204243
69.11759741616174
68.94813964778908
68.88820909389047
69.07518442703244
69.34276456326694
69.44920822057827
69.19832580551795
68.70184121157949
68.46664929574544
68.52984660163403
68.82589296883026
68.78494856348757
68.99826026168093
68.81590676543412
69.08110584632817
68.96426963854206
68.96466775683152
68.33331697287866
68.39695655586301
68.39764420882341
68.17062125349841
68.28849303340127
68.29610173259184
68.68596547475617
68.09759084034631
68.01056207185908
68.0559827284076
68.20901687105936
68.07192178046792
68.18106286943923
68.26365495966897
68.08387970698627
68.52077153495486
68.96972626435438
68.83064527241591
69.11133956094045
69.06772390697151
68.62912605827199
69.75414426223968
69.80123401560846
69.55082057699711
69.5988717348718
69.4559723720993
69.58532864767781
69.35436107559022
69.1245262814488
69.33700091755325
69.33799262450226
69.10044983284652
69.47937228958679
69.56545674823288
69.66042723130631
69.53558779989771
69.18650658147706
69.172839223271
69.38055463595198
69.40183175470206
69.442074123233
69.41275966033287
69.79902506765329
69.81767560770365
69.60512284148258
69.77655018561778
69.87806204169675
69.80927537847722
69.87933759852879
69.86020746601505
69.94029534937326
69.84516632552032
69.81870721166379
69.77501584670534
69.54931772497835
69.78010599462341
69.82189178493333
69.76789639817805
69.78085165421018
69.6426113466467
69.44684408118005
69.47713569223052
69.60160308656124
69.73287509646671
69.74825925494187
69.71859367368924
69.74969462137611
69.74504139475893
69.55549271633228
69.79224583396604
69.81979299628209
69.80600728355603
69.76949483910258
69.85945751345538
69.47188539269837
69.558920024468
69.47336251424272
