134176.0
124994.0
95988.0
95988.0
95988.0
95988.0
93272.0
93272.0
93272.0
93272.0
92186.0
87898.0
87898.0
87898.0
87898.0
87898.0
68872.0
68872.0
68872.0
50340.0
50340.0
46178.0
46178.0
46178.0
46178.0
46178.0
46178.0
46178.0
42556.0
42556.0
42556.0
42556.0
42556.0
42556.0
42556.0
42556.0
42556.0
42556.0
39126.0
39126.0
39126.0
39126.0
39126.0
39126.0
38332.0
37130.0
37130.0
37130.0
37130.0
32826.0
32826.0
32826.0
32826.0
32826.0
32826.0
32826.0
32826.0
32826.0
32826.0
32826.0
32826.0
32826.0
32826.0
30582.0
30582.0
30582.0
30582.0
30582.0
30582.0
30582.0
26682.0
26682.0
26682.0
26682.0
26682.0
26682.0
26682.0
26682.0
26682.0
26682.0
26682.0
26682.0
26682.0
26682.0
26682.0
26682.0
26682.0
26682.0
26682.0
26682.0
26682.0
26682.0
26682.0
26682.0
26682.0
26682.0
26682.0
26682.0
26682.0
26682.0
26682.0
26682.0
26682.0
26682.0
26682.0
26682.0
26682.0
26682.0
26682.0
26682.0
26682.0
26682.0
26682.0
24732.0
24732.0
24732.0
24732.0
24732.0
24732.0
24732.0
23584.0
23584.0
23584.0
23584.0
23584.0
23584.0
23584.0
23584.0
23584.0
23348.0
23348.0
23348.0
23348.0
23348.0
23348.0
23348.0
23348.0
23348.0
23348.0
23348.0
23348.0
23348.0
23348.0
23348.0
23348.0
23348.0
23348.0
23348.0
23228.0
23228.0
23228.0
23228.0
22748.0
22748.0
22748.0
22588.0
22588.0
19280.0
19280.0
19280.0
19280.0
19280.0
19280.0
19280.0
19280.0
19280.0
19280.0
19280.0
19280.0
19280.0
17508.0
17508.0
17508.0
17508.0
17508.0
17508.0
17508.0
17508.0
17508.0
17508.0
17508.0
17508.0
17508.0
17508.0
17508.0
16620.0
16620.0
16620.0
16620.0
16620.0
16620.0
16620.0
15110.0
15110.0
15110.0
15110.0
15110.0
15110.0
15110.0
15110.0
15110.0
15110.0
15110.0
15110.0
15110.0
15110.0
15110.0
15110.0
15110.0
15110.0
15110.0
15110.0
15110.0
15110.0
15110.0
15110.0
15110.0
15110.0
15110.0
15110.0
15110.0
15110.0
15110.0
15110.0
15110.0
15110.0
15110.0
15110.0
15110.0
15110.0
14658.0
14658.0
14658.0
14658.0
14658.0
14658.0
14658.0
14658.0
14658.0
14658.0
14658.0
14658.0
14658.0
14658.0
14658.0
14658.0
14658.0
14658.0
14658.0
14658.0
14658.0
14658.0
14658.0
14658.0
14456.0
14456.0
14456.0
14456.0
14456.0
14456.0
14456.0
14456.0
14456.0
14456.0
14456.0
14456.0
14456.0
14456.0
14456.0
14456.0
14456.0
14456.0
14456.0
14456.0
14456.0
14456.0
14456.0
14456.0
14456.0
14456.0
14456.0
14456.0
14456.0
14456.0
14456.0
14456.0
14456.0
14456.0
14456.0
14456.0
14456.0
14456.0
14456.0
14456.0
14456.0
14456.0
14456.0
14456.0
14456.0
14456.0
14456.0
14456.0
14456.0
14392.0
14392.0
14392.0
14392.0
14392.0
14392.0
14392.0
14392.0
14392.0
14392.0
14392.0
14392.0
14392.0
14392.0
14392.0
14392.0
14392.0
14392.0
14392.0
14392.0
14392.0
14392.0
14392.0
14392.0
14392.0
14392.0
14392.0
14392.0
14392.0
14392.0
14392.0
14392.0
14392.0
14392.0
14392.0
14392.0
14392.0
14392.0
14392.0
14392.0
14392.0
14392.0
14392.0
14392.0
14392.0
14392.0
14392.0
13552.0
13552.0
13552.0
13552.0
13552.0
13552.0
13552.0
13552.0
13552.0
13552.0
13552.0
13552.0
13552.0
13552.0
13552.0
13552.0
13552.0
13552.0
13552.0
13552.0
13552.0
13552.0
13552.0
13552.0
13552.0
13552.0
13552.0
13552.0
13552.0
13552.0
13552.0
13552.0
13552.0
13552.0
13552.0
13552.0
13552.0
13552.0
13552.0
13552.0
13552.0
13552.0
13320.0
13320.0
13320.0
13320.0
13320.0
13320.0
13320.0
13320.0
