39.15459466415298
41.935344535772614
43.51833877029445
45.985034020766705
46.86623975922263
49.48608003140008
52.0257675767718
52.77408115996168
53.105833642594234
55.88231192431497
55.047934202055295
55.36941909577688
54.60384094595988
53.1982673324344
53.72731235355222
56.268043552457684
56.8342717700163
57.63179947553888
57.10570473795067
57.26886695024965
57.31194384055159
56.338076001260525
56.491631656722404
56.626363182951806
56.893217964650056
56.0584583013448
56.67597781026202
57.50836724117961
58.69685534537958
59.28452105768713
59.883651089416425
59.4334150257377
59.42249683854519
60.17877155243976
60.355590193931846
60.005975490390746
59.84507794723235
59.717270014513794
60.99555622208031
59.89600196066188
60.55990805810759
60.18794908625282
60.404721406715495
59.421283984109685
59.37498437521292
59.99514409224771
60.23465091544273
60.20915864163307
59.82095492136492
59.90149471054116
60.50332539794012
60.54633954590232
60.582431222433534
60.034404117167924
59.735970030821704
60.195625224373984
60.587867845268605
60.894851742617426
60.52942686658847
60.56373613091871
60.69145626939936
60.786959058571064
60.31950888597511
59.61880879887978
60.1935615498683
59.976116837176924
59.847479796786864
60.19993811758225
60.19554453592125
59.682359471899744
59.94146261043568
60.22033198777871
59.50767813536129
59.40580872755189
59.859451471068624
60.2853299631988
60.27964338001228
60.29603865933039
60.312200836737006
59.97285562122137
59.889558056006635
60.37882308218192
60.3054394071814
60.11852314187532
59.99128554345066
59.61390263929714
59.940441594871196
59.627853908165115
59.71419081940458
59.89792971784475
59.74314481701159
59.05245227783223
59.17789481908636
59.135505862813474
59.26500805635019
59.57184980699175
59.51005259094235
59.77389424753428
59.228607779597496
59.46076437848249
59.365855784850666
59.71898719240774
59.656865715782715
59.772510599325116
59.523208281411016
59.88848440675419
60.04764405784573
59.92709798650035
59.55708022371194
59.443468192469275
59.664495937380515
60.07827336592434
60.130111868855806
59.694535451640604
59.74860730795505
59.64377497286815
59.01012417411041
59.24858663464912
59.68180815068812
59.82492305522364
59.470223638476554
59.7763407048282
59.833015469463874
59.72257729479331
59.6699098360657
59.90537768491445
59.42984810914659
59.45828882347426
59.55822083599147
59.61858717959027
59.812421161059284
59.75503514079924
59.577683238658665
59.17201842927254
59.388189699893836
60.00026557757578
59.71502224298515
59.64874651571763
59.558898591684375
59.92438789797798
60.00264763131912
59.78732292104466
60.23159087024577
59.94227031906928
59.790812163521274
59.90514378545119
59.63022900431463
60.13576699401286
59.46324667145262
59.78585131831708
59.25553916353122
59.477968859039564
59.36250088875458
59.42469023525481
59.73949868912001
59.93307506513762
60.24820162864908
59.71140785160334
59.64028665468354
59.51886598010604
59.15007155161909
60.0526046067735
60.1820300015606
59.65769480532312
59.45090731918877
59.60685871278006
59.46331133374766
59.660055321277994
59.908427232875546
60.1640540203118
59.23123680707312
59.664474734868165
59.47005931094235
59.45725135835353
59.60320362328946
59.69476090340366
59.69321345831388
59.816210968041275
59.67164077267121
60.01678817340162
59.95795799947173
59.62830338919116
59.708980944993904
59.82257940758355
59.150830226266955
59.515563436364985
58.7159856835856
58.79688016475906
59.254040615360985
59.69942442463573
59.908520802796545
59.37198612674824
59.846212679174144
59.908837466478545
59.410488949496084
59.71289577058384
59.933808903825
59.844980214075136
59.35481134740424
59.33891363201722
