41.91972369495873
41.79886805203581
41.49859525375096
39.58560629136322
39.58560629136322
42.1096518943869
41.472724252993316
41.472724252993316
41.472724252993316
39.199996484659934
39.199996484659934
41.472724252993316
41.472724252993316
41.472724252993316
41.472724252993316
41.754437053612484
41.275660222510886
41.275660222510886
41.275660222510886
41.275660222510886
40.990071678488
40.990071678488
40.60162707416715
40.60162707416715
40.051655995416574
41.505717260592654
41.505717260592654
41.505717260592654
41.505717260592654
41.505717260592654
41.505717260592654
41.505717260592654
41.505717260592654
39.40653056172938
39.40653056172938
39.40653056172938
39.40653056172938
39.40653056172938
39.40653056172938
39.40653056172938
42.79545777506391
42.79545777506391
43.58624889443084
43.58624889443084
43.58624889443084
43.58624889443084
43.58624889443084
43.42284855111295
43.42284855111295
43.42284855111295
43.87261735260572
43.114712868520336
43.114712868520336
43.114712868520336
43.114712868520336
43.114712868520336
43.114712868520336
46.294802526443945
46.294802526443945
46.294802526443945
46.294802526443945
46.294802526443945
43.01377614565438
43.01377614565438
43.01377614565438
46.294802526443945
46.294802526443945
45.33432158659569
45.33432158659569
46.294802526443945
46.738932686476645
44.75982627736168
43.87859716794397
43.87859716794397
44.75982627736168
44.75982627736168
44.75982627736168
44.75982627736168
46.29139670179342
46.29139670179342
46.296714158136105
46.75190454193123
46.75190454193123
46.75190454193123
46.75190454193123
46.75190454193123
46.75190454193123
46.75190454193123
46.75190454193123
46.75190454193123
46.75190454193123
46.87216667580116
46.87216667580116
46.87216667580116
46.87216667580116
46.87216667580116
46.87216667580116
46.87216667580116
46.87216667580116
46.99393169522264
47.12065442802594
47.12065442802594
47.12065442802594
47.12065442802594
47.69933100841436
47.69933100841436
48.40223553536248
48.40223553536248
48.40223553536248
48.40223553536248
48.40223553536248
48.40223553536248
48.40223553536248
48.424148606811144
48.424148606811144
48.424148606811144
49.98288822343091
49.98288822343091
49.98288822343091
51.93695638763803
51.93695638763803
51.93695638763803
51.93695638763803
52.76276373006926
52.76276373006926
52.76276373006926
52.76276373006926
52.76276373006926
53.66639473541088
53.90161041253034
53.90161041253034
54.06287595051639
54.06287595051639
54.06287595051639
54.06287595051639
54.06287595051639
54.06287595051639
54.06287595051639
54.06287595051639
54.06287595051639
54.56280316568804
54.71764461771997
54.71764461771997
54.71764461771997
55.32877834247697
55.32877834247697
55.56754787439944
55.56754787439944
55.56754787439944
55.56754787439944
55.56754787439944
55.56754787439944
55.56754787439944
55.70849486950086
55.70849486950086
55.92858249762015
52.40550355480538
54.67010132234243
48.05549770412465
55.92858249762015
55.92858249762015
55.92858249762015
55.92858249762015
55.92858249762015
52.33504527360106
52.33504527360106
55.92858249762015
55.92858249762015
55.92858249762015
55.92858249762015
54.19703595724003
50.1391296902759
50.1391296902759
50.1391296902759
55.92858249762015
55.92858249762015
55.92858249762015
55.92858249762015
55.92858249762015
55.92858249762015
51.18110072689512
51.18110072689512
51.18110072689512
51.18110072689512
55.92858249762015
56.01796267857974
56.01796267857974
56.01796267857974
56.73268888438225
56.73268888438225
56.73268888438225
56.73268888438225
49.917528864897285
49.917528864897285
56.09184459857654
56.73268888438225
56.73268888438225
56.73268888438225
56.73268888438225
56.73268888438225
56.73268888438225
56.73268888438225
56.73268888438225
56.73268888438225
56.73268888438225
56.73268888438225
56.73268888438225
56.73268888438225
56.73268888438225
56.73268888438225
56.73268888438225
56.73268888438225
56.73268888438225
56.73268888438225
56.73268888438225
56.73268888438225
56.73268888438225
56.73268888438225
56.73268888438225
56.73268888438225
56.73268888438225
56.96667474691507
56.96667474691507
56.96667474691507
56.96667474691507
56.96667474691507
56.96667474691507
56.96667474691507
54.01025576361305
55.809179552402
55.809179552402
55.809179552402
56.96667474691507
57.00634439391387
53.447642757118395
57.00634439391387
57.00634439391387
57.188553969093356
57.188553969093356
57.188553969093356
57.188553969093356
57.188553969093356
57.188553969093356
57.188553969093356
57.188553969093356
57.188553969093356
54.50653340986595
57.188553969093356
57.188553969093356
57.188553969093356
57.188553969093356
57.188553969093356
57.188553969093356
57.188553969093356
57.188553969093356
57.188553969093356
57.188553969093356
57.188553969093356
57.188553969093356
57.188553969093356
57.188553969093356
57.188553969093356
57.188553969093356
57.188553969093356
57.188553969093356
57.188553969093356
57.188553969093356
57.32569439736028
57.395991241367696
57.395991241367696
57.395991241367696
57.395991241367696
57.395991241367696
57.395991241367696
57.707178248693275
57.707178248693275
57.707178248693275
58.02524596684565
58.02524596684565
58.02524596684565
58.02524596684565
58.02524596684565
58.02524596684565
58.02524596684565
58.02524596684565
58.02524596684565
57.740128685830676
57.740128685830676
58.02524596684565
58.02524596684565
58.02524596684565
58.02524596684565
50.50043464517148
50.50043464517148
58.02524596684565
58.02524596684565
58.02524596684565
58.02524596684565
58.02524596684565
58.02524596684565
58.02524596684565
58.02524596684565
58.76120969280672
58.76120969280672
58.76120969280672
58.76120969280672
58.76120969280672
58.76120969280672
58.76120969280672
58.76120969280672
58.76120969280672
58.76120969280672
58.76120969280672
58.770315300684494
58.770315300684494
58.770315300684494
59.161678086308456
59.17841919376447
59.17841919376447
59.17841919376447
59.17841919376447
59.17841919376447
59.17841919376447
59.17841919376447
59.17841919376447
59.17841919376447
59.17841919376447
59.17841919376447
59.17841919376447
59.17841919376447
59.93525144832287
59.93525144832287
59.93525144832287
59.93525144832287
59.93525144832287
59.93525144832287
59.93525144832287
59.93525144832287
60.05697795788051
60.05697795788051
60.05697795788051
60.05697795788051
60.05697795788051
60.05697795788051
60.05697795788051
60.05697795788051
60.05697795788051
60.25617226656766
60.29506172839506
60.29506172839506
60.29506172839506
60.29506172839506
60.29506172839506
60.29506172839506
60.29506172839506
60.29506172839506
60.29506172839506
60.29506172839506
60.29506172839506
60.29506172839506
60.29506172839506
60.29506172839506
60.29506172839506
60.29506172839506
60.29506172839506
60.29506172839506
60.29506172839506
60.29506172839506
60.29506172839506
60.53882804281913
60.53882804281913
60.53882804281913
60.53882804281913
60.53882804281913
60.53882804281913
60.86222821338526
60.86222821338526
60.86222821338526
60.86222821338526
60.86222821338526
60.86222821338526
60.86222821338526
60.86222821338526
60.86222821338526
60.86222821338526
60.86222821338526
60.86222821338526
60.86222821338526
60.86222821338526
60.86222821338526
60.86222821338526
60.86222821338526
60.8968253968254
60.8968253968254
60.968352447201845
60.968352447201845
60.968352447201845
60.968352447201845
60.968352447201845
60.968352447201845
