688916.05
645605.5125
624421.2
612591.6875
575902.675
575225.1375
555086.1375
545510.975
518980.0125
482792.7
460003.775
469543.4625
466760.225
440400.775
435439.475
428575.6375
412687.1125
406599.2375
412705.3125
395660.25
391611.175
382582.0875
366043.7
362444.4625
356952.45
365402.875
355728.9625
369066.925
393882.225
394201.0875
361118.375
362220.6
354788.625
353558.6625
361040.725
348679.2125
351387.475
341369.9625
338376.0625
331328.0
348182.7125
341161.65
338837.075
347695.725
336504.7375
329335.2625
335901.4625
347268.75
320501.325
332735.925
342880.4875
323794.8
327261.875
335269.625
321404.4
308618.8625
290299.35
298973.475
297563.35
307098.0
309000.1875
309803.25
310516.725
307667.3375
318792.6625
308450.55
283898.5625
272361.4375
267895.7875
262583.9
263450.175
253417.175
270585.1875
270585.1875
263218.6375
259399.975
256882.5125
264700.625
261707.975
261816.15
246871.4375
220590.0375
225121.225
232084.175
231990.4375
237091.125
237790.6875
239994.15
233208.025
240440.2375
235242.45
241511.5
245869.35
232552.525
232305.725
224507.45
221437.35
217389.9875
224148.45
212540.1875
217064.2125
220947.5875
223558.15
222314.325
236200.875
238210.4375
240342.25
243472.275
220213.85
220732.375
236061.3125
232197.625
236907.825
247432.4375
252970.025
270261.45
287637.9125
292165.9625
288248.2625
296544.2
283563.1875
285942.65
298592.6375
316949.8
317527.925
320422.2875
318621.05
318943.6875
331309.9375
332460.4875
322384.8625
322398.275
328608.5375
326524.3625
327925.6
327282.4375
332140.55
330841.4375
327920.5375
322696.875
336065.05
332361.7625
336327.25
338105.9125
344258.7125
344685.3125
350542.5375
350137.1625
361656.0375
361411.0125
359284.3875
359284.3875
359284.3875
355787.4125
355741.6625
363272.1875
361929.2375
353839.2625
362000.0375
365645.0375
360708.9125
361990.15
361315.225
358721.85
356359.95
348948.7875
357572.975
357572.975
354963.4125
354246.175
347363.6125
340114.4375
339345.9
344634.175
343754.45
333492.625
329795.1
332400.425
331997.75
334962.05
322483.4625
322226.75
322226.75
321231.0375
329268.4
332868.6375
328571.225
329024.0625
333840.7125
339471.8
334967.6
333694.0375
328526.8
333489.5
332386.65
338877.8
334308.575
334846.5875
337026.7
338189.8
343461.2
351834.025
353431.1875
353205.3125
353365.7625
353365.7625
349417.55
348399.5375
352554.125
346045.225
338152.0875
336761.9875
347407.2375
346946.7
345813.475
346161.8
342481.6125
328290.1625
327399.4625
326104.05
326248.6
326248.6
332738.5125
332738.5125
330741.9875
326704.8375
326704.8375
326704.8375
304974.675
300015.3875
299741.45
293582.95
295682.4875
292362.55
287908.85
296556.2125
293521.5125
304330.9625
303695.75
305193.6
305148.55
305148.55
308152.7875
306962.4
306962.4
306962.4
305225.125
311013.4875
313267.275
302174.7125
300518.5125
300135.6875
296527.0375
296527.0375
297023.3125
299347.5125
298415.8875
288745.675
288745.675
288745.675
289818.0
289818.0
287498.4125
287498.4125
288259.6125
282319.525
294688.1875
293105.9125
309900.8625
308665.6625
312792.325
311942.575
309363.3375
309331.25
314690.625
312670.5375
313124.475
313124.475
312668.6625
314688.275
315012.7625
313778.525
313778.525
313778.525
312810.65
314454.2375
309801.8625
309801.8625
312102.675
309483.475
311119.925
308824.6
308217.1
304317.525
303247.8375
303247.8375
312608.875
308307.725
304112.575
303721.3875
306091.1875
306091.1875
306091.1875
305307.7
305687.6375
305410.8875
307918.4375
307918.4375
307572.925
307572.925
299588.1125
294373.35
291850.6875
302168.075
302819.475
306179.325
314893.8125
317639.0625
317270.825
320028.2875
319813.85
320409.3
320490.425
319588.4375
312609.8625
310813.075
314264.6625
314251.2625
317933.8875
317879.5375
318814.975
322916.25
325573.175
326949.3
326981.85
326646.7
327800.6
328288.775
328666.15
328666.15
331503.9
329435.3875
329307.85
329175.7625
336389.525
340961.225
342589.175
342589.175
348274.8125
344120.5625
340197.475
339488.2125
338977.2
338977.2
338977.2
339502.475
346591.325
347148.3375
347110.1125
346017.775
345479.325
338886.9875
338742.15
342624.275
345360.425
347571.6125
340970.1375
340037.7375
340037.7375
346170.6
347705.1625
348701.375
346982.7125
346252.55
346706.1625
346706.1625
345566.025
349167.8375
348928.4125
348228.45
347369.9875
348195.0375
348195.0375
344070.875
347058.7875
346637.425
346688.6875
347553.275
346804.475
346503.775
343322.025
343575.8125
351394.35
351394.35
351394.35
350069.425
350069.425
350069.425
347888.15
347570.0125
