53.980984033764194
53.980984033764194
57.152439951353
57.152439951353
57.152439951353
59.24683023647545
59.24683023647545
59.24683023647545
59.24683023647545
59.24683023647545
59.493487075117024
59.94814767577125
59.94814767577125
59.94814767577125
59.94814767577125
59.94814767577125
61.67667745897064
61.67667745897064
61.882513350755595
61.882513350755595
61.882513350755595
61.882513350755595
61.882513350755595
61.882513350755595
61.882513350755595
61.882513350755595
61.882513350755595
61.882513350755595
61.882513350755595
61.882513350755595
61.882513350755595
61.882513350755595
61.882513350755595
61.882513350755595
61.882513350755595
61.882513350755595
63.62148137001418
63.62148137001418
63.62148137001418
63.62148137001418
63.62148137001418
63.62148137001418
63.62148137001418
63.62148137001418
63.62148137001418
63.62148137001418
63.62148137001418
63.62148137001418
63.62148137001418
63.62148137001418
63.62148137001418
63.62148137001418
63.62148137001418
63.62148137001418
63.62148137001418
63.62148137001418
63.62148137001418
63.62148137001418
63.62148137001418
63.62148137001418
63.62148137001418
63.62148137001418
63.62148137001418
63.62148137001418
63.62148137001418
63.62148137001418
63.62148137001418
63.62148137001418
63.62148137001418
63.62148137001418
63.62148137001418
63.62148137001418
64.332407722198
64.332407722198
64.332407722198
64.332407722198
64.332407722198
64.332407722198
64.332407722198
64.332407722198
64.332407722198
64.332407722198
64.332407722198
64.332407722198
64.332407722198
64.332407722198
64.332407722198
64.332407722198
64.332407722198
64.332407722198
64.332407722198
64.332407722198
64.332407722198
64.332407722198
64.332407722198
64.332407722198
64.332407722198
64.332407722198
65.2354932290157
65.2354932290157
65.2354932290157
65.2354932290157
65.2354932290157
65.2354932290157
65.2354932290157
65.2354932290157
65.2354932290157
65.2354932290157
65.2354932290157
65.2354932290157
65.2354932290157
65.53325843288786
65.53325843288786
65.53325843288786
65.53325843288786
65.53325843288786
65.53325843288786
65.53325843288786
65.53325843288786
65.53325843288786
65.53325843288786
65.53325843288786
65.93341813781763
65.93341813781763
65.93341813781763
65.93341813781763
65.93341813781763
65.93341813781763
65.93341813781763
65.93341813781763
65.93341813781763
65.93341813781763
65.93341813781763
65.93341813781763
65.9565006752155
65.9565006752155
65.9565006752155
65.9565006752155
65.9565006752155
65.9565006752155
65.9565006752155
65.9565006752155
65.9565006752155
65.9565006752155
65.9565006752155
66.17782521603088
66.17782521603088
66.17782521603088
66.17782521603088
66.17782521603088
66.17782521603088
66.17782521603088
66.17782521603088
66.17782521603088
66.17782521603088
66.17782521603088
66.17782521603088
66.17782521603088
66.17782521603088
66.17782521603088
66.17782521603088
66.17782521603088
66.17782521603088
66.17782521603088
66.17782521603088
66.17782521603088
66.17782521603088
66.17782521603088
66.17782521603088
66.17782521603088
66.17782521603088
66.17782521603088
66.17782521603088
66.17782521603088
66.17782521603088
66.17782521603088
66.17782521603088
66.17782521603088
66.17782521603088
66.17782521603088
66.17782521603088
66.17782521603088
66.17782521603088
66.17782521603088
66.3681761296672
66.3681761296672
66.3681761296672
66.3681761296672
66.3681761296672
66.3681761296672
66.3681761296672
66.3681761296672
66.3681761296672
66.3681761296672
66.3681761296672
66.3681761296672
66.3681761296672
66.3681761296672
66.7444771137953
66.7444771137953
66.7444771137953
66.7444771137953
66.7444771137953
66.7444771137953
66.7444771137953
66.7444771137953
66.7444771137953
66.7444771137953
66.7444771137953
66.7444771137953
66.7444771137953
66.7444771137953
66.7444771137953
66.7444771137953
66.7444771137953
66.7444771137953
66.84821157793691
66.84821157793691
66.84821157793691
66.84821157793691
66.84821157793691
66.84821157793691
66.84821157793691
66.84821157793691
66.84821157793691
66.84821157793691
66.84821157793691
66.84821157793691
67.29309268815965
67.29309268815965
67.29309268815965
67.29309268815965
67.29309268815965
67.29309268815965
67.29309268815965
67.29309268815965
67.29309268815965
67.29309268815965
67.29309268815965
67.29309268815965
67.29309268815965
67.29309268815965
67.29309268815965
67.29309268815965
67.29309268815965
67.29309268815965
67.29309268815965
67.29309268815965
67.29309268815965
67.29309268815965
68.39088382211773
68.39088382211773
68.39088382211773
68.39088382211773
68.39088382211773
68.39088382211773
68.39088382211773
68.39088382211773
68.39088382211773
68.39088382211773
68.39088382211773
68.39088382211773
68.39088382211773
68.39088382211773
68.39088382211773
68.39088382211773
68.39088382211773
68.39088382211773
68.39088382211773
68.39088382211773
68.39088382211773
68.39088382211773
68.39088382211773
68.39088382211773
68.39088382211773
68.39088382211773
68.39088382211773
68.39088382211773
68.39088382211773
68.39088382211773
68.39088382211773
68.39088382211773
68.39088382211773
68.39088382211773
68.39088382211773
68.39088382211773
68.39088382211773
68.39088382211773
68.39088382211773
68.39088382211773
68.4177020073537
68.4177020073537
68.4177020073537
68.4177020073537
68.4177020073537
68.4177020073537
68.4177020073537
68.4177020073537
68.4177020073537
68.4177020073537
68.4177020073537
68.4177020073537
68.4177020073537
68.4177020073537
68.4177020073537
68.4177020073537
68.4177020073537
68.4177020073537
68.4177020073537
68.4177020073537
68.4177020073537
68.4177020073537
68.4177020073537
68.4177020073537
68.4177020073537
68.4177020073537
68.4177020073537
68.4177020073537
68.4177020073537
68.4177020073537
68.4177020073537
68.4177020073537
68.4177020073537
68.4177020073537
68.4177020073537
68.4177020073537
68.4177020073537
68.4177020073537
68.4177020073537
68.4177020073537
68.4177020073537
68.4177020073537
68.4177020073537
68.4177020073537
68.4177020073537
68.4177020073537
68.4177020073537
68.4177020073537
68.4177020073537
68.4177020073537
68.4177020073537
68.4177020073537
68.4177020073537
68.4177020073537
68.4177020073537
68.4177020073537
68.4177020073537
68.4177020073537
68.4177020073537
68.4177020073537
68.67059498775636
68.67059498775636
68.67059498775636
68.67059498775636
68.67059498775636
68.67059498775636
69.35383211816041
69.35383211816041
69.35383211816041
69.35383211816041
69.35383211816041
69.35383211816041
69.35383211816041
69.35383211816041
69.35383211816041
69.35383211816041
69.35383211816041
69.35383211816041
69.35383211816041
69.35383211816041
69.35383211816041
69.35383211816041
69.35383211816041
69.35383211816041
69.35383211816041
69.35383211816041
69.35383211816041
69.35383211816041
69.35383211816041
69.35383211816041
69.35383211816041
69.35383211816041
69.35383211816041
69.35383211816041
69.35383211816041
69.35383211816041
69.35383211816041
69.35383211816041
69.35383211816041
69.35383211816041
69.35383211816041
69.35383211816041
69.35383211816041
69.35383211816041
69.35383211816041
69.35383211816041
69.35383211816041
69.35383211816041
69.35383211816041
69.35383211816041
