47.82983634298659
48.25764459196935
49.20302482008719
49.65741074267101
50.15906476469947
50.200726013712746
50.28439802890926
50.320209553414564
50.37942197675603
50.64108945172964
50.48958329794821
50.382975150979036
50.082806548719205
50.75638931791836
50.768491499557555
51.53562833280832
51.42506244305449
51.37511276076992
52.46818008352828
52.387024656741346
53.174889992499175
53.208651502664296
53.14663929276553
53.68722207068564
54.61307121131076
54.62080286161572
54.86652775926522
55.337140283343786
54.38986044296446
53.98626521376095
53.757657378446325
53.84138296466534
54.385122136232305
54.57502169992647
55.164905485613716
55.36943424891267
54.85651053196275
55.272023674516596
55.420925965834634
55.77526650687497
55.613188229666676
55.517455457467484
56.16663942447997
55.79349773508568
56.64507075262694
56.29862188511773
56.9894361945171
57.17312001582627
57.253248948685055
57.13674120783202
56.90160656278859
57.11183152372587
57.235581095642466
57.280522953043295
57.141196824368386
57.28046436431347
56.997323730346295
57.116461211963
56.032077202394156
56.463794396200214
56.91254021990678
56.810376160830494
56.93605127879342
57.40016943737855
57.70496836111549
57.83423845478886
57.532978036279054
57.42277336469566
57.42607351284013
58.38886063492455
58.64865477758705
58.3848572028689
58.28894249813516
58.783523746451024
58.86456156941567
59.9626525035426
60.3521014882911
60.286516867040476
60.786984070846266
60.9404183662964
61.06381001606162
60.99310529706181
60.758216009362016
60.798857245711716
60.588593828700276
60.62371887529157
61.05241128164961
61.10567986828086
61.36882096627728
61.76640502103881
61.99224697460738
62.40504749261039
62.73787486939293
62.34070465230491
62.69830343359553
62.04719107186702
61.86122055699663
62.16795360838355
62.30133652428755
62.83234739912306
62.691183791576215
62.36876777796041
62.74997187486307
63.212028530963494
62.60137241836043
63.090149131428156
63.34582792186656
63.494883434835
63.578056647913954
63.69088877338235
63.88710189800581
63.73767404263738
63.61751520497834
63.83938068338542
63.60666043461303
63.824842614709816
64.00523905018147
63.568889343021695
63.64411545252701
63.58732792135489
63.80428374303788
63.81692964269398
63.66160523893954
63.12143777692845
63.10858866422183
63.21107923346299
63.46915309542847
63.436582777673195
63.349533346617235
63.96199729868707
64.19280215842669
64.02223009603364
64.05167579710076
63.71087037085264
64.01373865926121
63.60130537405379
63.79367843448866
64.00374277648993
64.28575741677763
63.916960874270465
63.58522486774651
63.37325299309673
63.55397881840687
63.71173053655381
63.789718551520046
63.85601077321147
63.80548408426856
64.03473476786546
64.18120191093016
64.27309401529322
64.16468795189137
64.03322070242686
63.75308154253294
63.76764337398724
63.89018394759661
63.70135040745289
64.3316920383721
64.40550939352525
64.7570783344339
64.73331623044763
64.59045913608146
64.7086220759638
64.82811589804969
64.6110036343341
64.7222193686577
64.54756036757036
64.43728634457209
64.74789007874296
64.63961092433762
64.46453890364738
64.2104740267946
64.3767638197834
64.15983368994581
63.94321710640687
63.60526951988097
63.466689653697394
63.495083081079564
63.262084641058664
63.46656446217531
63.272400415876646
63.635849377942336
63.69116216358633
63.0867905914688
63.15057411324415
63.24489710613301
63.79202956115315
63.671558097410035
63.962575425781566
64.01904665546421
64.11631231915179
64.33775312353444
64.06988429539182
64.10517265232097
63.84246390702798
63.85013349686265
63.725664857537524
63.68622605661759
63.52216718332012
63.513886590364436
63.69402566501333
64.09301114347014
64.073509252551
64.02913359882211
63.86030269681235
63.466269563780756
63.956616629209364
63.900181608096204
63.98130354253332
63.927782006768815
64.14883425941132
64.26205598338177
64.18828734677778
64.35188651910246
64.22845583008497
63.715748687343726
63.855830404980715
63.95398080753465
64.01786305048977
64.17514727980245
64.00340411848856
64.08547635939955
64.00845496208817
64.05734540770506
64.04731970283206
64.19041075587603
64.06355690801432
64.24203345458716
64.3394919499874
64.13654654677654
64.20280767241997
64.37759922399366
64.25454503368991
64.16516975540269
64.13882216711718
64.34656913301401
64.51255252656247
64.52505526009872
64.34992302244034
64.3279589794319
64.26625343240765
64.30553263711406
64.09617747706743
64.06770082653898
64.07336905395535
63.905523837326925
63.76053774479201
63.7711360900924
63.7510539294759
63.60798659599794
63.2995661528945
62.97658202035292
62.83911496864139
62.53609267333108
62.01971010613145
62.14165195963407
62.18383617953192
62.40608975322556
62.401642207516716
62.438223082572804
62.72760266709868
62.827025303392396
62.58178635224929
62.83185850463656
62.77277035634656
62.39023342400505
62.84137455522458
63.204694558095525
63.370397521711695
63.64412108266438
63.71605598694297
63.62198635254164
64.06672378044718
64.18548824468574
64.16885097343061
64.0558870839545
64.14887414186293
64.13641638629022
64.55577622989736
64.36416874173509
64.49094205903799
64.59420072098979
64.6356479441464
64.52018963353717
64.37694570192467
64.2526611077297
64.52398635490565
64.66453487834767
64.5088102742083
64.3567144363491
64.28236130705855
64.3173815001111
64.07351057975166
64.15570295648733
64.38615125221997
64.1945640194621
64.25067374333422
64.22035173207952
63.96893001931202
64.0250368168279
64.03546203559672
64.33601348342276
64.53919550760607
64.50092714168898
64.75036126248189
64.7743284242032
64.75672671420423
64.77091132542549
64.81515651384265
64.35696517009296
64.6332078410025
64.63224927972419
64.68881245140084
64.78616351190325
64.87396160537327
64.86227741006876
64.94302606640596
64.81688208845823
64.72472094876193
64.56539024868509
64.3775492341006
64.08464014882594
64.46489410187046
64.78606481959491
64.7836510834689
64.78220676644028
64.79806176949937
64.9865200514327
64.81400410638062
64.61677675113562
64.4910635836247
64.41149900675575
64.30508994926596
64.32664956013494
64.03796915328277
64.0916204256865
64.06591162655813
64.28761103536092
64.21381199380434
64.21316422536282
64.38283252362143
64.43759484178459
64.48644900323647
64.53390034270375
64.43400372579022
64.34385692854234
64.51525250598512
64.57228729957798
64.92750923603066
64.68981949549823
64.85718518521522
65.01683112837287
65.11032415073808
65.1113518604349
64.94665024775732
65.09860452404327
64.99428931036843
65.05197557441566
64.88032275591222
64.94646149126427
64.67832975208445
64.68614201866222
64.71036366535536
64.83990815084762
64.83369579012371
64.86248905526233
64.93688853781109
65.17426166184245
65.47755448435002
65.71949902142107
65.70775986817306
65.66092668555186
65.63519387270952
65.61689413594024
65.39409532842097
64.6655470900661
64.962068220272
65.00034718126275
65.10503517434252
65.22678455241596
65.78586441958325
65.88692075935852
65.81845162760347
66.0207066768517
66.03205441218684
66.15306652273627
66.2086814159999
66.18276383610974
66.51051931261796
66.51240843000846
66.65482865985172
66.72728691293507
66.82746307943148
66.50110029273097
66.73854942943642
66.66551753786322
66.48090805232812
66.58032842035473
66.6990262946393
66.71215731958438
66.64885913922095
66.82123430072281
66.91035785785417
66.96374852914352
66.99054869271264
67.0761211322654
67.11598822159628
67.1806645436944
67.23928912805825
67.07537539083059
67.08380239897004
67.2768315118877
67.25352239107232
67.37448233233854
67.28034999146229
67.28035203814822
67.2846222332795
67.33567640937945
67.32425731310022
67.35287064485648
67.35305019438162
67.37056597104443
66.97363177918122
67.31238347082655
67.19411907433698
67.23746953762029
67.33288600861636
67.45943832268321
67.46649698038901
67.46740794562771
67.30467069778328
67.32249383834099
67.49016642434474
67.4942734430481
67.48545883623959
67.42315581259716
67.53171305786852
67.56951957482428
67.5874400860163
67.57559914990507
67.42002398094931
67.76617885014737
67.77493242860892
67.80975231149803
67.80083939479984
67.8428831129935
67.87585764833969
67.85362301228416
67.93889305746295
67.94664863679037
67.58273809829012
67.53023087418961
67.3841577683468
67.47425782176369
67.2657958467422
66.82040981178423
67.05291726217175
67.09040603748261
66.98734432008105
66.55344866035334
66.57561061862961
67.1378893025845
66.88787646310111
67.05461205704259
67.02276393545901
67.06953059296991
67.1176255808632
67.17763707529325
67.21445193152353
67.13461397945176
67.14336513220917
67.18632509138664
67.0596875569068
67.3671190721095
67.30017368328296
67.45205256158279
67.60650331609028
67.54712404017917
67.48165303452524
67.48938932604247
67.34883758673735
67.46473288883013
67.48297372164991
67.50290620956251
67.48326910652261
67.6962614632922
67.60840048464875
67.50667998446946
67.43783400235573
67.43184070195214
67.45546636318446
67.43300863209541
67.42275597380758
67.37109593192696
67.1576082692534
67.23976052911544
67.1084867975725
67.30682002509528
67.35048876712702
67.28104358587396
67.2429896042073
