38.6863633400691
39.66845303906311
38.695899772209565
40.86696127456682
42.01013631801312
41.704039751896524
43.53851896844077
41.24392415554162
42.31644235181018
40.63268425599787
40.029400162060725
43.04157586106181
41.03910567271906
41.540410075037045
44.01522457977405
41.20566377660173
39.516442401634244
40.06118471024529
43.143284181672094
42.39937651958306
42.265843837535016
40.04972439899056
41.97649226063583
40.241101241788705
39.07675224786046
41.69422605507828
40.506053935057786
42.134773783263725
42.64971161031198
41.80369420813425
41.848127216312065
39.672854249675304
40.12218204568108
43.767975599573234
41.23852006614229
42.961187858284
42.53661888525503
41.98481237084351
40.87789448555741
42.03931701568752
42.25749722325064
41.13506603940278
43.74802041711334
41.73317907200367
42.01010412066841
42.136316216529494
41.90563100988169
41.53568744876583
42.997674936732
42.2133482940126
38.78226992687971
40.71228142402115
42.96488361630083
40.94554989973777
41.89875150585916
41.38487133466971
42.86691634073745
42.09406759631293
41.56311160039143
41.24959437220407
41.40339493959638
41.27006591484878
41.56311160039143
40.61376768733792
39.74729251612624
41.34455396690611
41.56311160039143
40.49934202998054
39.99751629755313
38.5098214646771
41.56311160039143
41.56311160039143
41.56311160039143
41.49403640929065
41.56311160039143
43.86571638964865
41.1973669436335
42.19704214965548
40.93800578034681
41.41831095277245
42.625149880095925
39.908638326644564
41.225035705087684
43.17911149655543
42.793866910474684
45.24191359699983
44.169836760244614
44.05258462725432
42.918282943525384
42.406444601104454
43.85124456736469
41.32203857382589
42.30623143381937
42.45244956772334
44.286689719110974
42.977903906452596
42.22846548773531
41.39395694565113
43.077219958009145
41.574444281547876
38.341890824429385
42.95890573188063
41.735729043341
42.909499014574564
41.58088152023737
40.038058628800414
43.85525483674521
42.84406100258017
42.09547296319522
42.40278006638261
40.74967173651384
41.49652216479588
43.770293183895326
42.87318111979755
45.44603551314527
39.695184092978884
44.0295029176049
41.623853798175396
43.09838246662472
42.34519928368078
43.1299372330016
42.210189696156654
41.426775631154044
43.12261212371937
43.46622736745732
40.34279707949998
38.545551271516764
43.4619989705257
39.330237436207945
43.65453431961189
41.19297684161528
42.9358508109126
41.539214557180706
41.66321583957243
44.60931217330117
44.0220008891743
42.55624865433842
43.5497949619215
40.908573806881236
42.897196813916665
41.52868908481991
38.14327732870625
40.61540416340188
42.530949307674256
41.8407180225253
41.945681471932495
41.714336892710214
42.1540781260958
42.67734454520218
41.480514114957096
42.23652500347591
43.173802594583925
41.489162066655894
40.256084573913434
44.303563763981124
42.76923530104866
45.3486698866338
42.38055555555557
45.94875623216999
39.519033202911544
44.42552830554478
42.58076535341744
40.1860144192858
42.253414440870735
41.351309261607604
40.670476366749185
44.85630540463254
39.96905546111347
39.850126770900516
44.284384340242056
42.80187999243749
42.61783651446365
40.49747835298453
42.326476224697565
44.53984132680525
41.61371026838875
37.90793167752776
46.01575929394259
41.645821671797734
41.59880915958673
41.89842911161944
43.290676255954196
45.98996314847014
41.85879493223335
43.90280399650076
42.336867351821894
39.89898426163635
41.41722447440369
42.33811222796453
44.451360032478384
41.047237860661504
42.75258511829597
43.335501615815986
41.294521197184764
44.044705723608345
41.90494767762071
43.7865919541674
44.467789707515735
44.89338610827374
43.05602409638554
41.97689215957251
42.605576266673125
42.423127434109226
42.937322527212494
41.760215411947584
42.245539546646256
43.077266636891466
40.54761286095169
40.71448436978529
45.67075319705972
42.19442951216234
43.9156067053817
44.5747528064828
43.598413364087506
46.285734724137036
39.46259008960841
43.3728769795731
40.55461394657417
43.71963384579275
42.70088814941532
46.01833308141878
46.82165671798095
44.390153008426545
46.9080111445624
45.89743422596542
40.911642164799346
44.85599249086059
44.29728220402085
44.106542090250855
45.08999420611129
47.48717336083097
39.868629725817435
41.714656664743224
41.54485284528105
41.79272892149791
40.61721991701245
42.28558195292066
45.44866405695821
42.086941732895646
41.050177157148816
45.00887436656465
46.52745710397123
42.727772785918354
41.8389607604082
42.52869477180688
41.80253727228872
44.35877195041788
44.12177126212657
46.711655734344575
44.73809097421204
43.389197093846484
41.91381855643825
47.57574129780833
41.87948734097495
42.51411517513381
45.06169890171495
43.65621728509945
40.85507801183628
43.47403397884166
41.93646463318434
45.89550191991222
43.87820586942947
44.26441113038585
40.69999121786286
40.688990374097564
45.69978358858782
43.48741043896245
45.80807205958773
45.533792119203696
44.84856464018027
39.90602215941673
46.666591038738794
43.66461708481271
40.40460745176314
46.05924061101382
45.1497255190993
41.83385391638635
43.81441634972062
45.17806189640035
42.84503934858755
40.4614917652027
45.8397585008233
45.189804049798965
43.86644384724826
42.92846152105538
43.40553581382386
40.973395270270274
43.052979331321005
43.81977695435625
43.5075852361589
38.780257223818644
46.47347593047138
42.47214421596159
42.675432061978555
42.18015686523562
47.0425693867794
44.971131919848624
43.94571370563226
41.68104838709677
44.3709265994581
42.78219418354646
45.5979240183197
44.453924386195276
43.77797463632972
45.38078651949824
44.88676158044727
45.56788749748542
44.69274157196744
45.488037552998186
44.381644816733164
40.71080953840764
39.52473874338795
44.529469524317506
40.581919260657685
46.2164821197233
42.8202810325888
45.88996417166446
43.67204735589
44.5710408721896
41.61875014120784
42.71519001857755
47.105708075034215
38.62606850469539
45.845355606175644
41.46587316947294
42.27436582882007
43.2402254232532
41.46868135383565
44.6632135383717
43.19465705538292
45.64850968884146
45.49021964206479
44.15307359703507
42.26030040038473
45.93621151110361
42.579695254777775
41.98006859327561
42.95312774074724
43.479674473546716
44.44063900434207
44.92810682306374
43.81387804317868
45.49827939576428
43.72638482925787
43.273516269477554
45.49336584535306
44.11370552434456
43.66112665802107
44.3778124330373
45.68797033681596
44.69745947369682
43.616133355277086
45.27349764014033
46.74730220426534
44.60523341581802
45.68752566859131
43.28239542906426
45.15713821177378
44.77064435224902
45.643569430376694
45.51583955673332
44.919934242571856
43.92805858701896
42.73478320652672
44.42097241363201
45.220046719293
44.75403356322983
42.517921640311855
44.50163494102534
43.34683702087879
44.257582441164544
42.37734596935687
43.82720495033532
45.6733109423676
45.42889056996288
42.83527071305976
43.55020857821106
44.97479379465784
44.848856794724774
45.29387277378252
43.81542523494928
45.78360049321825
43.97972444567117
42.837077005999255
43.90205335562132
44.19781121434845
44.892031877131515
42.49052359966205
44.33346326252192
45.71172014587464
40.72864755643034
42.83244447851418
43.67779917061612
45.12247770444492
44.72055480571144
41.54870861216813
43.19424460431655
45.547943118953036
42.57663328073907
44.862609876366754
41.84496342149691
42.54418779955446
46.451355919083504
43.49121524393074
42.998815867377154
42.808570981933485
45.57853091391249
41.47414245425329
44.58840896122262
44.83623544054105
42.903859690286254
42.13477984900114
45.082144401210556
40.40189754509018
42.005250727993946
44.09153986027372
45.096301674069025
46.011183252277384
44.01309481002038
43.48028951201748
42.35251884001641
45.3761626731372
44.57930210435952
45.27371724120229
46.007080197439166
41.30787803679409
43.785224994430834
43.75727723111344
44.746473373661246
44.31091058244462
45.15754636758521
41.638016840949135
48.05548758499897
42.67351495244843
46.489156008309756
48.0470899609549
44.61856916083411
43.36420119749097
46.04953899147912
45.94462936201464
42.32452720914174
43.94986128349274
43.859375
45.16154500182194
44.464248116782855
47.24082187360375
44.78432637968325
45.533620373763284
46.112263408941
45.15471210629921
45.300973206776405
44.121803740101136
45.04170245861677
44.259799981085685
47.60339930483502
44.67583916984845
44.318973930015325
44.58803624953167
48.44009319545513
44.533852994146784
41.259547445576814
44.190886984715156
45.112785213953806
44.017611703862464
46.122536810490075
46.89724282610324
43.69143660298016
45.10597257180495
39.41713556319684
43.04626971903295
47.19527866200491
44.75930425370212
43.55657530516858
44.777982830593615
43.7639411682699
44.29586330935251
44.38167446080827
46.33150082110234
44.24220015296023
46.2898016854216
44.05417685731595
45.11377149085864
45.52399705690782
46.34059717395164
44.513437929563445
44.12032553430326
45.23550680003941
42.721205078789254
44.664775925789954
41.77841860363984
44.521015126746946
46.47533649241316
43.91924922125464
44.58290930677716
42.76345243678848
44.73535043819459
47.30308667854522
47.62211577816433
44.658407358187034
45.323854191403484
