862789.625
798908.0714285715
732269.65
686985.5642857143
632965.2428571428
605566.6071428572
601757.6142857143
594685.4285714285
568327.7
560660.1285714286
543493.2142857143
529291.7
505554.35
488727.2
493930.0142857143
478414.46428571426
460758.9
451787.6
455773.65
451138.3357142857
433652.5
468109.67142857146
451294.65
462958.3071428572
425589.6785714286
469270.42142857146
429741.72857142857
448447.5714285714
430214.95714285714
446187.97142857144
434283.97857142857
441012.46428571426
458665.22857142857
442647.4
448575.8214285714
427320.6
437769.65714285715
449868.1
448938.9928571429
460505.6928571428
417608.8785714286
427486.15
415386.45
410660.97142857144
407783.57857142854
406122.6642857143
406994.2
396836.78571428574
395076.4428571428
358382.59285714285
403187.97857142857
365696.57857142854
378786.77857142856
366675.82857142854
382914.92142857146
345230.8
347719.7
369274.46428571426
358753.03571428574
333230.5071428571
352968.4142857143
334982.15714285715
368151.47142857144
305745.52857142856
355948.4428571428
321167.47857142857
350445.97142857144
347540.1285714286
311425.45714285714
320200.02142857143
314661.5142857143
333515.79285714286
317624.70714285714
299409.2428571429
313450.6
315253.0642857143
297723.1214285714
299870.27857142856
265340.15714285715
315772.6785714286
316751.5571428572
305568.4285714286
305816.9
315835.8142857143
320642.9285714286
322487.40714285715
323041.4
284393.71428571426
311750.47142857144
284156.03571428574
315762.4
273315.46428571426
314336.17142857146
257133.15714285715
299662.07857142854
296886.78571428574
278843.78571428574
292440.5571428572
322340.0571428572
307564.2
319504.4857142857
292291.25
309511.35
306952.84285714285
267784.46428571426
325494.79285714286
284927.7642857143
310890.8142857143
317953.8642857143
314558.71428571426
298658.9357142857
309007.8214285714
303982.4928571429
291010.7571428571
317734.92142857146
293408.6285714286
322781.5642857143
307179.4142857143
300466.3142857143
280063.9428571428
330111.8714285714
308782.8857142857
302790.3357142857
296025.2357142857
340276.1785714286
315820.97142857144
304798.2571428571
323628.0142857143
295567.09285714285
319614.3785714286
308196.5142857143
291928.40714285715
296028.35714285716
287429.2357142857
319021.15714285715
294622.79285714286
322770.97142857144
312232.6857142857
309695.6785714286
295369.27857142856
305761.8785714286
316500.04285714286
304420.6857142857
291265.3214285714
314930.8357142857
280452.72142857144
330314.95
293939.7357142857
300130.15714285715
293509.2642857143
306110.57857142854
309368.95714285714
294671.71428571426
293101.78571428574
300291.8071428572
282713.9285714286
308890.0857142857
272650.8714285714
311042.6285714286
298595.8142857143
313555.22142857144
293237.4428571428
276152.40714285715
324598.1357142857
295115.4928571429
318620.5857142857
283472.72857142857
284896.7
328866.84285714285
293590.1142857143
291047.54285714286
291813.90714285715
287660.09285714285
276350.22142857144
278859.6
270902.60714285716
296401.15
251659.40714285715
253141.7142857143
291404.55
210090.08571428573
255967.5285714286
248722.62142857144
270370.15
235578.59285714285
298420.0
238821.4
264578.7357142857
253575.12142857144
240177.94285714286
265666.05
258928.9357142857
247043.5642857143
270401.1214285714
233427.76428571428
273865.85
251563.55714285714
262462.5071428571
277516.5142857143
262814.10714285716
303628.29285714286
267409.6214285714
290605.2357142857
265610.45714285714
292775.6857142857
262258.1214285714
282453.5571428572
301230.9142857143
267941.35714285716
294342.54285714286
278198.4857142857
279553.6857142857
291759.25
281813.6857142857
288689.70714285714
281697.6285714286
295251.2571428571
287522.70714285714
278902.4857142857
320925.89285714284
289009.8642857143
324750.02142857143
298943.78571428574
312601.02857142856
306514.97142857144
280249.2642857143
301478.3785714286
309442.4857142857
288239.6214285714
305694.6214285714
326418.6357142857
279302.5642857143
307468.3214285714
300533.27142857143
318197.4
271648.22142857144
297814.96428571426
293103.0142857143
266311.40714285715
323835.3785714286
291600.4357142857
304050.40714285715
291312.77857142856
274042.1
279228.10714285716
272903.1214285714
281082.54285714286
272828.1857142857
286122.42142857146
282192.21428571426
272791.03571428574
274399.5642857143
295676.32857142854
265225.1
275119.96428571426
256661.7142857143
282191.47142857144
264549.47142857144
270441.96428571426
268707.77142857143
286543.8357142857
259026.23571428572
257324.90714285715
282123.8714285714
258889.7857142857
278888.04285714286
259897.42142857143
264903.7571428571
267127.40714285715
276620.77857142856
277671.52142857143
293303.85
255069.9714285714
259701.45714285714
248278.0357142857
230237.20714285714
270531.7571428571
271251.14285714284
283290.9428571428
277091.17142857146
280646.42142857146
260624.26428571428
274181.45714285714
270722.14285714284
296834.29285714286
272126.6785714286
284797.5571428572
284528.96428571426
280066.4
266063.22857142857
269654.10714285716
271878.45714285714
280936.7642857143
285094.04285714286
262360.3714285714
269171.64285714284
257553.35714285713
279564.77142857143
267015.8142857143
299427.1785714286
290218.45
250720.0285714286
278796.7357142857
245484.19285714286
270526.97142857144
253748.6857142857
280712.64285714284
272753.7642857143
254315.84285714285
253252.26428571428
294214.0
258435.88571428572
293201.40714285715
261744.5
304988.0142857143
265064.21428571426
303143.1214285714
296884.8357142857
288638.0571428572
294631.10714285716
289556.29285714286
277792.5857142857
271262.5571428572
267435.4
287827.5
286236.34285714285
283677.8
261880.9714285714
264579.9857142857
254391.7142857143
254258.41428571427
251479.27142857143
243039.3
283718.72142857144
263126.7
261861.0357142857
257194.69285714286
259797.1
264110.8142857143
250268.12142857144
259464.39285714287
265926.7
249021.7
257579.62142857144
259646.40714285715
270211.0714285714
257792.4357142857
280112.92142857146
282273.7642857143
270069.95714285714
282120.32857142854
293381.47857142857
271789.9
290545.4857142857
252119.9357142857
290504.09285714285
271718.1785714286
274549.2571428571
262058.42142857143
291719.35
280939.9285714286
266655.5142857143
287150.82857142854
268574.7571428571
285091.8357142857
317120.64285714284
271049.4142857143
288631.95714285714
294517.0857142857
263541.4
289866.1785714286
277323.5571428572
298799.7571428571
259608.95714285714
289226.21428571426
285093.72142857144
274823.95
277623.9928571429
289515.8642857143
291123.6642857143
300677.35
273485.72142857144
280450.25
302811.46428571426
276324.1857142857
285280.6142857143
275549.45714285714
275517.9428571428
267927.1214285714
271359.5857142857
294335.6
276283.9
282417.35
260568.62142857144
290896.3142857143
297664.6928571428
289345.65714285715
250713.22857142857
287454.02142857143
277874.0142857143
294104.35714285716
279560.22142857144
272392.6214285714
315610.03571428574
268121.4357142857
273169.72142857144
286206.4428571428
300510.95
281190.6285714286
298631.3
289266.57857142854
286120.9428571428
276972.84285714285
265759.59285714285
301342.9357142857
271993.4428571428
290588.4
259361.84285714285
305627.65
292647.4142857143
288520.46428571426
279090.02857142856
309665.9428571428
262127.27142857143
275927.0714285714
273069.72142857144
267865.9428571428
296633.4928571429
267617.95714285714
306477.22142857144
274812.77142857143
276411.55
300024.4285714286
286633.5714285714
305688.72857142857
282739.85714285716
289234.67142857146
273647.6357142857
302443.6357142857
297243.25
284194.28571428574
289693.0714285714
300379.1857142857
299060.77857142856
293944.5571428572
294588.3
290152.47142857144
305725.89285714284
301855.72857142857
315478.92142857146
276811.60714285716
296650.6357142857
303915.42142857146
297179.1785714286
289847.95714285714
291957.75
308841.85
286246.46428571426
314508.29285714286
292848.10714285716
287992.1357142857
305933.52857142856
283322.17142857146
297183.6142857143
298736.6785714286
290178.71428571426
298142.3071428572
255035.37857142856
303695.47142857144
297419.15
298993.55
285699.02142857143
298261.9285714286
281170.1857142857
278010.5071428571
286718.3785714286
274545.5857142857
293356.28571428574
283195.8642857143
301413.47857142857
271507.45714285714
303481.0714285714
292194.9357142857
271350.3142857143
279449.60714285716
272328.84285714285
278123.8714285714
292672.22142857144
285361.40714285715
279852.3857142857
263204.47857142857
281110.77857142856
275798.8642857143
284912.85714285716
278672.1
287659.7
283841.52857142856
262976.85714285716
288489.5714285714
268964.96428571426
