1183203.0
1162607.0
1141992.0
988725.0
887409.0
883537.0
926935.0
944174.0
902696.0
834440.0
836376.0
901601.0
841783.0
790494.0
816433.0
817078.0
755670.0
885784.0
831396.0
819969.0
791616.0
895000.0
839604.0
903613.0
766155.0
1006000.0
761085.0
868295.0
801948.0
782733.0
827224.0
860659.0
807224.0
786143.0
937929.0
702980.0
799946.0
816548.0
881294.0
783552.0
827516.0
895487.0
832001.0
831227.0
816788.0
837519.0
773658.0
781197.0
762473.0
713362.0
892884.0
850531.0
785104.0
700020.0
740856.0
737395.0
762295.0
779472.0
765533.0
801802.0
764363.0
790603.0
789897.0
661728.0
791499.0
716815.0
704836.0
742143.0
870547.0
689785.0
766139.0
679214.0
828954.0
764704.0
882628.0
747212.0
839130.0
755441.0
778734.0
777165.0
782186.0
772522.0
764517.0
783131.0
831057.0
776779.0
802072.0
803728.0
778348.0
767347.0
797334.0
736600.0
793056.0
816939.0
709286.0
856250.0
713315.0
752838.0
776798.0
694114.0
755691.0
837235.0
799905.0
712226.0
662784.0
893235.0
817898.0
769860.0
832341.0
786459.0
759332.0
866989.0
723151.0
715682.0
751106.0
764093.0
727354.0
742953.0
645710.0
764021.0
892384.0
838284.0
821915.0
748031.0
782806.0
845975.0
708833.0
938680.0
776807.0
914942.0
830289.0
693916.0
821195.0
726719.0
730972.0
671580.0
785079.0
891133.0
742863.0
700792.0
820253.0
740674.0
844377.0
679801.0
775378.0
843648.0
746752.0
799126.0
734394.0
752238.0
692898.0
733816.0
715024.0
895811.0
662510.0
699840.0
690895.0
675579.0
803518.0
745437.0
833231.0
884444.0
761534.0
785308.0
747869.0
837989.0
703121.0
835115.0
769169.0
843333.0
729850.0
768304.0
666776.0
790228.0
748568.0
678363.0
808712.0
761280.0
663689.0
922225.0
658043.0
789100.0
809292.0
751809.0
831391.0
863392.0
792992.0
709845.0
756765.0
722149.0
705524.0
667931.0
789123.0
817791.0
698754.0
802542.0
614312.0
782015.0
726377.0
631289.0
763818.0
809240.0
763460.0
801490.0
915104.0
713993.0
812300.0
800566.0
780294.0
705187.0
831759.0
825875.0
794209.0
725727.0
736045.0
728761.0
722094.0
677898.0
776964.0
783065.0
810342.0
706978.0
792142.0
807192.0
646651.0
646734.0
688121.0
710217.0
724855.0
809322.0
883126.0
709812.0
669467.0
746413.0
814611.0
609410.0
747178.0
706638.0
766201.0
740940.0
862516.0
790446.0
719245.0
743162.0
809890.0
670580.0
786521.0
786804.0
813285.0
680881.0
714209.0
786103.0
768214.0
833981.0
712294.0
761335.0
813460.0
681800.0
820631.0
731826.0
788685.0
813470.0
656189.0
768285.0
761965.0
817723.0
691516.0
676666.0
695021.0
770148.0
880405.0
872496.0
739293.0
688277.0
717992.0
656460.0
664264.0
797034.0
787031.0
789332.0
852420.0
717851.0
698708.0
766536.0
852976.0
565988.0
748453.0
799028.0
810675.0
656897.0
825136.0
757096.0
891790.0
815683.0
756851.0
867730.0
656658.0
801641.0
724244.0
833987.0
773747.0
712245.0
682739.0
826342.0
781309.0
840563.0
844554.0
844753.0
708215.0
777889.0
781026.0
775491.0
865164.0
737906.0
755021.0
835138.0
722509.0
780383.0
864539.0
870539.0
770775.0
730388.0
974764.0
720135.0
705869.0
755657.0
825398.0
800139.0
805338.0
865150.0
728964.0
704334.0
652986.0
705820.0
805688.0
788390.0
719349.0
788743.0
759167.0
796048.0
718036.0
747013.0
742114.0
728028.0
822866.0
822177.0
751084.0
797319.0
874594.0
737032.0
931471.0
725545.0
723131.0
739869.0
897674.0
812279.0
778303.0
739605.0
894071.0
719981.0
767642.0
741998.0
853893.0
739586.0
832892.0
849535.0
692597.0
793431.0
791268.0
797863.0
765391.0
820359.0
787717.0
853983.0
833286.0
795992.0
800334.0
715852.0
784389.0
803949.0
804034.0
790849.0
798792.0
868453.0
809881.0
786812.0
772030.0
691346.0
651820.0
798655.0
793615.0
751160.0
815080.0
681117.0
702476.0
870366.0
848667.0
652320.0
833232.0
755773.0
782370.0
814808.0
761192.0
817043.0
780020.0
708826.0
675707.0
792325.0
771892.0
815316.0
767954.0
748172.0
785948.0
725586.0
759097.0
775814.0
770653.0
758525.0
802235.0
698800.0
841457.0
719233.0
867615.0
730542.0
702792.0
738286.0
718605.0
937649.0
712682.0
884534.0
819046.0
782103.0
779631.0
859106.0
898522.0
680196.0
750814.0
679216.0
750108.0
710981.0
763491.0
825121.0
782323.0
819137.0
818253.0
785043.0
818960.0
835454.0
807520.0
902588.0
692044.0
827168.0
822771.0
827645.0
795691.0
862973.0
809447.0
823835.0
813176.0
801322.0
736176.0
822448.0
697421.0
840552.0
823494.0
729630.0
810490.0
628126.0
856517.0
734685.0
850825.0
818731.0
796869.0
735203.0
803414.0
776347.0
797995.0
839762.0
802709.0
783442.0
658308.0
792424.0
777258.0
719640.0
798191.0
808521.0
779367.0
780626.0
701150.0
680255.0
812079.0
689578.0
801562.0
752989.0
799244.0
756677.0
791637.0
791804.0
720795.0
845036.0
