1162607.0
1141992.0
988725.0
887409.0
872165.0
872165.0
872165.0
773212.0
773212.0
706268.0
706268.0
639403.0
656242.0
639403.0
639403.0
648506.0
607988.0
607988.0
610218.0
587015.0
587015.0
587015.0
587015.0
587015.0
598268.0
587015.0
587015.0
579540.0
579540.0
579540.0
579540.0
579540.0
631803.0
579540.0
580347.0
580347.0
617952.0
617952.0
655247.0
617952.0
617952.0
617952.0
617952.0
617952.0
617952.0
617952.0
617952.0
617952.0
617952.0
643660.0
643660.0
643660.0
588273.0
588273.0
588273.0
588273.0
588273.0
588273.0
588273.0
588273.0
588273.0
588273.0
580347.0
580347.0
580347.0
580347.0
580347.0
580347.0
580347.0
580347.0
580347.0
580347.0
580347.0
580347.0
580347.0
580347.0
580347.0
580347.0
580347.0
580347.0
580347.0
580347.0
580347.0
580347.0
580347.0
580347.0
491066.0
491066.0
491066.0
491066.0
491066.0
528618.0
491066.0
491066.0
491066.0
491066.0
491066.0
491066.0
489275.0
489275.0
489275.0
489275.0
489275.0
489275.0
489275.0
489275.0
489275.0
441434.0
441434.0
441434.0
443393.0
443393.0
443393.0
443393.0
443393.0
475025.0
442133.0
442133.0
459991.0
459991.0
459991.0
459991.0
459991.0
459991.0
459991.0
459991.0
459991.0
459991.0
459991.0
459991.0
459991.0
459991.0
459991.0
442133.0
442133.0
442133.0
442133.0
442133.0
442133.0
442133.0
442133.0
441434.0
441434.0
441434.0
441434.0
441434.0
441434.0
441434.0
441434.0
441434.0
441434.0
441434.0
441434.0
441434.0
441434.0
441434.0
479801.0
479801.0
479801.0
495986.0
495986.0
495986.0
495986.0
495986.0
495986.0
495986.0
495986.0
495986.0
495986.0
495986.0
495986.0
495986.0
495986.0
495986.0
495986.0
495986.0
479801.0
479801.0
479801.0
479801.0
479801.0
479801.0
479801.0
479801.0
479801.0
479801.0
479801.0
441434.0
441434.0
441434.0
441434.0
441434.0
441434.0
441434.0
441434.0
441434.0
381451.0
461447.0
461447.0
461447.0
461447.0
461447.0
461447.0
461447.0
461447.0
461447.0
445508.0
445508.0
445508.0
445508.0
445508.0
445508.0
445508.0
445508.0
445508.0
445508.0
445508.0
445508.0
445508.0
445508.0
445508.0
445508.0
445508.0
445508.0
432644.0
432644.0
432644.0
432644.0
432644.0
432644.0
433734.0
433734.0
433734.0
433734.0
433734.0
433734.0
433734.0
433734.0
433734.0
433734.0
433734.0
433734.0
433734.0
433734.0
433734.0
433734.0
419405.0
419405.0
419405.0
419405.0
419405.0
419405.0
419405.0
419405.0
408483.0
408483.0
408483.0
408483.0
408483.0
408483.0
408483.0
408483.0
408483.0
408483.0
408483.0
408483.0
408483.0
408483.0
408483.0
408483.0
408483.0
408483.0
408483.0
408483.0
408483.0
408483.0
382002.0
382002.0
382002.0
382002.0
423932.0
423932.0
423932.0
423932.0
423932.0
423932.0
423932.0
423932.0
423932.0
423932.0
423932.0
423932.0
423932.0
423932.0
423932.0
423932.0
423932.0
423932.0
423932.0
423932.0
423932.0
423932.0
423932.0
423932.0
423932.0
423932.0
423932.0
423932.0
423932.0
423932.0
423932.0
423932.0
423932.0
423932.0
423932.0
423932.0
423932.0
423932.0
430942.0
430942.0
430942.0
430942.0
430942.0
430942.0
423932.0
423932.0
423932.0
423932.0
423932.0
423932.0
423932.0
423932.0
423932.0
423932.0
423932.0
423932.0
423932.0
423932.0
423932.0
423932.0
423932.0
423932.0
423932.0
423932.0
423932.0
423932.0
423932.0
423932.0
387282.0
387282.0
387282.0
387282.0
387282.0
387282.0
387282.0
387282.0
387282.0
387282.0
387282.0
387282.0
387282.0
387282.0
387282.0
387282.0
387282.0
397287.0
397287.0
398610.0
398610.0
398610.0
398610.0
398610.0
398610.0
398610.0
398610.0
398610.0
398610.0
398610.0
398610.0
398610.0
398610.0
398610.0
398610.0
398610.0
398610.0
397287.0
397287.0
397287.0
387282.0
387282.0
387282.0
387282.0
387282.0
387282.0
387282.0
387282.0
387282.0
387282.0
387282.0
387282.0
387282.0
387282.0
387282.0
387282.0
387282.0
387282.0
387282.0
387282.0
387282.0
387282.0
387282.0
387282.0
387282.0
387282.0
387282.0
387282.0
387282.0
387282.0
387282.0
387282.0
387282.0
387282.0
387282.0
387282.0
387282.0
387282.0
387282.0
387282.0
387282.0
387282.0
387282.0
387282.0
387282.0
387282.0
387282.0
387282.0
387282.0
387282.0
387282.0
387282.0
387282.0
387282.0
387282.0
387282.0
387282.0
387282.0
387282.0
387282.0
387282.0
387282.0
387282.0
387282.0
387282.0
387282.0
387282.0
387282.0
387282.0
431018.0
431018.0
431018.0
431018.0
431018.0
431018.0
431018.0
431018.0
382113.0
382113.0
382113.0
382113.0
382113.0
382113.0
382113.0
382113.0
382113.0
382113.0
382113.0
382113.0
382113.0
382113.0
382113.0
382113.0
382113.0
382113.0
382113.0
382113.0
382113.0
382113.0
382113.0
382113.0
382113.0
382113.0
382113.0
382113.0
382113.0
382113.0
382113.0
382113.0
382113.0
382113.0
382113.0
