52.59257939512716
55.97233623063881
57.36913710829948
59.452751908349114
59.452751908349114
59.452751908349114
61.27064937819851
61.39957522583518
61.39957522583518
61.39957522583518
64.05916112787241
64.05916112787241
64.05916112787241
64.05916112787241
64.05916112787241
64.05916112787241
64.05916112787241
64.05916112787241
64.05916112787241
64.05916112787241
64.43154810197868
64.79067836246146
64.79067836246146
64.79067836246146
64.79067836246146
64.79067836246146
64.79067836246146
64.79067836246146
64.79067836246146
64.79067836246146
64.79067836246146
64.79067836246146
64.79067836246146
64.79067836246146
66.19620916555058
66.19620916555058
66.19620916555058
66.19620916555058
66.19620916555058
66.19620916555058
66.19620916555058
66.19620916555058
66.19620916555058
66.19620916555058
66.19620916555058
66.19620916555058
66.19620916555058
66.19620916555058
66.19620916555058
66.19620916555058
66.19620916555058
66.19620916555058
66.19620916555058
66.19620916555058
66.19620916555058
66.19620916555058
66.19620916555058
66.19620916555058
66.19620916555058
66.19620916555058
66.19620916555058
66.19620916555058
67.7932460097198
67.7932460097198
67.7932460097198
67.7932460097198
67.7932460097198
67.7932460097198
67.7932460097198
67.7932460097198
67.7932460097198
67.7932460097198
67.7932460097198
67.7932460097198
67.7932460097198
67.7932460097198
67.7932460097198
67.7932460097198
67.7932460097198
67.7932460097198
67.7932460097198
67.7932460097198
67.7932460097198
67.7932460097198
67.7932460097198
67.7932460097198
67.7932460097198
67.7932460097198
67.7932460097198
67.7932460097198
67.7932460097198
67.7932460097198
67.7932460097198
67.7932460097198
67.7932460097198
67.7932460097198
67.7932460097198
67.7932460097198
67.7932460097198
67.7932460097198
67.7932460097198
67.7932460097198
67.7932460097198
67.7932460097198
67.7932460097198
67.7932460097198
67.7932460097198
67.7932460097198
67.7932460097198
67.7932460097198
67.7932460097198
67.7932460097198
67.7932460097198
67.7932460097198
67.7932460097198
67.7932460097198
67.7932460097198
67.7932460097198
67.7932460097198
67.7932460097198
67.7932460097198
67.7932460097198
67.7932460097198
67.7932460097198
67.7932460097198
67.7932460097198
67.7932460097198
67.7932460097198
67.7932460097198
67.7932460097198
67.7932460097198
67.7932460097198
67.7932460097198
67.7932460097198
67.7932460097198
67.7932460097198
67.7932460097198
67.7932460097198
67.7932460097198
67.7932460097198
67.7932460097198
67.7932460097198
67.7932460097198
67.7932460097198
67.7932460097198
67.7932460097198
67.7932460097198
67.7932460097198
67.7932460097198
67.7932460097198
67.7932460097198
67.7932460097198
67.7932460097198
67.7932460097198
67.7932460097198
67.7932460097198
67.7932460097198
67.7932460097198
67.7932460097198
67.7932460097198
67.7932460097198
67.7932460097198
67.7932460097198
67.7932460097198
67.7932460097198
67.7932460097198
67.7932460097198
67.7932460097198
67.7932460097198
67.7932460097198
67.7932460097198
67.7932460097198
67.7932460097198
67.7932460097198
67.7932460097198
67.7932460097198
68.13729587610848
68.13729587610848
68.13729587610848
68.13729587610848
68.13729587610848
68.13729587610848
68.59923421351013
68.59923421351013
68.59923421351013
68.59923421351013
68.59923421351013
68.59923421351013
68.59923421351013
68.59923421351013
68.59923421351013
68.59923421351013
68.59923421351013
68.59923421351013
68.59923421351013
68.59923421351013
68.59923421351013
68.59923421351013
68.59923421351013
68.59923421351013
68.59923421351013
68.74165710479056
68.74165710479056
68.74165710479056
68.74165710479056
68.74165710479056
69.06704927034545
69.06704927034545
69.06704927034545
69.06704927034545
69.06704927034545
69.06704927034545
69.06704927034545
69.06704927034545
69.06704927034545
69.06704927034545
69.06704927034545
69.42455135226218
69.42455135226218
69.42455135226218
69.42455135226218
69.42455135226218
69.42455135226218
69.6631920667529
70.04753873668228
70.04753873668228
70.04753873668228
70.04753873668228
70.04753873668228
70.04753873668228
70.04753873668228
70.04753873668228
70.04753873668228
70.04753873668228
70.04753873668228
70.04753873668228
70.04753873668228
70.04753873668228
70.04753873668228
70.04753873668228
70.04753873668228
70.04753873668228
70.04753873668228
70.04753873668228
70.04753873668228
70.04753873668228
70.04753873668228
70.04753873668228
70.04753873668228
70.04753873668228
70.04753873668228
70.04753873668228
70.12347379401992
70.12347379401992
70.12347379401992
70.12347379401992
70.12347379401992
70.12347379401992
70.12347379401992
70.12347379401992
70.12347379401992
70.12347379401992
70.12347379401992
70.12347379401992
70.12347379401992
70.12347379401992
70.12347379401992
70.12347379401992
70.12347379401992
70.12347379401992
70.12347379401992
70.12347379401992
70.12347379401992
70.12347379401992
70.12347379401992
70.12347379401992
70.12347379401992
70.77512175551392
70.77512175551392
70.77512175551392
70.87706899663672
70.87706899663672
70.87706899663672
70.87706899663672
70.87706899663672
70.87706899663672
70.87706899663672
70.87706899663672
70.87706899663672
70.87706899663672
70.87706899663672
70.87706899663672
70.87706899663672
70.87706899663672
70.87706899663672
70.87706899663672
70.87706899663672
70.87706899663672
70.87706899663672
70.87706899663672
70.87706899663672
70.87706899663672
70.87706899663672
70.87706899663672
70.87706899663672
70.87706899663672
70.87706899663672
70.87706899663672
70.87706899663672
70.87706899663672
70.87706899663672
70.87706899663672
70.87706899663672
70.87706899663672
70.87706899663672
70.87706899663672
70.87706899663672
70.87706899663672
70.87706899663672
70.87706899663672
70.87706899663672
70.87706899663672
70.87706899663672
70.87706899663672
70.87706899663672
70.87706899663672
70.87706899663672
70.87706899663672
70.87706899663672
70.87706899663672
70.87706899663672
70.87706899663672
70.87706899663672
70.87706899663672
70.87706899663672
70.9801801434211
70.9801801434211
70.9801801434211
72.71097233922514
72.71097233922514
72.71097233922514
72.71097233922514
72.71097233922514
72.71097233922514
72.71097233922514
72.71097233922514
72.71097233922514
72.71097233922514
72.71097233922514
72.71097233922514
72.71097233922514
72.71097233922514
72.71097233922514
72.71097233922514
72.71097233922514
72.71097233922514
72.71097233922514
72.71097233922514
72.71097233922514
72.71097233922514
72.71097233922514
72.71097233922514
72.71097233922514
72.71097233922514
72.71097233922514
72.71097233922514
72.71097233922514
72.71097233922514
72.71097233922514
72.71097233922514
72.71097233922514
72.71097233922514
72.71097233922514
72.71097233922514
72.71097233922514
72.71097233922514
72.71097233922514
72.71097233922514
72.71097233922514
72.71097233922514
72.71097233922514
72.71097233922514
72.71097233922514
72.71097233922514
72.71097233922514
72.71097233922514
72.71097233922514
72.71097233922514
72.71097233922514
73.03979455551487
73.03979455551487
73.03979455551487
73.03979455551487
73.03979455551487
73.03979455551487
73.03979455551487
73.03979455551487
73.03979455551487
73.03979455551487
73.03979455551487
73.03979455551487
73.03979455551487
73.03979455551487
73.03979455551487
73.03979455551487
73.03979455551487
73.03979455551487
73.03979455551487
73.03979455551487
73.03979455551487
73.03979455551487
73.03979455551487
73.03979455551487
73.03979455551487
73.03979455551487
73.03979455551487
73.03979455551487
73.03979455551487
73.03979455551487
73.03979455551487
73.03979455551487
73.03979455551487
73.03979455551487
73.03979455551487
73.03979455551487
73.03979455551487
73.03979455551487
73.03979455551487
73.03979455551487
73.03979455551487
73.03979455551487
73.03979455551487
73.03979455551487
73.03979455551487
73.03979455551487
73.03979455551487
73.03979455551487
73.03979455551487
73.03979455551487
73.03979455551487
73.03979455551487
73.03979455551487
73.03979455551487
73.03979455551487
73.03979455551487
73.03979455551487
73.03979455551487
73.03979455551487
73.03979455551487
73.03979455551487
73.03979455551487
73.03979455551487
73.03979455551487
73.03979455551487
73.03979455551487
73.03979455551487
73.03979455551487
73.03979455551487
73.03979455551487
73.03979455551487
73.03979455551487
73.03979455551487
73.03979455551487
73.03979455551487
73.03979455551487
73.18894198653719
73.18894198653719
73.18894198653719
73.18894198653719
73.18894198653719
73.18894198653719
73.18894198653719
73.18894198653719
73.18894198653719
73.18894198653719
73.18894198653719
73.18894198653719
73.18894198653719
73.18894198653719
73.18894198653719
73.18894198653719
73.18894198653719
73.18894198653719
73.18894198653719
73.18894198653719
73.18894198653719
73.18894198653719
73.18894198653719
73.18894198653719
73.18894198653719
73.18894198653719
73.18894198653719
73.18894198653719
73.18894198653719
73.18894198653719
73.18894198653719
73.18894198653719
73.18894198653719
73.18894198653719
73.18894198653719
