437726.0
437726.0
298582.0
266612.0
261892.0
217468.0
217468.0
228240.0
207910.0
207910.0
217394.0
192052.0
192052.0
192052.0
192052.0
192052.0
192052.0
192052.0
192052.0
192052.0
192052.0
192052.0
160422.0
160422.0
160422.0
160422.0
160422.0
160422.0
132688.0
132688.0
132688.0
132688.0
131798.0
131798.0
131798.0
131798.0
131798.0
131798.0
139924.0
139924.0
139924.0
139924.0
139924.0
139924.0
139924.0
139924.0
139924.0
139924.0
139924.0
138606.0
138606.0
137270.0
137270.0
137270.0
137270.0
137270.0
137270.0
137270.0
137270.0
137270.0
137270.0
137270.0
137270.0
137270.0
137270.0
137270.0
137270.0
137270.0
137270.0
137270.0
137270.0
137270.0
137270.0
137270.0
137270.0
137270.0
137270.0
137270.0
137270.0
137270.0
110616.0
110616.0
110616.0
110616.0
110616.0
110616.0
110616.0
110616.0
110616.0
110616.0
110616.0
110616.0
110616.0
110616.0
110616.0
110616.0
110616.0
110616.0
110616.0
110616.0
110616.0
110616.0
110616.0
110616.0
110616.0
110616.0
110616.0
110616.0
110880.0
110880.0
110880.0
110880.0
110880.0
110880.0
110880.0
110880.0
110880.0
110880.0
110880.0
110880.0
110880.0
110880.0
110880.0
110616.0
110616.0
110616.0
110616.0
110616.0
110616.0
110616.0
110616.0
110616.0
110616.0
110616.0
110616.0
110616.0
110616.0
110616.0
110616.0
110616.0
110616.0
100792.0
100792.0
100792.0
100792.0
100792.0
100792.0
100792.0
100792.0
100792.0
100792.0
100792.0
100792.0
100792.0
100792.0
100792.0
100792.0
100792.0
100792.0
100792.0
100792.0
100792.0
100792.0
100792.0
100792.0
100792.0
100792.0
100792.0
100792.0
100792.0
100792.0
100792.0
100792.0
100792.0
100792.0
100792.0
100792.0
100792.0
100792.0
100792.0
100792.0
100792.0
100792.0
100792.0
100792.0
100792.0
100792.0
100792.0
100792.0
100792.0
100792.0
100792.0
100792.0
100792.0
100792.0
100792.0
100792.0
100792.0
100792.0
100792.0
100792.0
100792.0
100792.0
100792.0
100792.0
100792.0
100792.0
100792.0
100792.0
100792.0
100792.0
100792.0
100792.0
100792.0
100792.0
100792.0
100792.0
100792.0
100792.0
100792.0
100792.0
100792.0
100792.0
100792.0
100792.0
100792.0
100792.0
100792.0
100792.0
100792.0
100792.0
100792.0
100792.0
100792.0
100792.0
100792.0
100792.0
100792.0
100792.0
100792.0
100792.0
100792.0
100792.0
100792.0
91872.0
91872.0
91872.0
91872.0
91872.0
91872.0
91872.0
91872.0
91872.0
91872.0
91872.0
91872.0
91872.0
91872.0
91872.0
91872.0
91872.0
91872.0
91872.0
91872.0
91872.0
91872.0
91872.0
91872.0
91872.0
91872.0
91872.0
91872.0
91872.0
91872.0
91872.0
91872.0
91872.0
91872.0
91872.0
91872.0
91872.0
91872.0
91872.0
91872.0
91872.0
91872.0
91872.0
91872.0
91872.0
91872.0
91872.0
91872.0
91872.0
91872.0
91872.0
91872.0
91872.0
91872.0
91872.0
91872.0
91872.0
91872.0
91872.0
91872.0
91872.0
91872.0
86684.0
86684.0
86684.0
86684.0
86684.0
86684.0
86684.0
86684.0
86684.0
86684.0
86684.0
86684.0
86684.0
86684.0
86684.0
86684.0
86684.0
86684.0
86684.0
86684.0
86684.0
86684.0
86684.0
86684.0
86684.0
86684.0
86684.0
86684.0
86684.0
86684.0
86684.0
86684.0
86684.0
86684.0
86684.0
86684.0
86684.0
86684.0
86684.0
86684.0
86684.0
86684.0
86684.0
86684.0
86684.0
84888.0
84888.0
84888.0
84888.0
84888.0
84888.0
84888.0
84888.0
84888.0
84888.0
84888.0
84888.0
84888.0
84888.0
84888.0
84888.0
84888.0
84888.0
84888.0
84888.0
84888.0
84888.0
84888.0
84888.0
84888.0
84888.0
84888.0
84888.0
84888.0
84888.0
84888.0
84888.0
84888.0
84888.0
84888.0
84888.0
84888.0
84888.0
84888.0
84888.0
84888.0
84888.0
84888.0
84888.0
84888.0
84888.0
84888.0
84888.0
84888.0
84888.0
84888.0
84888.0
84888.0
84888.0
84888.0
84888.0
84888.0
84888.0
84888.0
84888.0
84888.0
84888.0
84888.0
84888.0
84888.0
84888.0
84888.0
84888.0
84888.0
84888.0
84888.0
84888.0
84888.0
84888.0
84888.0
84888.0
84888.0
84888.0
84888.0
84888.0
84888.0
84888.0
84888.0
84888.0
84888.0
84888.0
84888.0
84888.0
84888.0
84888.0
84888.0
84888.0
84888.0
84888.0
84888.0
84888.0
84888.0
84888.0
84888.0
84888.0
84888.0
84888.0
84888.0
84888.0
84888.0
84888.0
84888.0
84888.0
84888.0
84888.0
84888.0
84888.0
84888.0
84888.0
84888.0
84888.0
84888.0
84888.0
84888.0
84888.0
84888.0
84888.0
84888.0
84888.0
84888.0
84888.0
84888.0
84888.0
84888.0
84888.0
84888.0
84888.0
84888.0
84888.0
84888.0
84888.0
84888.0
84888.0
84888.0
84888.0
84888.0
76374.0
76374.0
76374.0
76374.0
76374.0
76374.0
76374.0
76374.0
