147802.0
123688.0
139246.0
127418.0
105659.0
105659.0
105659.0
105659.0
105659.0
105659.0
105659.0
105659.0
103410.0
93602.0
93602.0
93602.0
93602.0
93602.0
93602.0
93602.0
92790.0
92790.0
92790.0
92790.0
92790.0
92790.0
77990.0
77990.0
76370.0
74170.0
74170.0
74170.0
74170.0
74170.0
74170.0
74170.0
74170.0
74170.0
74170.0
74170.0
74170.0
74170.0
74170.0
67754.0
67754.0
67754.0
67754.0
67754.0
67754.0
67754.0
67754.0
67754.0
67754.0
50556.0
50556.0
50556.0
50556.0
50556.0
50556.0
50556.0
50556.0
50556.0
50556.0
50556.0
50556.0
50556.0
50556.0
50556.0
50556.0
45332.0
45332.0
45332.0
45332.0
45332.0
45332.0
45332.0
45332.0
45332.0
45332.0
45332.0
45332.0
45332.0
45332.0
45332.0
45332.0
45332.0
45332.0
45332.0
45332.0
45332.0
45332.0
35370.0
35370.0
35370.0
29110.0
29110.0
29110.0
21310.0
19570.0
19570.0
19570.0
16380.0
16380.0
16380.0
16380.0
16380.0
16380.0
16380.0
16380.0
16380.0
16380.0
16380.0
16380.0
16380.0
16380.0
16380.0
16380.0
16380.0
16380.0
16244.0
16244.0
16244.0
16244.0
15662.0
15662.0
15662.0
15662.0
15662.0
15662.0
15662.0
15662.0
15662.0
15662.0
15662.0
15662.0
15662.0
15662.0
15662.0
15662.0
15662.0
15662.0
15662.0
15662.0
15662.0
15662.0
15340.0
15340.0
15340.0
15340.0
15340.0
13992.0
13992.0
13992.0
13992.0
13992.0
13992.0
13992.0
13992.0
13992.0
13992.0
13992.0
13992.0
13992.0
13992.0
13992.0
13992.0
13992.0
13992.0
13992.0
13992.0
13992.0
13992.0
13992.0
13992.0
13992.0
13992.0
13470.0
13470.0
13470.0
13470.0
13470.0
13470.0
13470.0
13470.0
13470.0
13470.0
13470.0
13470.0
13470.0
13470.0
13470.0
13470.0
13470.0
13470.0
13470.0
13470.0
13470.0
13470.0
13470.0
13246.0
13470.0
13470.0
13470.0
13470.0
13470.0
13470.0
13470.0
13470.0
13470.0
13470.0
13470.0
13470.0
13470.0
13470.0
13470.0
13470.0
13470.0
13470.0
13470.0
13470.0
13470.0
13470.0
13470.0
13470.0
13470.0
13470.0
13470.0
13470.0
13470.0
13470.0
13470.0
13470.0
13470.0
13470.0
13470.0
13470.0
13470.0
13470.0
13470.0
13470.0
13470.0
13470.0
13470.0
13470.0
13470.0
13470.0
13470.0
13470.0
13470.0
13470.0
13470.0
13470.0
13470.0
13470.0
13470.0
13470.0
13470.0
13470.0
13470.0
13470.0
13470.0
13470.0
13470.0
13470.0
13470.0
13470.0
13470.0
13470.0
13470.0
13470.0
13470.0
13470.0
13470.0
13470.0
13470.0
13470.0
13470.0
13470.0
13470.0
13470.0
13470.0
13470.0
13470.0
13470.0
13470.0
13470.0
13470.0
13470.0
13470.0
13470.0
13470.0
13470.0
13470.0
13470.0
13470.0
13470.0
13470.0
13470.0
13022.0
13022.0
13022.0
13022.0
13022.0
13022.0
13022.0
13022.0
13022.0
13022.0
13022.0
13022.0
13022.0
13022.0
13022.0
13022.0
13022.0
13022.0
13022.0
13022.0
13022.0
13022.0
13022.0
7284.0
7284.0
7284.0
7284.0
7284.0
7284.0
7284.0
7284.0
7284.0
7284.0
7284.0
7284.0
7284.0
7284.0
7284.0
7284.0
7284.0
7284.0
7284.0
7284.0
7284.0
7284.0
7284.0
7284.0
7284.0
7284.0
7284.0
7284.0
7284.0
7284.0
7284.0
7284.0
7284.0
7284.0
7284.0
7284.0
7284.0
7284.0
7284.0
7284.0
7284.0
7284.0
7284.0
7284.0
7284.0
7284.0
7284.0
7284.0
7284.0
7284.0
7284.0
7284.0
7284.0
7284.0
7284.0
7284.0
7284.0
7284.0
7284.0
7284.0
7284.0
7284.0
7284.0
7284.0
7284.0
7284.0
7284.0
7284.0
7284.0
7284.0
7284.0
7284.0
7284.0
7284.0
7284.0
7284.0
7260.0
7260.0
7260.0
