69.92764922347658
70.17987901942057
70.65313606474456
71.2083548553719
71.48280482358194
73.1080735002241
72.59210441715425
74.80871857519449
74.80871857519449
74.80871857519449
74.80871857519449
74.31190735923471
74.31190735923471
76.5489902300465
76.5489902300465
76.5489902300465
76.87630558042376
76.87630558042376
76.87630558042376
77.25977320202924
77.25977320202924
77.55102040816325
77.55102040816325
77.55102040816325
78.66159243250014
78.66159243250014
78.66159243250014
78.66159243250014
78.18377898309386
78.18377898309386
78.18377898309386
79.69201002315475
79.69201002315475
79.69201002315475
79.69201002315475
79.69201002315475
79.69201002315475
79.69201002315475
79.69201002315475
79.69201002315475
79.69201002315475
79.69201002315475
79.69201002315475
79.69201002315475
79.69201002315475
79.69201002315475
79.69201002315475
79.69201002315475
80.24294219320144
80.24294219320144
80.24294219320144
80.24294219320144
80.24294219320144
80.24294219320144
80.24294219320144
80.24294219320144
80.24294219320144
80.24294219320144
80.24294219320144
80.24294219320144
80.24294219320144
80.24294219320144
80.24294219320144
80.24294219320144
80.24294219320144
80.24294219320144
80.24294219320144
80.24294219320144
80.24294219320144
80.24294219320144
80.24294219320144
80.24294219320144
80.24294219320144
80.24294219320144
80.24294219320144
80.24294219320144
80.24294219320144
80.24294219320144
80.24294219320144
80.24294219320144
80.24294219320144
80.24294219320144
80.24294219320144
80.24294219320144
80.24294219320144
80.24294219320144
80.24294219320144
80.24294219320144
80.24294219320144
80.24294219320144
80.24294219320144
80.24294219320144
80.24294219320144
80.24294219320144
80.24294219320144
80.24294219320144
80.24294219320144
80.24294219320144
80.24294219320144
80.24294219320144
80.24294219320144
80.24294219320144
80.24294219320144
80.24294219320144
80.24294219320144
80.24294219320144
80.24294219320144
80.24294219320144
80.24294219320144
80.24294219320144
80.24294219320144
80.24294219320144
80.24294219320144
80.24294219320144
80.24294219320144
80.24294219320144
80.24294219320144
80.24294219320144
80.24294219320144
80.24294219320144
80.24294219320144
80.24294219320144
80.24294219320144
80.24294219320144
80.24294219320144
80.24294219320144
80.24294219320144
80.24294219320144
80.24294219320144
80.24294219320144
80.24294219320144
80.24294219320144
80.24294219320144
80.24294219320144
80.24294219320144
80.24294219320144
80.24294219320144
80.24294219320144
80.24294219320144
80.24294219320144
80.24294219320144
80.24294219320144
80.24294219320144
80.24294219320144
80.24294219320144
80.24294219320144
80.24294219320144
80.61908829205024
80.61908829205024
80.61908829205024
80.61908829205024
80.61908829205024
80.61908829205024
80.61908829205024
80.61908829205024
80.61908829205024
80.61908829205024
80.60801619689349
80.60801619689349
80.60801619689349
80.60801619689349
80.60801619689349
80.60801619689349
80.60801619689349
80.60801619689349
80.60801619689349
80.60801619689349
80.60801619689349
80.60801619689349
80.60801619689349
80.60801619689349
80.7977913175933
80.7977913175933
80.7977913175933
80.7977913175933
80.7977913175933
80.7977913175933
80.7977913175933
81.17859862909368
81.17859862909368
81.17859862909368
81.17859862909368
81.17859862909368
81.17859862909368
81.17859862909368
81.17859862909368
81.17859862909368
81.17859862909368
81.17859862909368
81.17859862909368
81.17859862909368
81.17859862909368
81.17859862909368
81.17859862909368
81.17859862909368
81.17859862909368
81.17859862909368
81.34996191926886
81.34996191926886
81.34996191926886
81.34996191926886
81.34996191926886
81.34996191926886
81.34996191926886
81.34996191926886
81.34996191926886
81.34996191926886
81.34996191926886
81.34996191926886
81.34996191926886
81.34996191926886
81.34996191926886
81.34996191926886
81.34996191926886
81.34996191926886
81.34996191926886
81.34996191926886
81.34996191926886
81.34996191926886
81.34996191926886
81.34996191926886
81.34996191926886
81.50545823813151
81.50545823813151
81.50545823813151
81.50545823813151
81.50545823813151
81.50545823813151
81.50545823813151
81.50545823813151
81.50545823813151
81.50545823813151
81.50545823813151
81.50545823813151
81.50545823813151
81.50545823813151
81.50545823813151
81.50545823813151
81.50545823813151
81.50545823813151
81.50545823813151
81.50545823813151
81.50545823813151
81.50545823813151
81.52132520944402
81.52132520944402
81.52132520944402
81.56892612338157
81.56892612338157
81.56892612338157
81.56892612338157
81.56892612338157
81.56892612338157
81.56892612338157
81.56892612338157
81.56892612338157
81.56892612338157
81.56892612338157
81.56892612338157
81.56892612338157
81.56892612338157
81.56892612338157
81.56892612338157
81.56892612338157
81.56892612338157
81.56892612338157
81.56892612338157
81.56892612338157
81.56892612338157
81.56892612338157
81.56892612338157
81.56892612338157
81.56892612338157
81.56892612338157
81.56892612338157
81.56892612338157
81.56892612338157
81.56892612338157
81.56892612338157
81.56892612338157
81.56892612338157
81.56892612338157
81.56892612338157
81.56892612338157
81.56892612338157
81.52132520944402
81.52132520944402
81.52132520944402
81.52132520944402
81.52132520944402
81.52132520944402
81.52132520944402
81.52132520944402
81.52132520944402
81.52132520944402
81.52132520944402
81.52132520944402
81.52132520944402
81.52132520944402
81.52132520944402
81.52132520944402
81.52132520944402
81.52132520944402
81.52132520944402
81.52132520944402
81.52132520944402
81.52132520944402
81.52132520944402
81.52132520944402
81.52132520944402
81.52132520944402
81.52132520944402
81.52132520944402
81.52132520944402
81.52132520944402
81.52132520944402
81.52132520944402
81.52132520944402
81.52132520944402
81.52132520944402
81.52132520944402
81.52132520944402
81.52132520944402
81.52132520944402
81.52132520944402
81.52132520944402
81.52132520944402
81.52132520944402
81.52132520944402
81.52132520944402
81.52132520944402
81.52132520944402
81.52132520944402
81.52132520944402
81.52132520944402
81.52132520944402
81.52132520944402
81.52132520944402
81.52132520944402
81.52132520944402
81.52132520944402
81.52132520944402
81.52132520944402
81.52132520944402
81.52132520944402
81.52132520944402
81.52132520944402
81.52132520944402
81.52132520944402
81.52132520944402
81.52132520944402
81.52132520944402
81.52132520944402
81.52132520944402
81.52132520944402
81.52132520944402
81.52132520944402
81.52132520944402
81.52132520944402
81.52132520944402
81.52132520944402
81.52132520944402
81.52132520944402
81.52132520944402
81.52132520944402
81.52132520944402
81.52132520944402
81.52132520944402
81.52132520944402
81.52132520944402
81.52132520944402
81.52132520944402
81.52132520944402
81.52132520944402
81.52132520944402
81.52132520944402
81.52132520944402
81.52132520944402
81.52132520944402
81.52132520944402
81.52132520944402
81.52132520944402
81.52132520944402
81.52132520944402
81.52132520944402
81.52132520944402
81.52132520944402
81.52132520944402
81.52132520944402
81.52132520944402
81.52132520944402
81.52132520944402
81.52132520944402
81.52132520944402
81.52132520944402
81.52132520944402
81.52132520944402
81.52132520944402
81.52132520944402
81.52132520944402
