835045.5833333334
721997.75
675718.5833333334
684557.5
614722.8
632416.1166666667
598143.8
585945.45
554475.9333333333
567151.1833333333
515903.9666666667
550913.0166666667
481272.1
436310.45
414751.23333333334
418725.1666666667
391573.35
381894.5
362717.85
383168.9
374846.6
360633.11666666664
346675.11666666664
356006.23333333334
337675.56666666665
316251.6666666667
363769.25
335047.73333333334
367444.86666666664
355897.4166666667
364410.0833333333
351828.4
354472.36666666664
348979.95
380204.2833333333
368489.3
378587.23333333334
347732.36666666664
369977.7833333333
329446.0833333333
340071.8
325747.13333333336
389061.73333333334
333689.45
329583.36666666664
319149.5
342576.3333333333
374462.0833333333
355162.75
372912.55
323076.4666666667
343912.93333333335
333140.81666666665
344481.26666666666
339048.36666666664
364283.1
370749.36666666664
381831.2166666667
378580.68333333335
370205.73333333334
378531.9
379878.9166666667
390574.2
385603.18333333335
414997.48333333334
399148.45
363587.1666666667
374431.4666666667
355748.88333333336
375414.4666666667
344889.7166666667
353143.85
340964.5
340953.36666666664
328170.7833333333
342363.5333333333
350494.88333333336
340367.88333333336
352941.85
322534.86666666664
339862.73333333334
326518.43333333335
352906.06666666665
344715.5
358255.73333333334
322519.45
335630.36666666664
314856.4666666667
324129.85
319959.23333333334
307391.7166666667
287622.88333333336
311805.9
294308.31666666665
301787.4
321512.31666666665
308080.5833333333
310672.0333333333
323813.76666666666
329137.43333333335
307877.3
284758.95
306887.9
292961.1666666667
303422.15
302098.65
295285.0
295500.7833333333
297998.81666666665
263610.38333333336
280971.98333333334
284218.85
295296.05
291872.36666666664
308306.85
290564.9166666667
291087.38333333336
303697.05
277060.2166666667
281222.9
293951.3333333333
287051.88333333336
288769.6
295739.55
285637.45
281876.26666666666
291445.85
295829.1
286065.1666666667
290705.3
287708.73333333334
284210.9666666667
304078.25
304078.25
308497.45
299753.0333333333
298637.2
307046.23333333334
324434.11666666664
293166.06666666665
297556.15
296851.85
285787.75
272580.43333333335
274699.1
273654.76666666666
283760.75
292324.76666666666
320216.8333333333
302043.13333333336
302337.98333333334
302111.5333333333
316647.26666666666
316065.61666666664
308624.15
276612.13333333336
285858.26666666666
298430.9666666667
278600.7
297634.75
288423.56666666665
320624.73333333334
293940.2166666667
308682.15
274652.86666666664
289105.9666666667
280554.4666666667
280644.4666666667
288830.11666666664
286856.6
289369.1
277797.51666666666
283883.7
282935.8333333333
251292.78333333333
264639.98333333334
257675.88333333333
274573.3
248899.21666666667
267198.4
268373.56666666665
267555.36666666664
260232.93333333332
254021.53333333333
255891.83333333334
267749.2166666667
257662.11666666667
266630.56666666665
257262.76666666666
266028.23333333334
256815.51666666666
257057.16666666666
243182.71666666667
242192.48333333334
254227.6
239332.51666666666
242666.46666666667
254578.01666666666
254601.6
253010.75
247376.1
249956.35
243281.93333333332
250470.61666666667
234014.78333333333
241986.61666666667
249108.68333333332
255627.7
255370.45
250698.01666666666
246419.51666666666
247651.8
270900.0
269314.81666666665
255600.63333333333
255937.56666666668
256585.33333333334
261742.5
249796.06666666668
256034.18333333332
253997.43333333332
256913.43333333332
244349.61666666667
249159.95
244274.15
254362.53333333333
246574.73333333334
241587.5
231990.96666666667
238138.58333333334
249555.33333333334
250023.83333333334
249321.3
236169.15
243008.1
219500.31666666668
227511.16666666666
226762.75
223836.41666666666
222265.83333333334
234211.06666666668
215579.48333333334
218969.05
227364.23333333334
231897.9
232731.31666666668
236864.18333333332
232695.35
227914.76666666666
244543.86666666667
247343.7
228158.76666666666
233787.85
228045.38333333333
229103.8
227372.48333333334
221633.3
224421.28333333333
210248.28333333333
220789.78333333333
212594.95
230354.96666666667
226405.43333333332
227735.26666666666
232258.2
224423.55
226737.75
208598.7
212876.41666666666
220330.45
224985.9
221188.6
221141.71666666667
220671.8
218212.88333333333
225058.5
232911.93333333332
216808.75
214924.13333333333
208310.26666666666
212269.95
216622.66666666666
210261.5
213533.26666666666
202648.95
217813.35
217813.35
205710.2
192497.11666666667
199654.48333333334
199885.31666666668
198074.93333333332
181204.68333333332
182518.6
190090.68333333332
191134.35
197945.91666666666
180486.36666666667
176646.53333333333
182791.98333333334
205354.51666666666
177657.05
176363.65
173307.65
173077.81666666668
172817.9
172477.65
180421.01666666666
180311.1
185076.26666666666
184977.73333333334
185969.48333333334
206263.86666666667
214104.91666666666
217283.75
216340.36666666667
223704.58333333334
232900.11666666667
236267.95
233609.1
232763.51666666666
232687.85
243810.75
244301.78333333333
244497.51666666666
236746.76666666666
236543.75
246242.26666666666
254019.66666666666
254135.15
248553.7
259842.38333333333
263813.1
259178.05
268367.8333333333
257204.78333333333
257204.78333333333
257204.78333333333
257020.88333333333
272055.7833333333
256065.1
256066.76666666666
257808.41666666666
252938.31666666668
256415.9
262592.23333333334
261827.08333333334
269523.9666666667
276906.18333333335
268879.4666666667
268896.9666666667
269069.9166666667
269068.25
269068.25
277113.95
277073.73333333334
276820.45
268678.56666666665
259416.26666666666
262997.01666666666
283991.85
292402.3333333333
280251.23333333334
280012.15
279627.93333333335
270631.3333333333
291211.31666666665
288030.8
279813.65
283900.6666666667
280497.5
296961.06666666665
296824.35
256818.95
255927.53333333333
256014.21666666667
239458.41666666666
239387.0
262203.05
273981.25
273981.25
273319.4166666667
272993.38333333336
272993.38333333336
275741.0
294359.15
285633.51666666666
269366.2
276790.15
300742.7
291901.11666666664
284257.6666666667
283201.76666666666
290785.26666666666
282867.9666666667
282905.8333333333
282901.23333333334
290540.85
297864.8333333333
306734.65
306412.11666666664
306324.81666666665
306295.5
306327.05
306327.05
306324.2
306324.2
289820.4666666667
305209.6666666667
312609.15
304866.2
292905.1666666667
292896.4666666667
300345.7166666667
299685.48333333334
315643.6
322829.3
298566.25
307021.65
321880.7833333333
321846.6
318440.43333333335
334336.0833333333
328821.65
336045.2833333333
340518.55
340174.9666666667
349098.4666666667
340091.6666666667
339773.56666666665
352238.7833333333
335205.86666666664
350224.1666666667
337335.0
344652.81666666665
337319.51666666666
344275.76666666666
336810.86666666664
352751.35
343551.98333333334
343035.4
349009.98333333334
349009.98333333334
317704.73333333334
347866.45
331256.4
331258.73333333334
331252.65
345883.6666666667
337985.4
330600.8333333333
336682.45
344458.95
343190.73333333334
343442.38333333336
345213.75
345213.75
360091.7833333333
352940.88333333336
352958.45
352776.0333333333
352582.7833333333
360102.4166666667
329786.06666666665
351398.0
328193.05
341909.3333333333
342270.51666666666
345950.88333333336
350032.4
335925.1
343438.11666666664
350348.75
336305.3
349932.68333333335
349233.98333333334
355997.0
355997.0
355997.0
370980.43333333335
370056.31666666665
377486.7833333333
384830.68333333335
384824.6666666667
370746.26666666666
370744.1
370041.51666666666
370048.6
361966.6666666667
369309.0333333333
369454.51666666666
369454.51666666666
369393.4666666667
383599.2166666667
369085.65
383155.18333333335
376303.31666666665
383661.7
384478.7166666667
384478.7166666667
