1335181.0
1216531.0
1041568.0
1028335.0
1066198.0
1156309.0
980247.0
1050136.0
1019949.0
955106.0
869581.0
888120.0
1138366.0
1018261.0
955810.0
997272.0
936623.0
929976.0
975927.0
947008.0
956650.0
847700.0
934098.0
920289.0
919815.0
892040.0
922651.0
1077867.0
948500.0
854590.0
949071.0
996654.0
1070221.0
947055.0
980344.0
982677.0
1017706.0
1016790.0
920666.0
1127242.0
876274.0
870819.0
1071927.0
1075982.0
861857.0
1111685.0
932738.0
974431.0
1067234.0
1005595.0
1030878.0
907777.0
1139063.0
982669.0
916865.0
948264.0
1015579.0
974215.0
942045.0
1040315.0
962625.0
906339.0
907205.0
886537.0
907968.0
970840.0
1028292.0
1030740.0
915372.0
972725.0
978095.0
913778.0
977913.0
996186.0
920161.0
1131718.0
872186.0
844704.0
1073180.0
937803.0
1021970.0
909269.0
1078951.0
1048753.0
1008771.0
960868.0
960394.0
850166.0
877734.0
964727.0
943258.0
1129272.0
877769.0
908774.0
882818.0
1062884.0
986218.0
932472.0
866975.0
931387.0
926926.0
954163.0
935421.0
1017886.0
857260.0
919771.0
850093.0
969566.0
819811.0
1013162.0
845456.0
899099.0
981219.0
917474.0
986466.0
1008638.0
847406.0
839728.0
830669.0
839061.0
828042.0
857590.0
973229.0
891588.0
980433.0
922788.0
828480.0
848075.0
939094.0
797222.0
964417.0
916469.0
898541.0
995312.0
928679.0
1020556.0
945700.0
844204.0
888183.0
889061.0
971804.0
853930.0
889139.0
922352.0
978871.0
944074.0
906736.0
1002665.0
887997.0
990365.0
1020511.0
946943.0
973535.0
961097.0
931046.0
864528.0
1128079.0
902853.0
911886.0
1067577.0
877031.0
1006198.0
1007618.0
930470.0
1000460.0
930266.0
917641.0
841783.0
935947.0
987274.0
986157.0
972674.0
995270.0
910340.0
829626.0
1055315.0
930127.0
926645.0
922978.0
1000869.0
991046.0
972771.0
831952.0
937862.0
1035235.0
892640.0
1065331.0
1110296.0
1000556.0
1012511.0
1044485.0
926650.0
870075.0
779581.0
1065513.0
817489.0
976328.0
903919.0
959954.0
905990.0
1031118.0
901816.0
847626.0
838353.0
1044286.0
869271.0
926955.0
1101272.0
1050404.0
1092774.0
939660.0
865230.0
1039467.0
868150.0
1001584.0
986815.0
1038025.0
1084428.0
987807.0
1050982.0
905466.0
921726.0
1068173.0
856135.0
1094477.0
1006087.0
944059.0
928621.0
940328.0
1040723.0
1057372.0
858674.0
1053768.0
859696.0
1075043.0
1066106.0
807278.0
938432.0
939782.0
952907.0
931514.0
868997.0
861476.0
929473.0
914356.0
745551.0
898120.0
965190.0
804049.0
842273.0
834801.0
1004581.0
886321.0
972938.0
964499.0
973491.0
996301.0
916728.0
884581.0
754523.0
834626.0
956738.0
767628.0
1018035.0
901626.0
1160279.0
713768.0
949875.0
825364.0
874987.0
750379.0
943207.0
829169.0
863158.0
807521.0
886858.0
960535.0
923954.0
892037.0
958027.0
988238.0
1066522.0
950193.0
891965.0
1050306.0
1063839.0
1044620.0
904903.0
989016.0
880391.0
1068024.0
918133.0
916917.0
942401.0
902851.0
1008521.0
823718.0
957817.0
934889.0
902229.0
747288.0
950067.0
851991.0
950451.0
941762.0
890534.0
1095004.0
912753.0
784534.0
747105.0
919007.0
999281.0
1044881.0
870522.0
937121.0
919796.0
1065866.0
898606.0
872835.0
936663.0
1002527.0
955861.0
854719.0
876276.0
839390.0
907382.0
844378.0
860991.0
840223.0
936766.0
975124.0
960969.0
791523.0
1024605.0
907244.0
1037222.0
889826.0
980845.0
969307.0
832434.0
969560.0
863032.0
898369.0
1019985.0
923260.0
997231.0
920014.0
983254.0
1044069.0
1074361.0
850621.0
928089.0
951518.0
877689.0
990499.0
1028930.0
1030787.0
1019617.0
1107674.0
784463.0
877222.0
939283.0
1094193.0
973271.0
909086.0
958842.0
965065.0
802679.0
955901.0
959205.0
1007005.0
892725.0
887624.0
930334.0
934435.0
1077075.0
1110783.0
799424.0
927694.0
971884.0
932747.0
945609.0
1041931.0
915900.0
981382.0
854969.0
902580.0
976959.0
1016387.0
925438.0
1044582.0
1026899.0
1034324.0
886797.0
1017615.0
1020735.0
1041203.0
1087570.0
960763.0
946762.0
959288.0
1010025.0
937574.0
981982.0
873684.0
1000877.0
1047352.0
1028778.0
843988.0
975887.0
1028439.0
958313.0
1089913.0
901191.0
1064377.0
1003506.0
1014971.0
969645.0
1027355.0
955606.0
1089235.0
1072838.0
1071487.0
1104315.0
1111709.0
959950.0
1018144.0
1072122.0
988348.0
1059485.0
1071619.0
1015707.0
1110509.0
1024166.0
990579.0
1013164.0
1000027.0
973415.0
1108710.0
1098094.0
976585.0
955338.0
959886.0
930795.0
955760.0
1012621.0
993583.0
999850.0
1120794.0
1041796.0
1011493.0
936398.0
1143483.0
938325.0
886374.0
1106889.0
1072438.0
1118149.0
1027205.0
1055075.0
1061697.0
1102949.0
915806.0
1001284.0
893934.0
1003591.0
1049494.0
909643.0
974824.0
1082217.0
982887.0
1139764.0
878651.0
997759.0
897528.0
1129557.0
1038373.0
1158626.0
994218.0
1030969.0
942170.0
946174.0
1112464.0
1171110.0
1001904.0
1143455.0
1022943.0
1011040.0
1113665.0
1090366.0
929596.0
920535.0
1076286.0
1081108.0
1059380.0
1000617.0
1033581.0
960625.0
1023981.0
968767.0
