47.09322533452944
48.85542369941444
50.38743624063455
52.325008804691166
52.57149084378706
54.715281442406926
54.85087258583766
56.174166899647744
56.06938908148083
57.2402829817262
56.0674097302481
57.70178338493272
56.385857247769856
55.95674423575843
55.93179288293679
56.414682324673066
56.22172039720428
56.28875913059741
56.2186952037848
57.32967804272828
57.1007001911372
56.81070191656168
56.58897058161097
57.463741284667336
57.202799562318106
57.24836868334559
58.2269454325444
57.66934242772906
58.99604387956851
59.00233581819919
59.298293257112
59.170748601641904
59.361227724952705
59.45651054183641
60.147291390449844
60.06636594563796
60.41483189025309
59.72955250315605
60.44418885184086
59.69927800233759
60.0331883403657
59.92418504288034
61.39156958106688
60.36660726259782
60.55586043499229
60.52808660933839
61.384180399048525
62.209144675652325
61.75739069910443
62.26167649894553
61.24615371394139
61.824052349782555
61.64472643044952
61.95541840783191
61.89126429656613
62.35102115317766
62.530583193807274
62.75793783820087
62.72293593945418
62.49187200876072
62.71487286805203
62.75367725315851
63.12808564572422
63.23835193854147
63.824035149577675
63.52226195675069
62.76186502766475
63.07191326257321
62.7029922384281
63.36788486147892
62.651292839266844
62.957832693091845
62.735593952116886
62.798159714621825
62.645767525749115
63.05801552245812
63.261264343443415
62.99429085685856
63.41391404006277
62.393061139386255
63.07684366896611
62.8026559942441
63.71959379733505
63.418781231084566
63.922942272272515
63.13610773851166
63.74564602601941
63.265855938730844
63.563322841072505
63.56141288003347
63.48510090006992
62.958517316812085
63.728980543835526
63.208184543356914
63.66800599680461
64.36636281956336
63.79677897858934
64.16955993633329
64.44290262066617
64.68610997701994
64.20234921358761
63.87376058590964
64.50643885643733
64.17361817230007
64.43269097082684
64.3969220552495
64.1795088479285
64.2325092984229
64.30677465238372
63.45651621375236
64.21396895817533
64.40536793860413
64.75339694145369
64.59949958899217
65.12636989335347
64.62339405034386
64.65118455599612
65.1721875286805
64.23693597470177
64.67382532354414
65.28972694877892
64.98593922800758
64.97967934059814
65.34152265609039
64.94630514246577
64.8516901371582
65.24740882839704
65.38855136267276
65.08054134359769
65.4359558580281
65.29650417557106
65.13156401164845
65.8948586472867
65.8948586472867
65.81053028551766
65.6109460853542
65.5648517929435
66.15551043314596
66.65293954195839
65.67678310261695
66.07384952673914
66.1009520385597
65.7649268352619
65.2546212079834
65.41360942834199
64.85594016281877
65.40199721535548
65.8215844747365
66.67699835229574
66.01675821365339
66.28436326333237
66.32586263053071
66.58406277876803
66.58572852185507
66.49042086236476
65.2335225847254
65.98535687532093
66.49970484792387
65.71369748767017
66.50739161707091
66.00478523217141
67.20914257794074
66.1159323496241
67.03248638519172
65.79890822510103
66.5449326822082
66.24765084406678
66.3914901817004
66.69503795554537
66.72406782563935
66.86131593907317
66.42665621482865
66.96417404258327
66.73700540355047
65.31143836327065
66.31974208054136
66.23434488616806
67.0145803004706
65.5888849294212
66.60539876160516
67.02491642512699
67.04379241009559
66.91055028291493
66.73868967204845
66.8561952846501
67.41452724151465
67.16735129216701
67.2928676329546
66.93593461157501
67.32505925617937
66.28048490666711
66.54345905283733
66.18529570754963
66.10617511959252
67.0524867950527
66.3766184616529
66.65295811861198
67.16011721627297
67.20863451358451
67.22012669743705
66.72633139811389
67.21194463659047
67.06118492616456
67.15138258153736
66.5213239639307
66.97822175988185
67.0835773881628
67.21226766467717
67.2806038422519
67.07318476141128
66.70187198609362
66.2518199536005
67.71711843107205
67.68724720565514
67.39223005831936
67.3950796089831
67.75980613274459
68.08409637763341
67.30387936813443
67.85169412379659
67.76323178446474
68.07315335829807
67.25887798334092
67.80697243689289
67.44946506087106
67.91566459670354
67.42524106492407
67.58949921666593
66.22134759887801
66.76030043009635
67.47075339506209
67.5686424418757
67.61713063491553
67.44814345031679
67.58300534699565
66.86076403413962
67.32438315107593
67.43951797142905
67.31469290738936
67.10807617305304
67.8715555089114
67.09178987941745
67.58285377262477
67.8726333927509
67.93956326215525
68.04626816583158
68.25632982874389
67.70550308423006
67.05758897374899
68.34510888764231
68.61889132995233
68.30528902040744
68.12588586858126
68.1073984795477
68.34132763023491
68.29451910863116
68.47174473190671
67.65598242314009
66.51799727033479
67.69382775398496
67.69754899093489
68.33073615257018
68.4329629160968
68.5011899680692
68.54464736894543
67.75402073525363
68.49068402237725
67.40030058921624
68.29596199950448
68.60907206318873
68.53358243137896
68.26354100667939
68.54033422814658
68.6634550895394
68.50629636383754
68.53568446766644
68.91678500354183
68.47799585325346
68.41652460544991
67.92584129553006
68.6175482936804
68.62413276086609
67.63515583508676
68.51200599315302
67.99700548169292
68.37819043934931
68.40295879785934
68.33476773361367
67.82909474864574
68.1621994467668
68.3104887939103
68.2738680149975
67.85391500967658
68.06953044756293
68.05876139535336
68.36125987372442
68.70468824701253
68.17491641390168
67.6261135903154
67.85175828404478
68.31748431462431
67.59975153165522
67.32465948136588
67.7350566467433
67.6677556367551
68.14606459613465
68.02679952202382
68.308724684072
68.38213294991012
69.02162971199596
69.16462836908559
69.55774246794323
70.06168526253956
70.18365292974228
70.24251653815654
70.33454872029388
70.41722490842878
70.6045363054152
70.68837584564953
70.69195319837054
70.68972623563039
70.70463261717892
70.88270649536452
70.9291553260057
70.93862440000393
70.79866356428046
70.84054089047851
71.10169505181096
71.08780734429418
71.27943261492163
71.14121135278712
71.29467835884887
71.33517557945986
71.3158082146133
71.48102384199427
71.37345461483417
71.37345461483417
71.37345461483419
71.38373315965781
71.55798828467938
71.28683779691275
71.44721046290945
71.48252445765033
71.41817470505875
71.42941864667054
71.44273564837441
71.47961417121617
71.62094373496122
71.69991691002625
71.57260696760105
71.67696232417052
71.6917497466289
71.70207965613909
71.70207965613912
71.82189855575513
71.83567137324194
71.80611466898404
71.72414560731723
71.7160490779243
71.7818692345431
72.05305121590777
72.16531033228061
72.08599160273585
72.1552318701254
72.20099621424714
72.11178853778593
72.33695613165112
72.35601616592002
72.31005798078408
72.42510790515479
72.4670906753321
72.73256308425613
72.76563228023652
72.49798166175486
72.55033803990005
72.59923574291375
72.46619156726555
72.4759647322879
72.7017376346778
72.82232118796485
72.82232118796485
72.80704041414096
72.83040270355387
72.84282713439498
72.8006609374472
73.07358592572636
72.9012809997942
72.46769426455795
72.65281403522125
73.13344696871292
72.98790025576787
72.93724265602982
73.01155385726446
73.13139486821261
73.08090163535849
73.10067183969086
73.15656112799753
73.27578432308265
73.36733781982888
73.51796224896042
73.52421183139172
73.57605999473965
73.59539850630185
73.60193651836451
73.60193651836451
73.6228520253825
73.64313278960017
73.2538101439934
73.55792438847442
73.67996505367938
73.52856493630438
73.46551360515996
73.52079397998712
73.63967373834501
73.61978421675445
73.84092630067339
73.91309679561738
73.28224328541106
73.53515901547551
74.02138511434855
74.03410834683608
74.03838583637715
74.19481224596639
73.91241610096702
74.14679994386275
74.23205694574995
74.22823423743351
74.34940759373293
74.17865535424751
74.2399232670428
74.51502829857742
74.21570777033197
74.44478309858593
74.29440134211718
74.46095465598633
74.31646753054777
74.5149771461874
74.41626933071304
74.63587111115108
74.5837277986857
74.60500524317848
74.69137385435937
74.69744068359812
73.87261656016717
74.73105525695237
74.20221212810725
74.37522149011986
74.34936834925408
74.68364194852354
74.55454392116577
74.45606439781749
74.6558326155802
74.80647218184383
74.7488678754057
74.77127079681331
74.80790036923304
74.80790036923305
74.99378111719307
74.94609364108689
75.07695481204718
75.12053737041772
75.11357764948133
75.23322935505075
74.42186882852573
75.11006892432115
74.43397012961192
75.00895904753979
75.02264316991521
75.03122011139808
75.0039456236751
74.73769329995297
75.05061285645556
75.17891312839701
74.92675766504321
75.27446139918797
75.27390928775613
75.34839989518964
75.35010734071555
75.35010734071557
75.59665570047936
75.60445920402076
75.72286263308419
75.83201979968796
75.83470333194815
75.41713886711834
75.56403565343686
75.71498261272096
75.74083761869504
75.55315387599661
75.7164506514328
75.7657515463048
75.7657515463048
75.76828874333003
75.95635651510658
75.5814805863438
75.99711509399881
75.8422661154631
76.05896291262113
76.163724877164
76.16372487716399
