45.89980872757887
47.278573631913154
48.3616978490465
49.69497126282119
52.031543773756574
52.00691680833557
53.92676443900939
53.98389162193842
55.066501293663485
54.29288204374596
55.59681468511786
54.1374052953091
56.0118419067914
53.970060389457494
54.3460887351462
54.32923841286689
55.05078730122566
54.71197911488342
55.15865785796846
54.46874805717198
55.217803936664986
55.40722991792325
55.36807649285265
54.67382118121879
55.90684837410557
54.890439734293004
55.34766255954763
56.64027869612808
55.888275672617546
57.61688068332816
57.025806964982145
57.283984474429985
57.719247447213725
57.509356232116524
57.99280338359235
58.154074364382716
57.633028650072994
58.7511722764711
57.47647397386672
58.43651748003989
57.9407291848942
58.85944073190818
57.91867599411037
59.0806148553105
58.1272752249104
58.55564587348228
58.48606920881141
58.26427905406122
59.359424179659044
58.25978687817943
59.9611390067949
58.684041857458745
59.57924805150841
58.68125671085934
59.68463210180142
59.06729422315545
59.646162487434985
59.835943375087666
60.181491112552315
59.56799579544708
60.1374069947133
60.534028654014506
59.90389333274345
60.933794902410604
60.618625418027776
61.3087290451677
61.207397980633125
60.748447347709266
60.43561372686099
59.57888686191301
60.78388103864662
59.68023317017734
61.02791399127084
59.741230477475334
61.643088086696515
60.83517756752182
60.35842173167873
61.12578556462383
60.31333742808824
60.98148652335389
59.691506216582965
60.81943404247886
60.26765115795645
61.08917546200818
60.226768806676944
61.57434091992955
60.47786616836694
61.402488516264256
60.73292026587867
61.81957990539505
61.64057542973113
61.95581074861405
60.65477465178829
61.979840409268064
60.54418625965096
61.07621366522536
62.52652968052405
60.793807060676095
62.17565969316798
61.15957031514265
61.824670434885356
62.01066274673697
60.83556328551371
61.41086675486978
60.57906140405491
61.38164989657637
61.62643699333101
61.59028110093821
61.85700912352365
62.02124873463575
60.908679575041596
61.57417755923603
62.40399467269174
61.92789129176477
61.56412313879998
62.39007964010489
62.1746033209504
62.0931701352278
62.63526324113231
61.24302731070274
62.32991188435994
62.61626272102937
62.083930632309915
62.18725505988544
62.53817684038282
61.76725331415126
62.09897938193999
62.457715531424846
62.9931622856313
61.29719016424895
62.45646123159596
63.03660471791939
62.24057272577613
62.43295705674067
62.66170575344457
63.21666487884296
62.77265910810016
62.51267798144623
62.73399059555326
63.208273054782886
62.67626128701473
62.8599572449839
63.09309712444682
62.36078860697919
62.456159979543465
62.45148053201543
62.56499078312839
62.98513595378395
62.34010129313383
63.93596550025031
62.478684430773434
63.094256957120145
63.14948268894393
63.66565749771592
63.42888632763031
63.76695686873618
62.46237436739432
62.19528873189529
63.90314438274488
61.19300656055675
63.41949746779835
62.64920712213482
63.72090673646579
62.48788703932288
63.95377038781185
62.05114291224342
63.678904565594515
62.561479948378555
63.52073501225141
62.74958307382284
62.276767398841564
62.597484727019896
62.05113016426771
63.19446984545542
63.217099811503466
61.910713381796256
63.383714463683866
62.45434344381772
63.489334648071704
61.6694830731528
63.22335584550012
62.63617172104371
63.35468947780056
63.31486644101165
63.20856381568783
63.60594261977449
63.42536662568321
63.4132822958185
63.83191680594352
62.81205048752477
63.58289027095151
62.91406351941675
63.84995750373916
63.136454610238886
62.958817120406884
63.76196506383924
62.57249166204847
63.474010754430275
63.43357473743351
63.51398674445785
63.39509420992836
63.06518069661728
63.95324898717266
63.029892003377945
64.04078893881793
62.856468183121095
64.09651881978105
63.40996120654472
63.657800279730836
64.25435575688664
62.879473804497735
63.85828890927062
62.867852914391094
64.39579575608936
64.35972646750395
63.138672112384754
64.25938922180626
63.58871717470278
64.74312725983786
63.860428170080795
64.3689313759346
63.840752215490944
64.47153015375957
63.72568491391391
64.00275468667081
63.52699388993587
64.6985473529492
63.73160379759531
64.2269197604835
63.58870843035055
63.58333975482086
63.93062731895751
63.4603338410234
64.00827840496761
63.79469951006205
63.83271859010222
63.7674600457218
63.46255036715491
64.01333710705975
64.08924674530827
63.329807548724354
65.13741555409247
63.66725732337835
64.31117234249301
64.3768390955642
64.0482543619844
63.98925955680957
64.61643676119998
63.57396137437675
63.991801639780924
64.11507668484766
64.7872087455135
64.54103511413896
64.01692406456361
64.16561230702317
63.94458406374301
64.15989629160796
64.2432377881108
64.55415251712095
63.53206572378232
63.98336077337358
64.27673608962058
64.10250308960988
64.12117016859027
64.51976243298274
64.68220608790854
63.8206919085295
65.19078017043243
63.79011960688282
63.78789066836823
64.96565400340984
64.91020224536773
64.20867077813074
64.41920197943898
64.99023738629306
64.55108077454102
64.29968052957308
65.25475996674218
64.62932877362566
65.29333730023025
64.24034409348508
65.08478599053022
64.73039915105686
63.13542810021124
64.48064287441902
64.68898583041086
64.13300097129047
64.88088679687927
64.65187508132401
64.68092419918754
63.60613698510181
64.11350387326304
64.465233137829
64.07586795127845
64.38253451333588
64.43272474405983
64.19556277433352
65.0986343134742
64.53835390912458
63.78637287236796
64.43433195571988
64.73634257319442
64.67352299609331
64.46817051632476
64.68268846382855
64.21109550312967
64.74709478281179
64.63674676302993
64.88284011118031
65.64268948715795
65.25562441377468
65.48483571067523
66.33816529938903
66.17658215151846
66.72143511470617
66.51504297283725
66.52838857265216
66.37214589397378
66.65172481188736
65.80506921376109
66.29386753847325
66.32231436991746
66.89269246723767
66.98532521246973
66.69073962862144
66.81283426865467
66.54005040299012
66.26106226756716
66.76795908354066
67.3300362557725
67.3856519547386
66.94818729685782
67.16406687028439
67.52543280082972
66.40691594290982
67.42082411434407
66.43040895887634
67.03574984640623
66.34258383964244
67.21564128252483
67.53089255534233
66.58793924253638
67.59539048908472
67.24402242496416
66.82926753178252
66.52368993648248
67.41859608383511
67.28264829901488
66.86307905115818
67.64240111506493
66.90490892998992
67.07683101025833
67.7866160720003
67.52831459535814
67.14748726141629
66.71923785109364
67.17605911604427
67.6444140272558
67.36717141306087
67.9722678795975
67.35377613555099
67.59594596301787
67.49117127723753
67.3810587714661
68.16516632050265
68.33467948079848
67.65526746799931
68.08929241478238
67.68563354576871
67.85286289008657
68.16856371751634
67.99577498410828
68.23214794432087
68.13954159981763
68.1660626532259
67.39884222586731
68.6557296765537
67.95498905504999
68.22394188757188
68.60489941819537
68.07744997258894
68.4486500512654
68.47180397394622
68.66620785693183
67.56283412868602
68.33962388142574
69.05133074763711
68.35386816717823
68.8254616441575
68.16185351828062
68.41943352252264
68.7294450415017
69.15687644018632
68.09106780898377
68.55558599197757
69.04558384964977
68.22723512597562
69.09767112856909
68.66169826497337
68.69958438941059
69.08342109728112
69.64606852210538
69.29802723987567
69.27420624890533
69.48375063931488
69.56506451189104
68.95879002389191
69.68449956914115
68.88281094052729
69.04213837529056
69.24856636824799
69.43647475779419
69.52170903865141
68.29847509675642
69.71080612427583
69.4159432696099
69.29169036056656
69.47197117903539
69.34155382135573
69.20912150432045
69.88716865481139
69.8836409078679
69.81544595422008
69.55778980046554
69.57195189457153
70.16881146496327
70.15361506501476
69.6093764392721
69.72749571339114
69.9602536639994
69.52480183370311
70.2558200310759
69.27556155610179
70.31921838525412
68.94854592761932
70.35881314208554
69.6042167280904
69.95576304147414
70.01030660729965
69.63210813148682
69.56642323024276
69.67679179336785
69.79140213617767
70.8675917377547
69.61230603607731
71.35622902359056
69.94412083180949
70.28870610921362
69.77040759063873
69.83380406042178
70.41274099043956
70.314750346559
70.0044584124212
70.18145721843413
70.59833865875753
70.90102716819104
70.33252937414846
69.87394700198621
70.69745999812154
70.70016125481499
70.43105403984356
69.99900614135345
70.1365498317515
71.5307812393412
69.9858040029995
71.39735206524352
71.13796267533773
70.58648302162429
70.3166301471505
70.47630529807306
71.28334914695851
70.74119079257349
71.41952912110209
71.6882637337581
71.6503250714444
70.86366625966954
70.77684570895892
70.51592131842328
70.96767571806672
70.81468212233511
71.11482506227355
71.0261127049902
70.94005633810808
71.63847458378335
71.67737864909965
71.24047642604022
71.76913945588187
71.89232102824248
71.4315190366616
70.93252089780636
72.11298995268915
70.88270439616515
71.33788872816238
70.9402461670755
71.21076811063713
69.91910065720182
71.95880706185797
71.21402753164129
71.43033358149407
72.1022630167978
