99800.0
99800.0
99800.0
74560.0
71940.0
68440.0
71810.0
71810.0
68440.0
68440.0
68440.0
67420.0
67420.0
67420.0
67420.0
67420.0
67420.0
67420.0
51940.0
51940.0
46380.0
46380.0
59180.0
59180.0
59180.0
59180.0
59180.0
59180.0
59180.0
46380.0
46380.0
49200.0
49200.0
49200.0
49200.0
49200.0
49200.0
49200.0
49900.0
49900.0
49900.0
49900.0
49900.0
49900.0
49900.0
49900.0
49900.0
49900.0
49900.0
50520.0
50520.0
50520.0
50520.0
50520.0
59380.0
59380.0
59380.0
59380.0
59380.0
59380.0
59380.0
59380.0
59380.0
59380.0
50520.0
50520.0
50520.0
50520.0
50520.0
49900.0
49900.0
49900.0
49900.0
49900.0
49900.0
49900.0
49900.0
49900.0
49900.0
49900.0
49900.0
49900.0
49900.0
49900.0
49900.0
49900.0
49900.0
49900.0
49900.0
49900.0
49900.0
49900.0
49900.0
49900.0
49900.0
49900.0
49900.0
49900.0
49900.0
49900.0
49900.0
49900.0
49900.0
49900.0
49900.0
49900.0
49900.0
49900.0
49900.0
49900.0
49900.0
49900.0
49900.0
49900.0
49900.0
49900.0
49900.0
49900.0
49900.0
49900.0
49900.0
49900.0
49900.0
49900.0
49900.0
49900.0
49900.0
49280.0
49280.0
49280.0
49280.0
49280.0
49280.0
49280.0
49280.0
49280.0
49280.0
49280.0
49280.0
49280.0
49280.0
49280.0
49280.0
49280.0
49280.0
49280.0
49280.0
49280.0
49280.0
49280.0
49280.0
49280.0
49280.0
49280.0
49280.0
49280.0
49280.0
49280.0
49280.0
49280.0
49280.0
49280.0
49280.0
49280.0
49280.0
49280.0
49280.0
49280.0
49280.0
45000.0
45000.0
45000.0
45000.0
45000.0
45000.0
45000.0
45000.0
45000.0
45000.0
45000.0
45000.0
45000.0
45000.0
45000.0
45000.0
45000.0
45000.0
45000.0
45000.0
45000.0
45000.0
45000.0
45000.0
45000.0
45000.0
45000.0
45000.0
45000.0
45000.0
45000.0
