55.90386624869383
57.45776135163675
59.40126050420168
61.077400215749726
61.077400215749726
62.17948717948718
62.17948717948718
62.17948717948718
62.17948717948718
65.4106029106029
65.4106029106029
65.4106029106029
65.4106029106029
65.4106029106029
65.4106029106029
65.4106029106029
65.4106029106029
65.4106029106029
65.4106029106029
67.15581643543223
67.15581643543223
67.15581643543223
67.15581643543223
67.15581643543223
67.15581643543223
67.15581643543223
67.15581643543223
67.15581643543223
67.15581643543223
67.15581643543223
67.15581643543223
67.15581643543223
67.15581643543223
67.15581643543223
67.15581643543223
67.15581643543223
67.15581643543223
67.15581643543223
67.15581643543223
67.15581643543223
67.15581643543223
67.15581643543223
67.15581643543223
67.15581643543223
67.15581643543223
67.15581643543223
67.15581643543223
67.15581643543223
67.15581643543223
67.15581643543223
67.15581643543223
67.15581643543223
67.15581643543223
67.15581643543223
67.15581643543223
67.15581643543223
67.15581643543223
67.15581643543223
67.15581643543223
67.15581643543223
67.15581643543223
67.15581643543223
67.15581643543223
67.15581643543223
67.15581643543223
67.15581643543223
67.15581643543223
67.15581643543223
67.15581643543223
67.15581643543223
67.15581643543223
67.15581643543223
67.15581643543223
67.15581643543223
67.15581643543223
67.15581643543223
67.15581643543223
67.15581643543223
67.15581643543223
67.15581643543223
67.15581643543223
67.15581643543223
67.15581643543223
67.15581643543223
67.15581643543223
67.15581643543223
67.15581643543223
67.15581643543223
67.15581643543223
67.15581643543223
67.15581643543223
67.15581643543223
67.15581643543223
67.15581643543223
67.15581643543223
67.15581643543223
67.15581643543223
67.15581643543223
67.15581643543223
67.15581643543223
67.15581643543223
67.15581643543223
67.15581643543223
67.15581643543223
67.15581643543223
67.15581643543223
67.15581643543223
67.15581643543223
67.15581643543223
67.15581643543223
67.15581643543223
67.15581643543223
67.15581643543223
67.15581643543223
67.15581643543223
67.15581643543223
67.15581643543223
67.15581643543223
67.15581643543223
67.15581643543223
67.15581643543223
67.15581643543223
67.15581643543223
67.15581643543223
67.15581643543223
67.15581643543223
67.15581643543223
67.15581643543223
67.15581643543223
67.15581643543223
67.15581643543223
67.15581643543223
67.15581643543223
67.15581643543223
67.15581643543223
67.15581643543223
67.15581643543223
67.15581643543223
67.15581643543223
67.15581643543223
67.15581643543223
67.15581643543223
67.15581643543223
67.15581643543223
67.15581643543223
67.15581643543223
67.15581643543223
67.15581643543223
67.15581643543223
67.15581643543223
67.15581643543223
67.15581643543223
67.15581643543223
67.15581643543223
67.15581643543223
67.15581643543223
67.15581643543223
67.15581643543223
67.15581643543223
67.15581643543223
67.15581643543223
67.15581643543223
67.15581643543223
67.15581643543223
67.15581643543223
67.15581643543223
67.15581643543223
67.15581643543223
67.15581643543223
67.15581643543223
67.15581643543223
67.15581643543223
67.15581643543223
67.15581643543223
67.15581643543223
67.15581643543223
67.15581643543223
67.15581643543223
67.15581643543223
67.15581643543223
67.15581643543223
67.15581643543223
67.15581643543223
67.15581643543223
67.15581643543223
67.15581643543223
67.15581643543223
67.15581643543223
67.15581643543223
67.15581643543223
67.15581643543223
67.15581643543223
67.15581643543223
67.15581643543223
67.15581643543223
67.15581643543223
67.15581643543223
67.15581643543223
67.15581643543223
67.15581643543223
