40.38025629500926
43.10624926411715
45.747233583827395
47.08551276534933
48.79491970671816
50.42035263792472
50.66234047243302
51.2205667512903
51.44865651426289
52.585266100729925
52.25576454868224
52.72221618204011
52.836966270498934
52.47973190678647
52.77660718410698
53.16974320561176
53.3130331137652
53.75340208646787
54.044814580727746
54.979640671008
55.09432283923496
55.06465415153618
55.39201247836358
56.3762097743122
56.90861366261551
57.34047743174246
58.585108741720546
58.888094831628585
59.14482218753566
59.16270795927714
59.0127047335571
59.416170887853674
59.967268232828665
59.62994950920596
59.317871692253846
59.75654274697083
60.20618653893
60.74977356000206
60.055738684895516
58.52590931539976
58.81511067780315
59.04242083514298
57.751320187715734
57.94695159502769
58.00282179534148
58.14541239718934
58.21213467444761
58.348198363275
58.49634759627319
58.76996721589096
58.712398440191066
58.482366277449934
59.2605414805045
59.70459300088019
59.86707368224135
60.18570150336446
60.844045203897416
60.52602754264662
61.11598041515437
60.498202511087015
60.33240219776686
60.27601435339765
59.812957605014525
59.799272544393794
59.34888875630189
59.44376996022844
60.0637492862939
60.01849692045406
59.64966696452186
59.47231358226985
59.4614934421917
59.405967668639185
59.24155226210807
58.77542849054953
58.79286189602717
58.54427900097973
58.76818754000443
58.70654549486716
58.78749871238273
58.76296537962601
59.2846658305759
59.68108844825322
59.7009791690445
59.67407651087283
59.51404538477641
60.03995129815583
60.134263714069604
60.13656292954503
60.256781314285
60.07099186157467
60.11692802782318
60.112853406585565
59.505711389834076
59.51344803912441
59.385965678061154
59.48057856227833
59.723020367504844
59.82261866767327
59.79168401680297
59.75388343731851
59.84796755598087
59.77149690730113
59.3687428815345
59.44410865488119
59.7992252366206
59.85933651948161
59.58310650824454
59.45373230277473
59.74931217277657
60.010627602515534
60.293272756109275
60.01248534179457
59.886432932959124
59.96573389088752
59.80296478303891
59.6831966267294
59.756993609909784
59.87255836579203
59.94919649607186
59.74884222873656
60.083786311921735
60.08520878414082
59.62680974049938
59.859225112692926
59.848926277153694
59.84300556598055
60.07250172677946
60.13456161914678
60.234420278631546
60.015175923761134
60.25422694962397
60.1804249788273
60.046202921427096
60.15744117657923
59.51863997841734
59.50225368159532
60.09975584985816
60.22454625698548
60.10112576578905
60.064910537656736
59.785471272251996
59.87234498903263
59.76021322080599
59.866448873940406
60.276297972867624
60.53644706220573
60.55333880095806
60.31420523213795
59.94900390875124
60.10675965737765
60.27657324678887
60.015228228271255
59.609794927179564
59.58744859169351
59.76186244886846
59.96164539833594
59.595946585801485
59.49975887801408
59.803012451386586
60.15035027689404
59.936829520362224
59.998961859502074
59.96435221451013
59.534085440621276
59.566129824142855
59.34808543714551
59.332401045746245
59.610835576169755
59.79156925717392
59.615363109276
59.61385306376587
60.18317989406613
60.140516076650066
60.09721572623698
60.18205724545528
60.20248452340603
60.2969822789502
60.08138698934516
60.53576903475596
60.52366646514132
60.62672080458286
60.63372451329792
60.73613344584108
60.61792210686512
60.79257367477212
60.68615649108458
60.6566356861867
60.812681497407496
60.698462312599545
60.69588379385827
60.452711600062756
60.246692580299865
59.68200013966775
59.43140678210509
60.17261076506382
60.058747116192635
60.040869599880196
60.223147525884755
60.14863785543234
60.36784121238993
