1022100.0
933906.0
933906.0
890247.0
890247.0
777228.0
772227.0
772227.0
759564.0
759564.0
759564.0
740368.0
740368.0
720710.0
810455.0
810455.0
793129.0
793129.0
793129.0
762514.0
762514.0
818965.0
790390.0
810739.0
823198.0
823198.0
823198.0
823198.0
823198.0
823198.0
823198.0
747540.0
747540.0
747540.0
736265.0
722910.0
722910.0
722910.0
755675.0
755675.0
755675.0
755675.0
755675.0
725535.0
722910.0
726589.0
726589.0
751026.0
751026.0
751026.0
751026.0
754714.0
754714.0
754714.0
754714.0
751026.0
751026.0
751026.0
751026.0
751026.0
751026.0
751026.0
751026.0
751026.0
751026.0
751026.0
751026.0
751026.0
751026.0
751026.0
727421.0
727421.0
727421.0
727421.0
783108.0
727421.0
727421.0
727421.0
727421.0
727421.0
729289.0
729289.0
729289.0
729289.0
729289.0
729289.0
729289.0
724980.0
724980.0
724980.0
724980.0
724980.0
711708.0
711708.0
711708.0
735363.0
710495.0
710188.0
710188.0
710188.0
711818.0
709360.0
709360.0
709360.0
709360.0
709360.0
709360.0
709360.0
709360.0
709360.0
709360.0
777497.0
709360.0
709360.0
709360.0
709360.0
709360.0
709360.0
710495.0
710495.0
710495.0
710495.0
710495.0
710495.0
710495.0
710495.0
710495.0
709710.0
712380.0
712380.0
712380.0
712380.0
712380.0
712380.0
712380.0
712380.0
711858.0
711858.0
711858.0
709978.0
709978.0
709978.0
709978.0
709978.0
709978.0
709978.0
706092.0
706092.0
706092.0
706092.0
706092.0
706092.0
706092.0
706092.0
706092.0
706092.0
706092.0
706092.0
676063.0
676063.0
676063.0
676063.0
676063.0
676063.0
676063.0
665791.0
665791.0
665791.0
665791.0
665791.0
665791.0
665791.0
665791.0
671865.0
671865.0
671865.0
671865.0
671865.0
671865.0
671865.0
671865.0
671865.0
672140.0
672140.0
672140.0
672140.0
672140.0
658021.0
658021.0
658021.0
658021.0
658021.0
658021.0
658021.0
658021.0
658021.0
658021.0
658021.0
658021.0
658021.0
658021.0
658021.0
658021.0
658021.0
658021.0
658021.0
665169.0
658021.0
658021.0
658021.0
658021.0
658021.0
658021.0
658021.0
658021.0
658021.0
658021.0
658021.0
658021.0
658021.0
658021.0
658021.0
658021.0
658021.0
658021.0
658021.0
658021.0
658021.0
658021.0
658021.0
658021.0
658021.0
658021.0
658021.0
658021.0
658021.0
658021.0
658021.0
658021.0
658021.0
658021.0
658021.0
658021.0
658021.0
658021.0
658021.0
658021.0
658021.0
658021.0
658021.0
658021.0
658469.0
658469.0
658469.0
658469.0
658021.0
658021.0
658021.0
658021.0
658021.0
658021.0
658021.0
658021.0
658021.0
658021.0
658021.0
658021.0
658021.0
658021.0
658021.0
664616.0
658021.0
658021.0
658021.0
658021.0
658021.0
658021.0
658021.0
658021.0
658021.0
658021.0
658021.0
658021.0
638023.0
631686.0
631686.0
632586.0
632586.0
632586.0
632586.0
632586.0
632586.0
632586.0
632586.0
632586.0
632586.0
632586.0
632586.0
632586.0
632586.0
632586.0
634226.0
635381.0
634226.0
634226.0
634226.0
634226.0
634226.0
634226.0
634226.0
634226.0
634226.0
634226.0
634226.0
634226.0
634226.0
634226.0
634226.0
634226.0
634226.0
634226.0
634226.0
634226.0
634226.0
634226.0
634226.0
634226.0
634226.0
634226.0
641397.0
641397.0
641397.0
641397.0
641397.0
641397.0
641397.0
641397.0
641397.0
641397.0
641397.0
641397.0
641397.0
641397.0
641397.0
641397.0
641397.0
641397.0
641397.0
641397.0
641397.0
641397.0
641397.0
641397.0
641397.0
641397.0
641397.0
641397.0
641397.0
641397.0
641397.0
662396.0
662396.0
662396.0
662396.0
662396.0
627966.0
627966.0
627966.0
627966.0
627966.0
627966.0
627966.0
626446.0
626446.0
626446.0
626446.0
626446.0
626446.0
626446.0
626446.0
628221.0
628221.0
628221.0
628221.0
626446.0
626446.0
626446.0
626446.0
626446.0
626446.0
626446.0
626446.0
626446.0
626446.0
626446.0
626446.0
626446.0
626446.0
626446.0
626446.0
628444.0
626446.0
632115.0
627581.0
626446.0
626446.0
626446.0
626446.0
626446.0
626446.0
626446.0
626446.0
625966.0
625966.0
625966.0
625966.0
625966.0
625966.0
625966.0
625966.0
625966.0
625966.0
625966.0
625966.0
625966.0
625966.0
625966.0
625966.0
612082.0
612082.0
612082.0
567201.0
567201.0
567201.0
567201.0
567201.0
601906.0
567201.0
567201.0
567201.0
567201.0
567201.0
567201.0
567201.0
567201.0
567201.0
567201.0
567201.0
567201.0
567201.0
567201.0
567201.0
567201.0
567201.0
567201.0
567201.0
567201.0
567201.0
567201.0
567201.0
567201.0
567201.0
567201.0
567201.0
567201.0
567201.0
567201.0
567201.0
567201.0
567201.0
567201.0
567201.0
567201.0
567201.0
567201.0
567201.0
567201.0
567201.0
567201.0
567201.0
567201.0
567201.0
567201.0
567201.0
567201.0
567201.0
567201.0
567201.0
567201.0
567201.0
567201.0
567201.0
567201.0
567201.0
567201.0
567201.0
567201.0
567201.0
567201.0
567201.0
