55.965641902751265
55.965641902751265
56.01447437259223
56.01447437259223
56.01447437259223
56.35936732488457
56.43311895017216
56.43311895017216
56.43311895017216
56.56089107919146
56.56089107919146
56.93906054041729
59.3264009497219
59.3264009497219
59.3264009497219
59.3264009497219
59.3264009497219
59.3264009497219
60.02257700370909
60.02257700370909
61.83223500107288
61.83223500107288
61.83223500107288
61.83223500107288
61.83223500107288
61.83223500107288
61.83223500107288
61.83223500107288
62.2527488396997
62.2527488396997
62.2527488396997
62.2527488396997
62.2527488396997
62.2527488396997
62.449061288378324
63.40994826288511
63.40994826288511
63.40994826288511
63.40994826288511
63.40994826288511
63.40994826288511
63.40994826288511
63.447013624641464
63.447013624641464
63.447013624641464
64.79732384194295
64.79732384194295
64.80563575901212
64.80563575901212
64.80563575901212
64.80563575901212
64.80563575901212
64.89652006329277
64.89652006329277
64.89652006329277
64.89652006329277
64.89652006329277
64.89652006329277
64.89652006329277
64.89652006329277
64.89652006329277
64.89652006329277
64.89652006329277
65.17522524227742
65.17522524227742
65.17522524227742
65.17522524227742
65.17853762870986
65.17853762870986
65.17853762870986
65.65078929436704
65.65078929436704
65.65078929436704
65.65078929436704
65.65078929436704
65.65078929436704
65.65078929436704
65.65078929436704
65.65078929436704
65.65078929436704
65.65078929436704
65.65078929436704
65.65078929436704
65.65078929436704
65.65078929436704
65.65078929436704
65.65078929436704
65.69006473349485
65.69006473349485
65.69006473349485
65.75915165051484
65.75915165051484
65.75915165051484
65.75915165051484
65.75915165051484
65.75915165051484
66.40077038059101
66.40077038059101
66.40077038059101
66.40077038059101
66.40077038059101
66.40077038059101
66.40077038059101
66.40077038059101
66.40077038059101
66.40077038059101
66.40077038059101
66.40077038059101
66.40077038059101
66.40077038059101
66.40077038059101
66.40077038059101
66.40077038059101
66.40077038059101
66.40077038059101
66.40077038059101
66.40077038059101
66.40077038059101
66.40196811160936
66.4170595224407
66.4170595224407
66.4170595224407
66.4170595224407
66.4170595224407
66.431432294661
66.431432294661
66.431432294661
66.43790004216012
66.5543194971446
66.5543194971446
66.5543194971446
66.60089591719102
66.60089591719102
66.60089591719102
66.60089591719102
66.60089591719102
66.60089591719102
66.60089591719102
66.63318337602452
66.63318337602452
66.63318337602452
66.63318337602452
66.65948028055651
66.74283844927079
66.74283844927079
66.74283844927079
66.79455508061781
66.79455508061781
66.79455508061781
66.79455508061781
66.79455508061781
66.79455508061781
66.79455508061781
66.79455508061781
66.79455508061781
66.79455508061781
66.79455508061781
66.79455508061781
66.79936593004544
66.79936593004544
67.11526419729299
67.11526419729299
67.11526419729299
67.11526419729299
67.20013550463378
67.20013550463378
67.20013550463378
67.20013550463378
67.20013550463378
67.20013550463378
67.20013550463378
67.20013550463378
67.20013550463378
67.21039448966813
67.21039448966813
67.21039448966813
67.28289012026036
67.28289012026036
67.28289012026036
67.28289012026036
67.28289012026036
67.52026520192611
67.52026520192611
67.52026520192611
67.52026520192611
67.52026520192611
67.52026520192611
67.52026520192611
67.52026520192611
67.52026520192611
67.52026520192611
67.52026520192611
67.52026520192611
67.52026520192611
67.52026520192611
67.52026520192611
67.52026520192611
67.52026520192611
67.52026520192611
67.52026520192611
67.52026520192611
67.52026520192611
67.52026520192611
67.52026520192611
67.52026520192611
67.52026520192611
67.52026520192611
67.52026520192611
67.52026520192611
67.57591889079778
67.57591889079778
67.57591889079778
67.57591889079778
67.57591889079778
67.57591889079778
67.57591889079778
67.57591889079778
67.57591889079778
67.57591889079778
67.57591889079778
67.57591889079778
67.57591889079778
67.57591889079778
67.57591889079778
67.57591889079778
67.57591889079778
67.57591889079778
67.57591889079778
67.57591889079778
67.57591889079778
67.57591889079778
67.57591889079778
67.57591889079778
67.57591889079778
67.57591889079778
67.57591889079778
67.57591889079778
67.59043724441649
67.59043724441649
67.59043724441649
67.59043724441649
67.65770561618312
67.65770561618312
67.65770561618312
67.84934788394996
67.84934788394996
67.84934788394996
67.84934788394996
67.84934788394996
67.84934788394996
67.84934788394996
67.84934788394996
67.84934788394996
67.84934788394996
67.84934788394996
67.84934788394996
67.84934788394996
67.94782920633689
67.94782920633689
67.94782920633689
67.94782920633689
67.94782920633689
67.94782920633689
67.94782920633689
67.94782920633689
67.94782920633689
67.94782920633689
67.94782920633689
67.94782920633689
67.94782920633689
67.94782920633689
67.94782920633689
67.94782920633689
67.94782920633689
67.94782920633689
67.94782920633689
68.04913586445551
68.04913586445551
68.04913586445551
68.04913586445551
68.20468518491171
68.20468518491171
68.20468518491171
68.30067289848436
68.30067289848436
68.30067289848436
68.42122083732822
68.42122083732822
68.42122083732822
68.42122083732822
68.64081397581108
68.64081397581108
68.64081397581108
68.64081397581108
68.64081397581108
68.64081397581108
68.64081397581108
68.64081397581108
68.64081397581108
68.64081397581108
68.64081397581108
69.02525707478672
69.02525707478672
69.02525707478672
69.02525707478672
69.02525707478672
69.02525707478672
69.02525707478672
69.02525707478672
69.02525707478672
69.02525707478672
69.02525707478672
69.02525707478672
69.02525707478672
69.0264876864992
69.0264876864992
69.0264876864992
69.0264876864992
69.0264876864992
69.0264876864992
69.0264876864992
69.0264876864992
69.0264876864992
69.0264876864992
69.0264876864992
69.0264876864992
69.0264876864992
69.0264876864992
69.0264876864992
69.08015401620328
69.08015401620328
69.08015401620328
69.08015401620328
69.08015401620328
69.08015401620328
69.08015401620328
69.08015401620328
69.08015401620328
69.08015401620328
69.08015401620328
69.08015401620328
69.08015401620328
69.08015401620328
69.08015401620328
69.08015401620328
69.08015401620328
69.08015401620328
69.08015401620328
69.08015401620328
69.08015401620328
69.08015401620328
69.08015401620328
69.52321984454844
69.52321984454844
69.52321984454844
69.52321984454844
69.52321984454844
69.52321984454844
69.52321984454844
69.52321984454844
69.52321984454844
69.52321984454844
69.52321984454844
69.52321984454844
69.52321984454844
69.52321984454844
69.52321984454844
69.52321984454844
69.52321984454844
69.52321984454844
69.52321984454844
69.52321984454844
69.52321984454844
69.52321984454844
69.52321984454844
69.52321984454844
69.52321984454844
69.52321984454844
69.52321984454844
69.5687393543082
69.5687393543082
69.5687393543082
69.5687393543082
69.5687393543082
69.5687393543082
69.5687393543082
69.5687393543082
69.5687393543082
69.5687393543082
69.5687393543082
69.5687393543082
69.5687393543082
69.5687393543082
69.5687393543082
69.5687393543082
69.5687393543082
69.5687393543082
69.5687393543082
69.5687393543082
69.5687393543082
69.5687393543082
69.5687393543082
69.5687393543082
69.57975213892749
69.58464670986942
69.58464670986942
69.58464670986942
69.58464670986942
69.58464670986942
69.58464670986942
69.58464670986942
69.58464670986942
69.58464670986942
69.58464670986942
69.58464670986942
69.58464670986942
69.58464670986942
69.58464670986942
69.58464670986942
69.58464670986942
69.58464670986942
69.58856236662294
69.58856236662294
69.58856236662294
69.6050997314639
69.6050997314639
69.6050997314639
69.6050997314639
69.6050997314639
69.6050997314639
69.6050997314639
69.6406918118578
69.6406918118578
69.6406918118578
69.6406918118578
69.6406918118578
69.6406918118578
69.6406918118578
69.6406918118578
69.6406918118578
69.6406918118578
69.6406918118578
69.6406918118578
69.6406918118578
69.7526227681311
69.7526227681311
69.7526227681311
69.7526227681311
69.7526227681311
69.7526227681311
69.7526227681311
69.82012498956784
69.82012498956784
69.82012498956784
69.82012498956784
69.93205594584111
69.93205594584111
69.93205594584111
69.93205594584111
69.93205594584111
69.93205594584111
69.93205594584111
69.93205594584111
69.93205594584111
69.93205594584111
69.93205594584111
69.93205594584111
69.93205594584111
69.93205594584111
69.93205594584111
69.93205594584111
69.93205594584111
69.93205594584111
69.93205594584111
69.93205594584111
69.93205594584111
69.93205594584111
69.93205594584111
69.93205594584111
69.93205594584111
69.93205594584111
69.93205594584111
69.93205594584111
69.93205594584111
69.93205594584111
69.93205594584111
69.93205594584111
69.93205594584111
69.93205594584111
69.93205594584111
69.93205594584111
69.93205594584111
69.93205594584111
70.01183129844819
70.01183129844819
70.01183129844819
70.01183129844819
70.01183129844819
70.01183129844819
70.01183129844819
