49.73029472612459
54.07970067168552
57.156373645277824
57.156373645277824
59.149352861035425
59.07761045087544
59.07761045087544
59.07761045087544
61.06482350732257
61.23701936570307
61.23701936570307
61.23701936570307
61.740763202089944
62.69185933553526
62.87861027756938
62.87861027756938
63.631423879443574
64.3643740340031
63.72636210447481
63.72636210447481
63.72636210447481
63.72636210447481
63.37495401030169
63.37495401030169
63.37495401030169
63.37495401030169
64.48019801980197
63.51765043528173
63.51765043528173
64.48019801980197
64.01015101510151
64.01015101510151
64.01015101510151
64.54895489548954
64.8939893989399
64.8939893989399
64.91351568785197
64.91351568785197
64.91351568785197
64.91351568785197
64.91351568785197
64.91351568785197
65.10651065106511
65.41030051603764
65.41030051603764
65.22277227722773
65.41030051603764
65.83033303330333
65.83033303330333
65.83033303330333
65.83033303330333
65.83033303330333
65.83033303330333
67.92448022829188
67.92448022829188
67.92448022829188
67.92448022829188
67.92448022829188
67.92448022829188
67.92448022829188
65.6963529290216
68.01110884631063
68.01110884631063
68.01110884631063
68.01110884631063
68.01110884631063
68.39417016806722
68.39417016806722
68.45588235294119
68.3401432606941
68.3401432606941
68.3401432606941
68.3401432606941
66.38379583746283
67.89623688458434
68.3401432606941
68.3401432606941
69.02920525083952
69.02920525083952
69.02920525083952
69.02920525083952
69.02920525083952
69.02920525083952
69.02920525083952
69.02920525083952
69.02920525083952
69.02920525083952
68.95415691462298
69.1384253097164
69.1384253097164
69.43272989096894
69.62930680885972
69.62930680885972
69.62930680885972
69.62930680885972
69.62930680885972
69.62930680885972
69.62930680885972
69.62930680885972
69.62930680885972
69.62930680885972
69.62930680885972
69.62930680885972
69.62930680885972
69.62930680885972
69.62930680885972
69.62930680885972
69.62930680885972
69.62930680885972
69.62930680885972
69.62930680885972
69.62930680885972
69.62930680885972
69.62930680885972
69.62930680885972
69.62930680885972
69.62930680885972
69.62930680885972
69.62930680885972
69.62930680885972
69.62930680885972
69.62930680885972
69.62930680885972
69.7087776866284
69.7087776866284
69.7087776866284
69.7087776866284
69.7087776866284
69.7087776866284
69.7087776866284
69.7087776866284
69.7087776866284
69.7087776866284
69.7087776866284
69.7087776866284
69.7087776866284
69.7087776866284
69.7087776866284
69.7087776866284
69.7087776866284
69.7087776866284
69.7087776866284
69.7087776866284
69.93821780147663
69.93821780147663
69.93821780147663
69.93821780147663
69.93821780147663
69.93821780147663
69.93821780147663
69.93821780147663
69.93821780147663
69.93821780147663
69.93821780147663
69.93821780147663
69.93821780147663
69.93821780147663
69.93821780147663
69.93821780147663
69.93821780147663
69.93821780147663
69.95103568498769
69.95103568498769
69.95103568498769
69.95103568498769
69.95103568498769
69.95103568498769
69.95103568498769
69.95103568498769
69.95103568498769
69.95103568498769
69.95103568498769
69.95103568498769
69.95103568498769
69.95103568498769
69.95103568498769
69.95103568498769
69.95103568498769
69.95103568498769
69.95103568498769
69.95103568498769
69.95103568498769
69.95103568498769
69.95103568498769
69.95103568498769
69.95103568498769
