63.38040275049116
63.38040275049116
63.38040275049116
63.38040275049116
63.38040275049116
65.24560131292698
65.42065901712603
65.42065901712603
63.7800934243622
63.86962227012841
64.5554700279034
64.5554700279034
64.5554700279034
64.5554700279034
64.5554700279034
65.14140749788594
65.14140749788594
65.2371836772808
65.36117435021818
66.92871371656233
67.04358153965484
67.04358153965484
67.04358153965484
67.04358153965484
67.04358153965484
67.04358153965484
66.36368043436106
66.36368043436106
66.76444918541506
66.57940663176265
66.57940663176265
67.35868722125267
67.35868722125267
65.54405440544055
65.51155115511551
66.11161116111612
66.11161116111612
66.11161116111612
66.11161116111612
66.6016601660166
66.6016601660166
66.6016601660166
66.89517353030458
66.89517353030458
66.89517353030458
66.89517353030458
66.89517353030458
66.89517353030458
67.5984768907563
67.92448022829188
67.92448022829188
67.950544418439
67.99888063498524
67.92448022829188
67.92448022829188
67.92448022829188
67.92448022829188
67.92448022829188
68.01110884631063
68.01110884631063
68.01110884631063
68.01110884631063
69.6455870362821
69.6455870362821
69.6455870362821
69.6455870362821
69.6455870362821
69.6455870362821
69.6455870362821
69.6455870362821
69.6455870362821
69.6455870362821
69.6455870362821
70.05070322054627
70.05070322054627
70.05070322054627
70.05070322054627
69.02920525083952
69.02920525083952
69.02920525083952
69.02920525083952
69.02920525083952
69.02920525083952
69.22801269581244
69.6295914156005
69.6295914156005
69.6295914156005
70.16612061021809
70.20480808914569
70.20480808914569
70.20480808914569
70.20480808914569
69.78953035274816
69.78953035274816
69.78953035274816
69.78953035274816
69.78953035274816
69.62930680885972
69.62930680885972
69.62930680885972
69.62930680885972
69.62930680885972
69.62930680885972
69.62930680885972
69.62930680885972
69.62930680885972
69.62930680885972
69.62930680885972
69.62930680885972
69.62930680885972
69.62930680885972
69.62930680885972
69.62930680885972
69.62930680885972
69.62930680885972
69.62930680885972
69.62930680885972
69.62930680885972
69.62930680885972
69.62930680885972
69.7087776866284
69.7087776866284
69.7087776866284
69.7087776866284
69.7087776866284
69.7087776866284
69.7087776866284
69.7087776866284
69.7087776866284
69.7087776866284
69.7087776866284
69.7087776866284
69.7087776866284
69.7087776866284
69.7087776866284
69.7087776866284
69.7087776866284
69.7087776866284
69.93821780147663
69.93821780147663
69.93821780147663
69.93821780147663
69.93821780147663
69.93821780147663
69.93821780147663
69.93821780147663
69.93821780147663
69.93821780147663
69.93821780147663
69.93821780147663
69.93821780147663
69.93821780147663
69.93821780147663
69.93821780147663
69.93821780147663
69.95103568498769
69.95103568498769
69.95103568498769
69.95103568498769
69.95103568498769
69.95103568498769
69.95103568498769
69.95103568498769
69.95103568498769
69.95103568498769
69.95103568498769
69.95103568498769
69.95103568498769
69.95103568498769
69.95103568498769
69.95103568498769
69.95103568498769
69.95103568498769
69.95103568498769
69.95103568498769
69.95103568498769
69.95103568498769
69.95103568498769
69.95103568498769
69.95103568498769
69.95103568498769
69.95103568498769
69.95103568498769
69.95103568498769
69.95103568498769
69.95103568498769
