57.06726246472249
62.10552268244576
62.18984082397003
62.18984082397003
62.48680042238648
62.48680042238648
62.48680042238648
62.48680042238648
62.48680042238648
62.871524448705664
64.29418742586003
64.29418742586003
64.29418742586003
64.29418742586003
64.29418742586003
64.29418742586003
64.29418742586003
64.29418742586003
64.29418742586003
66.48873072360617
66.48873072360617
66.48873072360617
66.48873072360617
66.48873072360617
66.48873072360617
66.48873072360617
66.48873072360617
66.48873072360617
66.48873072360617
66.48873072360617
66.48873072360617
66.48873072360617
66.48873072360617
66.48873072360617
66.48873072360617
66.48873072360617
66.48873072360617
66.48873072360617
66.48873072360617
66.48873072360617
66.48873072360617
66.48873072360617
66.48873072360617
66.48873072360617
66.48873072360617
66.48873072360617
66.48873072360617
66.48873072360617
66.48873072360617
66.48873072360617
66.48873072360617
66.48873072360617
66.48873072360617
66.48873072360617
66.48873072360617
66.48873072360617
66.48873072360617
66.48873072360617
66.48873072360617
66.48873072360617
66.48873072360617
66.48873072360617
66.48873072360617
66.48873072360617
66.48873072360617
66.48873072360617
67.58360302049621
67.58360302049621
67.58360302049621
67.58360302049621
67.58360302049621
67.58360302049621
67.58360302049621
67.58360302049621
67.58360302049621
67.58360302049621
67.58360302049621
67.58360302049621
68.6353829557713
68.6353829557713
68.6353829557713
68.6353829557713
68.6353829557713
68.6353829557713
68.6353829557713
68.6353829557713
68.6353829557713
68.6353829557713
68.6353829557713
68.6353829557713
68.6353829557713
68.6353829557713
68.6353829557713
68.6353829557713
68.6353829557713
68.6353829557713
68.6353829557713
68.6353829557713
66.48873072360617
66.48873072360617
66.48873072360617
66.48873072360617
66.48873072360617
66.48873072360617
66.48873072360617
66.48873072360617
66.48873072360617
66.48873072360617
66.48873072360617
66.48873072360617
66.48873072360617
66.48873072360617
66.48873072360617
66.48873072360617
66.48873072360617
66.48873072360617
66.48873072360617
66.48873072360617
66.48873072360617
66.48873072360617
66.48873072360617
66.48873072360617
66.48873072360617
66.48873072360617
66.48873072360617
66.48873072360617
66.48873072360617
66.48873072360617
66.48873072360617
66.48873072360617
66.48873072360617
66.48873072360617
66.48873072360617
66.48873072360617
66.48873072360617
66.48873072360617
66.48873072360617
66.48873072360617
66.48873072360617
66.48873072360617
66.48873072360617
66.48873072360617
66.48873072360617
66.48873072360617
66.48873072360617
66.48873072360617
66.48873072360617
66.48873072360617
66.48873072360617
66.48873072360617
66.48873072360617
66.48873072360617
66.48873072360617
66.48873072360617
66.48873072360617
66.48873072360617
66.48873072360617
66.48873072360617
66.48873072360617
66.48873072360617
66.48873072360617
66.48873072360617
66.48873072360617
66.48873072360617
66.48873072360617
66.48873072360617
66.48873072360617
66.48873072360617
66.48873072360617
66.48873072360617
66.48873072360617
66.48873072360617
66.68906810035841
66.68906810035841
66.68906810035841
66.68906810035841
66.68906810035841
66.68906810035841
66.68906810035841
66.68906810035841
66.68906810035841
66.68906810035841
66.68906810035841
66.68906810035841
66.68906810035841
66.68906810035841
66.68906810035841
66.68906810035841
66.68906810035841
66.68906810035841
66.68906810035841
66.68906810035841
66.68906810035841
66.68906810035841
66.68906810035841
66.68906810035841
66.68906810035841
66.68906810035841
66.68906810035841
66.71146953405018
66.71146953405018
