40.61888071038474
46.497204321520194
49.80056399167556
50.28870860937718
50.87072680342183
52.98225358500658
53.11657574256485
50.18975646044497
48.94536331308423
49.54039268810687
52.08054485410594
49.997687969228735
52.30106072912197
53.10987322449163
54.85124963025658
55.698745472971694
55.94808229147099
54.850395250982004
55.79101250536363
54.96110620330243
54.79761454179798
55.01507846574528
55.22258117065304
54.907538756139665
54.92598222822325
55.21197227737186
54.60836320210707
55.08252064140615
55.16092810188607
55.53726450925441
56.12142227950446
55.6348743891212
55.63487438912119
55.147732672144464
56.026566962314405
55.847726446652246
56.00582193229422
56.648812473775024
56.56323906140381
56.955203993122794
56.13297911971165
54.866902434663835
55.272567403199126
56.36359488706627
57.249010955400635
56.65623025813135
57.1703820344577
57.167412564569034
57.364446313047814
55.80002695320158
57.32575610637967
57.45829467943013
57.01778851851346
56.271683091830056
57.0682888108777
56.9202870161523
57.21314318965132
57.33390940708093
57.09638283926033
56.97375086192413
57.56804114776453
57.60388068128572
57.6193914317603
56.80756886928022
56.682458464046206
57.62404159903428
58.245060176615965
58.78804286698959
58.788042866989585
58.93563797226812
58.9369347942694
59.0929771554786
58.58850288689049
58.58850288689048
57.83912349179677
57.839123491796755
57.641154425162455
57.64115442516245
58.28186317751622
58.28186317751622
57.69257044436237
58.49574221338617
57.14854055438371
56.60438196210061
56.73814699899199
57.29264952607857
57.55526103672251
57.555261036722506
57.55526103672253
57.65397824369581
57.70233185602582
57.83086633379077
57.830866333790745
57.83086633379078
57.83086633379077
57.83086633379075
58.103124631342304
58.103124631342304
58.03156955693681
58.031569556936795
58.03156955693679
58.1822513746872
58.51988907729116
58.9214544608054
58.921454460805386
58.921454460805386
58.335585169506956
57.219592996305934
57.21959299630593
58.762831363002924
58.77958291571019
56.782342491570645
56.420928460801306
56.46114774056821
56.62298076480926
58.02306993882528
57.56979837838446
57.94477873820483
57.74441885865908
58.4361504013547
59.04328159627343
59.336914087633694
58.11627434175458
58.15987804018318
58.04341594300208
59.04913759662772
59.8691424940073
59.42008260695851
60.29818721666198
60.52445957403151
60.32858653414211
60.79390282527876
60.79390282527876
60.79390282527876
60.79390282527875
60.79390282527876
60.64015511370189
60.640155113701866
60.218072069633486
60.21807206963343
59.9781165045141
60.064167175785315
59.94063317929335
59.94063317929335
59.580565331138835
59.69298365475035
59.692983654750336
59.981023208268
59.98102320826799
60.10831216293155
60.03614786186053
60.036147861860506
60.03614786186052
60.03614786186056
60.03614786186054
59.4160809413667
59.670931650534406
59.67093165053441
59.58839512475411
59.13522173543661
58.907373930220835
59.17238274984346
59.172382749843415
59.17238274984345
59.17590263720703
59.17590263720707
59.09899632963066
59.50482655332783
59.3176005954805
58.97649729888465
58.972166044553404
58.97216604455341
59.1325916686887
59.24080696105958
59.22082508535359
59.491322374873306
59.491322374873306
59.649401340781445
59.659981596535054
59.49556923494497
59.492708004615935
59.49270800461595
59.492708004615935
59.492708004615956
59.49270800461594
59.21375028379775
59.21375028379775
58.06490681172389
58.86793625662992
57.72855929235689
58.27472899315233
57.68584790151354
58.47760778600787
58.76354832732043
59.28062838237427
59.51535266542592
59.07588888020224
58.847899191429796
59.3310323483765
59.93954371904484
60.376580405771186
