39.55477412669867
39.55477412669867
39.55477412669867
39.10119545500881
39.10119545500881
39.10119545500881
39.10119545500881
39.10119545500881
39.10119545500881
39.10119545500881
39.10119545500881
39.10119545500881
40.948740391428345
42.58687669629079
42.58687669629079
43.95103348284203
41.58229543928734
43.95103348284203
41.21258364687207
41.21258364687207
41.21258364687207
41.21258364687207
41.21258364687207
37.75326028572991
38.53953973619853
38.53953973619853
38.53953973619853
38.53953973619853
38.53953973619853
38.53953973619853
40.64059767922428
45.51269035532994
41.99612725241974
41.89333030045873
41.89333030045873
41.89333030045873
41.99612725241974
41.99612725241974
44.65280704218758
43.7952473058856
43.7952473058856
43.12669085805564
45.16080067375679
45.16080067375679
45.16080067375679
45.16080067375679
44.81064312957945
42.21167744840171
44.81064312957945
44.81064312957945
44.81064312957945
44.81064312957945
44.81064312957945
44.81064312957945
44.990712015013976
44.990712015013976
44.990712015013976
40.600464478580825
44.990712015013976
45.52583085898839
45.761968141088545
45.761968141088545
45.761968141088545
43.88497663471917
43.88497663471917
45.58444338946447
45.82569248575001
45.82569248575001
46.613292111454626
42.316366366366374
44.40069120638892
46.613292111454626
43.83390930987539
43.991448106517645
46.45306856239503
43.69729151522674
43.69729151522674
43.69729151522674
43.69729151522674
43.69729151522674
43.69729151522674
43.69729151522674
44.53870981519106
44.53870981519106
44.53870981519106
44.995839994017075
44.995839994017075
44.05908890150798
44.05908890150798
44.69581673972412
44.69581673972412
44.69581673972412
44.995839994017075
43.4092609250022
43.30070278834545
43.30070278834545
43.30070278834545
45.57785826413657
45.57785826413657
45.57785826413657
45.71840219217808
45.71840219217808
45.86493422245118
45.86493422245118
45.86493422245118
44.52403467297085
44.52403467297085
46.36865912256812
46.36865912256812
46.55397473822603
46.55397473822603
46.55397473822603
48.41785357577748
48.46060966766545
48.46060966766545
45.130696059657815
40.417187137591554
41.688266588879166
41.688266588879166
40.073902926621436
40.073902926621436
39.51295883695561
39.51295883695561
41.6834048700532
41.6834048700532
41.688266588879166
41.688266588879166
41.688266588879166
41.688266588879166
42.163824935467815
43.69113852055557
43.69113852055557
43.69113852055557
44.219785241032675
44.65748393021121
43.106573545876216
43.106573545876216
43.106573545876216
43.106573545876216
43.106573545876216
43.106573545876216
44.486821146274764
44.11339705551409
44.11339705551409
45.70115514745876
45.70115514745876
45.70115514745876
45.70115514745876
45.93086324148083
45.93086324148083
46.44499338047725
46.44499338047725
46.44499338047725
46.44499338047725
46.44499338047725
46.44499338047725
41.644478689553814
44.37655219033343
44.37655219033343
44.37655219033343
44.37655219033343
44.026088833305245
44.026088833305245
44.37655219033343
44.57763221085727
46.668675793844415
46.73389269985234
46.73389269985234
46.73389269985234
47.71160979648334
47.71160979648334
45.21506601637875
47.656793213739405
45.49109251893507
45.49109251893507
45.49109251893507
47.656793213739405
47.656793213739405
45.421669525443114
45.421669525443114
45.421669525443114
45.421669525443114
38.30570902394108
38.30570902394108
44.5857991713585
45.13867591069476
45.13867591069476
45.13867591069476
43.33881503814354
45.13867591069476
45.13867591069476
45.681261198502575
45.681261198502575
45.71185605668364
44.96841527053007
44.96841527053007
45.71185605668364
45.71185605668364
45.71185605668364
45.71185605668364
45.71185605668364
46.58682848589927
46.58682848589927
46.58682848589927
47.01960671296963
47.01960671296963
47.360841595788166
47.37465423557316
49.22578564824411
49.266914757453414
49.287479312058075
49.38371949118812
49.38371949118812
50.16356704514312
44.9925934087459
50.67855172916211
51.08732368324675
51.19310484602174
49.85709902399841
49.85709902399841
49.85709902399841
51.19310484602174
51.19310484602174
51.19310484602174
51.19310484602174
47.50573171679489
49.98506851122639
51.19310484602174
48.43679313939537
51.19310484602174
46.58628783199505
46.41744996023648
48.82953331136213
48.82953331136213
48.82953331136213
47.46554031393098
47.46554031393098
45.821081955149914
45.821081955149914
45.821081955149914
44.653673108465966
50.914162586536094
51.18368232227877
46.94049376959145
46.94049376959145
46.94049376959145
46.94049376959145
46.94049376959145
48.28456728673395
48.24467769673249
50.341253311504175
45.85098249573029
45.85098249573029
45.85098249573029
45.85098249573029
51.18368232227877
51.552405232523
51.552405232523
51.552405232523
51.555427551459424
51.555427551459424
51.555427551459424
51.555427551459424
46.81218984116036
46.81218984116036
48.74984421472431
47.73484978377247
47.73484978377247
49.10931730693691
49.10931730693691
49.34234151045995
51.57142806347581
51.57142806347581
51.39462321535504
46.6799012735957
46.6799012735957
51.57676156748127
51.57676156748127
48.929336907809414
48.929336907809414
49.55196030183727
46.88795903657316
46.88795903657316
51.36466589153075
51.36466589153075
51.36466589153075
51.36466589153075
51.36466589153075
51.36466589153075
51.36466589153075
51.36466589153075
51.36466589153075
51.46195094772181
48.170680062025205
48.170680062025205
51.46195094772181
51.648763871555005
51.648763871555005
51.648763871555005
52.02886492367755
52.02886492367755
52.02886492367755
47.710031403267344
52.19420354784686
51.74266876327623
50.29876677110951
50.29876677110951
49.45744439097424
52.05155555555555
48.11008285380949
51.205803576045255
51.205803576045255
52.10353397975402
52.17020277982229
52.19864813451808
52.19864813451808
49.711249001658786
49.711249001658786
47.9726051675465
48.00601182783065
42.95934087820422
42.95934087820422
42.95934087820422
42.95934087820422
42.95934087820422
42.95934087820422
42.95934087820422
42.95934087820422
43.64504870274409
51.09658997692676
51.09658997692676
51.09658997692676
51.09658997692676
47.157022195276085
51.09658997692676
51.09658997692676
51.461585797469525
51.461585797469525
51.461585797469525
51.461585797469525
50.56228914157191
50.56228914157191
50.56228914157191
45.551626744376705
48.22415334129268
48.22415334129268
45.93294673304521
45.93294673304521
45.93294673304521
48.43756748226773
48.43756748226773
44.05753652410768
48.43756748226773
48.43756748226773
50.661309918268174
45.24880281176811
50.661309918268174
50.68194846413043
49.80293308890926
49.80293308890926
50.68194846413043
50.066652148376924
49.42928239691319
50.68194846413043
48.068921897081644
48.068921897081644
48.068921897081644
48.64066549117043
48.64066549117043
49.4785047622952
47.57372988779635
46.588181782990745
46.588181782990745
46.588181782990745
46.588181782990745
49.844046789379476
48.48684853818324
49.844046789379476
49.88407484577358
49.92757485070854
49.92757485070854
51.65419846778088
51.92446289449598
52.18157445244427
52.18157445244427
52.18157445244427
50.66853693785599
52.36337232348129
52.36337232348129
52.36337232348129
46.242100742376834
48.20418241068395
48.20418241068395
52.36337232348129
52.36337232348129
52.36337232348129
52.36337232348129
52.435262660987505
52.435262660987505
52.44715429576297
52.44715429576297
52.44715429576297
52.44715429576297
52.94564763181026
48.18033383497104
46.41758062133201
48.050699272446366
48.18033383497104
48.18033383497104
47.176656400537
50.930193928823556
50.930193928823556
50.930193928823556
50.930193928823556
50.930193928823556
52.71436646664928
52.71436646664928
53.107163899642515
53.107163899642515
53.20584418635753
51.6852448531993
49.913282290846766
46.28835903743653
47.15465831969293
47.15465831969293
47.15465831969293
50.60211086992707
50.60211086992707
42.035859187368196
42.035859187368196
42.035859187368196
42.035859187368196
44.217155383067414
44.217155383067414
44.217155383067414
44.217155383067414
44.217155383067414
45.7161870415348
45.7161870415348
45.780586835455466
48.748240678439906
50.41793403254629
50.41793403254629
50.47642784237528
48.97658629124857
50.38122240047355
50.38122240047355
49.23179294659795
50.43488876003296
50.47642784237528
50.47642784237528
50.47642784237528
50.47642784237528
48.475746742464196
50.47642784237528
50.47642784237528
50.47642784237528
50.520001492016014
48.17308101490408
48.17308101490408
50.520001492016014
50.71273199312353
50.71273199312353
46.643008647413936
46.643008647413936
50.71273199312353
49.640524843764645
49.640524843764645
49.640524843764645
50.98893169829038
49.913459119496856
49.913459119496856
47.26753399569182
50.85687850415666
52.29103753138959
49.796031893194886
49.796031893194886
49.796031893194886
52.29103753138959
51.31617849284928
48.87509633290005
52.29103753138959
47.64287744319136
47.64830304778386
52.446686942286114
52.446686942286114
52.446686942286114
52.446686942286114
44.85336460282081
44.85336460282081
44.85336460282081
44.85336460282081
44.86962592980477
47.0064639861354
47.03907905148428
47.03907905148428
46.440645451429184
46.440645451429184
48.4876451324799
50.292787899479606
