722589.1375
668013.3
623354.7625
599338.7875
580727.5
532234.675
514879.4125
506418.575
488779.8125
473401.3375
463425.8375
452695.6
438340.1875
418935.7375
411400.075
412883.05
399186.125
399227.4625
393502.2625
387777.3
380697.3
375222.5375
346257.65
334676.8
328770.2125
347433.6125
279319.3125
296809.5
296561.8625
317498.375
322660.1
302241.1375
302619.85
301788.325
300043.25
303959.6625
326801.8625
306574.3125
320892.2
327486.6625
320843.2625
327275.3875
336456.325
326403.7125
325464.1
327474.025
323575.775
309297.025
305487.1625
300342.2875
287176.0
280393.7875
280325.25
289445.8625
272935.95
292212.775
291705.2875
289999.0
290332.9125
293723.65
291979.475
294379.275
281256.2875
290291.0375
295243.425
290179.1375
276379.35
283184.55
289994.5125
282322.9
293745.75
292928.3
283200.7375
271377.625
261041.825
281772.05
277751.4625
261063.9125
241346.2375
223615.2
202172.5625
200393.7875
217505.2
226492.0875
233695.5625
256723.35
259562.3125
227787.675
226550.8
225453.1125
223977.9125
212625.3625
186891.1375
187831.2
164200.15
153202.3625
164393.075
189850.4375
200075.75
201943.8125
185534.125
231333.625
258050.05
249659.7125
266423.0
253022.3
258153.075
262353.825
262654.8125
252400.2375
251463.875
277940.5375
293508.8375
295232.75
283549.0625
282966.5875
287654.8
275611.825
275944.0625
286891.9125
274229.85
270379.0
274459.625
256027.475
263857.975
279643.3375
280207.725
276995.25
246951.2625
247862.225
245927.2
229329.75
232688.7125
232290.7625
252854.725
245809.85
240219.1625
227182.8375
206370.8375
196902.9375
204001.975
208444.175
224428.8125
225103.6875
245604.2625
245023.6
248235.2125
252969.8875
266305.2
250122.975
248552.9875
241910.4625
232815.5375
213906.15
245433.8
250632.2
250754.7625
238503.9625
220482.1375
220615.325
193394.675
202558.425
215955.825
223115.8875
246884.0875
252004.4375
256984.4
267677.3375
264910.425
277441.8
260920.0375
231384.975
238708.7
234874.6375
231679.375
238187.2875
225947.9875
199718.8875
196796.1875
195164.5375
211795.3375
230962.85
213873.1375
211543.2625
198969.8625
208007.075
204169.375
220417.2375
212298.3125
207644.7375
212958.425
215353.5875
208488.775
225869.2
217684.8125
219961.15
226842.075
233269.7
212421.875
221051.3
197242.2125
197649.25
182152.425
190840.05
212393.65
217717.775
214187.2875
215985.2875
225897.125
213194.5375
229710.825
235057.8875
228611.7125
239648.9
226642.3125
233776.8
253800.575
248306.85
249977.15
259832.3875
247798.6625
235258.55
250777.35
233791.0625
245038.8125
234620.6375
222726.775
228775.025
235038.5625
235851.1
236128.025
230728.7375
216420.0875
221301.75
216677.6
219261.7375
206057.425
214211.9375
215200.1125
221242.75
234701.6125
252433.3375
270164.3625
282622.475
273550.375
258788.2875
261115.5875
273677.0
269946.7125
256213.85
273115.9125
271315.1875
265834.55
271572.0875
275506.175
282869.1
297595.0375
278877.0875
278521.9625
290089.925
285722.6
283763.8375
296962.45
271823.6375
253661.4875
262752.6625
248951.2625
261864.975
266314.5
273289.4625
272641.0625
286254.2
296881.1875
290121.6875
282838.95
273960.525
297610.2375
309928.35
296567.625
304236.325
297491.475
287691.0125
295102.525
300877.5125
296637.675
303187.4875
303412.1
309596.275
305706.5125
308119.0875
307850.825
319751.4
320627.275
317934.5625
315706.9375
307722.0375
329985.4875
331184.025
332590.875
322617.425
318281.2375
314003.675
306489.6375
309035.0875
295068.5375
294499.8875
282307.4
262502.475
291683.05
285003.4625
284554.5
280213.4125
277387.7
275686.3625
269945.425
272540.0
268337.225
293916.7375
279639.525
264189.0125
264356.65
259719.525
252989.2375
256487.9875
255704.075
244161.4
239070.175
232456.2375
244118.3
285207.275
280304.8375
271680.6875
258614.475
258610.55
250626.3375
241980.5875
244615.7875
233286.375
248257.0125
250436.025
262658.85
264775.25
266997.125
260380.3375
250209.1375
239641.9875
205822.1125
199993.05
203991.025
217612.1
218874.925
185324.8625
167497.025
164254.3
158899.125
160479.275
177574.5625
180463.5875
180164.2
180439.9
183005.1125
179131.9875
169247.85
176416.525
177250.25
195833.8375
200390.8875
203598.1125
198105.5875
225136.85
227904.4375
223533.525
252838.3375
253623.225
248472.325
269960.8
258782.7125
246334.5875
226087.45
218870.1
224971.1375
228213.7875
244359.1875
240015.775
252106.65
261042.4625
256632.325
259795.9875
262965.8125
284591.25
267225.675
284433.7125
275019.35
283175.7375
286627.5875
293204.6625
292241.7
298941.675
288701.5
291374.325
288146.075
303140.1375
312880.45
312706.95
300286.375
277236.9625
273299.9375
270585.525
244404.225
219856.25
220750.4375
229187.1875
223695.6375
222294.2125
205624.3
213781.125
213738.625
220119.575
216047.975
222366.2375
219087.7
221341.725
210478.075
215228.575
199700.075
198462.525
217835.175
214041.325
198181.55
196823.1125
179556.325
165133.825
154783.0625
152378.025
143337.425
145852.0375
140225.775
170444.775
163946.6875
162127.3625
181086.3
190626.9
196626.3125
188403.825
176030.8375
167790.175
166052.6625
167594.175
182902.8875
175898.3625
161195.55
167858.875
171227.575
185798.2625
185454.3125
175397.5125
179669.2
175058.2625
174061.5875
174299.2875
184143.45
186668.0125
203249.0
199616.575
200053.7
181259.6125
163325.775
162243.9625
145793.8
149850.3625
148468.4
142177.6875
146753.7
147924.8125
157882.15
168360.8625
166789.2625
149259.9375
159736.0625
147974.225
146433.7
155073.525
179059.525
182758.375
176165.825
209084.6875
202230.55
205836.7
214814.1125
198100.525
176802.5375
195501.0875
199663.7
205254.9
195368.2375
173095.1875
174590.75
188871.25
167324.075
164247.2625
