893805.0
812423.0
812423.0
861589.0
861589.0
782406.0
782406.0
709598.0
709598.0
740767.0
740767.0
695633.0
695633.0
627378.0
634978.0
812335.0
698900.0
671248.0
759927.0
759927.0
773051.0
773051.0
773051.0
773051.0
773051.0
773051.0
773051.0
779689.0
773051.0
770946.0
770946.0
754767.0
754767.0
754767.0
754767.0
746043.0
746043.0
746043.0
746043.0
746043.0
746043.0
746043.0
726569.0
729251.0
729251.0
733764.0
736004.0
736004.0
736004.0
736004.0
736004.0
736004.0
736004.0
736004.0
736004.0
736004.0
736004.0
736004.0
736004.0
736004.0
736004.0
736004.0
736004.0
736004.0
736004.0
666672.0
666672.0
703900.0
666672.0
666672.0
666672.0
666672.0
656466.0
656466.0
656466.0
656466.0
620037.0
620037.0
620037.0
620037.0
620037.0
620037.0
645307.0
645307.0
645307.0
645307.0
645307.0
645307.0
645307.0
645307.0
645307.0
645307.0
620037.0
669859.0
620037.0
580807.0
589283.0
589283.0
589283.0
589283.0
589283.0
772175.0
772175.0
626674.0
626674.0
597262.0
589503.0
589503.0
589503.0
589503.0
589503.0
589503.0
591083.0
589503.0
589503.0
589503.0
589283.0
589283.0
589283.0
589283.0
589283.0
589283.0
614704.0
589043.0
589043.0
589043.0
589043.0
581768.0
598914.0
598914.0
581768.0
581768.0
581768.0
581768.0
581768.0
581768.0
638479.0
581768.0
581768.0
581768.0
581768.0
581768.0
582438.0
581768.0
647037.0
581768.0
581768.0
581768.0
581768.0
581768.0
587821.0
587821.0
581768.0
581768.0
595510.0
607982.0
607982.0
607982.0
607982.0
607982.0
607982.0
607982.0
607982.0
607982.0
581768.0
581768.0
493485.0
598671.0
598671.0
504613.0
504613.0
504613.0
504613.0
504613.0
618340.0
640613.0
579286.0
579286.0
579286.0
579286.0
579286.0
637546.0
637546.0
637546.0
579286.0
579286.0
579286.0
579286.0
579286.0
579286.0
579286.0
622488.0
622488.0
509824.0
509824.0
509824.0
509824.0
504613.0
504613.0
504613.0
504613.0
504613.0
547941.0
547941.0
513741.0
549531.0
549531.0
549531.0
556709.0
549531.0
655438.0
549531.0
549531.0
549531.0
549531.0
555247.0
555247.0
555247.0
555247.0
557841.0
557841.0
557841.0
573322.0
573322.0
638158.0
638158.0
573322.0
573322.0
557841.0
557841.0
566262.0
570849.0
570849.0
569387.0
569387.0
569387.0
569387.0
569387.0
619258.0
570562.0
570562.0
638870.0
638870.0
683220.0
683220.0
570562.0
570562.0
650154.0
570562.0
570562.0
570562.0
642031.0
570562.0
570562.0
570562.0
593898.0
570562.0
570562.0
569387.0
569387.0
569387.0
569387.0
569387.0
569387.0
525710.0
525710.0
525710.0
473725.0
473725.0
473725.0
486364.0
486364.0
486364.0
486364.0
486364.0
486364.0
486364.0
513431.0
513431.0
513431.0
486364.0
486364.0
486364.0
486364.0
486364.0
486364.0
486364.0
486364.0
486364.0
494850.0
532271.0
532271.0
532271.0
532271.0
532271.0
532271.0
532271.0
532271.0
473725.0
473725.0
473725.0
473725.0
480916.0
473725.0
473725.0
473725.0
473725.0
473725.0
473725.0
473725.0
473725.0
500971.0
500971.0
500971.0
500971.0
500971.0
500971.0
500971.0
500971.0
500971.0
500971.0
500971.0
500971.0
500971.0
500971.0
500971.0
545638.0
545638.0
491816.0
526754.0
479998.0
479998.0
536127.0
536127.0
536127.0
521625.0
521625.0
521625.0
521625.0
521625.0
575428.0
521625.0
515523.0
515523.0
515523.0
515523.0
515523.0
515523.0
515523.0
515523.0
515523.0
513633.0
490777.0
515614.0
490777.0
490777.0
490777.0
490777.0
490777.0
537993.0
537993.0
496389.0
496389.0
496389.0
496389.0
496389.0
496389.0
496389.0
496389.0
496389.0
497558.0
507842.0
497558.0
497558.0
497558.0
516402.0
505321.0
505321.0
557878.0
557878.0
505321.0
505321.0
546669.0
518739.0
505321.0
505321.0
505321.0
505321.0
525313.0
505321.0
505321.0
505321.0
505321.0
505321.0
505321.0
505321.0
521720.0
514829.0
514829.0
514829.0
514829.0
514829.0
514829.0
505321.0
505321.0
505321.0
505321.0
505321.0
505321.0
471708.0
471708.0
471708.0
471708.0
471708.0
471708.0
471708.0
474999.0
471708.0
471708.0
471708.0
471708.0
471708.0
471708.0
471708.0
486498.0
471708.0
493919.0
493919.0
493919.0
493919.0
493919.0
493919.0
487995.0
534589.0
534589.0
534589.0
534589.0
483585.0
483585.0
483585.0
483585.0
483585.0
483585.0
483585.0
483585.0
483585.0
483585.0
483585.0
483585.0
483585.0
483585.0
483585.0
483585.0
553040.0
483585.0
483585.0
538130.0
490482.0
490482.0
493818.0
483585.0
483585.0
483585.0
483585.0
487910.0
483585.0
499770.0
499770.0
483585.0
483585.0
483585.0
549340.0
549340.0
549340.0
494447.0
494447.0
494447.0
494447.0
494447.0
494447.0
494447.0
494447.0
528120.0
528120.0
494447.0
509423.0
509423.0
509423.0
509423.0
509423.0
526212.0
509423.0
515599.0
509423.0
520927.0
520927.0
520927.0
522563.0
520927.0
520927.0
