27.753544165757905
29.5239420935412
29.5239420935412
28.60346889952153
30.027932960893853
31.34448488241881
35.25889694720863
36.22232332423415
36.22232332423415
36.22232332423415
39.748255990294204
36.72928709055877
39.967982924226256
33.61650485436893
38.35378868729989
38.35378868729989
40.0880469583778
40.11534334763948
40.097988653945336
40.097988653945336
40.097988653945336
41.622373047673555
43.50314825414997
43.50314825414997
43.50314825414997
43.50314825414997
43.50314825414997
43.50314825414997
43.50314825414997
43.50314825414997
43.50314825414997
43.50314825414997
43.50314825414997
43.50314825414997
43.50314825414997
43.50314825414997
43.50314825414997
43.50314825414997
43.50314825414997
43.50314825414997
43.50314825414997
43.50314825414997
43.50314825414997
43.50314825414997
43.50314825414997
43.50314825414997
43.50314825414997
43.50314825414997
43.50314825414997
43.50314825414997
42.240620045798835
42.240620045798835
42.240620045798835
42.044275337253545
42.044275337253545
42.493946731234864
42.493946731234864
44.01686874011597
44.01686874011597
44.01686874011597
44.01686874011597
44.01686874011597
44.01686874011597
44.01686874011597
44.01686874011597
44.01686874011597
44.01686874011597
44.01686874011597
44.01686874011597
44.01686874011597
44.01686874011597
44.01686874011597
44.01686874011597
44.01686874011597
44.01686874011597
44.01686874011597
44.01686874011597
44.01686874011597
44.01686874011597
44.01686874011597
44.01686874011597
44.01686874011597
44.01686874011597
44.01686874011597
44.01686874011597
44.01686874011597
44.01686874011597
44.01686874011597
44.01686874011597
44.01686874011597
44.01686874011597
44.01686874011597
44.01686874011597
44.01686874011597
44.01686874011597
44.01686874011597
44.01686874011597
44.01686874011597
45.903361344537814
45.903361344537814
45.903361344537814
45.903361344537814
45.903361344537814
45.903361344537814
45.903361344537814
45.903361344537814
45.903361344537814
45.903361344537814
45.903361344537814
45.903361344537814
45.903361344537814
45.903361344537814
45.903361344537814
45.903361344537814
45.903361344537814
45.903361344537814
45.903361344537814
45.99089635854342
45.99089635854342
45.99089635854342
45.99089635854342
45.99089635854342
45.99089635854342
45.99089635854342
45.99089635854342
45.99089635854342
45.99089635854342
45.99089635854342
45.99089635854342
45.99089635854342
45.99089635854342
45.99089635854342
45.99089635854342
45.99089635854342
45.99089635854342
45.99089635854342
45.99089635854342
45.99089635854342
46.07843137254902
46.07843137254902
46.07843137254902
46.07843137254902
46.07843137254902
46.07843137254902
46.07843137254902
46.07843137254902
46.07843137254902
46.07843137254902
46.07843137254902
46.07843137254902
46.07843137254902
46.07843137254902
46.07843137254902
46.07843137254902
46.07843137254902
46.07843137254902
46.07843137254902
46.07843137254902
46.07843137254902
46.07843137254902
46.07843137254902
46.07843137254902
46.07843137254902
46.07843137254902
46.07843137254902
46.07843137254902
46.07843137254902
46.07843137254902
46.07843137254902
46.07843137254902
46.07843137254902
46.07843137254902
46.07843137254902
46.07843137254902
46.07843137254902
46.07843137254902
46.07843137254902
46.07843137254902
46.07843137254902
46.07843137254902
46.07843137254902
46.07843137254902
46.07843137254902
46.07843137254902
46.07843137254902
46.07843137254902
46.07843137254902
46.07843137254902
46.07843137254902
46.07843137254902
46.07843137254902
46.07843137254902
46.07843137254902
46.07843137254902
46.07843137254902
46.07843137254902
46.07843137254902
46.07843137254902
46.07843137254902
46.07843137254902
