48989.125
42346.3125
39098.0
34588.4375
34566.1875
34784.9375
34661.3125
31801.4375
32645.1875
33195.1875
34464.0
37610.125
39237.6875
37087.75
33761.0
31008.6875
34269.4375
34011.25
33492.875
33486.75
34665.375
36765.875
36592.5
37713.875
35925.5
36203.625
36098.125
41513.75
40976.375
42164.0
42017.25
40839.0
40755.5
40214.5
38761.75
36988.75
36345.5
36201.0625
36494.3125
36907.5625
36930.8125
37060.5625
36778.5625
36985.75
35993.75
36717.25
36468.75
38205.75
36396.5
35981.0
34336.5
34261.25
37516.75
36127.25
38340.75
37785.5
39122.25
39841.25
39366.75
37474.0
36798.75
36829.25
36267.5
36982.75
36256.5
35989.75
35930.75
36017.5
33994.75
35017.5
34632.0
34108.0
34939.5
34814.5
34689.5
34139.0
34543.0
33816.0
33934.75
31554.25
32534.25
33344.0
34344.5
35652.0
35586.75
32547.75
34465.5
34612.0
34680.0
34673.0
33148.25
33798.0
32214.25
32075.5
33160.0
32196.0
29949.25
34919.5
37047.5
38625.5
36989.5
37837.0
36181.5
36836.25
35745.25
36041.75
35852.5
34119.25
31589.25
32462.5
32855.5
33660.25
33967.25
33914.5
35512.0
35688.75
36093.5
35686.25
35625.5
34263.0
33797.0
33887.0
34300.25
34226.0
34497.5
32276.25
33205.75
31760.75
32850.5
32032.5
31039.5
32490.25
34252.0
33569.5
31693.75
31519.0
33550.75
33934.5
33905.75
35055.75
34658.5
31476.0
33192.75
34325.5
33650.75
33914.0
33208.0
33485.5
30999.75
32498.0
34090.75
33670.75
33421.375
32535.125
33257.125
30807.875
31359.625
30885.875
31031.875
33073.625
30745.375
31525.625
32167.875
31482.375
32388.875
34329.375
33551.375
34026.625
33982.375
34036.625
33355.875
33510.375
34086.125
32021.375
30748.375
30344.125
33825.875
34159.875
34708.875
33342.875
35135.5
34209.25
33465.625
33676.5
33781.75
33318.5
31906.25
33064.75
31893.75
32629.75
30751.5
32795.625
33030.125
31725.75
32764.75
31977.0
32457.25
32714.5
33323.75
33276.75
