102310.0
82510.0
84470.0
75730.0
75730.0
75730.0
75730.0
65060.0
65060.0
51940.0
48260.0
48800.0
48260.0
55630.0
55630.0
48260.0
48260.0
48260.0
46100.0
46100.0
46100.0
46100.0
46100.0
46100.0
46100.0
46100.0
46100.0
46100.0
46100.0
46100.0
46100.0
46100.0
46100.0
46100.0
46100.0
46100.0
46100.0
46100.0
46100.0
46100.0
46100.0
46100.0
46100.0
46100.0
46100.0
46100.0
46100.0
46100.0
46100.0
46100.0
46100.0
46100.0
46100.0
46100.0
46100.0
46100.0
46100.0
46100.0
46100.0
46100.0
46100.0
46100.0
46100.0
46100.0
46100.0
46100.0
46100.0
46100.0
46100.0
46100.0
46100.0
46100.0
46100.0
46100.0
46100.0
46100.0
46100.0
46100.0
46100.0
46100.0
46100.0
46100.0
46100.0
46100.0
46100.0
46100.0
46100.0
46100.0
46100.0
46100.0
46100.0
46100.0
46100.0
46100.0
46100.0
46100.0
46100.0
46100.0
46100.0
46100.0
46100.0
46100.0
46100.0
46100.0
46100.0
46100.0
46100.0
46100.0
46100.0
46100.0
46100.0
46100.0
46100.0
46100.0
46100.0
46100.0
46100.0
46100.0
46100.0
46100.0
46100.0
46100.0
46100.0
46100.0
46100.0
46100.0
46100.0
46100.0
46100.0
46100.0
46100.0
46100.0
46100.0
46100.0
46100.0
46100.0
46100.0
46100.0
46100.0
46100.0
46100.0
46100.0
46100.0
46100.0
46100.0
46100.0
46100.0
46100.0
46100.0
46100.0
46100.0
46100.0
46100.0
46100.0
46100.0
46100.0
46100.0
46100.0
46100.0
46100.0
46100.0
46100.0
46100.0
46100.0
46100.0
46100.0
46100.0
46100.0
46100.0
46100.0
46100.0
46100.0
46100.0
46100.0
46100.0
46100.0
46100.0
46100.0
46100.0
46100.0
46100.0
46100.0
46100.0
46100.0
46100.0
46100.0
46100.0
46100.0
46100.0
46100.0
46100.0
46100.0
46100.0
46100.0
46100.0
46100.0
46100.0
46100.0
46100.0
46100.0
