58.92400204708291
58.92400204708291
61.882716049382715
64.10165148063781
64.10165148063781
64.10165148063781
64.10165148063781
64.10165148063781
65.87048832271762
65.87048832271762
65.87048832271762
65.87048832271762
65.87048832271762
65.87048832271762
65.87048832271762
65.87048832271762
65.87048832271762
65.87048832271762
65.87048832271762
65.87048832271762
65.87048832271762
65.87048832271762
65.87048832271762
65.87048832271762
65.87048832271762
65.87048832271762
65.87048832271762
65.87048832271762
65.87048832271762
65.87048832271762
65.87048832271762
65.87048832271762
65.87048832271762
65.87048832271762
65.87048832271762
65.87048832271762
65.87048832271762
65.87048832271762
65.87048832271762
65.87048832271762
65.87048832271762
65.87048832271762
65.87048832271762
65.87048832271762
65.87048832271762
65.87048832271762
65.87048832271762
65.87048832271762
65.87048832271762
65.87048832271762
65.87048832271762
65.87048832271762
65.87048832271762
65.87048832271762
65.87048832271762
65.87048832271762
65.87048832271762
65.87048832271762
65.87048832271762
65.87048832271762
65.87048832271762
65.87048832271762
65.87048832271762
65.87048832271762
65.87048832271762
65.87048832271762
65.87048832271762
65.87048832271762
65.87048832271762
65.87048832271762
65.87048832271762
65.87048832271762
65.87048832271762
65.87048832271762
65.87048832271762
65.87048832271762
65.87048832271762
65.87048832271762
65.87048832271762
65.87048832271762
65.87048832271762
65.87048832271762
65.87048832271762
65.87048832271762
65.87048832271762
65.87048832271762
65.87048832271762
65.87048832271762
65.87048832271762
65.87048832271762
65.87048832271762
65.87048832271762
65.87048832271762
65.87048832271762
65.87048832271762
65.87048832271762
65.87048832271762
65.87048832271762
65.87048832271762
65.87048832271762
65.87048832271762
65.87048832271762
65.87048832271762
65.87048832271762
65.87048832271762
65.87048832271762
65.87048832271762
65.87048832271762
65.87048832271762
65.87048832271762
65.87048832271762
65.87048832271762
65.87048832271762
65.87048832271762
65.87048832271762
65.87048832271762
65.87048832271762
65.87048832271762
65.87048832271762
65.87048832271762
65.87048832271762
65.87048832271762
65.87048832271762
65.87048832271762
65.87048832271762
65.87048832271762
65.87048832271762
65.87048832271762
65.87048832271762
65.87048832271762
65.87048832271762
65.87048832271762
65.87048832271762
65.87048832271762
65.87048832271762
65.87048832271762
65.87048832271762
65.87048832271762
65.87048832271762
65.87048832271762
65.87048832271762
65.87048832271762
65.87048832271762
65.87048832271762
65.87048832271762
65.87048832271762
65.87048832271762
65.87048832271762
65.87048832271762
65.87048832271762
65.87048832271762
65.87048832271762
65.87048832271762
65.87048832271762
65.87048832271762
65.87048832271762
65.87048832271762
65.87048832271762
65.87048832271762
65.87048832271762
65.87048832271762
65.87048832271762
65.87048832271762
65.87048832271762
65.87048832271762
65.87048832271762
65.87048832271762
65.87048832271762
65.87048832271762
65.87048832271762
65.87048832271762
65.87048832271762
65.87048832271762
65.87048832271762
65.87048832271762
65.87048832271762
65.87048832271762
65.87048832271762
65.87048832271762
65.87048832271762
65.87048832271762
65.87048832271762
65.87048832271762
65.87048832271762
65.87048832271762
65.87048832271762
65.87048832271762
65.87048832271762
65.87048832271762
65.87048832271762
65.87048832271762
65.87048832271762
65.87048832271762
65.87048832271762
65.87048832271762
65.87048832271762
65.87048832271762
65.87048832271762
65.87048832271762
65.87048832271762
