34.71328471328471
35.84833397165836
38.53427895981088
39.22325102880659
40.81600504095778
41.79866244280183
38.83587786259542
38.83587786259542
38.83587786259542
38.83587786259542
38.68356212601197
40.0035198873636
41.772263287574795
41.772263287574795
49.398099260823656
49.398099260823656
49.398099260823656
43.06230200633579
43.06230200633579
49.99999999999999
49.99999999999999
49.99999999999999
49.48004836759371
45.83858042358328
46.78355501813785
46.78355501813785
46.78355501813785
46.78355501813785
46.78355501813785
46.78355501813785
46.78355501813785
46.78355501813785
54.30471584038694
54.30471584038694
52.17515741270749
54.21487603305785
54.21487603305785
54.30471584038694
54.30471584038694
54.30471584038694
50.78107810781078
50.78107810781078
47.23739495798319
47.23739495798319
45.69459172852598
45.69459172852598
45.69459172852598
45.69459172852598
50.037453183520604
43.75397667020148
43.75397667020148
43.75397667020148
43.75397667020148
43.75397667020148
43.75397667020148
43.75397667020148
43.75397667020148
52.6360338573156
52.6360338573156
52.85368802902055
44.82142857142857
47.23739495798319
49.99999999999999
46.78355501813785
46.78355501813785
46.78355501813785
46.78355501813785
46.78355501813785
46.78355501813785
46.78355501813785
46.78355501813785
46.78355501813785
46.78355501813785
51.57563025210084
45.73700954400848
44.94558645707376
44.94558645707376
44.94558645707376
49.85698569856986
49.85698569856986
49.85698569856986
49.85698569856986
49.85698569856986
49.85698569856986
49.85698569856986
45.69288389513108
47.70253929866989
47.70253929866989
43.38014981273408
43.75397667020148
45.97378277153558
45.97378277153558
45.97378277153558
47.23739495798319
45.69459172852598
45.69459172852598
45.69459172852598
49.83068240123141
49.83068240123141
46.70168067226891
46.70168067226891
46.70168067226891
46.70168067226891
46.70168067226891
46.70168067226891
46.70168067226891
46.70168067226891
54.30471584038694
43.75397667020148
43.75397667020148
43.75397667020148
43.75397667020148
43.75397667020148
43.11797752808989
43.11797752808989
43.097497842968075
43.097497842968075
43.097497842968075
43.097497842968075
52.091898428053206
52.091898428053206
52.091898428053206
47.89915966386555
47.89915966386555
43.75397667020148
43.75397667020148
43.75397667020148
43.75397667020148
43.75397667020148
43.75397667020148
43.75397667020148
43.75397667020148
43.75397667020148
43.75397667020148
43.75397667020148
43.75397667020148
43.75397667020148
43.75397667020148
43.75397667020148
43.75397667020148
43.75397667020148
43.75397667020148
43.75397667020148
47.23739495798319
47.23739495798319
47.23739495798319
47.23739495798319
47.23739495798319
47.23739495798319
47.23739495798319
54.30471584038694
51.57563025210084
51.57563025210084
51.57563025210084
51.57563025210084
47.35029146793853
43.245798319327726
43.245798319327726
43.245798319327726
43.245798319327726
43.245798319327726
43.245798319327726
43.75397667020148
43.75397667020148
43.75397667020148
47.23739495798319
50.42321644498186
50.42321644498186
50.42321644498186
50.42321644498186
50.42321644498186
44.78464419475655
44.78464419475655
44.78464419475655
44.78464419475655
44.78464419475655
44.78464419475655
44.78464419475655
44.78464419475655
44.78464419475655
51.57563025210084
51.57563025210084
51.57563025210084
51.57563025210084
49.317226890756295
49.317226890756295
49.317226890756295
49.317226890756295
49.317226890756295
49.317226890756295
51.292016806722685
51.292016806722685
51.292016806722685
51.292016806722685
51.292016806722685
51.292016806722685
51.292016806722685
51.292016806722685
51.292016806722685
52.6360338573156
