78360.0
88750.0
76370.0
58080.0
68640.0
46030.0
46030.0
46030.0
46030.0
46030.0
46880.0
44700.0
39980.0
49240.0
49240.0
49240.0
43920.0
43920.0
43920.0
45620.0
45620.0
45620.0
45620.0
45620.0
45620.0
45000.0
44400.0
44400.0
44400.0
44400.0
44400.0
44700.0
44700.0
44700.0
44700.0
44700.0
44700.0
44700.0
44700.0
44700.0
44700.0
44700.0
48160.0
44700.0
44700.0
45020.0
45020.0
60000.0
60000.0
60000.0
60000.0
60000.0
60000.0
49280.0
49280.0
49280.0
49280.0
49280.0
49280.0
49280.0
49280.0
49280.0
49280.0
54420.0
54420.0
45000.0
45000.0
45000.0
45000.0
45620.0
45620.0
45620.0
45620.0
60180.0
45620.0
45620.0
45000.0
45000.0
45000.0
45000.0
45620.0
45620.0
45620.0
45620.0
45620.0
45000.0
45000.0
45000.0
45000.0
45000.0
45000.0
45000.0
45000.0
45620.0
45000.0
45000.0
45000.0
45000.0
45000.0
45000.0
45000.0
45000.0
45620.0
45620.0
45000.0
45000.0
45000.0
45000.0
45000.0
45000.0
45000.0
45620.0
45620.0
45620.0
45000.0
45000.0
45000.0
45540.0
45540.0
45000.0
45000.0
45000.0
45620.0
45620.0
45620.0
45620.0
45620.0
45620.0
45620.0
45620.0
45620.0
45620.0
45620.0
45620.0
45620.0
45620.0
45620.0
45620.0
45620.0
45620.0
45620.0
45620.0
45620.0
45620.0
45620.0
45620.0
45620.0
45620.0
45620.0
45620.0
45620.0
45620.0
45620.0
46660.0
45000.0
45000.0
46380.0
46040.0
46040.0
46040.0
46040.0
46040.0
45620.0
45620.0
45620.0
45620.0
45620.0
45620.0
45000.0
45000.0
45000.0
45000.0
45000.0
45000.0
45000.0
45000.0
45000.0
45000.0
45000.0
45000.0
45000.0
45000.0
45000.0
45000.0
45000.0
45000.0
45000.0
45000.0
45000.0
45000.0
45000.0
45000.0
45000.0
45440.0
45000.0
45000.0
45000.0
45000.0
45000.0
53620.0
