57.3389651531151
61.08701734750979
63.254181600955796
63.27658303464756
63.27658303464756
63.27658303464756
63.27658303464756
63.27658303464756
63.27658303464756
63.27658303464756
63.85902031063321
63.85902031063321
67.34088457389429
67.34088457389429
67.34088457389429
67.34088457389429
67.34088457389429
67.34088457389429
67.34088457389429
67.58360302049621
67.58360302049621
67.58360302049621
67.58360302049621
67.58360302049621
67.58360302049621
67.58360302049621
67.59656652360515
67.59656652360515
67.59656652360515
67.59656652360515
67.59656652360515
67.59656652360515
67.59656652360515
67.59656652360515
67.59656652360515
67.59656652360515
67.59656652360515
67.59656652360515
67.59656652360515
67.59656652360515
67.59656652360515
67.59656652360515
67.59656652360515
67.59656652360515
67.59656652360515
67.59656652360515
67.59656652360515
67.59656652360515
67.59656652360515
67.59656652360515
67.59656652360515
67.59656652360515
67.59656652360515
68.39266450916936
68.39266450916936
68.39266450916936
68.39266450916936
68.39266450916936
68.39266450916936
68.39266450916936
68.39266450916936
68.39266450916936
68.39266450916936
68.39266450916936
68.39266450916936
68.6353829557713
68.6353829557713
68.6353829557713
68.6353829557713
68.6353829557713
68.6353829557713
68.6353829557713
68.6353829557713
68.6353829557713
68.6353829557713
68.6353829557713
68.6353829557713
68.6353829557713
68.6353829557713
68.6353829557713
68.6353829557713
68.6353829557713
68.6353829557713
68.6353829557713
68.6353829557713
68.6353829557713
68.6353829557713
68.6353829557713
68.6353829557713
68.6353829557713
68.6353829557713
68.6353829557713
68.6353829557713
68.6353829557713
68.6353829557713
68.6353829557713
68.6353829557713
68.6353829557713
68.6353829557713
68.6353829557713
68.6353829557713
68.6353829557713
68.6353829557713
68.6353829557713
68.6353829557713
68.6353829557713
68.6353829557713
68.6353829557713
68.6353829557713
68.6353829557713
68.6353829557713
68.6353829557713
68.6353829557713
68.6353829557713
68.6353829557713
68.6353829557713
68.6353829557713
68.6353829557713
68.6353829557713
68.6353829557713
68.6353829557713
68.6353829557713
68.6353829557713
68.6353829557713
68.6353829557713
68.6353829557713
68.6353829557713
68.6353829557713
68.6353829557713
68.6353829557713
68.6353829557713
68.6353829557713
68.6353829557713
68.6353829557713
68.6353829557713
68.6353829557713
68.6353829557713
68.6353829557713
68.6353829557713
68.6353829557713
68.6353829557713
68.6353829557713
68.6353829557713
68.6353829557713
68.6353829557713
68.6353829557713
68.6353829557713
68.6353829557713
68.6353829557713
68.6353829557713
68.6353829557713
68.6353829557713
68.6353829557713
68.6353829557713
68.6353829557713
68.6353829557713
68.6353829557713
68.6353829557713
68.6353829557713
68.6353829557713
68.6353829557713
68.6353829557713
68.6353829557713
68.6353829557713
68.6353829557713
68.6353829557713
68.6353829557713
68.6353829557713
68.6353829557713
68.6353829557713
68.6353829557713
68.6353829557713
68.6353829557713
68.6353829557713
68.6353829557713
68.6353829557713
68.6353829557713
68.6353829557713
68.6353829557713
68.6353829557713
68.6353829557713
68.6353829557713
68.6353829557713
68.6353829557713
68.6353829557713
68.6353829557713
68.6353829557713
68.6353829557713
68.6353829557713
68.6353829557713
68.6353829557713
68.6353829557713
68.6353829557713
68.6353829557713
68.6353829557713
68.6353829557713
68.6353829557713
68.6353829557713
68.6353829557713
68.6353829557713
