44.640385208840485
49.220799765704115
53.61004681482835
55.06316683422778
53.69340454841093
55.737966290231334
55.93508692279183
56.276950267047624
56.30479479516
56.36668456689836
57.160670871425545
56.45777805284381
58.66151172627228
58.647768679634346
59.1122151412959
59.383303393287825
59.54957883271215
59.45947199480418
59.51378776956616
59.76072237222192
59.719152933489944
59.6989485539525
59.67795666613639
59.985753359297796
59.90631313903228
60.158686773478806
60.18676284614082
60.41261796853582
60.41261796853582
60.765054888055246
60.80721870580801
60.99517806901463
61.12783863969864
61.1620397324835
59.97360125402369
60.632123575362954
61.065882422158715
61.01525158630025
60.79111848864486
60.63992112800858
60.55757195325476
60.93944931654405
60.983792498244995
60.829871741486315
60.36915763463033
60.6647837765063
60.22585706419524
60.35324688350425
60.24926054366912
59.90327024478633
60.17787462733581
60.3372224138667
60.34785622688064
60.538389009459735
60.21666611718047
60.43364711700452
60.5541265701098
60.89571065979514
60.703500969055646
60.829630693303805
60.72879432253194
60.60078352433531
60.65656299725444
60.61897951227993
60.61897951227993
60.897464813276954
61.14053399021637
60.879363850409305
61.004427784532496
61.15032003754962
61.07277713781467
61.02012501607713
61.0410539290108
61.02088589049983
60.873580036167006
60.989680415073614
60.79521675487006
60.69507887343857
60.858203270401646
60.88427253381447
60.90252816770603
60.90252816770603
60.95203616833117
60.97458395593483
61.36316477533754
61.18296809268903
61.06362079327203
60.821537689863014
60.74949786509742
60.686646508555455
60.74332439605128
60.703169734017074
60.703169734017074
61.199073944242144
61.21038707512089
61.003896202641634
60.98174780735426
61.05610058287398
61.068576570757905
61.01891235017297
61.01891235017297
61.183531908094544
61.01852085248947
61.121613929570096
60.972966136792444
60.958658219593886
60.91494199823577
61.00772338460891
60.79261614717754
60.90340156085875
61.043312712215055
61.09546181914945
61.041363374460374
60.82651434259885
60.845124185576864
61.136482874187536
61.017745817657
61.314634784058654
61.09469570423345
61.26598407734324
61.262828426368124
61.23646945485971
61.44193824919422
61.36336486852197
61.17284532779501
61.07107965473752
61.17775357927532
61.34732201674319
61.196441700317926
60.80058898838392
60.93718296456585
60.89030944976227
60.89426194910767
60.90557184570792
61.01023077133292
61.02908829540429
60.90517974806553
59.858754087904146
61.01154814084277
60.69736441572354
61.4101644477289
61.10455985092964
61.07254507364746
61.46550615603404
61.18070686298308
61.27477184361332
60.84249417775753
60.98896382596645
60.83379813736321
60.783236197504586
61.029497868530704
60.91832273974255
60.75835935356587
61.483846002409
61.47351281822478
60.58932502031727
61.11768462272133
61.025975761738515
61.167124754948084
61.00739435984256
61.10975953641756
60.976212447528845
60.64136086909513
60.91849793458565
61.24960353886806
61.36880093439028
61.16193411077831
61.1556062749577
61.164070484273864
61.141616929058
61.19994121827247
61.08493184260137
61.024770363276154
60.92658914727711
61.13957274212932
61.21929566553484
61.285495755608466
61.15468701989725
61.50842001404702
61.40127210959539
61.46385682969931
61.7365573786625
60.943943579041225
60.97559020658922
61.43552040129514
61.570651926897334
61.65206848475906
61.20554803315539
61.2504363357185
61.227610286314864
61.09268029935341
61.115146512866204
61.05596040519351
62.01227096258268
61.89275560593443
61.423918799003665
61.55121135606487
60.92240461063664
60.984974579832986
61.403169691260004
