298208.3333333333
297920.3333333333
239180.0
207035.5
248073.66666666666
250922.66666666666
275283.6666666667
269844.0
226043.0
209216.0
174580.33333333334
219298.33333333334
198787.33333333334
199412.33333333334
199412.33333333334
197710.66666666666
197402.66666666666
197424.0
177516.66666666666
170034.0
169853.33333333334
169783.33333333334
159025.66666666666
151396.5
180679.83333333334
184915.5
185301.16666666666
184073.33333333334
191421.0
187006.0
183738.33333333334
187079.33333333334
187079.33333333334
183549.0
166236.0
164435.0
164435.0
162933.0
202641.0
201604.0
201604.0
196940.0
196905.33333333334
201584.33333333334
