54.424267925686884
60.56237569345901
58.56538811427794
59.63813057988136
64.57004980455716
64.86782991735119
68.43533262066256
68.34111935976905
64.28786203905533
65.30681120496453
63.645426795289985
67.6772281472411
66.35861562778572
66.43655514671904
66.43655514671904
66.17929905403035
66.13224259525853
66.17780723709647
64.05250942497729
64.78090220870602
65.07335120374223
65.07335120374223
62.58353848978323
63.97514831284454
68.2191790142899
68.25628190348237
68.34384189829363
68.2295823852735
68.33714065050462
68.5219930280794
68.53040067405212
69.19995320210636
69.19995320210636
68.78682390138881
66.56498604739214
66.58657659354121
66.60414264188297
66.86551144778755
71.47625957071641
71.43382583263049
71.43382583263049
71.32028011136059
71.42663646771696
71.62194046736879
