52.3877284070856
54.403714251845834
62.3899800058957
57.85169541293342
58.73393414116169
68.01734920694663
58.8452008549402
68.97274285757507
66.26428502388914
63.58152082388435
64.19773776250612
62.329992092100724
68.59026067929668
62.090196908226446
68.22210309686717
62.076953079929076
68.85823326842085
62.12218161550821
67.91948815080491
62.31094223004914
69.28690822033536
60.64012327641437
67.53909852140353
60.07507001820839
67.67404590745826
62.904905935114606
71.66246317281579
64.01453389578177
71.41038153925156
63.72069305759958
72.14387073524448
63.70060022240845
71.89817171043494
64.39831833481553
71.03212135350142
61.406792786081496
69.14360860495358
62.28553771619916
70.58282409533687
69.53312772779364
66.00313713743874
72.98331886931369
66.34143330507437
72.91362670777566
