44.37427173153111
47.222440824392514
47.853571731209215
49.29980094529064
50.992729574708896
50.69728560188828
53.68007487096804
49.090445776100886
47.53709938895124
51.983179906807585
52.05090048840049
54.22381706389191
50.72506111159806
55.92475539007707
54.49259820001682
56.252184932704075
53.48894239343678
52.86421077730091
54.84578696343402
50.580890336590656
52.26596839053586
54.29013244434627
53.76564614343708
49.8034734917733
56.27100387763895
48.60481841064365
55.33834748967991
50.48518300598656
44.87732520846697
45.62097223327234
48.733529164918174
57.88215912788805
54.576450656501486
54.95951619352259
55.003559762124134
53.968887322775885
56.396325094386036
52.97119458930899
54.47940644524827
53.77272169869164
51.966434575702614
50.2234856098238
54.46298802185136
56.56742916371622
52.6518642647675
54.2436160510716
54.47894469812278
53.115928369462765
51.97969543147208
50.210021786492376
53.38726464187719
52.644685628008666
52.94296441981048
51.93905563689604
55.86057856898323
51.79404145077719
50.83654022356606
54.313419080819
48.99845064187693
53.69673704414588
48.303872399901344
56.026824034334766
52.13414634146341
56.604651162790695
52.33311856928093
51.32845081883837
46.868901898172794
53.05194805194806
52.86113699906802
49.66423485980488
52.953753414335495
49.53100810490848
52.17121588089329
53.33934675275352
49.39144785312234
48.56226178414628
45.84761224813581
47.1841310909875
52.911488473579354
48.8768636735154
49.63462523476182
53.35987552626763
49.7893499683573
47.837968993436014
47.08022872985619
51.470311832550195
49.99036847464158
49.13606137190586
49.466163386357515
50.043655159166704
47.79929660912512
46.4366174837379
49.735543346680316
47.697511274427924
51.83320796929545
55.023762929829466
49.93204352862838
53.62320267874729
47.93740635924755
50.27029537432658
51.593504639543184
49.97529282576866
51.49243011864748
50.7272399981999
49.90325581395349
52.30419953977646
49.301786896095294
54.12089005652417
52.806745493312654
47.24544390570138
56.604651162790695
50.309474083918744
49.36025170424752
52.174673292840055
51.40642591149216
51.40815583469871
51.16839697342952
52.95599803343166
47.37259065664815
49.57898429962284
51.54370564064251
46.72297007630971
51.075367647058826
51.52667934728201
50.449198810422125
44.45812491984096
50.0611438159429
50.6691783279512
46.977361886538574
47.07923655292076
56.44397290809328
55.60587002096435
52.21780447226687
52.09277876338787
48.99123040599315
49.554372387574794
52.761922643635
56.53403492176106
49.18285331547221
56.466562854207055
48.381728646629306
52.97831457589898
45.80200185045
52.318125070934066
55.32028469750891
55.32028469750891
55.32028469750891
55.32028469750891
53.88847514429343
53.72066934654576
48.9424942670665
46.8445475638051
53.710031497566106
53.710031497566106
53.710031497566106
51.87971928577774
51.60150645624104
53.710031497566106
53.710031497566106
48.972016939300836
48.97602779803216
50.57200848786788
53.710031497566106
51.58996571016062
52.16463121453986
53.27844209750468
52.034424379232505
50.82240961843533
50.624552612741596
47.08666086819008
47.46600530231763
48.68488346606269
45.30115335326783
49.48658257087687
50.4125312676511
52.87941692038011
48.665684064504944
52.20220854453295
49.99484624634942
52.20220854453295
49.69674973788209
50.49162748494597
48.26818289504857
52.20220854453295
48.37593984962406
49.678029289523906
49.711194563662374
50.014327130528585
43.594815314302835
50.56452267012734
52.20220854453295
51.26946311580023
51.79480101219232
48.06745826880055
50.20359485475765
53.96965074895381
50.857813054032675
49.26388181355069
51.05751072961374
52.392620888847475
50.463610037728266
49.400545964290984
51.06187516887328
54.79161361514302
51.335224901944414
51.300118192562955
45.90957665433621
48.33055925432757
51.97765976927303
53.029350963946484
54.24772705054257
52.5321118247072
52.67775491540923
52.902024879687644
54.24772705054257
48.488864312409426
49.48450714766859
51.20943182806926
45.808104698833176
54.24772705054257
50.264730999146025
53.06824545963676
50.221524829241275
49.86847597138504
54.24772705054257
54.24772705054257
50.6553811235105
52.170964575711615
49.95316942632547
50.800923459421064
52.0839083632349
49.517489964774306
53.66570621962222
54.24772705054257
45.85770571298682
50.0436871996505
51.91651501364878
50.96581913011083
44.526930974569574
49.551689784657825
53.80163785259326
50.78793689531945
48.040305191574056
52.23141906305999
52.23141906305999
47.11435955419157
46.2800929769218
52.23141906305999
52.23141906305999
52.23141906305999
49.80769230769231
52.23141906305999
50.16938630720114
46.425502663687915
49.35199173093742
52.23141906305999
48.874613148269724
51.85635042081102
51.774220867208676
51.242923314462175
51.341899804814574
47.53007422574865
50.64164759725401
47.39275268118297
48.015707243712924
51.13480849551231
48.83120466729739
52.23141906305999
45.06118018551411
50.90593607305936
49.687334393216744
50.410269984118585
46.61223113423417
50.34962440879161
51.29085535465924
50.741760763793266
52.23141906305999
48.60361563807997
52.23141906305999
50.271994956272074
49.61886655803006
52.756717633221754
48.36808051761324
51.93315421406658
51.17983963344788
53.93558745749905
52.01329809201289
53.13210505684045
47.47810990338164
53.06257844719382
47.479497907949785
50.21252405107574
49.22088825455461
50.300652515073914
53.64267617528385
53.64267617528385
53.10517845309098
51.4855173698426
49.16250547525186
53.10517845309098
53.10517845309098
51.043930952598416
52.91002277904328
49.95748068537515
51.65002674273488
45.14311471715123
49.51134380453752
52.34712396036529
55.95114345114346
54.18306943107923
52.060053211706574
50.77168706758914
51.73109560626061
49.59996617050067
50.424784828186816
57.708021390374334
48.999258710155665
52.03977709454266
51.210846608197606
55.141259280686526
52.62366404993852
49.214065934065935
53.48834881486227
50.65855342654929
54.29756145720209
49.696251426564835
52.18616970958281
53.859729754573024
48.207827694285946
53.171502441827066
48.735160987274746
53.90924625023733
51.6253005433445
52.090385622055486
47.917488216626296
51.78162946085478
50.39694131798264
50.117798796216675
51.833333333333336
48.25570622420618
52.24040159895882
49.68055177420818
48.86025307033867
50.85223089383007
50.657737822218145
50.28650391524643
51.61168795368924
51.5526134638415
52.87901559271088
48.389128559102666
45.298426281818834
53.4812413154238
56.43278750952018
48.4930224642614
51.39664804469273
55.137780311668564
52.20204409156179
52.19305971463801
51.06860632183908
49.42645539097485
48.213373763166295
53.53905953735305
51.54249821102012
48.106953698957795
53.065417192286894
48.67771572689606
51.02061092144006
49.13109634019381
44.45814706335749
53.9098514597917
53.168849629403994
48.671287296086554
50.49011569645622
51.56310156310156
51.408383734641866
53.992120949611206
43.99407592173981
56.40296955281664
55.75645387232339
49.4885186852769
56.56980288559237
52.18408736349453
51.55759964958388
54.43066540577717
49.84229074889868
49.33732784832766
51.558640497845865
49.84809451896598
49.6654524787517
52.85225225225226
45.461557779930395
52.91126436781609
49.83764446890479
51.817221341785526
51.38783269961978
50.64595401088293
48.458976157082745
51.98516776702543
51.670524053562566
48.892807424593975
53.023475063637214
