284994.5272727273
271942.225
249259.6875
238090.625
214580.2875
240554.0125
242203.3125
212829.4
182446.9125
178541.6125
172579.2
176253.625
171228.025
176286.175
174577.1625
168379.0875
160650.675
156234.2875
167782.325
173809.55
168272.5625
165328.125
165554.5875
166684.5875
158919.3625
149388.2875
149519.3
154465.325
153509.225
156507.85
160996.475
164046.275
165422.075
154209.7
151411.15
160367.125
168251.2125
160191.2875
149344.0
147656.9625
149736.875
156377.5375
154032.0625
143503.975
155537.2
152043.75
147590.65
145784.45
142402.1
128836.275
135059.1375
135234.325
122710.125
123387.25
128122.725
130860.3625
132656.775
131768.625
142002.3125
129146.8
126590.95
126106.95
139724.25
133908.075
121540.925
123274.525
129196.675
139345.575
132479.6875
144507.7125
133066.1
115647.9625
118063.275
138433.9
145437.125
143545.3875
124411.575
129989.8
138468.3
123529.925
133210.6875
132412.3875
125908.525
140284.175
127910.325
120657.1
118191.2875
129765.75
127161.3625
124369.25
117531.9375
111794.9125
131482.5875
117274.2
123089.9125
129649.9625
119975.9125
116387.025
119824.25
119881.5
125994.2875
127525.975
139738.8875
143533.25
149354.8875
132720.4125
142150.85
136133.925
133317.9125
133916.775
141529.2
144431.5125
128435.9625
122220.3
129772.1875
127024.4125
119938.4
122919.5
127437.0875
124402.1125
132998.3
132734.5625
123961.3625
129499.7875
135538.525
142396.925
143016.3
128703.3125
131317.075
128947.0625
126739.85
130463.025
125076.5
132138.7125
133187.0125
124243.6625
127975.55
130117.9
121171.75
125135.0875
134986.9625
123798.1875
107113.3125
113011.7
130318.6375
124619.5625
109922.7875
118906.2375
117026.1125
126272.85
106169.1625
120428.7375
117526.7375
120307.1
118402.0875
117142.25
116033.8875
129751.6
125121.675
117165.6125
101459.6125
109614.0375
114166.9125
118175.1
117409.725
119202.275
108964.95
113307.5
114275.5875
110465.825
120011.8
115174.5
114683.3125
116857.0
107904.2
115937.4125
106537.25
102280.0625
105631.65
95610.2875
103174.175
107173.475
116670.075
116663.5
119750.1
119786.35
120608.05
117583.15
111118.65
117099.275
117354.8
119639.675
118783.1
119041.725
121211.2375
124029.5875
119707.6125
107027.25
122428.9
122937.6
123847.5625
130457.675
117072.275
121912.0
109747.8875
110185.2
121164.775
115361.15
117458.475
125839.775
112976.2125
118130.425
130492.1125
119405.95
105750.875
107414.475
117796.3625
114275.3
111958.4
110547.9875
117341.225
123330.9
118690.9625
128657.4625
127094.375
122824.65
116053.0125
121698.55
125599.825
123069.4
116172.7375
116831.7
119451.975
114004.9
121385.475
139180.975
125774.7
121819.625
119599.275
107686.325
116306.8
115188.65
113380.225
125930.35
113301.0
113199.6
109862.825
116948.875
111380.875
110907.125
115725.2
118020.275
130048.25
128456.475
116381.6125
117363.875
115773.5
123089.325
125955.0375
122917.6875
127280.45
138556.7125
125488.075
119271.825
115143.075
109975.6875
122382.525
128215.525
130195.3375
117571.05
112282.5875
117013.55
126880.6375
123617.45
119310.9
112293.625
119255.25
120353.425
129754.1
120417.5625
128763.4
115927.1375
112873.175
121510.525
115273.975
123750.575
132428.7
131908.375
118709.975
115911.425
113511.1875
105254.9375
113393.9
111277.45
113600.8125
110685.1875
112743.025
109586.6375
91359.5875
113205.9125
119947.7
118158.95
117432.125
110573.7
122180.5375
114655.15
117931.45
110642.25
113063.05
120371.025
118370.4375
114637.9875
106255.25
116420.45
113681.625
121549.375
100432.5125
106089.0375
109029.3375
105451.175
111919.8875
115637.2625
109172.9875
113742.9
114240.9375
114725.8
115518.2375
113587.9875
120575.65
120470.8625
108968.525
119034.5125
112422.325
130838.8
119955.425
121304.125
116692.225
111443.075
97696.65
101184.225
115829.525
109704.1125
97243.3125
117172.475
103908.925
104034.0
104553.4
106610.6875
112153.8125
110502.375
100659.8125
103527.1375
114433.5625
107838.5625
99728.375
111406.8125
119682.4375
118043.2375
120139.95
111212.75
117199.2625
118978.325
119679.0375
107426.9125
105454.85
124498.225
110269.275
112318.5875
126982.475
127839.35
117424.7875
115877.8
107736.85
113408.275
106292.925
116665.6
111597.425
108873.075
110269.7375
101319.55
101563.3375
109219.725
106212.0
100690.225
107113.9
93300.375
97948.3875
108364.15
103497.0875
106850.0
111321.525
118264.225
116836.025
111463.975
106853.7
108756.675
107391.725
103220.9375
108680.7875
107756.3125
102701.3125
