470404.0
455798.0
459292.0
459292.0
398792.0
379662.0
387480.0
387480.0
312676.0
277196.0
264136.0
393064.0
346234.0
374384.0
354432.0
378746.0
281632.0
362090.0
362090.0
310379.0
310379.0
265528.0
404376.0
404376.0
294204.0
254836.0
262200.0
291930.0
272478.0
265076.0
305716.0
305716.0
368158.0
239474.0
336268.0
336268.0
359752.0
359752.0
253750.0
336518.0
336518.0
304822.0
270400.0
227304.0
281094.0
337986.0
359190.0
359190.0
327978.0
302482.0
302482.0
304780.0
304780.0
454124.0
288622.0
288622.0
353286.0
353286.0
271834.0
289458.0
289458.0
275018.0
397822.0
397822.0
236916.0
249914.0
280012.0
262354.0
280724.0
336892.0
291078.0
264904.0
259558.0
387314.0
387314.0
308258.0
259126.0
305836.0
355774.0
355774.0
270756.0
298254.0
261212.0
404574.0
313246.0
295924.0
272074.0
313812.0
303868.0
232484.0
217220.0
223638.0
295566.0
218204.0
305172.0
275426.0
240528.0
217062.0
253422.0
406978.0
406978.0
349180.0
285570.0
367290.0
367290.0
288306.0
277616.0
274946.0
256924.0
275900.0
275900.0
340868.0
340868.0
273002.0
273002.0
261098.0
261098.0
294092.0
310444.0
297300.0
289826.0
289826.0
351410.0
320006.0
328496.0
331624.0
327534.0
250926.0
260642.0
285792.0
285792.0
254696.0
300630.0
300630.0
294942.0
294062.0
363362.0
308570.0
267926.0
399568.0
295974.0
280008.0
216214.0
231981.0
325884.0
347992.0
249478.0
234686.0
271698.0
383669.0
254192.0
252556.0
297660.0
285924.0
237578.0
288062.0
276834.0
326366.0
306396.0
277894.0
229836.0
216096.0
373554.0
373554.0
286738.0
335164.0
245458.0
282032.0
269780.0
338610.0
304608.0
257514.0
316350.0
322794.0
239676.0
268532.0
263852.0
281152.0
275274.0
233708.0
291156.0
254850.0
285724.0
293708.0
297178.0
242732.0
290286.0
400392.0
265708.0
295964.0
263668.0
267948.0
246114.0
251706.0
301310.0
323852.0
330726.0
194688.0
247784.0
413092.0
256056.0
359368.0
260306.0
339114.0
287004.0
281048.0
266684.0
248814.0
354276.0
289730.0
233494.0
336776.0
360838.0
330434.0
241678.0
200706.0
363534.0
363534.0
248348.0
211988.0
304302.0
275734.0
301198.0
332814.0
332814.0
283628.0
283628.0
351276.0
351276.0
288476.0
351776.0
303044.0
288926.0
288926.0
273078.0
416950.0
416950.0
262548.0
256238.0
205864.0
315812.0
313502.0
301840.0
296268.0
259178.0
243948.0
300432.0
295808.0
236750.0
218922.0
295010.0
303432.0
305194.0
330674.0
316256.0
322554.0
233356.0
290364.0
277558.0
262068.0
276094.0
289648.0
289648.0
270872.0
251066.0
251066.0
247266.0
241430.0
267330.0
369604.0
233336.0
233336.0
283064.0
283064.0
309188.0
282230.0
282230.0
360708.0
287724.0
305584.0
355790.0
275538.0
213082.0
250122.0
259512.0
329484.0
329484.0
294118.0
294118.0
246562.0
234931.0
232020.0
374246.0
262058.0
352104.0
281522.0
275974.0
275734.0
330862.0
365508.0
379920.0
282940.0
267956.0
229184.0
382168.0
314796.0
282956.0
236462.0
259640.0
284406.0
308350.0
284052.0
271608.0
266288.0
295522.0
359274.0
232532.0
199270.0
325978.0
271936.0
271936.0
329750.0
317850.0
240623.0
340448.0
340448.0
307148.0
290422.0
290422.0
317948.0
335232.0
335232.0
283964.0
450122.0
347754.0
283348.0
283348.0
285618.0
235918.0
289738.0
254340.0
298476.0
298476.0
381950.0
281550.0
296544.0
286666.0
303588.0
268675.0
267998.0
208874.0
312362.0
293151.0
293151.0
301048.0
284028.0
276236.0
311488.0
311488.0
238092.0
391076.0
311698.0
356776.0
356776.0
314746.0
272262.0
324180.0
301694.0
330428.0
330428.0
271892.0
326004.0
260332.0
330896.0
330896.0
282098.0
272704.0
264186.0
300200.0
284430.0
243764.0
278608.0
263212.0
253230.0
326560.0
238988.0
237948.0
295014.0
216219.0
320226.0
367954.0
367954.0
300948.0
243796.0
322208.0
267966.0
267966.0
289286.0
263396.0
281704.0
235602.0
