70.8630595365869
70.8630595365869
71.49003048006097
71.49003048006097
71.49003048006097
74.25823787300241
74.25823787300241
74.25823787300241
74.25823787300241
74.25823787300241
74.25823787300241
74.25823787300241
74.77344980241851
74.77344980241851
75.14598759857925
75.14598759857925
75.14598759857925
75.14598759857925
75.14598759857925
75.14598759857925
75.14598759857925
75.14598759857925
75.14598759857925
75.14598759857925
75.14598759857925
75.14598759857925
75.14598759857925
76.11217169964132
76.11217169964132
76.11217169964132
76.11217169964132
76.11217169964132
76.11217169964132
76.11217169964132
76.11217169964132
76.11217169964132
76.11217169964132
76.11217169964132
76.11217169964132
76.11217169964132
76.11217169964132
76.15276927115234
76.20785245530664
76.20785245530664
76.20785245530664
76.20785245530664
76.20785245530664
76.20785245530664
76.20785245530664
76.20785245530664
76.20785245530664
76.20785245530664
76.20785245530664
76.20785245530664
76.20785245530664
76.20785245530664
76.20785245530664
76.20785245530664
76.20785245530664
76.20785245530664
76.20785245530664
76.8467921473386
76.8467921473386
76.8467921473386
76.8467921473386
76.8467921473386
76.8467921473386
76.8467921473386
76.8467921473386
76.8467921473386
76.8467921473386
76.8467921473386
76.8467921473386
76.8467921473386
76.8467921473386
76.8467921473386
76.8467921473386
76.8467921473386
76.8467921473386
76.8467921473386
76.8467921473386
76.8467921473386
77.43293636472994
77.43293636472994
77.43293636472994
77.43293636472994
77.43293636472994
77.43293636472994
77.43293636472994
77.43293636472994
77.43293636472994
77.43293636472994
77.43293636472994
77.43293636472994
77.43293636472994
77.43293636472994
77.43293636472994
77.43293636472994
77.43293636472994
77.43293636472994
77.43293636472994
77.43293636472994
77.43293636472994
77.43293636472994
77.43293636472994
77.43293636472994
77.43293636472994
77.43293636472994
77.43293636472994
77.43293636472994
77.43293636472994
77.43293636472994
77.43293636472994
77.43293636472994
77.43293636472994
77.43293636472994
77.43293636472994
77.43293636472994
77.43293636472994
77.43293636472994
77.43293636472994
77.43293636472994
77.43293636472994
77.43293636472994
77.43293636472994
77.43293636472994
77.73843867470933
77.73843867470933
77.73843867470933
77.73843867470933
77.73843867470933
77.73843867470933
77.73843867470933
77.73843867470933
77.73843867470933
77.73843867470933
77.73843867470933
77.73843867470933
77.73843867470933
77.73843867470933
77.73843867470933
77.73843867470933
77.73843867470933
77.73843867470933
77.73843867470933
77.73843867470933
77.73843867470933
77.73843867470933
77.73843867470933
77.73843867470933
77.73843867470933
77.73843867470933
77.73843867470933
77.73843867470933
77.73843867470933
77.73843867470933
77.73843867470933
77.73843867470933
77.73843867470933
77.81420287321153
77.81420287321153
77.81420287321153
77.81420287321153
77.81420287321153
77.81420287321153
77.81420287321153
77.81420287321153
77.81420287321153
77.81420287321153
77.81420287321153
77.81420287321153
77.81420287321153
77.81420287321153
77.81420287321153
77.81420287321153
77.81420287321153
77.81420287321153
77.81420287321153
77.81420287321153
77.81420287321153
77.81420287321153
77.81420287321153
77.81420287321153
77.81420287321153
77.81420287321153
78.6836200448766
78.6836200448766
78.6836200448766
78.6836200448766
78.6836200448766
78.94472064393939
78.94472064393939
78.94472064393939
78.94472064393939
78.94472064393939
78.94472064393939
78.94472064393939
78.94472064393939
78.94472064393939
78.94472064393939
78.94472064393939
78.94472064393939
78.94472064393939
78.94472064393939
78.94472064393939
78.94472064393939
78.94472064393939
78.94472064393939
78.94472064393939
78.94472064393939
78.94472064393939
78.94472064393939
78.94472064393939
78.94472064393939
78.94472064393939
78.94472064393939
78.94472064393939
78.94472064393939
78.94472064393939
78.94472064393939
78.94472064393939
78.94472064393939
78.94472064393939
78.94472064393939
78.94472064393939
78.94472064393939
78.94472064393939
78.94472064393939
78.94472064393939
78.94472064393939
78.94472064393939
78.94472064393939
78.94472064393939
78.94472064393939
78.94472064393939
78.94472064393939
78.94472064393939
78.94472064393939
78.94472064393939
78.94472064393939
78.94472064393939
78.94472064393939
78.94472064393939
78.94472064393939
78.94472064393939
78.94472064393939
78.94472064393939
78.94472064393939
78.94472064393939
78.94472064393939
78.94472064393939
78.94472064393939
78.94472064393939
78.94472064393939
78.94472064393939
78.94472064393939
78.94472064393939
78.94472064393939
78.94472064393939
78.94472064393939
78.94472064393939
78.94472064393939
78.94472064393939
78.94472064393939
78.94472064393939
78.94472064393939
78.94472064393939
78.94472064393939
78.94472064393939
78.94472064393939
78.94472064393939
78.94472064393939
78.94472064393939
78.94472064393939
78.94472064393939
78.94472064393939
78.94472064393939
78.94472064393939
78.94472064393939
78.94472064393939
78.94472064393939
78.94472064393939
78.94472064393939
78.94472064393939
78.94472064393939
78.94472064393939
78.94472064393939
78.94472064393939
78.94472064393939
78.94472064393939
78.94472064393939
78.94472064393939
78.94472064393939
78.94472064393939
78.94472064393939
78.94472064393939
78.94472064393939
78.94472064393939
78.94472064393939
78.94472064393939
78.94472064393939
78.94472064393939
78.94472064393939
78.94472064393939
78.94472064393939
78.94472064393939
78.94472064393939
78.94472064393939
78.94472064393939
78.94472064393939
78.94472064393939
78.94472064393939
78.94472064393939
78.94472064393939
78.94472064393939
78.94472064393939
78.94472064393939
78.94472064393939
78.94472064393939
78.94472064393939
78.94472064393939
78.94472064393939
78.94472064393939
78.94472064393939
78.94472064393939
78.94472064393939
78.94472064393939
78.94472064393939
78.94472064393939
78.94472064393939
78.94472064393939
78.94472064393939
78.94472064393939
78.94472064393939
78.94472064393939
78.94472064393939
78.94472064393939
78.94472064393939
78.94472064393939
78.94472064393939
78.94472064393939
78.94472064393939
78.94472064393939
78.94472064393939
78.94472064393939
78.94472064393939
78.94472064393939
78.94472064393939
78.94472064393939
78.94472064393939
78.94472064393939
78.94472064393939
78.94472064393939
78.94472064393939
78.94472064393939
78.94472064393939
78.94472064393939
78.94472064393939
78.94472064393939
78.94472064393939
78.94472064393939
78.94472064393939
78.94472064393939
78.94472064393939
78.94472064393939
78.94472064393939
78.94472064393939
78.94472064393939
78.94472064393939
78.94472064393939
78.94472064393939
78.94472064393939
78.94472064393939
78.94472064393939
78.94472064393939
78.94472064393939
78.94472064393939
78.94472064393939
78.94472064393939
78.94472064393939
78.94472064393939
78.94472064393939
78.94472064393939
78.94472064393939
78.94472064393939
78.94472064393939
78.94472064393939
78.94472064393939
78.94472064393939
78.94472064393939
78.94472064393939
78.94472064393939
79.00576806314511
79.00576806314511
79.00576806314511
79.00576806314511
79.00576806314511
79.00576806314511
79.00576806314511
79.00576806314511
79.00576806314511
