27.50953743443014
27.50953743443014
35.58954831932773
37.0317320405465
37.0317320405465
37.0317320405465
37.10112911143839
40.93028964162985
40.93028964162985
41.78046218487395
41.78046218487395
41.78046218487395
41.78046218487395
41.78046218487395
41.78046218487395
41.78046218487395
41.98179271708684
41.98179271708684
42.66456582633054
42.66456582633054
42.66456582633054
42.66456582633054
43.02431610942249
43.11017478152309
43.11017478152309
43.11017478152309
43.11017478152309
43.11017478152309
43.11017478152309
43.11017478152309
43.11017478152309
43.11017478152309
43.11974789915967
43.11974789915967
43.57620556142203
43.57620556142203
43.57620556142203
43.728905824714204
43.728905824714204
43.3192289609779
43.728905824714204
43.728905824714204
43.728905824714204
43.728905824714204
43.728905824714204
43.728905824714204
43.728905824714204
43.728905824714204
44.779913205207684
45.13949163050217
43.05210918114144
43.05210918114144
43.05210918114144
43.05210918114144
43.05210918114144
43.90818858560794
43.90818858560794
43.90818858560794
43.90818858560794
43.90818858560794
48.781838316722045
48.781838316722045
48.13857290589452
48.482834994462905
48.482834994462905
48.482834994462905
48.781838316722045
48.781838316722045
43.97045244690674
43.97045244690674
48.781838316722045
48.781838316722045
48.781838316722045
50.801781737193764
50.5570433851098
48.06434872859367
50.801781737193764
50.801781737193764
50.801781737193764
50.801781737193764
50.801781737193764
50.801781737193764
50.801781737193764
50.801781737193764
50.801781737193764
50.801781737193764
50.801781737193764
50.801781737193764
50.801781737193764
50.801781737193764
50.801781737193764
50.801781737193764
50.801781737193764
50.801781737193764
50.67817509247842
50.801781737193764
50.801781737193764
50.801781737193764
50.801781737193764
50.801781737193764
50.801781737193764
50.801781737193764
50.801781737193764
50.801781737193764
50.801781737193764
50.801781737193764
50.801781737193764
50.801781737193764
51.84863523573201
51.84863523573201
51.84863523573201
51.84863523573201
51.84863523573201
51.84863523573201
51.84863523573201
51.84863523573201
51.84863523573201
51.84863523573201
50.92478421701603
50.92478421701603
50.92478421701603
51.84863523573201
51.84863523573201
51.84863523573201
51.84863523573201
51.84863523573201
51.84863523573201
51.84863523573201
51.84863523573201
51.84863523573201
51.84863523573201
51.84863523573201
51.84863523573201
51.84863523573201
51.84863523573201
51.84863523573201
51.84863523573201
51.84863523573201
51.84863523573201
51.84863523573201
51.92355117139334
51.92355117139334
51.92355117139334
51.92355117139334
51.92355117139334
51.92355117139334
51.92355117139334
51.92355117139334
51.92355117139334
51.92355117139334
51.71650055370985
51.92355117139334
51.92355117139334
51.92355117139334
51.92355117139334
51.92355117139334
51.92355117139334
51.92355117139334
51.92355117139334
51.92355117139334
51.92355117139334
51.92355117139334
51.92355117139334
51.92355117139334
51.92355117139334
51.92355117139334
51.92355117139334
51.92355117139334
51.92355117139334
51.92355117139334
51.92355117139334
51.92355117139334
51.92355117139334
51.92355117139334
51.92355117139334
51.92355117139334
51.92355117139334
51.92355117139334
51.92355117139334
51.92355117139334
51.92355117139334
51.92355117139334
51.92355117139334
51.92355117139334
51.92355117139334
51.92355117139334
51.92355117139334
51.92355117139334
51.92355117139334
51.92355117139334
51.92355117139334
51.92355117139334
51.92355117139334
51.92355117139334
51.92355117139334
51.92355117139334
51.92355117139334
51.92355117139334
51.92355117139334
51.92355117139334
