41.815190341157425
45.11468189051427
49.620676796662025
50.556431240277924
52.60771562951074
53.701863107482026
54.46487034171618
55.390138613690624
54.94773431714039
54.927382906306754
54.91993723840918
54.60802084667533
55.29469831580892
54.88801292623557
55.02626193014979
56.376491791949
56.72889433969427
56.07148368963313
55.8337584587965
56.091740823620434
56.06250783129771
56.47647215978826
56.6998758282362
56.70555031364812
56.897803259003595
57.26529098027949
57.17717606361706
56.21147729963648
56.39731092541157
56.732652093086834
56.37859774132934
56.83583062215214
57.154123054417674
57.15714417619624
56.41429942103774
56.051057465287066
56.08242995752916
56.52479582990645
56.52159276251946
56.241381602120484
56.47250944593286
56.31595471435706
56.50146409614376
56.36746040324808
56.30088070060056
56.36658240817794
56.344104974343395
56.58205120211723
56.72543183356695
57.810952979241605
57.70131965457914
58.00806936304573
58.162432675190175
58.3034895308506
58.338059899711126
58.55000722255937
59.17753305699407
59.42205655625479
59.18083361310015
59.394038132116464
59.43251606297564
59.34082816893325
59.20425248387507
59.29397152719997
59.22608859158801
59.29136518371557
59.52149358135794
59.5228347830747
59.53555299152471
59.61979032819575
60.01298616108492
60.02378164002321
60.2386115975743
60.61571231845447
60.53599990788454
60.42326851162314
60.568097024447376
60.514188705883704
60.75603808524134
60.973189353197526
61.06834311827173
61.06967716309564
61.069677163095626
61.06302258627083
61.19005136966583
61.25112203126442
61.281814638745075
61.18636273224278
61.17235526159177
61.17235526159177
61.12845202699922
61.116509293371166
61.20252185457006
61.31051454163132
61.035846995136104
61.308839629527085
61.2992357999366
61.262290387173
61.18776130221003
61.163589968291
61.18009990460011
61.44157543294367
61.42664915733773
61.711080373259975
61.76328762037078
61.8675452144782
61.897024287276665
61.9190741629961
61.993915091599646
62.1496458223359
62.25472343870433
62.48972139844686
62.482760476318234
62.482760476318234
62.5216981519667
62.56049117726743
62.676503920320634
62.67646723572939
62.383055494577626
62.20549694800978
62.26163193527424
62.25916244563359
62.226626886052244
62.26152657335617
62.19563171847223
62.04810758765926
61.94588511673926
62.01859047973653
62.008794784795406
62.013811273441334
62.02123603584893
61.938750325614365
62.04912303380513
62.005099787376594
62.11510145614003
62.33488378269358
62.34704840025695
62.31482391200094
62.405042459248214
62.320607949023575
62.349111480439625
62.337553092346255
62.36029295698646
62.36293685872613
62.4455142265846
62.44046039671052
62.395234400576705
62.417974265216934
62.417974265216934
62.44492240306424
62.158762920771004
62.418760930044776
62.43605813818423
62.31306612497925
62.40414197309367
62.32393553776874
62.28573036759137
62.22497742495413
62.270848145719114
62.346312715977014
62.346312715977014
62.269902375622294
62.269902375622294
62.269902375622294
62.269902375622294
62.27740388882064
62.24978184488666
62.24978184488666
62.169575409561716
62.26596307466012
62.34379857745154
62.35589647859659
62.35589647859659
62.35749060552048
62.35749060552048
62.40066812859701
62.40066812859701
62.46043690548565
62.46043690548565
62.20912532404306
62.20912532404306
62.26328466390555
62.26328466390555
62.273926627400726
62.36738468896688
62.29697394858307
62.2761095164081
62.2761095164081
62.2761095164081
62.2761095164081
62.258042790505314
62.218097646631875
62.228739610127036
62.228739610127036
62.35727312320652
62.29628283036506
62.306069972546446
62.122174191698164
62.122174191698164
62.09416865291306
