250313.6857142857
237253.0
224204.37142857144
210793.11428571428
219267.0285714286
217934.5
194662.3
180568.2142857143
173010.35714285713
159531.82857142857
155846.8142857143
162113.12857142856
159194.0285714286
157744.7142857143
157128.3142857143
154012.77142857143
141482.34285714285
143519.11428571428
137577.37142857144
124366.2
124909.82857142857
123547.67142857143
124459.25714285714
126659.11428571428
126222.47142857143
130208.27142857143
132704.98571428572
137721.7
128432.27142857143
129982.15714285715
133955.3
131893.3
133817.37142857144
132197.6857142857
129539.17142857143
133667.5285714286
143587.14285714287
127902.71428571429
129710.17142857143
135489.4
135783.0285714286
143083.14285714287
157104.82857142857
172324.0
170474.4
164539.88571428572
158668.34285714285
163687.14285714287
159167.4
150998.82857142857
155486.57142857142
136525.34285714285
139444.34285714285
131059.5142857143
131434.82857142857
124058.6
127559.74285714286
116909.37142857142
117714.34285714285
120695.57142857143
123912.6
128282.77142857143
128558.45714285714
122491.0
118601.05714285714
115984.74285714286
114031.05714285714
122225.37142857142
116039.82857142857
119855.88571428572
117717.45714285714
121469.71428571429
123413.88571428572
118224.6
102551.4
99489.97142857143
87652.97142857143
88709.91428571429
89827.81428571428
87282.87142857142
85032.14285714286
83876.71428571429
84428.35714285714
88085.55714285714
87789.92857142857
84542.32857142857
84446.52857142857
83982.64285714286
83643.58571428571
84853.87142857142
83881.57142857143
81407.97142857143
81921.5142857143
82223.28571428571
81684.05714285714
79321.28571428571
79313.22857142857
75953.37142857142
77131.67142857143
77037.31428571428
76274.74285714286
78486.71428571429
76941.05714285714
75009.37142857142
74758.54285714286
75496.31428571428
70137.62857142858
69008.0
68869.25714285714
66018.88571428572
65451.828571428574
63292.114285714284
63257.514285714286
63927.28571428572
67654.08571428571
63122.08571428571
63571.45714285714
63757.54285714286
67222.11428571428
69220.88571428572
69277.68571428572
69661.57142857143
69487.17142857143
70112.85714285714
71221.62857142858
72838.65714285715
73405.6
73280.68571428572
74217.05714285714
74200.6
75750.0
76966.65714285715
75993.14285714286
77593.97142857143
78452.8
76943.58571428571
77303.5
77248.71428571429
76748.65714285715
77351.08571428571
77083.82857142857
76990.25714285714
76797.94285714286
76410.42857142857
75422.8
75015.77142857143
73608.34285714285
72431.02857142857
74373.08571428571
75645.6
76030.25714285714
77012.4
77125.88571428572
76760.37142857142
76790.14285714286
78731.77142857143
78983.0
79141.6
81586.14285714286
83066.64285714286
82750.38571428572
82563.78571428571
82188.27142857143
83214.55714285714
82376.67142857143
82397.9857142857
82976.64285714286
82151.61428571428
80523.75714285714
77130.47142857143
77198.07142857143
75181.84285714285
75170.72857142857
75091.72857142857
73002.64285714286
72035.07142857143
69317.27142857143
69760.52857142857
68236.64285714286
68777.12857142858
67444.64285714286
65028.614285714284
65550.5
66914.15714285715
69298.18571428572
69375.9857142857
69953.44285714286
72077.5
72984.3
73093.1
74795.38571428572
74990.52857142857
73880.78571428571
73963.75714285714
74776.64285714286
74012.67142857143
73799.85714285714
73860.05714285714
73776.82857142857
73152.65714285715
73632.02857142857
75777.62857142858
75695.17142857143
76214.22857142857
74969.42857142857
75944.17142857143
76263.2
72140.02857142857
72235.08571428571
70312.08571428571
72181.45714285714
73596.71428571429
70750.4
73753.54285714286
73628.6
74309.54285714286
74146.11428571428
74305.74285714286
72251.57142857143
71437.5142857143
69326.97142857143
67687.74285714286
67075.02857142857
66411.5142857143
66338.0
65876.4857142857
65817.28571428571
65787.77142857143
66227.88571428572
66919.31428571428
67562.65714285715
68472.74285714286
69632.65714285715
69896.42857142857
69734.94285714286
68353.11428571428
68053.54285714286
66768.14285714286
67328.6
66158.91428571429
66246.88571428572
67668.71428571429
71628.34285714285
71174.25714285714
70297.71428571429
69265.8
69809.94285714286
69851.97142857143
69272.82857142857
64968.02857142857
63802.22857142857
63549.45714285714
65513.05714285714
66937.45714285714
67714.02857142857
68914.54285714286
71222.68571428572
70064.42857142857
69946.65714285715
69017.42857142857
67664.31428571428
70305.94285714286
71964.85714285714
70822.5142857143
69541.4
69541.4
68856.31428571428
68297.77142857143
67509.88571428572
67897.34285714285
67196.97142857143
68396.97142857143
69066.74285714286
68333.05714285714
68176.2
68511.05714285714
68270.45714285714
65962.94285714286
65807.54285714286
66321.62857142858
65961.77142857143
66443.45714285714
65401.05714285714
64963.08571428571
65532.57142857143
67245.91428571429
67237.65714285715
67353.14285714286
67102.4857142857
69512.05714285714
70317.2
71829.11428571428
73142.71428571429
73208.74285714286
72111.74285714286
70311.54285714286
68693.94285714286
66777.74285714286
65543.31428571428
66157.97142857143
65588.57142857143
64880.885714285716
65636.2
67035.28571428571
67520.0
67005.22857142857
67428.88571428572
64570.37142857143
63940.08571428571
64481.62857142857
66341.34285714285
66974.28571428571
65203.45714285714
65141.54285714286
65306.05714285714
65388.62857142857
65094.857142857145
63777.77142857143
67152.17142857143
68372.22857142857
71364.97142857143
73133.62857142858
73297.17142857143
70916.2
71059.34285714285
71808.42857142857
73880.54285714286
70665.57142857143
69734.6
69814.8
68066.62857142858
65040.68571428571
66717.8
66829.71428571429
67314.74285714286
67492.94285714286
68543.17142857143
67946.85714285714
66819.54285714286
67055.85714285714
67163.4857142857
69456.05714285714
68025.17142857143
67115.37142857142
67620.22857142857
67517.42857142857
66377.6
66451.82857142857
65469.2
66459.57142857143
66959.54285714286
69005.14285714286
69930.91428571429
70344.37142857142
70965.34285714285
73322.2
74023.2
75003.97142857143
74967.05714285714
74997.6
76447.42857142857
75834.85714285714
76148.45714285714
75666.94285714286
76665.05714285714
75649.0
75024.62857142858
74468.82857142857
75273.6
75257.97142857143
74702.28571428571
73774.37142857142
73365.05714285714
72107.91428571429
71672.31428571428
70518.28571428571
70057.08571428571
70025.14285714286
69466.68571428572
68796.74285714286
70024.97142857143
69612.97142857143
68999.2
69457.14285714286
69463.97142857143
69156.11428571428
67598.54285714286
65269.97142857143
65107.68571428571
63994.65714285714
63692.57142857143
63809.22857142857
65321.74285714285
64629.828571428574
64202.28571428572
63816.71428571428
64224.54285714286
64447.25714285715
62545.42857142857
61313.34285714286
