458320.0
431172.0
374864.0
369970.0
369970.0
369970.0
369970.0
369970.0
322480.0
290464.0
267186.0
267186.0
267186.0
278636.0
278636.0
278636.0
278636.0
280576.0
280576.0
278636.0
267120.0
267120.0
267120.0
267120.0
261886.0
261886.0
261886.0
261886.0
261886.0
261886.0
261886.0
242334.0
242334.0
242334.0
242334.0
265866.0
247298.0
247298.0
247298.0
247298.0
247298.0
247298.0
247298.0
247298.0
247298.0
247298.0
247298.0
247298.0
247298.0
246438.0
246438.0
246438.0
246438.0
246438.0
246438.0
246438.0
246438.0
246438.0
246438.0
246438.0
246438.0
237534.0
237534.0
237534.0
237534.0
237534.0
237534.0
237534.0
237534.0
237534.0
237534.0
237534.0
237534.0
237534.0
237534.0
237534.0
237534.0
237534.0
237534.0
237534.0
237534.0
237534.0
237534.0
237534.0
237534.0
149970.0
149970.0
118526.0
118526.0
118526.0
118526.0
118526.0
118526.0
118526.0
118526.0
118526.0
118524.0
118524.0
118524.0
115164.0
115164.0
129852.0
115164.0
115164.0
117106.0
117106.0
117106.0
118510.0
118510.0
113858.0
113858.0
113858.0
113858.0
113858.0
113858.0
106294.0
106294.0
106294.0
108536.0
108536.0
108536.0
108536.0
108536.0
108536.0
108536.0
108536.0
107744.0
107744.0
106402.0
106402.0
106402.0
106294.0
106294.0
106294.0
106294.0
106294.0
106294.0
106294.0
106294.0
106294.0
106294.0
106294.0
106294.0
106294.0
106294.0
106294.0
106294.0
106294.0
106294.0
123832.0
106294.0
106294.0
106294.0
109240.0
109240.0
109240.0
109240.0
106294.0
106880.0
106880.0
106880.0
106880.0
106880.0
113116.0
113116.0
113116.0
113116.0
113116.0
113116.0
113116.0
107180.0
107180.0
107180.0
107180.0
107180.0
107180.0
107180.0
113734.0
107180.0
107180.0
107180.0
107180.0
107180.0
107180.0
107180.0
107180.0
107180.0
107180.0
107180.0
107180.0
107180.0
107180.0
107180.0
107180.0
92890.0
92890.0
92890.0
92890.0
92890.0
92890.0
92890.0
92890.0
92890.0
92890.0
92890.0
92890.0
92890.0
92890.0
104608.0
104608.0
104608.0
117958.0
117958.0
117958.0
117958.0
117958.0
103844.0
103844.0
103844.0
104324.0
104324.0
92890.0
92890.0
92890.0
92890.0
92890.0
92890.0
92890.0
92890.0
92890.0
92890.0
92890.0
92890.0
92890.0
92890.0
92890.0
92890.0
92890.0
92890.0
92890.0
92890.0
92890.0
109364.0
92890.0
92890.0
92890.0
92890.0
92890.0
92890.0
92890.0
92890.0
92890.0
92890.0
92890.0
92890.0
92890.0
92890.0
92890.0
92890.0
92890.0
92890.0
92890.0
92890.0
92890.0
92890.0
92890.0
92890.0
92890.0
92890.0
113928.0
92890.0
92890.0
92890.0
92890.0
92890.0
100008.0
100008.0
92610.0
92610.0
92610.0
92546.0
92546.0
92546.0
92546.0
92500.0
95980.0
96006.0
92500.0
92500.0
92500.0
92026.0
92026.0
92026.0
92026.0
92026.0
92026.0
93008.0
93008.0
93008.0
93008.0
93008.0
93008.0
93008.0
93008.0
93008.0
93008.0
93008.0
92968.0
92968.0
92968.0
92968.0
92968.0
92968.0
92968.0
92968.0
92968.0
92968.0
92968.0
101566.0
92968.0
92968.0
92968.0
92968.0
92968.0
92968.0
92968.0
97156.0
95446.0
92968.0
92968.0
92968.0
92968.0
118518.0
118518.0
92968.0
92968.0
119504.0
92968.0
92968.0
92968.0
92968.0
92968.0
92968.0
92968.0
92968.0
92968.0
92968.0
92968.0
92968.0
98776.0
92968.0
119582.0
119582.0
119582.0
119582.0
92968.0
92968.0
92968.0
92968.0
92968.0
92968.0
92968.0
92968.0
92968.0
92968.0
92968.0
92968.0
92968.0
92968.0
92968.0
92968.0
92968.0
92968.0
93152.0
93152.0
93152.0
93152.0
92968.0
92968.0
92784.0
92784.0
92784.0
92784.0
92784.0
92784.0
91532.0
91532.0
91532.0
91532.0
91532.0
91532.0
91532.0
91532.0
91532.0
91532.0
91532.0
91532.0
91532.0
91532.0
91532.0
