71.50082971661986
73.82119082840237
73.82119082840237
73.94239423942395
73.96007457888646
74.5715373873302
75.50865275756105
75.55722795106642
75.55722795106642
75.55722795106642
75.55722795106642
75.83424069685519
75.83424069685519
76.26905257503526
76.26905257503526
76.26905257503526
77.58195102685625
77.58195102685625
77.58195102685625
77.7395229309436
77.7395229309436
77.7395229309436
77.7395229309436
77.7395229309436
77.7395229309436
77.7395229309436
77.7395229309436
77.7395229309436
77.7395229309436
78.14468536569193
78.14468536569193
78.14468536569193
78.14468536569193
78.14468536569193
78.14468536569193
78.14468536569193
78.3138111309642
78.3138111309642
78.3138111309642
78.3138111309642
78.3138111309642
78.3138111309642
78.3138111309642
78.3138111309642
78.3138111309642
78.43789292568329
78.43789292568329
78.43789292568329
78.467939791791
78.467939791791
78.467939791791
78.467939791791
78.467939791791
78.58158138304906
78.58158138304906
78.58158138304906
78.58158138304906
78.58158138304906
78.58158138304906
78.58158138304906
78.58158138304906
78.80305434351448
78.80305434351448
78.80305434351448
78.80305434351448
78.80305434351448
78.80305434351448
78.80305434351448
78.80305434351448
78.80305434351448
78.80305434351448
78.80305434351448
78.80305434351448
78.85575450975172
79.09441233140655
79.09441233140655
79.09441233140655
79.09927360774817
79.09927360774817
79.37952632609121
79.37952632609121
79.37952632609121
79.37952632609121
79.37952632609121
79.37952632609121
79.37952632609121
79.37952632609121
79.37952632609121
80.07224462365592
80.07224462365592
80.07224462365592
80.07224462365592
80.07224462365592
80.07224462365592
80.07224462365592
80.07224462365592
80.07224462365592
80.07224462365592
80.07224462365592
80.07224462365592
80.07224462365592
80.07224462365592
80.07224462365592
80.07224462365592
80.07224462365592
80.07224462365592
80.09502854045091
80.09502854045091
80.09502854045091
80.09502854045091
80.09502854045091
80.09502854045091
80.09502854045091
80.09502854045091
80.09502854045091
80.09502854045091
80.09502854045091
80.09502854045091
80.09502854045091
80.09502854045091
80.09502854045091
80.09502854045091
80.09502854045091
80.09502854045091
80.09502854045091
80.09502854045091
80.09502854045091
80.09502854045091
80.09502854045091
80.09502854045091
80.09502854045091
80.09502854045091
80.09502854045091
80.09502854045091
80.09502854045091
80.09502854045091
80.09502854045091
80.09502854045091
80.09502854045091
80.09502854045091
80.09502854045091
80.09502854045091
80.09502854045091
80.09502854045091
80.09502854045091
80.09502854045091
80.09502854045091
80.09502854045091
80.09502854045091
80.09502854045091
80.09502854045091
80.09502854045091
80.09502854045091
80.09502854045091
80.09502854045091
80.09502854045091
80.09502854045091
80.12345679012346
80.385918257511
80.385918257511
80.385918257511
80.385918257511
80.385918257511
80.385918257511
80.385918257511
80.385918257511
80.385918257511
80.385918257511
80.4334061480989
80.72885719944543
80.72885719944543
80.72885719944543
80.72885719944543
80.72885719944543
80.72885719944543
80.72885719944543
80.72885719944543
80.72885719944543
80.72885719944543
80.72885719944543
80.72885719944543
80.72885719944543
80.72885719944543
80.72885719944543
80.72885719944543
80.72885719944543
80.72885719944543
80.72885719944543
80.72885719944543
80.72885719944543
80.72885719944543
80.72885719944543
80.76186703637684
80.76186703637684
80.76186703637684
80.76186703637684
80.76186703637684
80.76186703637684
80.76186703637684
80.76186703637684
80.76186703637684
80.76186703637684
80.76186703637684
80.76186703637684
80.76186703637684
80.76186703637684
80.76186703637684
80.76186703637684
80.76186703637684
80.76186703637684
80.76186703637684
80.76186703637684
80.76186703637684
80.76186703637684
80.76186703637684
80.76186703637684
80.76186703637684
80.76186703637684
80.76186703637684
80.76186703637684
80.76186703637684
80.76186703637684
80.76186703637684
80.76186703637684
80.76186703637684
80.76186703637684
80.76186703637684
80.76186703637684
80.76186703637684
80.76186703637684
80.76186703637684
80.76186703637684
80.76186703637684
80.76186703637684
80.76186703637684
80.90215884333531
80.90215884333531
80.90215884333531
80.90215884333531
80.90215884333531
80.90215884333531
80.90215884333531
80.90215884333531
80.90215884333531
80.90215884333531
80.90215884333531
80.90215884333531
80.90215884333531
80.91041130256816
80.91041130256816
80.91041130256816
80.91041130256816
80.91041130256816
80.91041130256816
80.91041130256816
80.91041130256816
80.91041130256816
80.91041130256816
80.91041130256816
80.91041130256816
80.91041130256816
80.91041130256816
80.91041130256816
80.91041130256816
80.91041130256816
80.91041130256816
80.91041130256816
80.91041130256816
80.91041130256816
80.91041130256816
80.91041130256816
80.91041130256816
80.91041130256816
80.91041130256816
80.91041130256816
80.91041130256816
80.91041130256816
81.18274245725227
81.18274245725227
81.18274245725227
81.18274245725227
81.18274245725227
81.18274245725227
81.18274245725227
81.18274245725227
81.18274245725227
81.18274245725227
81.18274245725227
81.18274245725227
81.18274245725227
81.18274245725227
81.18274245725227
81.18274245725227
81.18274245725227
81.18274245725227
81.18274245725227
81.19924737571796
81.19924737571796
81.19924737571796
81.19924737571796
81.19924737571796
81.19924737571796
81.19924737571796
81.19924737571796
81.19924737571796
81.19924737571796
81.19924737571796
81.19924737571796
81.19924737571796
81.19924737571796
81.19924737571796
81.21575229418367
81.21575229418367
81.21575229418367
81.21575229418367
81.21575229418367
81.21575229418367
81.21575229418367
81.21575229418367
81.21575229418367
81.21575229418367
81.21575229418367
81.21575229418367
81.21575229418367
81.21575229418367
81.21575229418367
81.21575229418367
81.21575229418367
81.21575229418367
81.21575229418367
81.21575229418367
81.21575229418367
81.21575229418367
81.21575229418367
81.21575229418367
81.21575229418367
81.21575229418367
81.21575229418367
81.21575229418367
81.21575229418367
81.21575229418367
81.21575229418367
81.21575229418367
81.21575229418367
81.21575229418367
81.21575229418367
81.21575229418367
81.21575229418367
81.21575229418367
81.21575229418367
81.21575229418367
81.21575229418367
81.21575229418367
81.21575229418367
81.21575229418367
81.21575229418367
81.21575229418367
81.21575229418367
81.21575229418367
81.21575229418367
81.21575229418367
81.21575229418367
81.21575229418367
81.21575229418367
81.21575229418367
81.21575229418367
81.21575229418367
81.21575229418367
81.21575229418367
81.21575229418367
81.21575229418367
81.21575229418367
81.21575229418367
81.21575229418367
81.21575229418367
81.21575229418367
81.21575229418367
81.21575229418367
81.21575229418367
81.21575229418367
81.21575229418367
81.21575229418367
81.21575229418367
81.21575229418367
81.21575229418367
81.22235426156995
81.22235426156995
81.22235426156995
81.22235426156995
81.22235426156995
81.22235426156995
81.22235426156995
81.22235426156995
81.22235426156995
81.22235426156995
81.22235426156995
81.22235426156995
81.22235426156995
81.22235426156995
81.22235426156995
