32.21884498480243
32.37188270759112
35.37108537108538
35.37108537108538
36.279826464208234
36.279826464208234
36.279826464208234
36.279826464208234
39.98306746279298
42.63231197771588
42.63231197771588
42.63231197771588
42.63231197771588
42.63231197771588
42.63231197771588
42.63231197771588
42.63231197771588
42.63231197771588
40.7260996001454
41.75330812854442
41.75330812854442
41.75330812854442
43.02465702632555
43.02465702632555
43.02465702632555
43.02465702632555
43.02465702632555
45.32127261384903
45.795383655645665
45.795383655645665
45.795383655645665
45.795383655645665
46.86663095875736
46.86663095875736
47.31752963194011
47.31752963194011
47.31752963194011
48.30011074197121
48.68770764119601
48.68770764119601
48.68770764119601
50.038759689922486
50.038759689922486
50.038759689922486
50.038759689922486
50.038759689922486
50.038759689922486
50.038759689922486
50.038759689922486
50.038759689922486
50.038759689922486
50.038759689922486
50.14950166112958
50.14950166112958
50.14950166112958
50.14950166112958
50.14950166112958
50.14950166112958
50.14950166112958
50.14950166112958
52.36660389202761
52.36660389202761
52.36660389202761
52.36660389202761
49.87124463519313
52.36660389202761
52.36660389202761
52.36660389202761
52.36660389202761
52.36660389202761
52.36660389202761
52.36660389202761
52.36660389202761
52.36660389202761
52.36660389202761
52.36660389202761
52.36660389202761
52.36660389202761
52.36660389202761
52.36660389202761
52.36660389202761
52.36660389202761
52.36660389202761
52.36660389202761
52.36660389202761
52.36660389202761
52.36660389202761
52.36660389202761
52.36660389202761
52.36660389202761
52.36660389202761
53.661883967560826
49.8003742981909
49.8003742981909
49.8003742981909
53.661883967560826
53.661883967560826
53.661883967560826
53.661883967560826
53.661883967560826
53.661883967560826
53.661883967560826
53.661883967560826
53.661883967560826
53.661883967560826
53.661883967560826
53.661883967560826
53.661883967560826
53.661883967560826
53.661883967560826
53.661883967560826
53.661883967560826
53.661883967560826
53.661883967560826
53.661883967560826
53.661883967560826
53.661883967560826
53.661883967560826
53.661883967560826
53.661883967560826
53.661883967560826
53.661883967560826
53.661883967560826
53.661883967560826
53.661883967560826
53.661883967560826
46.141689373297005
53.661883967560826
47.27130977130977
53.661883967560826
53.661883967560826
53.661883967560826
53.661883967560826
53.661883967560826
53.661883967560826
53.661883967560826
53.661883967560826
53.661883967560826
53.661883967560826
53.661883967560826
53.661883967560826
53.661883967560826
53.661883967560826
53.661883967560826
53.661883967560826
53.661883967560826
53.661883967560826
53.661883967560826
53.661883967560826
53.661883967560826
53.661883967560826
53.661883967560826
53.661883967560826
53.661883967560826
53.661883967560826
53.661883967560826
53.661883967560826
53.661883967560826
53.661883967560826
53.661883967560826
53.661883967560826
53.661883967560826
53.661883967560826
53.661883967560826
53.661883967560826
53.661883967560826
53.661883967560826
53.661883967560826
53.661883967560826
53.661883967560826
53.661883967560826
53.661883967560826
53.661883967560826
53.661883967560826
53.661883967560826
53.661883967560826
53.661883967560826
53.661883967560826
53.661883967560826
53.661883967560826
53.661883967560826
53.661883967560826
45.91476091476091
45.91476091476091
53.661883967560826
53.661883967560826
53.661883967560826
53.661883967560826
53.661883967560826
53.661883967560826
53.661883967560826
53.661883967560826
53.661883967560826
53.661883967560826
53.661883967560826
45.386439070649594
45.386439070649594
45.386439070649594
45.386439070649594
45.386439070649594
