39.44826397098673
43.00069958955841
45.56722697283438
48.4606917086366
50.51864935696014
51.38860506837775
51.026227013938694
52.482867400915914
52.64383188209149
53.741834270544096
54.14253548882774
54.090264432327345
54.894298160160474
55.15864393127058
55.645344764094865
55.446682823342016
55.31096702792716
55.36822925948826
55.274102132176736
55.43919442956813
54.47984871923585
55.059363013209406
54.85500234140473
55.26986156005198
55.15964801360118
55.11881291827475
54.99813673440881
55.99215008190754
56.77296028872032
57.338968901329636
57.65344722755742
57.84326944165706
57.65767915015424
57.745503974377755
57.94919369045941
58.24505271113958
58.37385484208106
58.8109861851057
59.14725302705847
59.1442357256441
59.537445824277825
59.66538441757608
59.603702187641446
59.420777493623824
59.28494527355914
59.5204380385944
59.51507831312451
59.512951565006325
59.57400817863578
59.41189560922675
59.59212253681759
59.536750793739586
59.633490091258736
59.91598494398583
59.8473338948913
59.944643228153566
60.04644208995957
60.14630239318452
60.08527449766187
60.12213375524859
60.193978013259695
60.193978013259695
60.10624064809325
60.04479544321781
60.100410156341034
60.25826959840113
60.32047585008581
60.32047585008587
60.32575216642259
60.325752166422625
60.18817028447974
60.17655284451488
60.23381965000967
60.3576752578217
60.69651330330136
60.66978216954625
60.66978216954625
60.551598352988016
60.551598352988016
60.55159835298802
60.593361331092254
60.59825886521114
60.59825886521113
60.70523056512813
60.683589353667024
60.833316768594024
61.00761498673451
60.980303811403374
61.012849603153356
60.954119269127354
61.04854530912604
61.259271718907485
60.79939605239019
60.82120938190335
61.00659203102183
60.977984662142525
60.91087194524874
60.91493249618429
60.91493249618429
60.93061048708472
60.96074121764648
61.0510034559069
61.0510034559069
61.055064006842464
61.055064006842464
61.001517923173346
61.02769647034624
61.028303100862686
61.05031272955337
61.05031272955334
61.06487983186453
61.065486462380946
61.120575481477566
61.15696219697202
61.15696219697202
61.100336698998696
61.039972292770756
61.039972292770756
61.039972292770756
61.039972292770756
61.039972292770756
61.039972292770756
61.039972292770756
61.039972292770756
60.96167498268604
60.95067016834072
60.55541056725805
60.748767804817625
60.42561412148158
60.616496042236164
60.616496042236164
60.58247558852537
60.643679832474504
60.63961928153894
60.63961928153894
60.66070300460757
60.66070300460757
60.66070300460757
60.63481364661233
60.63481364661233
60.63481364661233
60.62786338809942
60.631923939034984
60.63598448997053
60.63598448997053
60.577441550454786
60.577441550454786
60.43619484308236
60.40174396222924
60.47862020197567
60.47862020197567
60.47862020197567
60.47862020197567
60.431214437429354
60.431214437429354
60.431214437429354
60.50301255838407
60.4497573405092
60.52593497162345
60.533491860652774
60.36139146623377
60.36139146623377
60.36139146623377
60.31264449997069
60.329992942312494
60.32938031669296
60.32938031669296
60.304415030552924
60.357829178267956
60.39374986347351
60.3937498634735
60.29500768396174
60.31036284765715
60.33275669882339
60.32233227121817
60.347904187874654
60.347904187874654
60.332838822593786
60.41095635383287
60.38132388624085
60.38132388624085
60.280962069973484
60.19856699956436
60.44424733310179
60.49416087171092
60.4941608717109
60.4941608717109
60.56278373820629
60.60866316589344
60.60866316589344
60.581980360647684
60.581980360647684
60.67798251661056
60.60630909133918
60.61646302523887
60.48157028025512
60.46700317794398
60.3997106822046
60.43984970117221
60.46948216876423
