552548.0
485367.0
396616.0
389606.0
366795.0
344901.0
343801.0
338692.0
326556.0
326556.0
326556.0
326556.0
314260.0
305365.0
302640.0
302640.0
280765.0
280765.0
264690.0
255635.0
225364.0
225364.0
225364.0
225364.0
225364.0
217264.0
217264.0
217264.0
217264.0
217264.0
217264.0
216169.0
210419.0
210419.0
210419.0
209955.0
206810.0
205310.0
195463.0
195463.0
195463.0
195463.0
195463.0
195463.0
195463.0
191168.0
185523.0
185523.0
185523.0
185523.0
185523.0
185523.0
144398.0
144398.0
143468.0
143468.0
143468.0
143468.0
143468.0
143468.0
143468.0
143468.0
143468.0
143468.0
143468.0
143468.0
109228.0
109228.0
109228.0
109228.0
109228.0
109228.0
109228.0
109228.0
109228.0
109228.0
109228.0
109228.0
109228.0
109228.0
109228.0
109228.0
109228.0
106543.0
106543.0
106543.0
106543.0
106543.0
106543.0
106543.0
106543.0
106543.0
106543.0
106543.0
105606.0
105606.0
105606.0
105021.0
105021.0
105021.0
105021.0
87562.0
87562.0
87562.0
87562.0
87562.0
87562.0
87562.0
87562.0
87512.0
87512.0
87512.0
87512.0
87512.0
87512.0
87512.0
87512.0
87512.0
87512.0
87512.0
87512.0
87512.0
80103.0
80103.0
80103.0
80103.0
80103.0
80103.0
80103.0
80103.0
80103.0
80103.0
80103.0
80103.0
80103.0
80103.0
80103.0
80103.0
80103.0
80103.0
80103.0
80103.0
80103.0
80103.0
80103.0
80103.0
80103.0
80103.0
80103.0
80103.0
80103.0
80103.0
79770.0
79770.0
79770.0
79770.0
79770.0
79770.0
79770.0
79770.0
79770.0
76212.0
76212.0
75887.0
75887.0
75887.0
75887.0
75887.0
75887.0
75887.0
75887.0
75887.0
75127.0
75127.0
74863.0
74863.0
74863.0
74863.0
74847.0
71591.0
71591.0
71591.0
71591.0
71511.0
71511.0
71511.0
71511.0
71511.0
71511.0
71511.0
71511.0
71511.0
71511.0
71511.0
71511.0
71511.0
71511.0
71511.0
71511.0
71511.0
71511.0
71511.0
71511.0
71511.0
71511.0
71511.0
71511.0
71511.0
71511.0
71511.0
71511.0
71511.0
71511.0
71511.0
71511.0
71511.0
71511.0
71511.0
71511.0
71511.0
71511.0
71511.0
71511.0
71511.0
71511.0
71511.0
71511.0
71511.0
71511.0
71511.0
71511.0
71511.0
71511.0
71511.0
71511.0
71511.0
71511.0
70181.0
70181.0
70181.0
70181.0
70181.0
70181.0
70181.0
70181.0
70181.0
70181.0
70181.0
70181.0
70181.0
70181.0
70181.0
70181.0
70181.0
70181.0
70181.0
70181.0
70181.0
70181.0
70181.0
70181.0
70181.0
70181.0
70181.0
70181.0
70181.0
70181.0
70181.0
70181.0
70181.0
70181.0
70181.0
70181.0
70181.0
70181.0
70181.0
70181.0
70181.0
70181.0
70181.0
70181.0
70181.0
70181.0
70181.0
70181.0
70181.0
70181.0
70181.0
70181.0
70181.0
70181.0
70181.0
70181.0
70031.0
70031.0
70031.0
70031.0
70031.0
70031.0
70031.0
70031.0
70031.0
70031.0
70031.0
70031.0
70031.0
70031.0
70031.0
70031.0
70031.0
70031.0
70031.0
70031.0
70031.0
70031.0
70031.0
70031.0
70031.0
70031.0
70031.0
70031.0
70031.0
70031.0
70031.0
70031.0
70031.0
70031.0
70031.0
70031.0
70031.0
70031.0
70031.0
70031.0
55323.0
55323.0
55323.0
55323.0
55323.0
55323.0
55323.0
55323.0
55323.0
55323.0
55323.0
55323.0
55323.0
54440.0
54440.0
54440.0
54440.0
54440.0
54440.0
54440.0
54440.0
54440.0
54440.0
54440.0
54440.0
54440.0
54440.0
54440.0
54440.0
54440.0
54440.0
54440.0
54440.0
54440.0
54440.0
54440.0
54440.0
54440.0
54440.0
54440.0
54440.0
54440.0
54440.0
54440.0
53644.0
53644.0
53644.0
51165.0
50474.0
50474.0
50474.0
50474.0
50474.0
50474.0
50474.0
50474.0
50474.0
49658.0
49658.0
49658.0
49658.0
49658.0
49658.0
49658.0
49658.0
49658.0
49329.0
49329.0
49329.0
49329.0
49329.0
49329.0
49329.0
49329.0
49329.0
49329.0
49329.0
49329.0
49329.0
49329.0
49329.0
49329.0
49329.0
49329.0
49329.0
49329.0
49329.0
49329.0
49329.0
49329.0
49329.0
49329.0
48974.0
48974.0
48974.0
48974.0
48974.0
48974.0
48974.0
48974.0
48974.0
48974.0
48974.0
48974.0
48974.0
48974.0
48974.0
48974.0
47582.0
47582.0
47582.0
47084.0
47084.0
47074.0
47074.0
47074.0
47074.0
47074.0
47074.0
47074.0
47074.0
47074.0
47074.0
47074.0
47074.0
47074.0
47074.0
47074.0
47074.0
47074.0
47074.0
47074.0
47074.0
47074.0
47074.0
47074.0
47074.0
47074.0
47074.0
47074.0
47074.0
47074.0
47074.0
47074.0
47074.0
47074.0
47074.0
47074.0
47074.0
47074.0
47074.0
47074.0
47074.0
47074.0
47074.0
47074.0
47074.0
47074.0
47074.0
47074.0
47074.0
47074.0
47074.0
47074.0
47074.0
47074.0
47074.0
47074.0
