766179.9166666666
778273.0
731743.55
656162.2666666667
626632.2166666667
553309.6333333333
566073.1833333333
608234.2833333333
577350.4333333333
588976.5833333334
555157.4166666666
565264.4666666667
621068.35
573097.2333333333
621893.2
591643.05
534228.0666666667
552995.7166666667
574111.45
592097.9166666666
529808.4666666667
565286.9166666666
537796.6666666666
529294.8666666667
540778.4333333333
497168.48333333334
514811.51666666666
499287.56666666665
512675.88333333336
474127.13333333336
474495.15
462476.6
484300.86666666664
454325.36666666664
501499.7166666667
482000.0833333333
426699.45
453754.75
409171.05
412893.98333333334
409109.5333333333
410811.11666666664
394690.4666666667
422463.5
402661.2833333333
418017.26666666666
382268.75
345941.2166666667
336254.06666666665
344326.01666666666
325395.0
343713.48333333334
374203.75
339271.4166666667
347382.75
357859.36666666664
383086.7
390487.55
421327.88333333336
389218.7833333333
399024.81666666665
441431.5833333333
343121.7
359965.6666666667
363464.25
372818.73333333334
390978.86666666664
390666.31666666665
392351.7833333333
405784.13333333336
385279.9
387436.43333333335
388998.98333333334
406598.1666666667
393178.98333333334
417903.63333333336
414271.8333333333
382072.4
405954.95
380780.0
399294.7833333333
395367.13333333336
421443.13333333336
402480.13333333336
407905.9166666667
416751.3333333333
436450.7166666667
469151.8333333333
464949.61666666664
453859.63333333336
449803.2166666667
459778.4666666667
455441.7833333333
446090.5333333333
448988.05
436474.26666666666
445048.0833333333
410643.5
408465.0333333333
438294.8
412969.0833333333
397152.65
392457.9166666667
389288.4166666667
394573.86666666664
389686.4166666667
356700.01666666666
392340.6
393840.9666666667
365914.35
352118.75
344671.5833333333
347998.06666666665
396284.2166666667
377012.75
387738.18333333335
389552.3
415347.5833333333
387001.23333333334
392919.36666666664
394061.38333333336
405742.45
388491.4
371150.6666666667
370807.7166666667
384014.45
390356.51666666666
369716.3333333333
375462.11666666664
394490.06666666665
393769.2
383111.86666666664
372469.38333333336
320600.81666666665
352741.01666666666
351436.86666666664
326657.26666666666
334595.43333333335
375730.26666666666
360606.95
336327.0
332271.6
337956.2
344687.65
374509.56666666665
356902.23333333334
362078.06666666665
338751.5833333333
344948.36666666664
360064.98333333334
355930.25
352700.51666666666
317125.9
335861.73333333334
309274.6666666667
336475.31666666665
318847.75
317429.65
319808.55
344515.7833333333
332731.2166666667
346249.0833333333
367839.3
364758.5333333333
381586.9
363662.5833333333
366936.88333333336
338457.25
357840.35
346587.9
346448.98333333334
335493.68333333335
320703.6666666667
319342.3
332444.5333333333
354866.5
335016.2
334085.98333333334
341172.68333333335
365405.43333333335
363577.4666666667
344604.45
362875.35
375931.2833333333
352101.4
336551.4666666667
360577.51666666666
344506.7
352511.13333333336
371630.75
381940.1
363409.23333333334
359621.5833333333
344057.5
352439.4166666667
362755.76666666666
343219.18333333335
345419.2166666667
324730.3
326657.95
340540.81666666665
343797.6666666667
303148.9
306294.05
297080.15
309084.51666666666
312818.7833333333
322967.93333333335
316123.25
323974.51666666666
327301.4
316507.51666666666
355440.9
358509.36666666664
364347.73333333334
373895.48333333334
352473.31666666665
355488.45
373807.0
371468.5
354042.5833333333
373984.63333333336
370579.25
374821.1666666667
404726.11666666664
420604.56666666665
402701.5333333333
419111.4166666667
416297.13333333336
412828.51666666666
413151.15
423414.9
403611.48333333334
446088.93333333335
456123.98333333334
392474.05
406133.31666666665
372880.9666666667
395779.0
394952.9
413311.2833333333
412196.5833333333
423725.11666666664
403382.15
422044.4166666667
375485.81666666665
394830.13333333336
405783.61666666664
411071.7833333333
429974.88333333336
392381.5333333333
390118.25
380119.9666666667
387672.98333333334
379819.2833333333
370489.61666666664
375082.26666666666
369582.3
377802.9
368252.98333333334
368984.2166666667
368747.73333333334
356521.11666666664
338048.38333333336
345548.3333333333
313217.2
331736.26666666666
317563.55
316858.23333333334
318946.13333333336
323758.2166666667
320375.88333333336
323803.98333333334
323795.8
323887.01666666666
304895.23333333334
303232.48333333334
324519.01666666666
336122.15
337523.45
350003.18333333335
343245.4666666667
342594.6
383305.93333333335
361207.26666666666
338752.48333333334
344947.9666666667
335353.9166666667
332614.75
333166.5333333333
334896.2833333333
334631.98333333334
345714.68333333335
369121.35
369121.35
369089.6666666667
357791.4
337658.1
341073.5333333333
340669.7833333333
351447.7166666667
343063.56666666665
321923.0333333333
314816.15
356394.4166666667
348793.0833333333
345686.4166666667
343921.65
339184.8333333333
340732.5833333333
345167.05
340081.9666666667
360095.81666666665
362775.3333333333
325429.35
350630.7166666667
367899.4
326663.1
354244.01666666666
364944.7
339426.81666666665
345453.76666666666
339015.7166666667
345315.01666666666
324827.6666666667
330845.23333333334
316669.4166666667
321288.63333333336
331847.4166666667
343940.2
332493.35
336752.95
325398.75
311540.75
309007.31666666665
327795.43333333335
305241.4666666667
322027.68333333335
312317.86666666664
321925.6
335709.9
333699.35
300028.01666666666
310454.5833333333
335113.68333333335
328276.7166666667
337018.1666666667
337920.76666666666
326649.5333333333
337188.4666666667
337188.4666666667
357751.68333333335
346510.4
346368.63333333336
362707.5333333333
371882.8
378653.68333333335
383141.81666666665
365722.8333333333
375638.38333333336
383459.18333333335
384000.6
345387.56666666665
362522.65
389704.2
389969.2166666667
369730.6666666667
334215.15
353067.11666666664
347805.8333333333
357564.85
343407.2166666667
348231.0
356731.5
388783.75
369599.2833333333
382550.36666666664
387236.4
398230.93333333335
388419.06666666665
385927.0
363712.31666666665
360163.1666666667
362708.85
341280.51666666666
349551.31666666665
333414.4666666667
324530.13333333336
325599.06666666665
324426.6666666667
313700.35
335470.9
334849.63333333336
311130.7166666667
367894.73333333334
353274.06666666665
363481.01666666666
344089.0333333333
326749.5833333333
339037.26666666666
328977.55
350121.4666666667
356916.01666666666
353549.73333333334
343390.4166666667
326049.85
351382.4666666667
359918.35
358920.9166666667
346580.8
359983.98333333334
359663.48333333334
370919.01666666666
410582.0333333333
404072.23333333334
393579.55
394062.81666666665
378786.8
417967.38333333336
386277.23333333334
390448.73333333334
387469.4666666667
397030.8333333333
365873.1
369823.88333333336
349683.2833333333
355257.85
373654.05
357248.45
360429.9166666667
359210.5833333333
334971.45
327165.6666666667
318222.56666666665
334120.31666666665
323807.93333333335
324396.5833333333
338512.6
349501.98333333334
355217.2833333333
376108.7833333333
359357.73333333334
340232.9
371629.93333333335
341368.1
365222.1666666667
377292.5333333333
367993.9666666667
379164.8
377871.73333333334
398224.7
371134.0
371491.5833333333
382791.2
382430.7166666667
378391.0333333333
353288.2166666667
357760.9666666667
357587.5833333333
365787.43333333335
356696.3333333333
351310.88333333336
350912.51666666666
351484.75
351484.75
352094.06666666665
354713.88333333336
350042.81666666665
340923.36666666664
340556.75
340495.5
330406.1
298144.7833333333
298144.7833333333
283543.6
292024.4666666667
291981.81666666665
309721.3
337731.43333333335
327290.6
324436.4666666667
323503.48333333334
312659.73333333334
315175.23333333334
315175.23333333334
296180.11666666664
315777.9166666667
321188.55
319571.2833333333
320376.8
331292.01666666666
332006.68333333335
338030.98333333334
347503.26666666666
335746.26666666666
338954.4166666667
338954.4166666667
338387.56666666665
345247.06666666665
360525.55
387079.15
