48.25513914517555
52.0921164321911
53.69836581411586
53.41137896312461
53.79981628580985
52.957170246983544
53.78974417696836
55.36481018291168
54.87414515909942
55.79757391927822
55.43712305064582
55.817088360286036
57.794030619587836
56.31788383981828
57.659560756605494
56.598625603350946
55.70684708970792
56.52242922004401
57.35630977744139
58.11972822762347
57.076590756796826
57.95519345675088
57.36417342793969
57.43006993451456
57.11456810271294
56.52323678382614
57.53596031843242
57.4294939968044
58.22039956811991
57.57600553980273
57.8428209565103
57.48376742013443
58.22637764671087
56.89827650348653
58.09645673869137
58.16550277465095
57.15229911104557
58.56218143054695
57.996251585842565
58.30357301721096
58.656899896600336
58.49981800227308
58.04106999863259
58.6390199332529
58.20631203321232
58.77749661002562
58.49273333480285
57.73448741223758
57.401910967275164
57.42639903807122
56.345943163379964
56.70944452982381
57.51071451103993
56.9272136852112
57.32791073039983
58.19432484483126
58.57092039941857
58.91364386087524
59.7648262446045
59.018035638562644
59.47195507412754
60.402273063204476
58.2793086979508
58.889907369899426
59.04626151809823
59.48160858127299
60.59315457568267
60.54055473622956
60.62650921583074
61.116248050902605
60.58492616918576
60.78523494566464
60.660507498517326
61.40299453920159
61.25820524860153
61.9694819103378
61.88570271734907
61.209485691660944
61.90735141120341
61.22554012416327
61.77194468847304
61.93784578972126
62.740151617945834
62.305944539787326
62.586837368593265
62.778311682801395
63.12610180272408
63.77148573054777
63.38638406786041
63.366045684039264
63.13404373034855
63.49575413210937
63.344182251515015
63.134853300732026
63.13476931206944
63.05629667038557
63.20258443447179
62.232878277173356
61.87842109881436
62.51471958057136
61.99257840484192
61.468319889328605
61.31001182925386
61.11668140681006
61.297919474224685
61.18143224728231
60.28760287109286
61.30354273055188
61.18715495954686
60.51636803267737
60.22166469528747
59.81830330243742
59.97145373821436
61.61806057224817
61.166558617486615
61.40798232959094
61.22421066347595
62.08605890479157
61.34542310093741
61.49554682987334
61.60104028597646
62.00181433725921
61.60163394413189
61.06135132985355
61.043453298013254
61.50961260504447
61.60771531097923
61.05127431899606
61.46291271909862
61.931880435836256
61.865961659108464
61.68388656067895
61.41359885141787
60.308453497970916
61.18464766254681
61.09546460547392
60.64318091331659
60.75770073541446
61.849839443624504
61.41327912343089
60.71712632734371
60.58065716178138
60.435268288564906
60.59501588380054
61.338344579412365
60.96522269111525
61.12059176682328
60.48415039038078
60.50970055413399
60.78281914842793
60.7648186374972
60.682173546753425
60.18865967879351
60.62941248370603
60.07726411795116
60.685314156280825
60.4538906426843
60.39589593679382
60.52544935307574
61.3191585812806
60.98461503619224
61.452455298053515
62.021483431155296
62.03785035191559
62.45238816402466
61.99323763459687
62.053984627417044
61.2828045046495
61.89970418416269
61.6541416481787
61.6447670564526
61.34608806023193
60.725010777968485
60.70554950113449
61.234599849519604
61.838546368433434
61.32601329550979
61.26506595653216
61.33857418357184
62.171363243132184
62.06341733325063
61.79103120599076
62.2879557101025
62.71045160113604
61.39659720035945
61.18367545311826
61.717725137386545
61.3803391804113
61.57697845211746
62.04047361760699
62.34821378433173
62.019621737460994
61.822238969670025
61.44028858494858
61.599474879169044
61.888631293489766
61.43792325542065
61.599642526394206
61.05802539545129
61.17429967096551
61.530003234836585
61.743621533294714
60.65294573792225
60.6480032925
60.319820653577416
60.739115924383114
60.886131259032254
61.46670140964064
61.21790628741193
61.24858963641118
61.42912815642662
61.16438013599394
62.08028065283443
62.32138322860727
62.36375516009602
62.59497756917749
61.91964176022034
62.054409986580396
62.498292556883015
62.39059390475575
61.96004034317491
62.58580384126569
62.414440821052985
62.513435823241984
63.318565184329785
63.634496836979444
63.193262104386214
63.782932183524316
63.53577514883463
63.37260077831122
63.47042138347612
63.76486766228159
63.321707399300564
64.52648818154445
64.78800715104316
63.505355957552304
63.64711881719865
62.75605505306232
63.457629258802186
63.397740462426405
63.56542015305183
63.74033602166229
64.07289444949281
63.60142703790232
64.07713302734896
63.03005264293479
63.487045403443034
63.744073586110616
64.00145455280682
64.5501048294058
63.459644443776604
63.404193185260716
63.130731506950205
63.23913235860667
63.18462539286091
62.958440606380044
63.1664248508385
63.093019478783226
63.32736786982436
63.19766974732805
63.30929512277444
63.293390172983294
62.962262198597536
62.821910360146035
62.63205614797505
61.76874535948549
62.3747790753127
62.01452338596195
61.945878532109376
62.08542349330049
62.27594755895484
62.116486087939165
62.32186297239629
62.32663673878294
62.111378748475936
61.565097892225175
61.525477006238944
62.13270350579418
62.23984806108589
62.372145006208335
62.745328583666286
62.642819924944554
62.56879072972515
63.65159472627878
63.11696391443765
62.53867109573512
62.67433130155466
62.41863691547457
62.23006361131106
62.27611180404615
62.397117008803924
62.3848512695478
62.68764916972559
63.4544527828755
63.457481206641496
63.46063553908789
63.12627298784664
62.68928744264546
62.737363967858265
62.66550152758984
62.923710152882585
62.661937273718685
62.178271857209765
61.821877754045225
63.286267959652484
63.07602139277747
62.87955903177687
62.816593757459266
62.640727689042286
62.78838621984182
63.140035951078886
63.095219322641704
63.548107563646326
63.41808320070934
62.587993719499764
63.241153014061716
63.64768361632243
62.444688942719104
63.3050917099515
63.39402621032964
62.77473089310442
63.12769126917278
62.907298059496796
62.97247629063849
62.537263590410845
62.60902291331465
62.451031222907446
62.675865763745335
62.88945742526884
63.47182931693224
63.158562930154524
63.099515632599385
62.86681867988672
62.3644625636807
62.24913229197528
62.675220579237966
62.01246081172755
62.77113105048209
62.56945981989648
62.89123506986477
63.38732936608486
63.268404181507584
62.59498918874302
62.77063038300443
63.60209456461132
63.345537608912586
63.46284000407129
63.5836408149435
63.27616708980306
63.50484146053099
63.50900706126685
64.0471306814574
63.7508154722933
63.744274824650475
64.18183991220397
64.57971823741312
64.6816732811871
65.07430604101518
64.66978244938228
64.9639369425271
65.05493819627354
65.0629406824516
64.08698368861492
64.50957275166105
65.17424152815597
65.25295119762227
64.80646774592083
64.0812220936654
64.4841855344535
64.36075843124962
64.51520040039561
64.20041742505472
64.2520258013411
64.44424336754983
65.20442732563741
64.78400605856639
65.08825432892688
65.02886429301931
65.26521696715741
65.01453185050858
64.87230949799459
64.18499856572939
63.95181815310327
64.05237774252494
63.491310420068736
63.56920629660021
63.48550910872964
62.937567327507054
62.922321541765676
62.72172433791602
62.403491868203666
63.10666207409579
63.011648864692454
62.47968725880211
64.2895757954005
63.890900302222256
64.19126686858421
63.716687991060596
63.38164283990401
63.895907026698396
63.82956369653714
64.45355523340375
64.87827704557033
64.86129632925234
64.65551994199343
64.35469727978516
64.96150574565205
65.11630810691159
65.01568748855178
64.56623183951257
65.05370366493317
64.92720336838232
65.25661364901492
66.14498571910345
65.85136563184047
65.57719282919089
65.74024838342073
65.2789100066953
66.3459275989835
65.92915769566892
65.87327647270557
65.69356213861597
65.98041776062863
65.2807175008903
65.40676265832437
64.87119716066834
64.913129670711
65.3255970364469
64.98579034980914
65.12525575507979
65.30438808862158
64.80778616637652
64.5873969577801
64.42251830643296
64.74220162643468
64.46233161305449
64.5463032088515
64.97905861228033
65.26425772410975
65.35354729659822
65.77984436635113
65.25698628389544
64.82359788670544
65.66704116603404
65.01725052143901
65.72531576441266
66.02809776631071
65.70322114184944
65.92483176605388
65.8670905984034
66.4187603031292
65.8655909906057
65.74885085073022
66.13192514023545
66.11780752073065
66.05135909264995
65.63525620510903
65.67836350350167
65.6712716576517
65.9039214494096
65.72389247789779
65.57191305191904
65.57566185096418
65.61625855928978
65.61764712844236
65.64774367436856
65.77456575639646
65.70520411095845
65.52896222111195
65.52482048043495
65.53290417783417
65.29541789163859
64.50778702975214
64.50778702975214
64.22845873299647
64.34539167587698
64.35128891307964
64.97583298551494
65.45974048571523
65.19348940318459
65.11678001824234
65.2268442544459
65.02899971221962
65.11559059015602
65.11559059015602
64.763540959489
65.23014723658906
65.46657608639745
65.30901263584805
65.32685575114137
65.4039463611792
65.45556766602132
65.50649488229236
65.5514541629179
65.3232519956361
65.38492538520781
65.38492538520781
65.3642237766981
65.50943629019127
65.97964930821483
66.50472593318493
