47.176924471344364
49.021164865146595
50.177351420562545
51.04961796636256
51.60720241375286
52.05767820810604
53.00863466258426
53.418127807397525
54.33496735110888
54.45631366404475
55.32101418289543
55.34151093340982
55.96124357380461
55.69797185373761
55.90024839774662
56.25264447705439
56.286653917802276
56.38001734716859
56.49016037587055
56.658501981268806
56.693619640573914
57.33468271803872
57.23816084209901
56.56875516274961
56.74134932317438
56.67702229565761
56.30666340721395
56.46745276224933
56.464275396907134
56.459499046178465
56.178493986116315
56.13675677070936
56.25823790576768
56.35356206276104
56.23852938783834
55.952404870294444
55.75777556292064
55.9712240601696
56.01339734712657
56.5310749010214
56.823686030479664
56.75371323905591
56.75467032095175
56.78815958199306
56.81409626791392
56.655829342130936
57.15383575135196
57.143047463132916
57.073740332485315
56.84587464416957
56.37543968321584
56.59351908954527
56.61594997446018
56.99430174982306
56.91252424468362
57.06825504287218
56.90334759737304
57.04607276639378
57.68880857591095
57.76059404789295
57.83862564633375
58.221475444215095
58.76729572989338
58.91849526821011
59.051759938700116
59.251975890260134
59.60413850605297
59.7040441353234
59.82221702019317
59.77377021442629
59.77706025972103
59.829212181903685
59.829212181903685
59.83430837365258
59.83739730801968
59.85185348172173
59.890418808488015
59.86622756749225
60.01322094478023
60.21500542882266
60.21799589116854
60.33831996814716
60.36077264272027
60.48980162300061
60.51792373795479
60.41101340600502
60.37584970348256
60.78820621529678
60.88151690766439
60.905808336226
60.91724089493683
60.95761552719252
60.95761552719252
60.906270718147326
60.96988875159267
60.92829001366628
60.673608149297614
60.673608149297635
60.650153219074085
60.605549995651735
60.63200291400234
60.40408051105552
60.4218970624691
60.36446149267751
60.526434779464964
60.52246466176625
60.333676550573934
60.35724564465295
60.46859245353285
60.49324362884062
60.49324362884062
60.414544554632165
60.22372124186785
60.22372124186787
60.249829987852664
60.21232971625163
60.37754311589363
60.68660332415616
60.847034219115436
60.91852302062441
61.056867907364584
60.96703631242658
61.01198923388881
60.956300079902874
60.96792540316197
60.86744532835405
60.897637886359064
60.70489346268992
60.8247855254852
60.96175819044189
60.962977942132476
61.007450281181875
61.13009663941879
61.06386800922985
61.14577557586348
61.23360711623184
61.398524078866025
61.49520133672365
61.54304654181111
61.5843745525361
61.49066798464612
61.521814529864265
61.5816981495614
61.60902498975997
61.46107861189512
61.43197568527266
61.618433219158206
61.66447140146657
61.68006699169763
61.68006699169763
61.5898557040072
61.604200839466806
61.73881253749492
61.758288110480784
61.7299481998705
61.75634437675431
61.98805663167459
61.82995383516489
61.720078676551054
61.78650770801668
61.73317901039796
61.679641739077645
61.700431247288336
61.72594077845889
61.916762283562676
62.02809858105023
62.048364445640814
62.00893451771346
62.0094395557353
62.00825616650991
62.07984926435813
61.975691673512515
61.989766137793005
62.2767394797135
62.32286208496744
62.38056802827843
62.39057121391935
62.17204378143972
62.17213853398275
62.25060075286346
62.25060075286346
62.26701523255921
62.202755642749295
62.20725832459874
62.24746473141833
62.33566753642119
62.33566753642119
62.33151290047639
62.45010270703871
62.45038279909293
62.45038279909293
62.35534832448362
62.27183117759198
62.27183117759198
62.23242664337331
62.26595765559838
62.27442352374243
62.31736316234784
62.35317633198423
62.28844822925138
62.267756981213914
62.275537782844346
62.275537782844346
62.2950795415828
62.362102241572856
62.34266213202689
62.39703631059823
62.31244717658201
62.23693752118296
62.23768377029829
62.32588064778722
62.46137045645264
62.393926429602026
62.39744758282266
62.45225684845715
62.45291502099004
62.45073611083241
62.47153730636823
62.21851315937022
62.32912224956961
62.40013354618526
62.40013354618526
62.40013354618526
62.381495452829554
62.313256771699855
62.368300050644976
62.259034110931054
62.35348683397886
62.34027472120009
62.34027472120009
62.27878327106902
62.33303350930801
62.33303350930801
62.33111139280188
62.23196711080641
62.07531920157459
62.1609467168219
62.17392930047904
62.18667187498695
62.27682133374783
62.36535496587662
62.38929603136063
62.43719770928656
62.42889776498032
62.44028685024796
62.44028685024796
62.4675277525854
62.5059758059522
62.45522826907876
62.61355611261914
62.61355611261915
62.62394326129866
62.746875226550344
62.850959639284405
62.76247101103903
62.82437308065418
62.72067702791369
62.72067702791369
62.73166497806204
62.73166497806203
62.73166497806203
62.64530730103106
62.48054133046039
62.55377834021774
62.52907265540337
62.564584474419405
62.6660346916709
62.74637339253589
62.74637339253589
62.69556485885414
62.69556485885414
62.54906881096157
62.60220942747329
62.73943812941296
62.7762917799912
62.84433218638004
62.89043939236969
62.85999539053736
62.86162683266159
62.91858063417843
62.93537784635786
62.93537784635786
62.98904226530176
62.901015317700754
62.843433032523706
62.92090631613813
62.92090631613813
62.92090631613813
62.92090631613813
62.92090631613813
62.9440988919103
62.96584382846039
63.06732281288636
63.00483815497019
63.11834283140828
63.23474239167363
63.176657729716815
63.141897663243824
63.20132994932847
63.20132994932845
63.137800768186764
63.06518056046199
63.06518056046199
63.082774734076466
63.08277473407645
63.10254474792678
63.07819669556085
63.15723183734563
63.20107178196649
63.22231800669654
63.31264591198501
63.22944136802463
63.12797831826653
63.20220981621029
63.38117101224678
63.572825993433085
63.58060589542713
63.57139751555762
63.589491020082185
63.589491020082185
63.50537735403361
63.54093659492342
63.46394257899906
63.463942578999045
63.40513732781962
63.39719458950003
63.45421483293272
63.45421483293272
63.428790647376786
63.494892382217
63.49492663267118
63.51223110523036
63.57094155067519
63.73107358192724
63.738897298940046
63.52702434556041
63.52702434556041
63.64948234481026
63.64948234481026
63.72343096800796
63.673276772757525
63.743825092139424
63.77187842862418
63.81485040882724
63.72593979488679
63.770199549295214
63.768392355139135
63.768392355139135
63.768392355139135
63.768392355139135
63.8285565081459
63.94767815610719
64.01680201160707
64.01680201160707
63.983598765884764
63.846088846029815
64.04746751441368
63.97402854757367
63.99261535712874
63.763492359811345
63.8981777630857
63.8036505777367
63.7889444166082
63.788944416608196
63.788944416608196
63.84795459575266
63.86855393184322
63.86855393184322
63.86855393184322
63.8963106141563
63.837389951756464
63.85016724577527
63.87763363000978
63.84648571439662
63.84648571439662
63.819206386864934
63.819206386864934
63.819206386864934
63.819206386864934
63.73405122313757
63.78057967191535
63.728208987453044
63.743625959946236
63.57169262872522
63.63497209098123
63.63497209098123
63.63497209098123
63.63497209098123
63.63497209098123
63.651037009268705
63.704103413919654
63.70410341391967
63.70410341391967
63.70410341391967
63.70410341391967
63.704103413919654
63.70410341391967
63.70410341391967
63.70410341391967
63.70410341391967
