707448.5625
638207.4375
619690.8125
605139.1375
546122.8875
527254.3125
512795.4875
509397.1375
491068.95
489829.9875
472990.6875
440707.3375
425336.0125
414486.4
412783.35
403622.9625
407243.0375
421256.475
403142.0125
396319.25
407792.0625
420918.9375
421656.3
437745.0625
429650.4625
435626.9375
445725.0
429035.8625
436648.3125
432126.85
435782.675
391154.0
387595.925
389844.8
381739.2375
374115.6625
378129.15
367019.725
360020.3625
362222.05
358332.8625
357833.4625
379747.2875
381347.625
371291.2375
380039.125
378029.6
377270.4125
379087.75
378529.025
365837.925
341473.825
343144.275
333450.925
314756.725
313272.875
313109.275
331835.9375
339263.45
341384.6
337198.1125
348005.875
342249.0375
349615.05
346635.2
343809.3625
317084.525
305046.1625
322493.875
341142.725
349493.1
366117.025
353603.25
358864.8625
359282.9
347458.9
350510.1625
351351.225
345999.8375
343632.8375
353736.2625
353861.1125
352489.8
353690.925
338988.6625
344417.0875
377517.1125
386215.175
392995.7875
393033.95
387496.1
377786.0875
377510.525
378214.8625
378576.2375
377767.3375
379782.2125
374226.0125
371972.4625
368359.675
368225.6625
354968.6625
350389.7625
355846.525
359580.15
357933.0625
351837.85
338793.275
332456.0875
334414.125
336555.75
334300.5625
336716.975
334312.0625
337630.8875
334988.65
334982.3375
342731.5875
338800.6875
338697.375
338623.7875
346063.125
343963.3125
347082.4375
347082.4375
342562.925
351675.9625
354690.25
354690.25
355502.925
364885.95
362628.6875
373878.025
375304.7125
377491.6625
393689.7375
388914.4875
375685.3875
379433.5625
371161.1
371161.1
370741.925
369451.9875
369451.9875
370757.65
371613.1625
379884.65
379849.0625
379278.4625
381885.575
388365.4375
389114.225
384913.0875
384525.9125
384303.5625
384773.9
379699.125
378902.225
376332.875
377731.2625
375079.025
374652.7375
380786.25
385653.0625
385653.0625
389929.475
382184.6
387187.6875
387187.6875
387703.05
395940.4125
397515.9625
397579.825
402216.35
402607.8875
402330.6
405461.675
412793.8125
412793.8125
404229.025
404877.4125
409289.9375
410800.65
409675.175
409669.7375
413697.8125
409552.3125
404058.0625
409705.475
413040.275
413040.275
409040.9375
403312.375
403764.9125
401055.575
401897.325
401321.1125
402886.775
406247.6125
411433.625
410681.0875
410278.275
408697.7125
409652.175
410574.95
413009.3625
413009.3625
412295.025
394585.575
401608.3125
394861.775
396143.575
395842.875
385399.925
382327.125
366762.9875
364863.0875
367893.45
365796.15
363034.4625
355387.9875
340149.5875
340149.5875
329164.0875
325469.575
325469.575
320287.3
319208.025
319080.3375
320304.75
320404.8375
327877.0
330333.1125
324942.7125
325899.6625
329843.9875
320962.425
325665.7125
325665.7125
325665.7125
325191.1375
328229.6875
328586.725
328586.725
325757.475
325176.9625
315966.075
315966.075
315966.075
315966.075
318380.225
322765.475
322679.6
322679.6
326447.4125
326226.325
326562.825
326562.825
326562.825
325483.1125
323103.2
326358.5625
325312.425
325312.425
318479.475
320165.0375
320735.1
321167.175
322992.4
319655.8875
315877.5375
321868.3375
321868.3375
321294.7125
314214.4625
316526.975
315627.1375
315627.1375
314930.1
315731.1625
315731.1625
311055.825
311987.3125
312974.4125
312962.5375
312962.5375
312993.9875
314666.3
309167.025
311265.8875
310742.3625
313757.4
318856.775
318667.725
319665.9875
319496.3875
317501.5875
319564.7875
321502.125
317947.975
316897.225
316478.2
316478.2
319967.6875
322261.05
321930.725
326310.8875
322334.0375
323827.0625
326875.0625
319899.7625
319899.7625
315574.0125
320793.125
320793.125
319714.1875
323149.4375
323149.4375
322246.375
322246.375
322246.375
322246.375
322246.375
322246.375
322246.375
317262.7125
317262.7125
313832.625
313832.625
313832.625
317093.8875
317093.8875
317093.8875
317093.8875
319751.675
311839.05
311603.4625
311556.9625
311390.325
315079.45
315079.45
313460.2875
313460.2875
313239.1625
303595.75
302686.65
302550.4125
305140.2625
308317.875
309083.4
312435.35
312372.325
302851.1625
298250.5125
298250.5125
298250.5125
298250.5125
298250.5125
298250.5125
298257.2625
296297.975
296243.7125
296171.2125
295965.3625
299818.4
299378.525
299237.65
299237.65
302061.7125
302061.7125
302061.7125
305779.3125
305779.3125
305779.3125
300954.375
297808.65
297808.65
297808.65
297905.4625
297545.425
297289.7875
293970.7
297358.525
297358.525
297358.525
291765.4875
291666.2
289994.5125
289994.5125
289994.825
287286.8
287286.8
293714.7125
297012.9375
297011.25
296489.8
290595.95
290595.95
293524.875
297236.5
297236.5
297236.5
297239.75
301502.7625
289991.8875
292645.15
290803.9125
287378.8875
288952.2
288951.8875
288951.8875
283329.45
290481.875
290517.625
290510.875
290510.875
290510.875
290511.1875
290113.925
290113.925
286463.7875
286463.7875
286554.8
286856.9125
286605.6125
286605.6125
286605.6125
289176.9875
286037.9625
286565.2375
285582.7625
285467.25
284522.1625
290611.1
289487.7375
289487.7375
289487.7375
289487.7375
289487.7375
289487.7375
289487.7375
289487.7375
292827.35
289637.575
289637.575
289637.575
289614.65
289614.65
289614.65
289614.65
285128.425
285128.425
281365.8375
281365.8375
281365.8375
289192.0875
289192.0875
289192.0875
289192.0875
289639.4625
295390.2375
299006.275
299006.275
299096.025
297716.75
300998.8875
296985.8875
298743.075
298743.075
298743.075
298743.075
303502.0625
305196.1625
307543.7875
307543.7875
306830.4625
305863.6
301572.55
303203.3875
302907.1625
302907.1625
302892.7125
300933.7875
300933.7875
300627.8375
301462.8
301462.8
301325.4
301325.4
307660.925
307660.925
307313.5875
307313.5875
307218.15
305244.8375
305020.0
304445.175
304342.3
304342.3
303815.4
