996756.0
989361.0
989361.0
904493.0
834686.0
841284.0
834686.0
900741.0
900741.0
900741.0
900741.0
900741.0
765264.0
768855.0
807497.0
807497.0
807497.0
807497.0
807497.0
768855.0
768855.0
768855.0
768855.0
768855.0
768855.0
768855.0
768855.0
768855.0
762594.0
762594.0
762594.0
762594.0
762594.0
762594.0
762594.0
762594.0
762594.0
762594.0
762594.0
762594.0
762594.0
762594.0
762594.0
762594.0
762594.0
762594.0
762594.0
762594.0
762594.0
762594.0
762594.0
762594.0
762594.0
762594.0
762594.0
762594.0
761988.0
761988.0
750940.0
750940.0
750940.0
750940.0
750940.0
750940.0
750940.0
750940.0
750940.0
750940.0
750940.0
750940.0
760795.0
760795.0
760795.0
760795.0
679241.0
679241.0
679241.0
679241.0
679241.0
679241.0
679241.0
685492.0
685492.0
685492.0
685492.0
685492.0
685492.0
685492.0
685492.0
685492.0
685492.0
697866.0
697866.0
697866.0
685492.0
685492.0
685492.0
685492.0
685492.0
685492.0
685492.0
685492.0
685492.0
685492.0
702300.0
685492.0
685492.0
685492.0
685492.0
685492.0
748835.0
685492.0
685492.0
685492.0
685492.0
685492.0
685492.0
685492.0
685492.0
685492.0
685492.0
720366.0
685492.0
685492.0
685492.0
685492.0
685492.0
685492.0
685492.0
702898.0
751946.0
702898.0
702898.0
702898.0
702898.0
702898.0
702898.0
702898.0
702898.0
701197.0
701197.0
701197.0
701197.0
701197.0
701197.0
701197.0
701197.0
701197.0
701197.0
701197.0
701197.0
701197.0
670716.0
670716.0
667063.0
667063.0
667063.0
667063.0
667063.0
667063.0
667063.0
667063.0
667063.0
667063.0
667063.0
667063.0
667063.0
667063.0
667063.0
667063.0
667063.0
664808.0
730645.0
664808.0
664808.0
664808.0
664808.0
664808.0
664808.0
664808.0
664808.0
664808.0
664808.0
664808.0
664808.0
664808.0
664808.0
664808.0
697795.0
697795.0
697795.0
697795.0
697795.0
697795.0
697795.0
697795.0
664808.0
664808.0
664808.0
664808.0
664808.0
664808.0
664808.0
664808.0
664808.0
664808.0
664808.0
664808.0
664808.0
664808.0
664808.0
664808.0
664808.0
664808.0
664808.0
664808.0
664808.0
664808.0
664808.0
664808.0
664808.0
664808.0
664808.0
664808.0
664808.0
664808.0
664808.0
664808.0
664808.0
664808.0
664808.0
664808.0
664808.0
664808.0
664808.0
664808.0
664808.0
664808.0
664808.0
664808.0
664808.0
664808.0
664808.0
664808.0
664808.0
664808.0
664808.0
664808.0
664808.0
664808.0
664808.0
664808.0
664808.0
664808.0
664808.0
664808.0
664808.0
664808.0
664808.0
664808.0
664808.0
664808.0
664808.0
664808.0
664808.0
664808.0
664808.0
664808.0
664808.0
664808.0
664808.0
664808.0
664808.0
664808.0
664808.0
664808.0
664808.0
664808.0
609045.0
609045.0
609045.0
609045.0
609045.0
609045.0
609045.0
609045.0
594865.0
594865.0
594865.0
594865.0
594865.0
594865.0
594865.0
594865.0
594865.0
594865.0
594865.0
594865.0
594865.0
594865.0
594865.0
594865.0
594865.0
594865.0
594865.0
594865.0
594865.0
594865.0
594865.0
594865.0
594865.0
594865.0
578197.0
578197.0
578197.0
578197.0
578197.0
578197.0
578197.0
578197.0
578197.0
578197.0
578197.0
578197.0
578197.0
578197.0
578197.0
578197.0
578197.0
578197.0
578197.0
578197.0
578197.0
578197.0
578197.0
578197.0
578197.0
578197.0
578197.0
578197.0
578197.0
578197.0
578197.0
578197.0
578197.0
578197.0
578197.0
578197.0
578197.0
578197.0
578197.0
578197.0
578197.0
547550.0
547550.0
547550.0
547550.0
547550.0
547550.0
547550.0
547550.0
547550.0
547550.0
547550.0
547550.0
547550.0
547550.0
547550.0
547550.0
547550.0
547550.0
547550.0
547550.0
547550.0
547550.0
547550.0
547550.0
547550.0
547550.0
547550.0
547550.0
547550.0
547550.0
547550.0
547550.0
547550.0
547550.0
547550.0
547550.0
547550.0
547550.0
547550.0
547550.0
547550.0
547550.0
547550.0
547550.0
547550.0
547550.0
547550.0
547550.0
547550.0
547550.0
628753.0
547550.0
547550.0
547550.0
547550.0
547550.0
547550.0
547550.0
547550.0
547550.0
547550.0
547550.0
547550.0
547550.0
547550.0
547550.0
547550.0
550017.0
550017.0
550017.0
550017.0
550017.0
550017.0
550017.0
550017.0
550017.0
550017.0
550017.0
550017.0
550017.0
762035.0
550017.0
550017.0
550017.0
550017.0
550017.0
550017.0
550017.0
550017.0
550017.0
550017.0
550017.0
550017.0
550017.0
550017.0
550017.0
550017.0
550017.0
550017.0
550017.0
550017.0
550017.0
550017.0
550017.0
550017.0
550017.0
550017.0
550017.0
550017.0
550017.0
550017.0
550017.0
550017.0
550017.0
550017.0
550017.0
550017.0
550017.0
550017.0
550017.0
555359.0
555359.0
555359.0
555359.0
555359.0
555359.0
555359.0
555359.0
555359.0
555359.0
555359.0
555359.0
555359.0
555359.0
555359.0
555359.0
555359.0
555359.0
555359.0
555359.0
555359.0
555359.0
555359.0
555359.0
555359.0
555359.0
555359.0
