46.280683684782545
47.73171703230834
48.6593694253264
49.35354412661231
49.52554361399532
50.02466409661788
50.24487300131463
50.57054407803345
50.61939389823291
51.048057006360466
50.863307673361
50.44528999833843
50.368304844226415
50.294235225343776
50.75902038267152
50.67401114297504
51.04482031928123
51.63952205741667
51.67568232820963
51.672981049777476
52.16839944695105
52.58635368755199
52.677378921125936
53.176342971102414
53.19879716686347
53.469772861100786
53.72084754213904
53.513343240215974
53.804123670034734
53.75863288735286
53.83193788687352
52.9847578484616
53.15377540010248
53.26524930009329
53.17760432717881
53.17941211737566
53.24750111398502
53.17427522675733
53.102701496056184
53.282454673954724
53.31418837722109
53.35646365797472
53.84883953417709
53.95164909187399
54.00727386426274
54.1864091984483
54.163632702256926
54.21230215323163
54.312978849565596
54.35395270508151
54.26674611278107
53.776333046414855
53.835920613852636
53.870534038829454
53.4558210494602
53.40098022767584
53.52391305516919
53.90154802919877
54.11674795083094
54.24401412471768
54.227640200202
54.498290123560444
54.394174321694095
54.762379254399434
54.8486161640919
54.8097423782131
54.33783081808569
54.13442632260128
54.53538776068842
54.86190106718642
55.05308638052509
55.55263324634463
55.390074545066966
55.47095264204495
55.53866643856022
55.3306130470109
55.37293871912717
55.552227673763944
55.43708778609209
55.44763623627034
55.6663977411355
55.682290113621924
55.69983234350127
55.792030359157266
55.539296988202864
55.69599433833448
56.34181283807985
56.607016682306735
56.821104825695784
56.89904170693361
56.77474192707491
56.535084844550816
56.502531335977196
56.56580702826282
56.652478633260124
56.65114703626715
56.70745057372953
56.61259602502848
56.58518000252858
56.547286590314286
56.558784004127766
56.410154722687444
56.350887935527155
56.497416321859156
56.584728415822
56.61654741197897
56.625749674415
56.435230376054825
56.27278627737381
56.412506262015654
56.505017792635876
56.604830826317084
56.68166916754459
56.709526298530726
56.7695265548674
56.66074817693807
56.72313881601591
56.96023641449725
57.03894960366317
57.02322352647749
57.028620352986024
57.159525393486966
57.15365469584431
57.30557886377433
57.307457616229115
57.27231051826109
57.4692183007125
57.55031893128205
57.55031893128205
57.54635636724805
57.69072008499351
57.784559818477554
58.012243899646364
58.021207086628124
58.06978010693827
58.36934783636259
58.30025313020623
58.06925104094743
58.23356725180537
58.17225677756669
58.17225677756669
58.135340523460286
58.13729645827938
58.13729645827938
58.13849721130183
58.164096589368114
58.39296736581302
58.393534403758
58.359285217412605
58.40196897816348
58.518644568870364
58.52223498254764
58.50886965758359
58.514476906843086
58.52569363542371
58.56257167296157
58.55584157354131
58.545244103564
58.5606433947763
58.61304291861787
58.567595039278515
58.603261875080435
58.75072894923098
58.85808781846127
58.85808781846127
58.90986897724698
58.8588326348422
58.936857672324834
58.936857672324834
58.98761044246055
59.16722429023089
59.24498168143433
59.149579558781696
59.35238409000355
59.368165888628155
59.36783013482452
59.42689998767548
59.541594287929286
59.541594287929264
59.240104099650864
59.3613216604792
59.451712469537824
59.5090193853876
59.49310993503339
59.435032417526784
59.55158132632427
59.4887847485517
59.42949010212176
59.43892203028905
59.52993123705627
59.52993123705627
59.395677722161295
59.26057472386441
59.459884182498214
59.485232224971995
59.558890218282805
59.559594840343074
59.61505395757729
59.652774587658335
59.76715752600877
59.74479400866703
59.767117640531964
59.768061548103866
59.80752480852787
59.86380393101183
59.94054532970148
59.94054532970148
59.901613910975776
59.66602829422609
59.760016959511844
59.659962506052274
59.68642257117416
59.69201592467116
59.51829985268919
59.49928256530173
59.28888057695495
59.276707235249624
59.33664568594493
59.321880452518315
59.27075515879669
59.17318105513833
58.9144490486954
58.9144490486954
58.69729496679976
58.6515049714179
58.651504971417886
58.579273102025965
58.6206997546371
58.623399153594754
58.62496628505543
58.62663529241759
58.806065916463034
58.86876244093518
58.81846741114144
58.83915039067777
58.96015767428461
58.782033751343775
58.964017344375364
58.964017344375364
58.964017344375364
58.973988634328315
59.087600070640676
59.088484705684586
59.09423997967174
59.051002096414244
59.060906393377614
58.90499761220807
58.90499761220807
58.90499761220807
58.90499761220807
58.99160521687869
59.103987947195115
59.10674349461584
59.10674349461584
59.263290546174176
59.25840559472474
59.27243115307158
59.27243115307158
59.27243115307158
59.25594034883011
59.22227998348552
59.224430515539794
59.205174336487815
59.205174336487815
59.0783475895548
59.08924830303475
59.162773695182906
59.191800357196044
59.296400917083744
59.24159878643824
59.19508891851571
59.3106906844038
59.3106906844038
59.31302014350713
59.210217178375935
59.22945280462484
59.24488709885289
59.24488709885289
59.245850336139746
59.25524860720335
59.25524860720335
59.20665903055402
59.212733173653135
59.22071611791292
59.2372222460726
59.2372222460726
59.22181576868197
59.26774528477158
59.184320432423974
59.22252719033985
59.23841389210079
59.259829615550075
59.29685248980886
59.291983740648355
59.31371228026618
59.37883578677288
59.37151911644393
59.4384018918207
59.51430996438381
59.45053185489671
59.4542873061484
59.45430621081421
59.45430621081421
59.54237648428356
59.61269333207993
59.61695661270958
59.68985759954906
59.6521768898127
59.708037403010664
59.74569759802157
59.65039954916445
59.65039954916445
59.55039980099694
59.65805149942283
59.65805149942283
59.661844113802566
59.72005707072443
59.72005707072443
59.70052177942729
59.70052177942729
59.70052177942729
59.70052177942729
59.70052177942729
59.70052177942729
59.70052177942729
59.58149883424808
59.581498834248066
59.54348521946126
59.54348521946125
59.54348521946125
59.60929167211949
59.60929167211948
59.60929167211948
59.60929167211948
59.64754074392373
59.533766319404165
59.55006869966709
59.55468704741311
59.55951166858468
59.654804585278306
59.654804585278306
59.653080026659936
59.653080026659936
59.66388715052415
59.28643589357997
59.30628943620203
59.40562398885724
59.4330596290727
59.45720578231501
59.48045738071471
59.6940838935526
59.66331309341126
59.55590507947668
59.46197747774791
59.46197747774791
59.46197747774791
59.46197747774791
59.472170953590236
59.472170953590236
59.48998834613646
59.464249110961944
59.46762437548514
59.470958820747875
59.47475812809498
59.57838875359916
59.5931106841759
59.59769655223672
59.59769655223672
59.67002927671372
59.67002927671372
59.67002927671372
59.768092112281906
59.768092112281906
59.768092112281906
59.6757055279218
59.670761142195246
59.670761142195246
59.670761142195246
59.721679285211124
59.73162344515682
59.746635369263664
59.69965893382509
59.748848223195864
59.74884822319588
59.74884822319588
59.67818124246556
59.68687313163976
59.61442193811181
59.61442193811181
59.686988823392724
59.61977218964347
59.628039308790264
59.73213729855466
59.7663517796319
59.7705381783825
59.7912230864002
59.70400429930902
59.72060193362499
59.78567357545569
59.886891101519055
59.88689110151906
59.88689110151906
59.89491216009877
59.917175354454685
59.590870685178345
59.67266634209093
59.70314288321608
59.63369889801711
59.72547834531605
59.63388700793396
59.63388700793396
59.501168825126044
59.857774732104374
59.88578561621441
59.75593200172328
59.810705010696914
59.810705010696914
59.895156729881855
59.90032709652051
59.90032709652051
59.825738654977954
59.825738654977954
59.85731009511869
59.884209599889104
59.88795270971991
59.88795270971991
59.88795270971991
59.929772757121235
59.920121430292305
59.967776719573536
59.93651628020291
59.93708094523693
59.90199400487076
59.920963796563875
60.026898929217566
60.02689892921755
60.02689892921755
60.02689892921755
60.02689892921755
60.02689892921755
60.02689892921755
60.02689892921755
60.09615078123012
60.039399428170455
60.03939942817043
60.03939942817043
60.06524611282375
60.06524611282373
60.06524611282374
60.06524611282373
60.03602100175808
60.03602100175808
59.9772626344289
59.97726263442888
59.9772626344289
60.1046981444282
60.10469814442818
60.10469814442818
60.10469814442818
60.138978706393836
60.27166527233377
60.343998491049966
60.343998491049966
60.35385611380675
60.29754781395269
60.364487747493136
60.31902941466287
60.35727640637587
60.35727640637587
60.35727640637587
60.35727640637587
60.45840548316052
60.4700496492236
60.53522651722253
60.53522651722253
60.5365126279104
60.545590489514325
60.471792480399756
60.50576607916889
60.50990812699454
60.50990812699454
60.512674925738565
60.52770164392204
60.52770164392204
60.527273536245616
60.5589239841132
60.5589239841132
60.55946289800769
60.55946289800769
60.67530011889289
60.67530011889289
60.68902863529204
60.68902863529204
60.71402555841915
60.69538649411028
60.70375059710081
60.71876917105747
60.72178805193422
60.72178805193422
60.72880030783051
