525606.0
492348.0
459245.0
459245.0
318599.0
317906.0
296005.0
149333.0
149333.0
137592.0
135556.0
135556.0
135556.0
135556.0
135556.0
133451.0
68824.0
57567.0
57567.0
57567.0
56197.0
56010.0
56010.0
56010.0
56010.0
55835.0
55835.0
54787.0
54787.0
54787.0
46133.0
43753.0
43753.0
43753.0
43753.0
42567.0
37377.0
37377.0
37377.0
35695.0
35695.0
35695.0
35695.0
35695.0
35695.0
35695.0
35695.0
35695.0
35695.0
30251.0
30251.0
29741.0
29741.0
28275.0
28275.0
26750.0
26750.0
26750.0
26750.0
26750.0
26750.0
25395.0
25395.0
25395.0
25395.0
24585.0
24585.0
21965.0
21965.0
21965.0
21965.0
21965.0
21965.0
21965.0
21965.0
21965.0
21965.0
21965.0
20655.0
20655.0
20655.0
20655.0
20655.0
20655.0
20655.0
17465.0
17465.0
17465.0
17465.0
17465.0
17465.0
17465.0
17465.0
17465.0
17465.0
17465.0
17465.0
17465.0
17465.0
17465.0
17465.0
17275.0
17275.0
17275.0
15695.0
15695.0
15105.0
15105.0
15105.0
15105.0
15105.0
15105.0
15105.0
15105.0
15105.0
15105.0
13895.0
13895.0
13895.0
13895.0
13895.0
13895.0
13895.0
13895.0
13895.0
13895.0
13895.0
13895.0
13895.0
13895.0
13775.0
13775.0
13775.0
13495.0
13495.0
13495.0
13495.0
13495.0
13495.0
13495.0
13495.0
13495.0
9235.0
9235.0
9235.0
8956.0
8956.0
8956.0
8956.0
7393.0
6370.0
5870.0
5870.0
5870.0
5870.0
5870.0
5870.0
4515.0
0.0
0.0
0.0
0.0
0.0
0.0
0.0
0.0
0.0
0.0
0.0
0.0
0.0
0.0
0.0
0.0
0.0
0.0
0.0
0.0
0.0
0.0
0.0
0.0
0.0
0.0
0.0
0.0
0.0
0.0
0.0
0.0
0.0
0.0
0.0
0.0
0.0
0.0
0.0
0.0
0.0
0.0
0.0
0.0
0.0
0.0
0.0
0.0
0.0
0.0
0.0
0.0
0.0
0.0
0.0
0.0
0.0
0.0
0.0
0.0
0.0
0.0
0.0
0.0
0.0
0.0
0.0
0.0
0.0
0.0
0.0
0.0
0.0
0.0
0.0
0.0
0.0
0.0
0.0
0.0
0.0
0.0
0.0
0.0
0.0
0.0
0.0
0.0
0.0
0.0
0.0
0.0
0.0
0.0
0.0
0.0
0.0
0.0
0.0
0.0
0.0
0.0
0.0
0.0
0.0
0.0
0.0
0.0
0.0
0.0
0.0
0.0
0.0
0.0
0.0
0.0
0.0
0.0
0.0
0.0
0.0
0.0
0.0
0.0
0.0
0.0
0.0
0.0
0.0
0.0
0.0
0.0
0.0
0.0
0.0
0.0
0.0
0.0
0.0
0.0
0.0
0.0
0.0
0.0
0.0
0.0
0.0
0.0
0.0
0.0
0.0
0.0
0.0
0.0
0.0
0.0
0.0
0.0
0.0
0.0
0.0
0.0
0.0
0.0
0.0
0.0
0.0
0.0
0.0
0.0
0.0
0.0
0.0
0.0
0.0
0.0
0.0
0.0
0.0
0.0
0.0
0.0
0.0
0.0
0.0
0.0
0.0
0.0
0.0
0.0
0.0
0.0
0.0
0.0
0.0
0.0
0.0
0.0
0.0
0.0
0.0
0.0
0.0
0.0
0.0
0.0
0.0
0.0
0.0
0.0
0.0
0.0
0.0
0.0
0.0
0.0
0.0
0.0
0.0
0.0
0.0
0.0
0.0
0.0
0.0
0.0
0.0
0.0
0.0
0.0
0.0
0.0
0.0
0.0
0.0
0.0
0.0
0.0
0.0
0.0
0.0
0.0
0.0
