37.49131005716051
40.79069389083217
41.54695134345662
41.925666107143606
42.16084403304468
38.924100911660936
39.71552442175854
39.71552442175854
40.819623697714185
40.38056801431465
39.94777990854108
39.67650258477471
37.80019263986569
39.44300843835176
41.95304741807349
43.25797922374664
40.39516464497927
41.81673664905041
39.2791214127278
39.277017642365315
38.82292143497028
42.107401783613845
41.353836762323816
43.06017622739736
39.422195111987016
43.92925857798292
40.615290401158084
40.57302629858106
41.93034567588057
39.30957305634389
41.34002953386643
43.543370431448245
41.67517829890081
39.31003196730347
39.22097796675135
38.78965491329736
39.937477864061194
40.39679847315192
40.995445099934415
39.15476205433612
40.00351526015104
42.124687566949945
40.9213718847704
40.13918447148029
39.9435243398599
36.26574872785653
41.36677997890048
39.191352856776405
40.39219756674402
39.09965993086197
41.096387029095055
41.408853545968675
38.063745998061286
41.74824049928645
40.85899179166638
38.13893108686646
41.745395962044405
38.707096501959796
38.4764305023654
39.066290864594116
41.20990086277445
41.02708095610771
42.52218059936907
41.05269061274126
39.702415294817094
41.065293642863786
42.96926330807402
40.51219721113773
42.30908267989608
37.48809623936123
38.9781104857052
41.43899815611556
40.49223178360598
41.3181240175774
40.37241815037223
42.10934641231133
38.31621698773061
39.591153405586404
41.82760751853343
40.949279966116045
40.727600443677595
40.61277004863704
40.0543355153145
41.13842637741336
38.57146041555793
40.98389464177425
43.91317034089279
38.691970542588145
40.8426677370395
40.249764438639154
40.5016899517322
38.670794196566646
42.03485016504218
42.368994697776145
41.58092573546848
41.94606936071152
40.68379708433526
43.38142230576442
39.26278822073175
40.528376085630896
38.11887782001831
38.68117302700613
41.05567344407867
40.34867272617829
42.160097186499314
40.56995966465854
41.53002958579881
41.59251398168881
41.07025395259239
42.14786674459381
41.63164454234538
41.45063340733969
38.6445605877863
40.878651324904105
42.06315175381026
41.02999758570739
42.628954937679765
40.681783384879196
41.95052525168925
38.46608242276333
41.66610748490209
40.76411820633022
41.466242590718515
40.17459940550949
40.37096060203629
39.83653763502478
39.63920103547685
40.30723097864406
41.91615328774358
41.23134779194104
41.293537751760006
38.53319141272823
39.793076857167335
42.170707100198214
41.633572402347234
41.734175375314805
42.07961852509658
41.89030300854455
41.04586857514638
40.36741777960817
39.56229853019726
41.6672217008265
42.516765477694626
41.31416276871325
38.48564523411151
41.07742758784425
40.063051263922844
44.36712629269822
40.74098735034404
41.64655881546476
39.28978436349755
40.39767505872792
43.809229908576526
42.6273613562068
41.19880962317205
41.602856716695634
40.7282867218896
40.952547528517115
41.39267477049974
42.00339755339558
40.03172451033908
39.6656153059633
39.68188375957127
38.523614659212505
40.403407178648635
38.925993774564446
41.15952705972424
41.84210038208999
43.144258800664566
40.25738917684164
40.25738917684164
40.25738917684164
40.33450671165659
41.25706706161913
41.86018777187119
40.16481380704345
40.539499843046976
43.6023518016334
41.96416086573243
40.23594015738952
41.38582562723689
43.65323255165577
38.364041331489716
41.909236565192906
39.54214794004107
43.09834137141908
41.659649515374916
42.03875150784077
40.24191535687751
40.25803421479605
39.67825190989563
37.966513275286104
41.230996974028905
40.15569736058345
39.82873615193308
39.97816603246231
38.8433550895709
42.126393764387785
38.63529694927492
44.12921232234419
38.36191696938827
40.339995570652405
39.65256364446445
41.255773526897634
39.56825112316395
40.57780272574448
40.31307810712722
39.67315229563269
40.13479678583906
41.93101005787108
42.43228479014499
39.98182046935985
42.43228479014499
41.939513987737776
42.06363230673851
42.00411905686791
41.58385798781873
40.287945170186575
39.56052560397478
41.315717373436016
44.73435668505879
43.321192058092855
40.59571519183988
42.878924442797434
40.26161117338747
44.947286884911726
41.69674601191534
42.24626569687732
43.0203245015295
37.91160865048738
42.226787795475595
41.676055582381025
39.05681916551247
41.322383778159015
40.7803826201583
41.63426699291815
40.70535715568996
42.71410944222115
38.868916603822505
42.737546513942696
42.78237606787076
42.12402561508386
41.51371327017063
40.167130691346784
39.39301972685888
40.813916716713244
43.6254635445266
40.99416467326148
42.708017226845676
40.57172410415099
42.52336738043768
40.15147935982992
41.17048466489966
41.14457881649258
40.814553004852556
41.58766870626812
38.57505500084617
39.99814944104708
39.13358411637554
39.13358411637554
42.27795247177689
39.19382844388298
41.44481932726427
42.8733709589847
39.208992769639366
39.59135174230879
39.237899073120495
42.34514709726593
41.93450326863275
38.674824121978595
43.0473156792224
42.69329285646522
40.40669984934949
41.28964219598798
40.50780956857991
39.96050545101163
41.24509753841089
39.757216040542026
37.402433839514195
39.68717474268532
41.08563865422637
43.48152693560279
40.49673871560906
39.553264653864325
40.56100069137409
43.98200511825078
39.49255333850685
40.555764228175825
42.1735223672791
39.039553811152615
42.046445235756394
38.7309056867351
39.143718835873756
39.847485202670995
48.72948771948972
39.338003363626036
41.20332191184157
36.68159861834471
41.749822757887266
40.28158620038898
36.65852007389304
41.914330070304935
47.00905335053189
40.376755700835155
39.52472315344696
42.75390011672207
40.8327250702738
39.244224368058546
38.94212283997408
42.30109106824647
48.393011527377524
47.14471804353307
43.04720835295719
45.101587038653406
40.43947146696955
40.750690830490655
43.34229132674282
42.17789855504778
45.820668459469836
46.44414947484158
46.42149453120703
40.49016385745809
45.74599049610577
41.608212172006674
47.62587917148663
41.738204761608756
38.85322631459308
48.421217362655455
48.421217362655455
46.62345712327803
39.69535306227342
40.07217329055015
47.06341791362035
43.40442006775286
41.954092125916915
41.954092125916915
38.31281921076236
46.18759981259163
39.11432369557993
40.235587509617176
42.791558086413794
42.10247009586082
39.235102531865095
39.74371786444691
44.113456229406
41.457419769293075
42.60414271411615
39.232626506772384
36.7457973252952
38.35556139627876
44.473106320111086
43.03249885609529
43.52011588858893
39.32562346779364
45.93539387480016
41.41194317309496
40.68566338936317
39.83933333063033
39.83933333063033
49.11073336198428
43.64943341597749
39.29037869591607
40.66009973140455
40.66009973140455
42.1242723736224
41.517353810525044
40.88710166919575
40.09520656988383
43.27616058787536
39.806677507978044
44.28567663968922
40.57708149455723
45.858743860288875
39.80432784206149
40.49519281654323
40.49519281654323
40.214025776904094
39.59884806973848
40.26965443972266
42.91249684004862
42.39661251802452
38.423693715878024
45.42761452828645
40.75617930756279
40.61904398871693
37.83095449379806
37.094426302097744
47.493061451876514
40.034830241477415
40.79118583707153
41.96301564722618
41.54582219241633
42.658685837675534
39.92387335869972
39.35733160979792
41.01123107650447
37.925696594427244
40.89467662122684
39.79392053186058
39.30840538785774
39.30840538785774
