40.79069389083217
41.876484368034106
42.16084403304468
42.16084403304468
42.16084403304468
43.21952309866126
39.71552442175854
42.44299524321006
42.44299524321006
42.44299524321006
43.25797922374664
43.25797922374664
43.25797922374664
43.25797922374664
43.25797922374664
43.25797922374664
43.642107689834354
41.81673664905041
41.81673664905041
41.16886846639862
44.13053251685917
43.06017622739736
43.06017622739736
43.06017622739736
45.47260032808536
45.47260032808536
45.47260032808536
45.553080221903826
45.553080221903826
45.553080221903826
45.777471815418856
46.25767370694115
46.25767370694115
46.43748314286538
46.55336328046747
46.60435231984024
45.446270975122985
45.288348552689186
45.288348552689186
43.827503557668685
43.641988161456325
43.641988161456325
43.827503557668685
43.827503557668685
43.827503557668685
43.827503557668685
43.67188979915806
43.827503557668685
43.827503557668685
43.34354055374438
43.34354055374438
46.17312393522615
46.17312393522615
45.729959271303635
45.50603451142067
45.729959271303635
45.729959271303635
45.729959271303635
47.06055567962811
47.06055567962811
47.06055567962811
47.068992613547074
47.068992613547074
47.068992613547074
48.05771481475012
48.2498646217269
48.2498646217269
47.66592651701766
42.62993186183032
42.10934641231133
42.10934641231133
42.10934641231133
42.10934641231133
42.10934641231133
42.10934641231133
42.10934641231133
47.38333969399438
47.48291295146237
47.702355757554734
47.702355757554734
47.0432599782445
47.745191978646226
47.745191978646226
47.90363424816919
47.90363424816919
47.208862205109796
47.208862205109796
45.567123030904156
45.567123030904156
47.208862205109796
47.208862205109796
47.21212516722681
47.23415016151662
48.099345112229244
48.099345112229244
45.434095359612975
48.099345112229244
46.96078240686713
48.099345112229244
48.099345112229244
48.099345112229244
45.978714476692936
45.978714476692936
46.10586499808655
46.93028793473959
47.06498286584593
48.16097515132317
48.16097515132317
45.277543837802604
45.277543837802604
47.66165721555014
47.66165721555014
47.66165721555014
47.66165721555014
47.66165721555014
47.66165721555014
47.00412705163916
47.00412705163916
47.00412705163916
46.91335612115932
46.91335612115932
46.91335612115932
46.96055700500883
46.96055700500883
47.00412705163916
47.00412705163916
47.00412705163916
47.57238815131799
47.57238815131799
47.57238815131799
46.529742610702115
46.529742610702115
47.57912222416506
47.57912222416506
48.18746061479762
48.18746061479762
48.39739992921455
48.39739992921455
48.39739992921455
48.39739992921455
48.39739992921455
48.528612000725126
44.74688508283065
44.74688508283065
44.10076473234368
46.55614389693997
46.55614389693997
46.55614389693997
46.33754628469851
45.09365055169989
44.751803599965804
45.267211466744506
45.267211466744506
46.2962962962963
47.97848373489617
47.97848373489617
47.97848373489617
48.67578976034858
43.62246362482379
43.62246362482379
40.03172451033908
39.68188375957127
43.62246362482379
43.77822702729979
43.77822702729979
46.34109027021513
46.93942865703248
46.93942865703248
47.0204996124805
40.25738917684164
40.25738917684164
47.70704961548172
47.70704961548172
46.22673343043812
47.731273925771255
44.51549142967596
47.731273925771255
47.731273925771255
47.731273925771255
47.770398401580806
46.61839567458184
46.61839567458184
47.770398401580806
47.770398401580806
46.704183628394865
47.770398401580806
47.89377087630045
47.97664057429209
47.95274563069941
47.97664057429209
46.058529390900375
47.97664057429209
47.97664057429209
47.97664057429209
47.97664057429209
47.98697810308041
46.84569990713836
42.126393764387785
47.99460414890787
44.12921232234419
48.26094868476324
48.26094868476324
48.26094868476324
48.26094868476324
48.3155411714085
48.3583988244758
48.35754847421653
48.3583988244758
48.3583988244758
48.4522774930994
42.43228479014499
42.43228479014499
42.43228479014499
47.35593472010367
47.35593472010367
48.38646038303178
41.58385798781873
48.38646038303178
48.48799220398882
48.48799220398882
44.73435668505879
48.48799220398882
48.49224395528519
46.055644049751166
48.49224395528519
48.49224395528519
48.49224395528519
48.619456354072234
46.88475057761062
48.619456354072234
48.63986476029476
48.706702290673526
48.706702290673526
48.706702290673526
48.706702290673526
48.706702290673526
48.7078927810365
44.24863708771506
44.24863708771506
48.7078927810365
48.12114046563807
48.7078927810365
48.72745083699975
48.82058686842877
48.82058686842877
48.827446414086765
48.64496686185039
48.827446414086765
48.845452721439
48.87116003081669
48.24938392123716
48.87116003081669
48.87116003081669
48.87116003081669
48.89735081880225
47.07011818167903
48.94412008306221
48.94412008306221
39.13358411637554
48.94412008306221
48.58119059240501
49.10874789325724
47.88784158095357
49.10874789325724
49.13255770051684
47.10735498067946
49.13255770051684
49.13255770051684
43.8214021405872
43.8214021405872
43.8214021405872
43.74467560676901
43.8214021405872
49.21538181576991
47.37298551038245
47.89101480766135
43.41909304134434
49.21538181576991
49.21538181576991
49.21538181576991
44.65993990676501
44.65993990676501
49.4452101275387
50.732888962890954
49.816500137890074
47.28126790671182
50.7672097352293
50.7672097352293
50.7672097352293
52.52271387947003
52.83186864227085
46.45167582328273
53.01912390239962
53.01912390239962
53.01912390239962
53.01912390239962
53.01912390239962
53.05510628571848
53.05510628571848
53.05510628571848
53.51759348087378
53.39161375304596
49.097408492374434
53.94307313441384
54.01050451605513
54.01050451605513
54.01050451605513
44.74066326308896
54.01050451605513
54.01050451605513
54.051148088551265
54.069807183197206
45.101587038653406
45.101587038653406
54.069807183197206
48.38453825778549
48.38453825778549
52.87288697081494
52.87288697081494
54.08163076792334
49.92083424328456
54.0890205083772
46.43742646844341
54.0890205083772
54.0890205083772
54.11396088240891
54.11580831752237
48.421217362655455
48.421217362655455
46.62345712327803
49.780135396347646
54.13243523354352
52.88287417549453
54.070546157242596
41.954092125916915
54.070546157242596
53.930880062665
53.984640424466704
54.203376741900385
54.203376741900385
54.203376741900385
54.203376741900385
54.22203583654634
45.0850287418938
44.113456229406
54.22203583654634
42.60414271411615
54.22203583654634
54.22203583654634
54.22203583654634
47.90753151219258
53.17924857762322
53.17924857762322
54.22203583654634
49.12672255821291
54.22757814188672
54.22757814188672
39.83933333063033
54.22757814188672
50.50683871416523
54.22757814188672
54.238662752567485
40.66009973140455
42.78754555701134
54.23053403806825
45.86839445364109
53.747721546749524
54.28392491284724
43.27616058787536
50.75755743024907
54.29981285482301
47.777970355820024
47.777970355820024
54.29981285482301
40.49519281654323
42.03829540980085
54.2813385036884
54.29981285482301
54.29981285482301
54.29981285482301
54.29981285482301
54.29981285482301
54.29981285482301
54.29981285482301
54.473102268465574
54.52519993866515
54.60020580427164
54.60020580427164
54.6024227264078
54.6024227264078
51.10229358962428
54.227412265272335
49.480647594731046
51.84072165947838
44.53862311765925
54.065373338924914
54.61350733708856
46.43226255852003
54.61350733708856
39.30840538785774
54.61904964242894
