53.982059859676134
55.86914815767093
55.86914815767093
57.166935334911756
57.166935334911756
57.708068420860776
57.708068420860776
58.14100598478821
59.3754282023007
61.008754993269584
61.008754993269584
61.008754993269584
61.008754993269584
61.21819415446574
61.21819415446574
61.36611056206054
61.36611056206054
61.69554262963077
61.69554262963077
61.69554262963077
61.69554262963077
61.69554262963077
61.69554262963077
61.69554262963077
61.69554262963077
61.723315099780926
61.723315099780926
61.723315099780926
61.723315099780926
61.723315099780926
61.858308012154154
61.858308012154154
61.858308012154154
61.858308012154154
61.858308012154154
61.858308012154154
61.88607246299553
61.88607246299553
61.98107404043253
61.98107404043253
62.0010615593374
62.0010615593374
62.078568715979586
62.329916414153814
62.43679740808012
62.51489416773399
62.51489416773399
62.51489416773399
62.51489416773399
63.24587983809425
63.24587983809425
63.27600287396076
63.27600287396076
63.33602581209474
63.68044622580327
63.68044622580327
63.68044622580327
63.68044622580327
63.68044622580327
64.3069773197577
64.3069773197577
64.3069773197577
64.3069773197577
64.3069773197577
64.3069773197577
64.3069773197577
64.3069773197577
64.3069773197577
64.3069773197577
64.3069773197577
64.3069773197577
64.65484644946616
64.65484644946616
64.65484644946616
65.10661089573556
65.10661089573556
65.10661089573556
65.10661089573556
65.10661089573556
65.10661089573556
65.10661089573556
65.10661089573556
65.10661089573556
65.10661089573556
65.10661089573556
65.33468343141672
65.33468343141672
65.35795106750014
65.35795106750014
65.35795106750014
65.35795106750014
65.35795106750014
65.35795106750014
65.48199810799281
65.48199810799281
65.48199810799281
65.48199810799281
65.48199810799281
65.48199810799281
65.48199810799281
65.48199810799281
65.48199810799281
65.48199810799281
65.48199810799281
65.48199810799281
65.48199810799281
65.48199810799281
65.48199810799281
65.48199810799281
65.48199810799281
65.48199810799281
65.48199810799281
65.48199810799281
65.49892415277031
65.63456437461743
65.63456437461743
65.63456437461743
65.63456437461743
65.63456437461743
65.63456437461743
65.63456437461743
65.63456437461743
65.63456437461743
65.63456437461743
65.63456437461743
65.63456437461743
65.78295709595444
65.78295709595444
65.78295709595444
65.89077368255086
66.1068705829979
66.1068705829979
66.232076941626
66.232076941626
66.232076941626
66.232076941626
66.232076941626
66.232076941626
66.232076941626
66.232076941626
66.232076941626
66.24598875925135
66.24598875925135
66.24598875925135
66.24598875925135
66.24598875925135
66.24598875925135
66.24598875925135
66.24598875925135
66.28192762145017
66.28192762145017
66.39159911706331
66.39159911706331
66.41919088868691
66.41919088868691
66.47251952291741
66.47251952291741
66.51657361206432
66.51657361206432
66.51657361206432
66.51657361206432
66.51657361206432
66.51657361206432
66.51657361206432
66.51657361206432
66.6083916083916
66.6083916083916
66.6083916083916
66.6083916083916
66.6083916083916
66.6083916083916
66.6083916083916
66.6083916083916
66.6083916083916
66.6083916083916
66.6083916083916
66.6083916083916
66.6083916083916
66.6083916083916
66.6083916083916
66.6083916083916
66.6083916083916
66.6083916083916
66.6083916083916
66.6083916083916
66.6083916083916
66.6083916083916
66.70461501363357
66.70461501363357
66.70461501363357
66.80524382779025
66.80524382779025
66.80524382779025
66.80524382779025
66.80524382779025
67.1032771249456
67.1032771249456
67.1032771249456
67.1032771249456
67.1032771249456
67.1032771249456
67.1032771249456
67.1032771249456
67.1032771249456
67.1032771249456
67.1032771249456
67.1032771249456
67.1032771249456
67.1032771249456
67.1032771249456
67.1032771249456
67.1032771249456
67.1032771249456
67.1032771249456
67.1032771249456
67.1032771249456
67.1032771249456
67.1032771249456
67.1032771249456
67.1032771249456
67.1032771249456
67.1032771249456
67.1032771249456
67.1032771249456
67.1032771249456
67.1032771249456
67.1032771249456
67.1032771249456
67.1032771249456
67.1032771249456
67.1032771249456
67.1032771249456
67.1032771249456
67.2679109082221
67.2679109082221
67.2679109082221
67.2679109082221
67.45463992614344
67.45463992614344
67.51971252757892
67.51971252757892
67.51971252757892
67.51971252757892
67.51971252757892
67.51971252757892
67.51971252757892
67.51971252757892
67.51971252757892
67.51971252757892
67.54601141325091
67.54601141325091
67.54601141325091
67.54601141325091
67.54601141325091
67.54601141325091
67.61432465172622
67.61432465172622
67.63396237129012
67.63396237129012
67.63396237129012
67.63396237129012
67.63396237129012
67.63396237129012
67.63396237129012
67.63396237129012
67.63396237129012
67.77805118110237
67.77805118110237
67.77805118110237
67.77805118110237
67.77805118110237
67.77805118110237
67.77805118110237
67.77805118110237
67.77805118110237
67.77805118110237
67.77805118110237
67.77805118110237
67.77805118110237
67.77805118110237
67.77805118110237
67.77805118110237
67.77805118110237
67.77805118110237
67.77805118110237
67.77805118110237
67.77805118110237
67.77805118110237
67.77805118110237
67.77805118110237
67.77805118110237
67.77805118110237
67.77805118110237
67.85518246517263
67.85518246517263
67.85518246517263
67.85518246517263
67.85518246517263
67.94130451241674
67.94130451241674
68.05368905208965
68.05368905208965
68.05368905208965
68.05368905208965
68.27136016050878
68.27136016050878
68.27136016050878
68.27136016050878
68.27136016050878
68.27136016050878
68.60898697758934
68.60898697758934
68.60898697758934
68.60898697758934
68.60898697758934
68.60898697758934
68.60898697758934
68.60898697758934
68.60898697758934
68.60898697758934
68.60898697758934
68.67263211689884
68.7795748788613
68.7795748788613
68.7795748788613
68.7795748788613
68.7795748788613
68.7795748788613
68.7795748788613
68.7795748788613
69.09259539672925
69.09259539672925
69.09259539672925
69.09259539672925
69.09259539672925
69.09259539672925
69.09259539672925
69.09259539672925
69.09259539672925
69.09259539672925
69.09259539672925
69.09259539672925
69.09259539672925
69.09259539672925
69.09259539672925
69.09259539672925
69.09259539672925
69.09259539672925
69.09259539672925
69.09259539672925
69.09259539672925
69.09259539672925
69.20539225219498
69.20539225219498
69.20539225219498
69.20539225219498
69.20539225219498
69.20539225219498
69.20539225219498
69.20539225219498
69.20539225219498
69.20539225219498
69.20539225219498
69.20539225219498
69.20539225219498
69.20539225219498
69.20539225219498
69.20539225219498
69.20539225219498
69.20539225219498
69.31330370314153
69.31330370314153
69.31330370314153
69.31330370314153
69.31330370314153
69.3299054648256
69.3299054648256
69.3299054648256
69.3299054648256
69.3299054648256
69.36382049226594
69.36382049226594
69.36382049226594
69.36382049226594
69.36382049226594
69.36382049226594
69.36382049226594
69.36382049226594
69.36382049226594
69.36382049226594
69.36382049226594
69.43378505936315
69.43378505936315
69.43378505936315
69.43378505936315
69.43378505936315
69.43378505936315
69.43378505936315
69.43378505936315
69.43378505936315
69.43378505936315
