45.39786057729974
48.50807175654969
49.644810907657195
50.35014609893704
50.75618236427952
49.62626844779561
51.166874456833256
49.699832032568146
50.741721636367416
50.67646378154508
50.59394714277865
49.95343425912548
51.80253620474411
51.780949093806534
53.100842046167905
52.64200170883465
52.26130748805456
53.63350162507934
51.302402297126115
53.39566129656621
51.66051744802096
52.94932449383075
51.9830616813525
52.67446090559936
51.32765119645878
53.2599163825272
52.86245456180696
51.87698392937873
53.11047787250414
52.383272326364775
53.788607911969414
53.282114788106625
52.51505730637022
53.27600520306415
53.17918036273384
53.2667568572802
52.03839405734188
52.4166828648196
52.361067132616455
50.293587442014505
51.63986576488753
50.550653650187776
51.02683891548784
50.49548709758523
50.52751421995637
53.221471254482545
52.6217098670032
51.94789220977932
53.057019097326204
52.03858966770479
53.73902761168898
53.35860306985923
51.95702956315722
53.63825805498109
53.87309109904789
52.95267567440174
54.81182910852673
54.42419725665684
52.78765132161349
53.060187767468044
54.137271717639614
55.18665555373121
53.95313682744848
54.07147130091274
53.52516342170906
53.5413751818067
54.740134197963876
54.10969564069442
53.82916541226486
53.73511524300052
53.55247657787533
54.59840610011172
54.856749141780924
55.40502102198491
54.46359493500962
54.39445903293704
52.847028939512086
53.99466405892287
52.80678304176984
54.25250030812926
54.82117018974813
53.68734773049114
53.28587100397453
53.87577591803973
54.27986507783223
55.072510009198695
55.1132332602541
53.88887955048317
54.38467720915977
54.986814547592935
53.867269104613285
54.62617776980479
53.452095706040126
54.06770860843843
56.35739565403546
55.2096869981376
53.702345318072055
55.398742679864256
54.415427130022366
55.011533287473554
53.22269160187338
53.8095134319808
54.69845131089495
54.50165513664383
53.391047011075536
54.00392337119808
54.0107398348277
54.06745450209198
54.890623735402386
55.997404842148306
53.776962292715325
55.549855427444335
55.307919216013886
55.990074008696965
55.519535005762634
54.633072904432304
56.04884305890562
53.63956596163387
56.85909138618477
55.869325240867475
55.69400475217011
55.78554884661251
55.65295148654896
55.70761692002718
54.7517022849202
55.71666964554414
55.22793250086586
55.37803466832243
55.990345331552426
54.98093217119503
56.035564354892394
56.31116234172171
55.157856642728284
55.18742959166459
55.98592439732335
55.88946724514991
55.60772594987842
56.059539731316974
56.297596308919154
54.90166958602952
55.74838685777106
54.71067043610919
56.54451272028627
56.33704289955251
56.34210076409739
55.80538178142432
55.107360539790704
57.80206388903234
55.35489027302522
55.50694288355928
54.682918348668935
55.74315689046352
58.417299884074794
56.7008674850135
57.536146822712475
57.77263710060773
57.29424693222552
56.87773748178933
56.002036150726646
56.05041609299598
57.169610444302826
56.03950375169635
55.76175421283618
56.13284042036872
55.60559624042027
56.21767030501163
56.577976871083635
56.322184086981075
56.62809910062913
56.446364968811466
56.13295242429702
55.8358356881814
55.05975283398795
55.884825273160814
56.0184180276213
57.85696115989759
56.02806988852057
56.75479203541905
56.51683114391994
55.59248940188121
56.19914917604096
58.42964157252699
54.4048867809958
55.95905805010429
57.73566230605202
56.0272768268716
54.89699726645575
55.26052377165532
55.58040660134662
56.02771031722388
56.47193806440574
56.300426216590544
55.440781235706176
55.607567474685666
55.783564219004454
55.971173417985824
57.4793706338126
57.98843686715418
56.70605831379843
58.33750329563208
56.413762527635335
56.693952452018266
56.69358482930478
57.028219352375835
56.02045266359386
57.532022536289844
57.866232784601614
56.43449923605995
57.31031437073686
55.94038114674553
57.466612354266
57.07374112169798
58.180976009145496
56.22690516227481
57.800700690586034
56.86273823539247
57.91123645344982
56.63596687397149
56.93836449759505
56.84600227063527
59.117265733160366
57.4610215726586
55.07311460928385
57.901281441953344
56.55152530535562
56.45307831698675
56.39116516043208
56.466287059171805
55.76741950899391
55.39009781126807
56.292930122298294
57.096593530720455
57.04684141137214
57.89622744540451
58.01229691118002
57.285584649992046
55.994828946673465
57.42560657427776
56.887368004989916
56.71228292238345
56.1224069052673
55.58762501131213
56.80520918638539
54.710238326767616
55.35963382560427
55.626198217744594
56.52618706844493
56.26283853233214
55.54785754835875
56.39510191970559
57.11973768514331
56.591851470793635
56.505258175524425
55.822947070396594
56.16593511713764
57.17473469395923
55.821384395815755
55.23237519652607
57.53324111242926
56.334108839984914
56.77064975613808
56.19233531186191
56.74284817389575
55.35447742323781
54.67729617731608
57.29742455618414
56.552252527048594
57.02092338855196
55.82205565825367
56.113664008703815
56.54400955885837
57.201433660985806
55.54049129007341
55.36298757347124
57.43079332209251
56.71746061937509
56.50511376426691
56.23154536109189
55.62801735868361
57.07281682881707
57.99584654583302
57.41963749070334
55.41492660010655
58.15619971063485
58.20222856142016
59.55171502364861
57.692044775120856
59.187688988921906
57.90629481090457
58.106679667419115
58.933573879485984
58.8902290897195
57.09737120130269
60.13385884780765
60.27548832067645
59.29883026092762
59.49903696993093
59.49617367269634
59.93215722408562
60.1682280145974
60.12554991684134
60.63574598735756
60.443710252762294
59.52849221418176
59.08269043529729
59.732391023675255
59.23024707261717
60.65014499980438
60.934189503479814
60.583993690605375
61.065283177157845
59.96522792995836
61.21006867379224
60.6067609755488
59.73760065720492
61.61704392676799
61.296703388300635
60.76299788295394
61.4757397542423
60.080893350554575
61.63871708152101
60.225576195221336
60.82211154738123
60.658691285861444
60.42783081362765
59.934588963268276
59.57213971367473
61.56069597573725
62.170369901391304
61.60853922747864
60.96886422790537
60.955576073821575
61.645252880331476
60.97454911097193
60.65549883616528
60.212823672798514
60.77830827899683
61.413091297173494
60.31670481674355
59.995742650742564
61.202284227247624
61.4711242594435
60.73883285902153
60.663621012220325
61.39553093558202
61.56220833724517
61.67005091043659
60.13525900801435
60.8179847842853
61.1828301801111
60.934940617892465
60.53096107985479
61.63972653945105
60.840339839193994
61.43290743419175
60.4862424327823
60.654431505007935
61.09006051408444
60.61967959875375
61.82313987715049
61.661386128408765
60.83165552228772
62.135200635023025
60.96233135553643
59.679659364212995
60.79671940013353
60.85464574419379
61.49609820022033
62.712384450522784
60.86163315934564
61.30790381373462
62.64469159217194
62.012538631617126
60.22973090065507
61.26011679846892
61.78300639900195
62.005690304539804
60.583154262547666
61.065559977782414
61.903449673838
62.11698618974694
62.01917925958882
62.26830556658568
60.72430220939598
62.06182272544373
61.28328164144454
60.39404085707595
61.7138531321302
61.18441031976663
60.83244130007978
61.84859697282279
62.09742589900973
61.97773804219326
61.94502094793696
62.657996222038804
61.66668732332546
61.14534509338755
62.18143927041348
60.623810591036275
62.08635365985605
61.32580804757523
