162264.0
144992.0
144992.0
144142.0
133346.0
129862.0
129862.0
129862.0
122900.0
122900.0
122900.0
119808.0
117030.0
117030.0
114766.0
113096.0
113096.0
107238.0
107238.0
107238.0
106818.0
104392.0
104392.0
104392.0
91580.0
91580.0
86320.0
86320.0
86320.0
86320.0
86320.0
84650.0
84650.0
82440.0
82440.0
82440.0
82100.0
82100.0
78350.0
74954.0
74954.0
74954.0
74634.0
70474.0
70474.0
70474.0
70474.0
70474.0
68708.0
68708.0
65714.0
65714.0
65714.0
65714.0
65714.0
64634.0
64634.0
64634.0
60254.0
60254.0
55880.0
54248.0
54248.0
53630.0
53630.0
53630.0
53630.0
53630.0
53630.0
53630.0
53630.0
53630.0
53630.0
53630.0
53630.0
53630.0
53630.0
53630.0
53630.0
42386.0
42386.0
42386.0
42386.0
42386.0
42386.0
42386.0
42386.0
42386.0
42866.0
42866.0
42866.0
42866.0
42866.0
42866.0
42866.0
42866.0
42866.0
42866.0
42866.0
42866.0
42866.0
42866.0
42866.0
42866.0
42866.0
42866.0
42866.0
42866.0
47756.0
47756.0
47756.0
47756.0
47756.0
47756.0
47756.0
42136.0
42136.0
42136.0
42136.0
42136.0
42136.0
56186.0
55896.0
55896.0
55896.0
53820.0
53820.0
53820.0
53820.0
53820.0
53600.0
53600.0
52526.0
52526.0
52526.0
52526.0
52526.0
52526.0
52526.0
52526.0
52338.0
51046.0
50721.0
50721.0
50721.0
50721.0
48901.0
48901.0
48901.0
48901.0
48901.0
48901.0
48901.0
48901.0
48901.0
48901.0
48901.0
48901.0
48901.0
48901.0
48901.0
47631.0
47631.0
47631.0
47631.0
47631.0
47631.0
47631.0
47631.0
47631.0
47631.0
47631.0
47631.0
47631.0
46986.0
46986.0
45166.0
45166.0
43626.0
39336.0
39336.0
39336.0
39336.0
39336.0
39336.0
39336.0
39336.0
39336.0
39336.0
39336.0
39336.0
39116.0
39116.0
39116.0
37512.0
37512.0
37132.0
37132.0
37126.0
37126.0
37126.0
37126.0
36926.0
36926.0
36926.0
36926.0
36926.0
34476.0
34476.0
34476.0
34476.0
34476.0
34476.0
34476.0
34476.0
34476.0
34476.0
33736.0
33736.0
33736.0
33736.0
33736.0
33736.0
33736.0
33736.0
33736.0
33736.0
33736.0
33736.0
33736.0
33736.0
33736.0
33736.0
33556.0
33556.0
33496.0
33496.0
33496.0
33496.0
33496.0
33496.0
33496.0
33496.0
33496.0
33496.0
33496.0
33496.0
33496.0
33496.0
33496.0
33496.0
35196.0
35376.0
35376.0
39756.0
39756.0
39756.0
39756.0
39756.0
39756.0
39746.0
39746.0
39746.0
39746.0
39746.0
39746.0
39746.0
39746.0
39746.0
39746.0
39746.0
39746.0
39746.0
39746.0
39726.0
39726.0
39726.0
39726.0
39726.0
39726.0
40544.0
39774.0
39774.0
39774.0
39774.0
39774.0
39394.0
39394.0
38454.0
38454.0
38454.0
37024.0
37024.0
37024.0
37024.0
33894.0
33894.0
33894.0
33894.0
33866.0
33866.0
33866.0
33866.0
33866.0
33866.0
33866.0
33866.0
33866.0
33866.0
33866.0
33866.0
33866.0
33866.0
33866.0
33866.0
33866.0
33866.0
33866.0
33866.0
33866.0
33866.0
33866.0
33866.0
33866.0
33866.0
33866.0
33866.0
33866.0
33866.0
33866.0
33866.0
33866.0
33866.0
33866.0
33866.0
33866.0
33866.0
33866.0
33866.0
33866.0
33866.0
33998.0
33344.0
33344.0
33344.0
33344.0
33344.0
33344.0
33344.0
33344.0
33344.0
31844.0
31844.0
31844.0
31844.0
31844.0
31844.0
31844.0
31844.0
31844.0
31504.0
31504.0
31504.0
31504.0
31504.0
31504.0
31504.0
31504.0
31504.0
31504.0
31504.0
31504.0
31504.0
31504.0
31504.0
31504.0
31504.0
31504.0
31504.0
31504.0
31504.0
31504.0
31504.0
31504.0
31504.0
31504.0
31504.0
31504.0
31504.0
31504.0
31504.0
31504.0
31504.0
31504.0
31504.0
31504.0
31504.0
31504.0
31504.0
31504.0
31504.0
31504.0
31504.0
31504.0
31504.0
31504.0
31504.0
31504.0
31504.0
31504.0
31504.0
31504.0
32368.0
31978.0
31978.0
31978.0
31978.0
31978.0
31978.0
31978.0
31808.0
32368.0
32368.0
32368.0
32368.0
32368.0
32368.0
32368.0
32368.0
32368.0
32368.0
32368.0
32368.0
32368.0
32368.0
32368.0
32368.0
31808.0
31808.0
31808.0
31808.0
31808.0
31808.0
31808.0
31808.0
32368.0
32368.0
32368.0
32368.0
32368.0
32368.0
31978.0
31978.0
31354.0
31354.0
31354.0
31014.0
31014.0
31014.0
31014.0
31014.0
31014.0
31014.0
31014.0
31014.0
30774.0
30774.0
30774.0
30774.0
30774.0
30774.0
30774.0
30774.0
30774.0
30774.0
30774.0
30774.0
30774.0
30774.0
30774.0
29898.0
29898.0
29898.0
29898.0
29898.0
29898.0
29898.0
29898.0
29898.0
29898.0
29898.0
29898.0
29898.0
29898.0
30214.0
30214.0
30094.0
30094.0
30094.0
30094.0
