54.65696083701446
59.93538160506012
65.80761484187121
63.04402925091724
66.86466347912551
62.63825521054375
67.09121546816381
69.46485704162664
68.3447675929636
66.95003777558074
67.75257522926198
66.3071885227871
65.9284692019798
68.67923240906812
67.14778347893592
66.26619940215039
69.14126212065038
67.28569462642545
70.00081023790221
67.86329082967227
67.5624084624596
67.46748685835269
70.18562938022461
70.87714540950033
69.59226181833918
72.24882071337599
69.84615611316312
70.49563961900567
71.50772859019871
71.60532235404733
71.3482581463385
69.20562848498388
71.10344286163286
70.11838047101699
71.65850290448661
71.33409182768024
71.37280342947986
72.77981500893529
71.6831749811681
73.57081639670054
72.38382906557563
73.07730604690596
72.25533599576306
71.10803885154057
70.98013335444361
72.06574211602252
70.49177280368654
71.38460682774395
71.62462812337645
72.6275075822146
72.33087818119255
72.82924761521728
71.50592982293612
71.67763150285552
72.59452284425191
71.63626614565575
73.14199272640302
72.15328252404424
70.80429843298475
71.19227244544075
72.19188219308768
71.31318522760242
71.54394667425835
70.68541134163245
71.6214048173821
70.60221748296489
72.0786672228589
71.98123773339334
71.59324411552365
70.64712665091511
71.82828682871646
70.30781879700277
71.77036268643427
71.92541009549971
72.13846374523781
70.27597204395195
70.25709355397103
71.58080076776936
71.00919371459248
72.63604726255585
72.27209432275677
72.73115053804021
74.22843111557268
73.45693706103265
71.59165681933368
72.81292297998807
73.22247440683613
73.07323718585768
71.47312207089179
72.8056882537555
72.44293687807972
73.59298678418538
72.35318658930775
71.00954869231441
72.51461288659635
73.4724115276182
73.87136495916604
72.669458131071
72.14239654372554
72.59352230097325
73.0818073170254
73.2913767686637
72.68370034759785
72.33247335545384
71.42464014686132
71.38255528300184
71.53357400402915
72.14785226392071
72.13271032774477
74.40565948993068
72.85198276801799
73.14227386828686
71.12808902564522
71.92544245606017
71.7909377188258
73.02059300374253
72.45527293541274
74.05066903583042
72.93077796977349
71.97063746410711
71.85226624213776
72.95871502291773
73.97680613574077
74.09431981048347
74.0968610862368
73.20007756497444
72.59752536851774
74.02157185061856
72.56280214595299
73.22628765165592
73.36449036607706
73.0891158085264
73.95228149892604
73.93915544506156
74.50023399903499
73.4157275624899
73.07471870311474
73.898425741025
74.67952223056487
75.14223776715174
73.69273779933778
73.13997613179156
75.09957780136202
75.75151120735632
75.28088400501629
73.80849275872546
74.41361227119177
74.41349457337316
75.12612280306003
73.91576318621173
76.42536135155953
74.0547795073195
74.41311156877154
73.9518694942273
73.98705877445236
74.71779350930638
75.38882580122797
74.97073222094399
75.85012168912213
74.7172661724354
72.94194984264497
72.88981485198771
73.85680900463338
73.60598229456673
73.0250577489628
73.03067260199147
73.55249328902092
73.83353156202791
74.61521256213268
73.07308273676627
73.01092744093822
73.49167212803854
72.95713641455285
73.68744173711289
73.66128744840468
73.3986678961553
73.36944243381255
73.13180041004107
74.31200023728671
74.0526784737057
73.34333320929295
73.53163973578164
73.14368699604285
72.43293706220177
72.96416372976266
71.67999720318046
73.03177104331667
73.17513340228055
72.84082251113044
73.15511624261987
72.75986070292029
72.38875619273593
71.80693701407976
72.06952932057196
72.05478359801971
71.54657484905839
71.79733437076962
72.27044081707947
71.83789308329817
71.80959391914749
71.78286895460175
72.07475775130585
71.48995576451767
72.54484859573223
72.4455457378168
73.25527970885086
72.26589357975946
72.08406707324113
73.02846696215666
73.06240425814359
73.63686500143352
73.01472064784824
72.93402213370234
72.62884044801935
72.27138534307805
73.34348212441674
73.61631540179941
73.02103889728423
73.49303063991272
73.63440097309736
74.08433680772151
74.24186725958066
73.51486754914758
72.55945697254461
72.75544808313268
72.10691372409374
72.09385348671994
71.81476493389268
72.6103804998105
73.66901522919083
72.79803393182397
73.10669557112111
72.12913876735148
71.70752288956088
72.41631780675303
72.88171152141035
73.01815219746433
73.85820248816455
73.18923061416618
74.71583071083514
74.01041760213005
74.56696674196115
74.02052949044914
74.29689850285541
74.12388815055822
74.62997788645248
74.0956507942007
73.78091320135161
74.13364347126324
73.23572508603074
73.47948007255683
73.09748363249722
74.10000480314676
73.87959179166637
73.93527727325127
74.33148288226867
74.34419747100401
74.53325033259071
74.22484730935425
74.45519470818137
74.38139638417474
74.21001272023067
74.46671232023283
74.03566585377955
73.83202362390139
73.46511567713537
73.85783819246002
73.53479074968938
74.38183384356311
74.27877781842899
74.31060293824092
74.70383451427949
73.64713320294103
74.0949529560004
73.8867948179095
73.86572421405268
74.48416202432955
74.07810870175196
74.32214490408502
73.99422996581994
74.16786216205132
74.37666436550009
73.92231842265097
74.3403276579089
74.13960359502934
74.05886296314351
74.01624724809886
74.30393896666148
74.6448486882191
74.32015293526267
75.37939233439903
74.38841441884567
74.92000578640999
74.05178999221347
74.09148157881953
74.24019383593378
74.24287796336723
74.04538755963183
74.12940893788455
73.8294689117301
74.26833419748603
74.97240434918967
74.32413259951653
73.86378577390965
74.59222608178398
74.29226018137318
74.32688439142905
74.31779610634868
74.450545952405
73.7236520627861
73.68623698047136
73.96143910505323
73.94092333685141
73.33138640120843
73.40499562350762
73.85550656764227
73.59921669151113
73.3398525582186
73.92548028178675
73.4540490965349
73.72387004976774
73.62991293203588
73.6292624581711
74.17025768223047
74.17330667490616
73.62602083575825
73.97697645881298
73.87369894475458
73.5240346058833
73.33065063187942
73.89682922908564
74.13115554217146
74.14317793523018
74.4819943041967
73.92572127797003
74.13993093830034
73.94504093264227
73.87866020211095
74.06730388172238
73.50712660174804
74.07859495767975
74.06838361829155
74.08883420815398
73.89405205775051
73.74544559041085
74.37414250997277
73.8381775073697
73.94350316597458
73.89473537199324
73.96239348729554
74.26867753915249
74.79576455003735
74.6166154680008
74.59615603573702
74.19023957166895
74.1166857540198
74.01536910549679
73.98060716183448
73.37876917529019
73.47531020818171
73.17242508205359
73.58189584161597
73.15681063803066
73.75888845957333
74.35462602833294
73.7597326450132
74.29774454253584
74.45937432849716
73.50494907610063
74.19406464603728
74.39301644572522
73.93609718550968
73.98319288206702
74.99707001660981
74.34844433155217
74.12688530407063
74.18464801500369
74.19953371951635
74.07067118468068
74.10756506550167
74.08951458312393
73.94823360455462
74.02242206218088
74.00253359729159
74.24030092857703
74.34395813793839
73.87292161318045
73.65352784777092
73.50468491749847
73.6222372347691
73.89481408348227
73.8241097603752
73.68303230197786
73.70519057755132
73.47490122208242
73.7723843490654
74.02001388732454
74.01193298035994
74.23114321019229
73.23645258863564
73.64767218772245
74.23421629061488
73.99415188772804
74.44183431504018
73.5920299310725
73.84110859390822
73.79498430410574
73.6616436176706
74.0360306720998
73.5971561572107
73.36305974683567
73.12684576834327
73.64066071664391
73.74616192199852
73.64309537350611
74.00570375002681
73.58553815189424
74.09394378710878
73.98167571755384
73.64765030788156
73.92637080700584
73.49167857911118
74.11755775630151
73.87765649849297
73.79155838190646
73.89228568836484
74.14250027869161
74.18008629643754
73.74805894205538
73.62438480206282
73.85447007579269
73.3428798163634
73.96444148376895
73.84921521361343
74.13753696368634
73.82710582632807
74.1472180699994
73.78578613048944
74.0036720209258
73.83733967111868
74.47090310826678
73.8488786104436
74.52601381899444
73.89756574711211
73.54805761630118
73.95119659234167
74.17701699749097
73.97433250493297
73.92597862662208
74.31927514840491
74.1505336569989
74.18243998685
74.20055471261463
74.58623590205339
73.65827975369308
73.87149874503493
73.28489720342033
74.04572183500933
74.1263379519993
74.1167123672791
74.18639666879716
73.4462918863867
73.52427413954426
73.86461170899646
74.12812081888474
73.94146611019954
74.2782505587035
74.02697009097106
74.31822887694202
74.027579812414
74.17617221666356
74.34259340158853
74.23596267051357
73.92925095628053
74.04723291981595
73.4868025118057
73.8279838403794
73.68616662474528
74.07786416320725
74.3419136096802
74.27225996488077
74.10990784279183
74.38648766725913
74.04700167227229
73.72643461188893
73.51715679313936
74.09346405034938
73.9597349860622
74.58225028774804
73.92466137992149
74.54242015224095
73.7026537804756
73.57899020413342
74.28707537089285
73.88762117478775
73.81830987479081
73.99958892633516
73.95802701126003
73.36481475640416
74.11536237245537
