44.51352964584162
50.49893804013476
52.415146948775515
50.81771160343229
53.42070238708569
60.96889255556634
61.396115115016286
60.33057851239669
67.03582066753226
68.64050365095338
68.59525147889399
62.80169137210186
66.43830597889801
69.46435604568728
66.3044038778878
64.26358264879666
71.25877011968635
70.3047619047619
66.65042235217673
71.31792543678635
68.26066666666667
67.77590349128457
70.13384005287509
68.53752623974265
68.530565881867
66.55515461334134
63.5878090684993
63.79690173193652
62.8327319763088
65.28928790669123
63.65885606170863
68.78446318520922
67.83404623688767
68.19258194976585
69.54193442082716
67.66101782351879
60.49662672894244
62.67504530584387
67.94752488044462
69.71745466321244
61.60193856834109
68.83634714887715
65.64584287969045
64.05255974275337
70.17251415568609
69.58860417342416
68.89073535521396
65.59963931469792
66.4113295954092
67.42934230913073
71.74218475588337
67.42934230913073
69.22875131164743
70.93854871540958
67.73271706177626
71.12950081287813
70.60084068243633
67.74648630118925
71.05724374339546
69.06245784432754
67.41548994437314
69.39710239473756
68.75707066897957
67.03238479232895
68.99110601844274
65.45194980840033
65.94386743835724
69.16038053762604
68.29535495179667
67.33645817324931
64.23249239320539
69.02714988018478
67.21839753918265
63.61857427549281
63.77488679652124
64.82916170043704
