382546.0
389340.0
225900.0
236214.0
225900.0
226684.0
232216.0
232216.0
231280.0
231280.0
219312.0
219312.0
219312.0
219312.0
211590.0
211590.0
210380.0
210380.0
210380.0
217376.0
217376.0
217376.0
217376.0
217376.0
217376.0
217376.0
217376.0
216796.0
216796.0
216796.0
216796.0
216796.0
216796.0
201598.0
201598.0
201598.0
200138.0
200138.0
200138.0
200138.0
200138.0
200138.0
200138.0
200138.0
200138.0
200138.0
200778.0
190154.0
190154.0
190154.0
189134.0
189134.0
189134.0
189134.0
189134.0
189134.0
189134.0
189134.0
189134.0
189134.0
189134.0
201206.0
201206.0
201206.0
201206.0
205920.0
205920.0
201206.0
142044.0
142044.0
123254.0
123254.0
123134.0
117422.0
117422.0
117132.0
