62.62974619152152
67.18090355041771
56.9136965260329
63.200064692739424
67.93128969982739
69.53205822516911
69.94102535678621
71.33445877672872
71.57308154902911
72.22295556308781
72.21123209464608
72.50462816549297
72.76117244967965
73.03089170452357
73.12040763314242
73.06443401179703
72.27046537614504
72.31810170967542
72.33445733823235
72.29565588695293
72.29565588695293
73.20391464569059
72.92924624403628
73.04232392348564
73.04232392348564
73.21217455793804
73.6241771604195
73.39133082753966
73.29183183423537
73.12549916369554
73.02489268882711
73.12549916369554
73.12549916369552
72.96245717700339
73.51756692865587
72.98552900362132
73.36184322853917
73.61369478543033
73.41330432908445
73.43090808777713
73.59186339414462
73.69674907463384
73.50911443167124
73.51062510399014
73.51062510399014
73.81874259387165
73.81964809063605
73.85719270697027
74.16034196981592
74.10729396793857
74.04686954062244
74.22055307924472
74.22055307924474
73.91418963988745
73.8311218312211
73.54425463688422
73.68301916462771
73.4774304513001
73.87371987577677
74.02781380356438
74.02781380356438
73.95833238818598
73.75009667245756
73.38537340952463
74.29891733730402
74.08724044950725
74.68177912411362
74.74075964571084
75.01601310952584
74.91534812167188
75.34242055748801
75.59209059086898
75.93091004926116
75.98262188010263
75.90656830728558
75.36805802170399
