59.07991142745393
65.12951514117385
62.752940977151205
57.222488084983205
63.962017712387414
66.44048153491087
66.3968482178386
66.34684126686022
70.62722159274091
71.41305548468533
71.66338928786027
70.63671703859498
71.64839352958984
72.35226622392331
72.0328930176558
72.10987450030159
72.74868400084401
72.4068406153951
72.03436454186358
72.7685397301262
71.67959302648511
72.13560787695053
72.66287159442746
71.6571840816318
72.77015466794171
72.00825438781636
71.94153899682388
72.15886887460148
72.42976401162127
72.34734351811092
71.83696521172492
72.45304062544969
72.40376388682672
72.41964472087982
72.57970741636024
72.61120015610108
71.4452116124714
71.80992864052604
72.59866086192253
72.67661569777198
71.81531296335964
73.16244725826178
72.65105836676341
71.79139740805113
73.34689287783844
73.0558877483408
73.14224568152251
72.67417429861109
72.88586720229976
73.64728129613985
73.68612921013911
72.89211638771798
73.39238763249838
73.6401096145049
72.77027849008094
73.2639272849259
72.78713141674893
72.37409361479173
73.31391036627691
73.123099839604
73.2707223243678
73.04442751429268
73.19079642208382
72.27150724248774
73.36774569839143
73.63676233344258
72.87160496981558
74.17890330244008
74.18017495712317
73.72325477797057
74.19409431748502
74.49470814962213
74.65897841556415
73.89214740017987
74.57421655224438
74.85613543771976
