29.24107142857143
32.51725053078557
33.55739400206826
30.82844995978398
29.87331954498449
29.87331954498449
29.87331954498449
29.87331954498449
29.87331954498449
33.55739400206826
33.55739400206826
33.90231092436974
37.18037584719655
37.18037584719655
37.18037584719655
37.18037584719655
37.18037584719655
37.18037584719655
37.18037584719655
37.18037584719655
37.18037584719655
37.36521873074553
37.36521873074553
37.36521873074553
37.36521873074553
37.36521873074553
37.01514722536806
37.01514722536806
37.01514722536806
37.01514722536806
38.13539741219962
38.42806531115218
38.42806531115218
38.42806531115218
38.42806531115218
38.42806531115218
39.96842267406038
39.96842267406038
35.90598433072178
39.96842267406038
39.96842267406038
39.96842267406038
39.96842267406038
39.09414340448823
39.09414340448823
39.09414340448823
39.96842267406038
39.96842267406038
39.96842267406038
39.96842267406038
39.96842267406038
34.90281501340483
39.96842267406038
39.96842267406039
39.96842267406039
39.96842267406039
39.96842267406039
39.96842267406039
39.96842267406039
39.96842267406039
39.96842267406039
39.96842267406039
39.96842267406039
39.96842267406039
39.96842267406039
39.96842267406039
39.96842267406039
39.96842267406039
39.96842267406039
39.96842267406039
39.96842267406039
39.96842267406039
39.96842267406039
39.96842267406039
39.96842267406039
39.96842267406039
39.96842267406039
39.96842267406039
39.96842267406039
39.96842267406039
39.96842267406039
39.96842267406039
39.96842267406039
39.96842267406039
39.96842267406039
39.96842267406039
39.96842267406039
39.96842267406039
39.96842267406039
39.96842267406039
39.96842267406039
39.96842267406039
39.96842267406039
39.96842267406039
39.96842267406039
39.96842267406039
39.96842267406039
39.96842267406039
39.96842267406039
39.96842267406039
39.96842267406039
39.96842267406039
39.96842267406039
39.96842267406039
39.96842267406039
39.96842267406039
39.96842267406039
39.96842267406039
39.96842267406039
39.96842267406039
39.96842267406039
39.96842267406039
39.96842267406039
39.96842267406039
39.96842267406039
39.96842267406039
39.96842267406039
39.96842267406039
39.96842267406039
39.96842267406039
39.96842267406039
39.96842267406039
39.96842267406039
39.96842267406039
39.96842267406039
39.96842267406039
39.96842267406039
39.96842267406039
39.96842267406039
39.96842267406039
39.96842267406039
39.96842267406039
39.96842267406039
39.96842267406039
39.96842267406039
39.96842267406039
39.96842267406039
39.96842267406039
39.96842267406039
39.96842267406039
39.96842267406039
39.96842267406039
39.96842267406039
39.96842267406039
39.96842267406039
39.96842267406039
39.96842267406039
39.96842267406039
39.96842267406039
39.96842267406039
39.96842267406039
39.96842267406039
39.96842267406039
39.96842267406039
39.96842267406039
39.96842267406039
39.96842267406039
39.96842267406039
39.96842267406039
39.96842267406039
39.96842267406039
39.96842267406039
39.96842267406039
39.96842267406039
39.96842267406039
39.96842267406039
39.96842267406039
39.96842267406039
39.96842267406039
39.96842267406039
39.96842267406039
39.96842267406039
39.96842267406039
39.96842267406039
39.96842267406039
39.96842267406039
39.96842267406039
39.96842267406039
39.96842267406039
39.96842267406039
39.96842267406039
39.96842267406039
39.96842267406039
39.96842267406039
39.96842267406039
39.96842267406039
39.96842267406039
39.96842267406039
39.96842267406039
39.96842267406039
39.96842267406039
39.96842267406039
39.96842267406039
39.96842267406039
39.96842267406039
39.96842267406039
39.96842267406039
39.96842267406039
39.96842267406039
39.96842267406039
