61.5795090715048
61.5795090715048
61.5795090715048
61.5795090715048
62.52626050420168
62.52626050420168
62.52626050420168
63.81345926800471
63.81345926800471
63.81345926800471
63.81345926800471
63.81345926800471
63.81345926800471
63.81345926800471
63.81345926800471
63.81345926800471
63.81345926800471
63.81345926800471
63.81345926800471
65.98288075560802
65.98288075560802
65.98288075560802
65.98288075560802
65.98288075560802
65.98288075560802
65.98288075560802
65.98288075560802
65.98288075560802
65.98288075560802
65.98288075560802
65.98288075560802
65.98288075560802
65.98288075560802
65.98288075560802
66.37473460721868
66.37473460721868
67.15581643543223
67.15581643543223
67.15581643543223
67.15581643543223
67.15581643543223
67.15581643543223
67.15581643543223
67.15581643543223
67.15581643543223
67.15581643543223
67.15581643543223
67.15581643543223
67.15581643543223
67.15581643543223
67.15581643543223
67.15581643543223
67.15581643543223
67.15581643543223
67.15581643543223
67.15581643543223
67.15581643543223
67.15581643543223
67.15581643543223
67.15581643543223
67.15581643543223
67.15581643543223
67.15581643543223
67.15581643543223
67.15581643543223
67.15581643543223
67.15581643543223
67.15581643543223
67.15581643543223
67.15581643543223
67.15581643543223
67.15581643543223
67.15581643543223
67.15581643543223
67.15581643543223
67.15581643543223
67.15581643543223
67.15581643543223
67.15581643543223
67.15581643543223
67.15581643543223
67.15581643543223
67.15581643543223
67.15581643543223
67.15581643543223
67.15581643543223
67.15581643543223
67.15581643543223
67.15581643543223
67.15581643543223
67.15581643543223
67.15581643543223
67.15581643543223
67.15581643543223
67.15581643543223
67.15581643543223
67.15581643543223
67.15581643543223
67.15581643543223
67.15581643543223
67.15581643543223
67.15581643543223
67.15581643543223
67.15581643543223
67.15581643543223
67.15581643543223
67.15581643543223
67.15581643543223
67.15581643543223
67.15581643543223
67.15581643543223
67.15581643543223
67.15581643543223
67.15581643543223
67.15581643543223
67.15581643543223
67.15581643543223
67.15581643543223
67.15581643543223
67.15581643543223
67.15581643543223
67.15581643543223
67.15581643543223
67.15581643543223
67.15581643543223
67.15581643543223
67.15581643543223
67.15581643543223
67.15581643543223
67.15581643543223
67.15581643543223
67.15581643543223
67.15581643543223
67.15581643543223
67.15581643543223
67.15581643543223
67.15581643543223
67.15581643543223
67.15581643543223
67.15581643543223
67.15581643543223
67.15581643543223
67.15581643543223
67.15581643543223
67.15581643543223
67.15581643543223
67.15581643543223
67.15581643543223
67.15581643543223
67.15581643543223
67.15581643543223
67.15581643543223
67.15581643543223
67.15581643543223
67.15581643543223
67.15581643543223
67.15581643543223
67.15581643543223
67.15581643543223
67.15581643543223
67.15581643543223
67.15581643543223
67.15581643543223
67.15581643543223
67.15581643543223
67.15581643543223
67.15581643543223
67.15581643543223
67.15581643543223
67.15581643543223
67.15581643543223
67.15581643543223
67.15581643543223
67.15581643543223
67.15581643543223
67.15581643543223
67.15581643543223
67.15581643543223
67.15581643543223
67.15581643543223
67.15581643543223
67.15581643543223
67.15581643543223
67.15581643543223
67.15581643543223
67.15581643543223
67.15581643543223
67.15581643543223
67.15581643543223
67.15581643543223
67.15581643543223
67.15581643543223
67.15581643543223
67.15581643543223
67.15581643543223
67.15581643543223
67.15581643543223
67.15581643543223
67.15581643543223
67.15581643543223
