39.75666953862912
43.809273334423324
45.57266336767829
47.67016144670451
48.36641805503412
48.7746921309629
50.13638901183424
49.76571656699281
49.4955373025898
50.670362523692205
50.80491098915767
51.92818062898867
53.15203111989873
53.29332449214813
52.80515447518902
52.65329378778491
52.32917938059766
52.8671719088256
53.14471875130105
53.36185367865136
53.05027117051833
54.58457563361941
55.6437883324376
55.264211106331075
54.847961481420406
54.39436723795161
54.09721445827621
54.09779109805213
54.15381818301057
55.14462888075692
55.82968239873806
55.91127356019409
56.3830854785171
56.451967156737496
56.53795701557884
57.09063576056559
56.986858737993416
57.44925184485788
58.134306968806655
58.26478717209943
58.58923741678535
59.15828141426257
58.48449654266557
59.17705154492921
58.791905883119384
59.25530442817377
59.53506660571618
59.62759653064726
59.960143448909264
60.14788263984591
60.536835252996596
59.07097067511607
59.39286034623747
59.71785792448545
59.14776105017139
58.90372107060648
58.77072568058746
58.742706573384545
58.64893364918887
58.58027924664219
58.8112662536348
58.70284406646556
58.578798806651584
58.377211247406635
57.950862225117625
57.28211247371756
57.33290276010435
57.5741363535632
57.82194557440677
58.21168948172148
57.96915832999663
58.142339759369484
57.85824971784524
57.93696271105258
58.10903383675587
58.41141700931869
59.04886767189761
59.16920982643298
59.701508705860206
59.04226100483726
58.81769242394692
58.98103837191248
58.958478013283845
58.99532206175276
58.95642648263462
58.08621463613572
58.14091095894677
58.09388101790188
58.17188228940215
58.14297181747844
57.81610201940542
58.15378304350403
57.910094195873725
57.802870833171504
58.319893157539056
58.02849901770454
57.43435181987318
57.476420827715536
57.89994170836135
57.563189204826166
57.904480285117316
57.86168015641901
57.768329302588654
57.80846802366958
57.59710665619095
57.44769176155895
57.44903714774729
57.64161541429612
57.84807495194873
57.59520040667585
57.45409710102401
57.31352818754077
57.53751741057133
57.792712073078654
58.036583775232145
58.05009750794015
58.45008485527958
58.50080578075365
58.00134417989018
58.21066744173157
58.37857614181843
58.400661362565685
58.070582463401216
57.767918875078955
57.74745740950438
58.295458093835386
57.92673132979529
57.489239720261786
56.96002604629647
57.30187669187561
57.539923763080346
57.5252936054075
57.49675555867547
57.90671469553196
58.23110609526243
58.12294811645931
57.767243221379374
56.93725870606285
56.85976413805666
56.765649301687645
56.87814578808779
57.269104312490086
57.132990492448165
56.943538162068386
57.82054878200931
57.691393749368444
57.853894452149504
57.504253329065286
57.87803595829014
58.3425259377115
58.54951172275465
58.204570111437945
57.6947085005619
58.08964352171355
58.50922930626641
58.38207661287932
58.10202085125172
58.138793559974225
57.924896927836016
57.7565951463544
57.837165568033456
58.544594919350246
58.19493436708732
58.331659145490256
58.319028817176694
57.76078661272014
58.200138128830055
58.60256238690412
58.27945942992225
58.08362847882874
58.31636481681039
57.699523521081936
57.13081285445728
57.48684137198212
58.47405382834374
58.429940306572234
58.242471750112216
58.37889206443481
57.77873730555516
58.24403305723824
58.25211416284484
58.690088177126405
57.671805229332925
57.66188823424263
57.529916145536006
57.375938270246195
57.98652222357848
57.906904743229425
58.08859484222954
58.572488629580654
58.00057528455301
57.881141642225394
57.75862664680121
57.5082270011081
57.90852998390644
57.86177323334617
57.80021394762057
57.98499002763556
57.624176971264646
57.61191175774566
