40.82801785782259
40.357186873270365
40.357186873270365
39.46761986150978
39.46761986150978
39.46761986150978
39.46761986150978
40.359231411862986
40.359231411862986
40.359231411862986
40.9230565872279
40.9230565872279
40.9230565872279
40.9230565872279
40.039574712439546
40.039574712439546
40.721268786191565
40.721268786191565
40.721268786191565
40.721268786191565
41.7037037037037
43.0188298248271
41.998116024812354
41.924276961378666
41.924276961378666
41.54753338887627
41.54753338887627
39.17536348633099
39.17536348633099
41.54753338887627
41.54753338887627
41.54753338887627
41.54753338887627
41.54753338887627
41.54753338887627
41.54753338887627
41.54753338887627
41.54753338887627
41.54753338887627
41.54753338887627
41.54753338887627
42.02704535205316
42.02704535205316
42.02704535205316
42.02704535205316
42.02704535205316
42.2331232127905
42.216072949447714
42.216072949447714
42.216072949447714
42.216072949447714
42.216072949447714
42.216072949447714
42.216072949447714
42.216072949447714
42.216072949447714
42.216072949447714
42.216072949447714
42.216072949447714
42.216072949447714
42.216072949447714
43.811965309230175
43.811965309230175
43.811965309230175
43.811965309230175
45.380965671225226
45.380965671225226
45.380965671225226
45.380965671225226
45.380965671225226
45.380965671225226
45.380965671225226
45.380965671225226
45.380965671225226
45.380965671225226
46.931163837906475
46.931163837906475
46.931163837906475
46.26176406215802
46.26176406215802
46.26176406215802
46.13883381067782
46.13883381067782
46.13883381067782
46.13883381067782
46.13883381067782
46.13883381067782
46.13883381067782
46.13883381067782
46.26176406215802
46.26176406215802
46.26176406215802
46.26176406215802
46.26176406215802
46.26176406215802
46.26176406215802
45.07900566772193
45.07900566772193
45.07900566772193
44.3278907054005
45.07900566772193
45.07900566772193
45.07900566772193
45.07900566772193
45.07900566772193
44.88583414916416
44.88583414916416
44.88583414916416
44.88583414916416
44.88583414916416
44.88583414916416
44.88583414916416
44.88583414916416
44.88583414916416
43.85725242066916
43.85725242066916
43.85725242066916
43.85725242066916
43.85725242066916
43.85725242066916
43.85725242066916
43.85725242066916
43.85725242066916
43.85725242066916
43.85725242066916
43.85725242066916
43.85725242066916
49.36920194603088
49.94398947843309
49.94398947843309
49.78889616833137
49.78889616833137
49.55369532767764
49.55369532767764
49.55369532767764
49.55369532767764
49.55369532767764
47.42362211656982
47.42362211656982
49.24821092278719
49.24821092278719
49.917364990689016
49.917364990689016
49.917364990689016
49.917364990689016
49.917364990689016
47.92447386107328
49.917364990689016
49.917364990689016
49.917364990689016
49.94398947843309
49.94398947843309
50.2217042036818
50.2217042036818
49.78626735061113
49.78626735061113
49.78626735061113
50.2217042036818
50.2217042036818
50.29969705987837
50.29969705987837
51.29969149921995
51.29969149921995
45.692365132225916
51.29969149921995
51.29969149921995
51.29969149921995
51.29969149921995
51.29969149921995
51.29969149921995
51.29969149921995
51.29969149921995
51.29969149921995
51.29969149921995
51.29969149921995
51.29969149921995
51.29969149921995
45.71062415787821
45.71062415787821
50.496915370819075
51.29969149921995
51.29969149921995
51.29969149921995
51.29969149921995
44.029068515970835
44.029068515970835
44.223427468354004
44.223427468354004
44.223427468354004
44.223427468354004
44.223427468354004
44.223427468354004
44.665889201204074
44.665889201204074
44.665889201204074
44.665889201204074
44.665889201204074
44.665889201204074
44.665889201204074
44.665889201204074
44.665889201204074
44.665889201204074
44.665889201204074
44.665889201204074
44.665889201204074
44.665889201204074
44.665889201204074
44.665889201204074
44.897771228587224
44.897771228587224
44.897771228587224
44.897771228587224
45.03730841072408
45.03730841072408
45.03730841072408
43.84977904711748
43.84977904711748
53.36189230700286
53.36189230700286
53.36189230700286
53.36189230700286
53.36189230700286
53.36189230700286
48.544668535899746
53.36189230700286
53.36189230700286
53.36189230700286
53.36189230700286
53.36189230700286
53.36189230700286
53.36189230700286
53.36189230700286
53.36189230700286
53.36189230700286
53.36189230700286
53.36189230700286
53.36189230700286
53.36189230700286
53.36189230700286
53.36189230700286
53.36189230700286
54.27505844806471
54.27505844806471
54.27505844806471
54.27505844806471
54.27505844806471
54.27505844806471
54.27505844806471
54.27505844806471
54.27505844806471
54.27505844806471
54.27505844806471
54.27505844806471
54.27505844806471
54.27505844806471
54.27505844806471
54.27505844806471
54.27505844806471
54.27505844806471
54.27505844806471
54.27505844806471
54.27505844806471
54.27505844806471
54.31446556758985
54.31446556758985
54.31446556758985
54.31446556758985
54.31446556758985
54.31446556758985
54.31446556758985
54.31446556758985
54.31446556758985
54.370569249191014
54.370569249191014
54.370569249191014
54.370569249191014
45.75139937990303
45.75139937990303
54.370569249191014
54.370569249191014
54.637366977140864
54.637366977140864
54.637366977140864
54.637366977140864
54.637366977140864
54.637366977140864
54.637366977140864
54.637366977140864
54.637366977140864
54.637366977140864
54.637366977140864
54.637366977140864
54.637366977140864
54.637366977140864
54.637366977140864
54.637366977140864
54.65044975616627
54.65044975616627
54.65044975616627
54.65044975616627
54.65044975616627
54.65044975616627
54.65044975616627
54.65044975616627
54.65044975616627
54.65044975616627
54.65044975616627
54.65044975616627
54.65044975616627
54.65044975616627
54.65044975616627
54.65044975616627
54.65044975616627
54.65044975616627
54.65044975616627
54.65044975616627
54.65044975616627
54.65044975616627
54.65044975616627
54.65044975616627
54.65044975616627
54.65044975616627
54.65044975616627
54.65044975616627
54.65044975616627
54.65044975616627
54.813661319795244
54.813661319795244
54.813661319795244
54.813661319795244
54.813661319795244
54.813661319795244
54.813661319795244
54.813661319795244
51.78498490244805
54.751807269710675
54.751807269710675
54.751807269710675
54.751807269710675
54.751807269710675
54.751807269710675
54.751807269710675
54.751807269710675
54.751807269710675
54.751807269710675
54.751807269710675
54.751807269710675
54.751807269710675
54.751807269710675
54.813661319795244
54.813661319795244
54.813661319795244
49.39815881584867
49.39815881584867
49.39815881584867
49.39815881584867
49.39815881584867
49.39815881584867
49.39815881584867
49.39815881584867
49.39815881584867
49.39815881584867
49.39815881584867
49.39815881584867
54.813661319795244
54.813661319795244
54.813661319795244
54.813661319795244
54.813661319795244
54.813661319795244
54.813661319795244
54.813661319795244
54.813661319795244
54.813661319795244
54.813661319795244
54.813661319795244
54.813661319795244
54.813661319795244
54.813661319795244
54.813661319795244
54.813661319795244
54.813661319795244
54.813661319795244
54.813661319795244
55.04985701226927
55.04985701226927
55.04985701226927
55.04985701226927
55.04985701226927
55.04985701226927
55.04985701226927
44.03902153954451
44.03902153954451
50.42359938024209
50.42359938024209
50.14136321831249
50.14136321831249
50.14136321831249
50.271281752957144
50.271281752957144
