403526.0
403526.0
403526.0
403526.0
400706.0
350217.0
251509.0
193659.0
193659.0
193659.0
193659.0
193659.0
175736.0
175736.0
175736.0
175736.0
175736.0
154766.0
154766.0
154766.0
154766.0
154766.0
154766.0
154766.0
154766.0
154766.0
154766.0
154766.0
154766.0
154766.0
154766.0
154766.0
154766.0
154766.0
154766.0
154766.0
154766.0
138930.0
138930.0
138930.0
74784.0
74784.0
37300.0
37300.0
37300.0
37300.0
23166.0
23166.0
23166.0
23166.0
23166.0
18332.0
18332.0
18332.0
18332.0
18332.0
18332.0
18332.0
18332.0
18332.0
18332.0
18332.0
18332.0
18332.0
18332.0
18332.0
16663.0
15896.0
15896.0
15896.0
15896.0
15896.0
15896.0
15896.0
10358.0
10358.0
10358.0
10358.0
10358.0
10358.0
10358.0
10358.0
8680.0
7740.0
7740.0
7740.0
7740.0
7740.0
7740.0
7740.0
7740.0
7740.0
7740.0
6227.0
6227.0
6227.0
6227.0
6227.0
6227.0
6227.0
6227.0
5790.0
5790.0
5790.0
5790.0
5790.0
5790.0
5790.0
5790.0
5790.0
5790.0
5790.0
5790.0
5790.0
5790.0
5790.0
5790.0
5790.0
5790.0
5790.0
5790.0
5790.0
5790.0
5790.0
5060.0
5060.0
2495.0
2495.0
2495.0
2495.0
2495.0
2495.0
2495.0
2495.0
2495.0
2495.0
2495.0
740.0
740.0
740.0
0.0
0.0
0.0
0.0
0.0
0.0
0.0
0.0
0.0
0.0
0.0
0.0
0.0
0.0
0.0
0.0
0.0
0.0
0.0
0.0
0.0
0.0
0.0
0.0
0.0
0.0
0.0
0.0
0.0
0.0
0.0
0.0
0.0
0.0
0.0
0.0
0.0
0.0
0.0
0.0
0.0
0.0
0.0
0.0
0.0
0.0
0.0
0.0
0.0
0.0
0.0
0.0
0.0
0.0
0.0
0.0
0.0
0.0
0.0
0.0
0.0
0.0
0.0
0.0
0.0
0.0
0.0
0.0
0.0
0.0
0.0
0.0
0.0
0.0
0.0
0.0
0.0
0.0
0.0
0.0
0.0
0.0
0.0
0.0
0.0
0.0
0.0
0.0
0.0
0.0
0.0
0.0
0.0
0.0
0.0
0.0
0.0
0.0
0.0
0.0
0.0
0.0
0.0
0.0
0.0
0.0
0.0
0.0
0.0
0.0
0.0
0.0
0.0
0.0
0.0
0.0
0.0
0.0
0.0
0.0
0.0
0.0
0.0
0.0
0.0
0.0
0.0
0.0
0.0
0.0
0.0
0.0
0.0
0.0
0.0
0.0
0.0
0.0
0.0
0.0
0.0
0.0
0.0
0.0
0.0
0.0
0.0
0.0
0.0
0.0
0.0
0.0
0.0
0.0
0.0
0.0
0.0
0.0
0.0
0.0
0.0
0.0
0.0
0.0
0.0
0.0
0.0
0.0
0.0
0.0
0.0
0.0
0.0
0.0
0.0
0.0
0.0
0.0
0.0
0.0
0.0
0.0
0.0
0.0
0.0
0.0
0.0
0.0
0.0
0.0
0.0
0.0
0.0
0.0
0.0
0.0
0.0
0.0
0.0
0.0
0.0
0.0
0.0
0.0
0.0
0.0
0.0
0.0
0.0
0.0
0.0
0.0
0.0
0.0
0.0
0.0
0.0
0.0
0.0
0.0
0.0
0.0
0.0
0.0
0.0
0.0
0.0
0.0
0.0
0.0
0.0
0.0
0.0
0.0
0.0
0.0
0.0
0.0
0.0
0.0
0.0
0.0
0.0
0.0
0.0
0.0
0.0
0.0
0.0
0.0
0.0
0.0
0.0
0.0
0.0
0.0
0.0
0.0
0.0
0.0
0.0
0.0
0.0
0.0
0.0
0.0
0.0
0.0
0.0
0.0
0.0
0.0
0.0
0.0
0.0
0.0
0.0
0.0
0.0
0.0
0.0
0.0
0.0
0.0
0.0
0.0
0.0
0.0
0.0
0.0
0.0
0.0
0.0
0.0
0.0
0.0
0.0
0.0
0.0
0.0
0.0
0.0
0.0
0.0
0.0
0.0
0.0
0.0
0.0
0.0
0.0
0.0
0.0
0.0
0.0
0.0
0.0
0.0
0.0
0.0
0.0
0.0
0.0
0.0
0.0
0.0
0.0
0.0
0.0
0.0
0.0
0.0
0.0
0.0
0.0
0.0
0.0
0.0
0.0
0.0
0.0
0.0
0.0
0.0
0.0
0.0
0.0
0.0
0.0
0.0
0.0
0.0
0.0
0.0
0.0
0.0
0.0
0.0
0.0
0.0
