740336.9
676932.5
642922.7875
633698.2
605593.175
583051.4375
553114.3375
550318.875
551056.9375
543851.2875
525117.65
504352.85
493094.0375
493853.35
485365.725
472301.2125
475918.5875
457925.5375
467612.7625
455184.075
454479.325
444487.25
434092.9125
436089.0875
427714.925
425282.325
424468.025
429095.4375
433098.9
420777.975
434883.0375
417889.2
413806.525
406620.025
401171.95
403763.625
403084.775
410048.65
408859.7
418793.575
412007.6
413544.175
434980.4625
433957.2375
452908.1125
448294.3375
448082.35
449615.625
439047.6625
423528.925
419998.1875
421490.7625
425462.8375
430348.375
426380.2375
425341.5875
425341.5875
436254.2375
422687.8375
432663.0625
425401.3625
418224.8375
423416.3
420384.4
417606.6
430836.3875
411734.875
391086.3375
394746.8125
405904.25
394385.1625
398042.9125
387972.75
387064.325
382681.6625
380502.125
386744.3125
379173.4125
368163.1
374546.725
370717.525
372471.7375
369010.6375
348134.8875
348134.8875
348134.8875
345584.625
350981.75
336003.6375
329582.3625
344743.225
342546.65
340759.6875
331238.0375
318801.5375
321287.7375
321224.1375
315112.75
318851.8125
320651.4875
348510.5625
331906.4875
343842.0
344329.175
339007.2
327412.1125
326586.475
340521.825
346982.0875
340532.5875
336781.575
339692.6375
361209.675
359067.7
354385.6625
352957.6625
343151.5125
347033.45
342408.8
354587.425
355869.3875
355489.7125
356663.1
356191.5875
360165.0
349222.2625
352032.9
355136.225
353546.6625
354795.2625
347080.175
347080.175
346514.775
347648.7
346773.9375
338488.6375
344052.375
350639.4375
362498.65
364847.8125
360120.175
369200.0125
355883.775
346635.0875
344835.2625
362030.7125
361945.65
360104.0375
360088.475
367120.9
374158.6375
360887.8
354945.65
355972.1125
371352.4625
375252.35
370837.3625
355827.7125
359106.475
356222.9375
356041.7625
355382.1375
355116.875
355116.875
347493.7875
350456.825
350456.825
350456.825
348113.075
355898.2625
354672.1875
355703.3125
348755.25
354346.15
349011.0
349854.8375
349854.8375
355053.7
350936.4
357549.9375
367690.1
363685.6875
363685.6875
372808.575
359129.0875
358958.2
350162.2375
343800.8875
347905.3875
347919.925
353213.975
353185.6625
351795.9625
350423.575
360303.2125
377263.0625
367822.3875
368581.025
375200.0125
369541.9875
377143.175
375679.6375
375679.6375
375048.75
368027.5875
353224.675
344991.5875
347038.675
344055.7625
347077.325
345142.0
356512.1625
356512.1625
363186.15
363178.125
364554.8875
364230.8
367456.05
354241.3375
360178.8875
366391.1875
366461.725
366461.725
374738.2875
372103.475
371855.725
371855.725
371942.2625
371159.0375
371003.525
368591.7375
370112.3875
366143.7625
366115.9
366992.65
366827.4125
358497.25
364615.475
358487.8375
355484.2125
355203.2
347576.35
347576.35
333585.4875
328012.7375
327645.4875
332699.0625
329933.1125
329933.1125
328730.0125
328730.0125
335043.5125
337326.85
337093.1
337276.275
346427.8625
346457.7875
342694.975
342694.975
342694.975
335309.375
336299.1
329739.2
328640.7625
328640.7625
328640.7625
328494.3625
324867.775
329719.6
328882.2
328882.2
330140.2125
316139.3
319530.95
306210.1375
304927.925
303714.55
303619.0625
318368.0125
318368.0125
317177.9375
322706.6625
318483.6375
316755.925
317422.425
318096.725
317154.975
318758.2125
317094.9625
309739.6375
309739.6375
309739.6375
309739.6375
309739.6375
310691.9125
313050.1
317477.9
312852.6875
310858.95
308785.6125
308785.5375
311623.025
312996.125
312349.95
312126.9375
313539.0
312791.7625
311180.9625
311479.2
310954.4625
309713.2125
309713.2125
315637.0
316628.9375
316628.9375
316628.9375
316628.9375
317118.2875
317118.2875
317118.2875
317118.2875
317294.275
321672.1
321131.9875
316907.6875
313449.0375
313240.8875
309028.0875
307341.5
311415.75
311946.7875
320103.0875
320103.0875
321459.85
320173.7875
320173.7875
320173.7875
320173.7875
317716.3
317716.3
317716.3
317716.3
320035.475
321254.7125
321254.7125
318724.625
318653.425
318653.425
318653.425
320446.2875
320446.2875
315267.5625
315267.5625
315140.875
315078.9625
315078.9625
316067.1375
316067.1375
316067.1375
323198.85
316139.1
316094.05
316067.1375
321028.5125
318992.15
318992.15
317579.6625
317579.6625
317479.7625
317479.7625
317375.1
317048.05
316998.3125
316951.225
314812.0625
316450.025
316783.3875
316451.8625
311633.6
317442.8125
317003.925
317003.925
316848.1625
316848.1625
316848.1625
321982.9625
323977.6
323977.6
323977.6
324747.875
324747.875
324747.875
324747.875
324067.5125
326367.3375
334980.9375
334980.9375
332914.425
335650.9625
335650.9625
336285.9375
336028.3375
336028.3375
336028.3375
337123.875
337123.875
326731.2875
336154.7125
336154.7125
342956.8625
338494.7375
338494.7375
338756.05
340358.15
334069.95
334069.95
341888.9875
341888.9875
341877.6
335687.8125
332056.825
337277.3625
333621.8
330878.0375
333000.4375
331367.675
333829.4875
333829.4875
333084.225
333084.225
332346.475
332346.475
336524.7875
330136.05
330113.775
337091.1
337091.1
344651.45
344651.45
344651.45
344651.45
344954.75
344670.175
345288.8875
345288.8875
345288.8875
340133.15
340133.15
340133.15
340133.15
332137.825
331481.375
331481.375
334533.7625
334533.7625
333297.225
333297.225
327476.9375
327476.9375
331987.4625
332731.575
329228.5125
330555.0875
332341.375
326471.7125
332066.15
321164.6375
322820.525
329574.175
329066.3625
327730.9875
327152.0
331178.75
329398.3375
331470.625
326594.3125
332604.825
328951.325
328951.325
321698.225
321698.225
324700.35
324424.6375
324424.6375
324424.6375
324410.5125
330170.9875
330156.8625
332895.175
332895.175
332895.175
332881.05
332881.05
338020.5
338020.5
330575.6125
330575.6125
330575.6125
330575.6125
337427.825
