1181782.0
986326.0
952326.0
918537.0
860650.0
964490.0
964490.0
964490.0
964490.0
964490.0
880084.0
859616.0
807556.0
807556.0
869539.0
869539.0
869539.0
769917.0
769917.0
769917.0
769917.0
754270.0
754270.0
754270.0
754270.0
754270.0
750414.0
750414.0
790814.0
790814.0
790814.0
750414.0
750414.0
750414.0
750414.0
750414.0
750414.0
750414.0
750414.0
750414.0
750414.0
750414.0
750414.0
750414.0
787861.0
787861.0
787861.0
787861.0
787861.0
750414.0
762556.0
762556.0
762556.0
809146.0
809146.0
809146.0
809146.0
809146.0
809146.0
809146.0
809146.0
809146.0
809146.0
809146.0
809146.0
850727.0
850727.0
850727.0
850727.0
850727.0
809146.0
809146.0
809146.0
809146.0
809146.0
809146.0
809146.0
809146.0
670054.0
670054.0
670054.0
784893.0
705128.0
657367.0
657367.0
657367.0
657367.0
657367.0
693124.0
657367.0
699160.0
657367.0
657367.0
657367.0
710332.0
710332.0
710332.0
710332.0
710332.0
710332.0
710332.0
710332.0
710332.0
710332.0
710332.0
710332.0
662416.0
678209.0
657856.0
657856.0
657856.0
657856.0
657856.0
657856.0
657856.0
657856.0
657856.0
657856.0
657856.0
657856.0
657856.0
657856.0
657856.0
657856.0
657856.0
657856.0
657856.0
657856.0
657856.0
657856.0
657856.0
657856.0
657856.0
657856.0
657856.0
657856.0
657856.0
657856.0
657856.0
657856.0
657856.0
657856.0
657856.0
657856.0
657856.0
657856.0
657856.0
654526.0
654526.0
654526.0
677823.0
677823.0
677823.0
677823.0
677823.0
677823.0
677823.0
677823.0
677823.0
677823.0
677823.0
677823.0
645795.0
645795.0
645795.0
645795.0
645795.0
645795.0
645795.0
645795.0
645795.0
645795.0
645795.0
645795.0
645795.0
645795.0
645795.0
684621.0
684621.0
684621.0
684621.0
684621.0
684621.0
684621.0
684621.0
684621.0
684621.0
684621.0
684621.0
684621.0
684621.0
684621.0
684621.0
684621.0
684621.0
684621.0
684621.0
684621.0
684621.0
684621.0
684621.0
684621.0
684621.0
684621.0
684621.0
645795.0
645795.0
645795.0
645795.0
645795.0
645795.0
645795.0
645795.0
645795.0
645795.0
645795.0
645795.0
645795.0
645795.0
645795.0
645795.0
645795.0
645795.0
645795.0
645795.0
645795.0
645795.0
645795.0
645795.0
645795.0
645795.0
645795.0
645795.0
645795.0
645795.0
645795.0
611205.0
611205.0
611205.0
611205.0
611205.0
611205.0
611205.0
611205.0
611205.0
611205.0
611205.0
611205.0
611205.0
614409.0
614409.0
614409.0
614409.0
614409.0
614409.0
614409.0
614409.0
614409.0
614409.0
614409.0
614409.0
614409.0
614409.0
614409.0
614409.0
614409.0
614409.0
614409.0
614409.0
614409.0
614409.0
614409.0
630493.0
630493.0
614409.0
614409.0
614409.0
614409.0
684383.0
684383.0
684383.0
614409.0
614409.0
614409.0
614409.0
614409.0
614409.0
614409.0
614409.0
621945.0
621945.0
621945.0
621945.0
621945.0
621945.0
621945.0
621945.0
621945.0
621945.0
621945.0
621945.0
621945.0
621945.0
621945.0
621945.0
621945.0
621945.0
621945.0
621945.0
621945.0
614409.0
614409.0
614409.0
614409.0
614409.0
614409.0
614409.0
614409.0
614409.0
614409.0
614409.0
614409.0
614409.0
614409.0
614409.0
614409.0
614409.0
614409.0
614409.0
614409.0
614409.0
614409.0
614409.0
614409.0
614409.0
614409.0
614409.0
614409.0
614409.0
614409.0
614409.0
614409.0
614409.0
614409.0
614409.0
614409.0
614409.0
614409.0
614409.0
614409.0
614409.0
614409.0
614409.0
614409.0
614409.0
614409.0
614409.0
614409.0
614409.0
614409.0
614409.0
614409.0
614409.0
614409.0
614409.0
614409.0
614409.0
614409.0
614409.0
614409.0
614409.0
614409.0
614409.0
614409.0
614409.0
614409.0
668658.0
614409.0
614409.0
614409.0
614409.0
614409.0
614409.0
614409.0
614409.0
614409.0
614409.0
614409.0
614409.0
614409.0
614409.0
614409.0
614409.0
614409.0
614409.0
614409.0
614409.0
614409.0
633482.0
633482.0
614409.0
614409.0
614409.0
614409.0
614409.0
614409.0
614409.0
639634.0
639634.0
639634.0
639634.0
639634.0
648732.0
648732.0
648732.0
648732.0
648732.0
648732.0
648732.0
648732.0
648732.0
648732.0
648732.0
648732.0
648732.0
648732.0
648732.0
648732.0
648732.0
648732.0
648732.0
648732.0
636449.0
636449.0
636449.0
636449.0
636449.0
636449.0
636449.0
636449.0
636449.0
636449.0
636449.0
636449.0
636449.0
636449.0
636449.0
636449.0
636449.0
636449.0
636449.0
636449.0
636449.0
636449.0
636449.0
636449.0
636449.0
636449.0
636449.0
636449.0
644535.0
636449.0
636449.0
636449.0
636449.0
670108.0
670108.0
670108.0
670108.0
670108.0
670108.0
670108.0
719440.0
719440.0
719440.0
719440.0
719440.0
719440.0
719440.0
636449.0
636449.0
636449.0
636449.0
636449.0
636449.0
636449.0
636449.0
636449.0
636449.0
636449.0
636449.0
636449.0
636449.0
636449.0
636449.0
636449.0
636449.0
636449.0
636449.0
636449.0
