54.048345086080936
58.163334310123304
59.09416048901027
60.57359336232425
60.813038341336984
62.71932962035665
63.291646381045105
67.08957455484571
67.08957455484571
67.08957455484571
67.27202072538861
68.33855710052427
70.74558777407123
70.74558777407123
70.74558777407123
70.74558777407123
70.74558777407123
70.74558777407123
70.74558777407123
70.74558777407123
70.74558777407123
70.74558777407123
70.74558777407123
70.74558777407123
70.74558777407123
70.74558777407123
70.74558777407123
70.74558777407123
70.74558777407123
70.74558777407123
70.74558777407123
70.74558777407123
70.74558777407123
71.06872052062809
71.06872052062809
71.06872052062809
71.06872052062809
71.06872052062809
71.06872052062809
71.7515324391576
71.7515324391576
71.7515324391576
71.7515324391576
71.7515324391576
71.7515324391576
71.7515324391576
71.7515324391576
71.7515324391576
71.7515324391576
71.7515324391576
71.7515324391576
72.10643882280672
72.10643882280672
73.91506689936008
73.91506689936008
73.91506689936008
73.91506689936008
73.91506689936008
73.91506689936008
73.91506689936008
73.91506689936008
73.91506689936008
73.91506689936008
73.91506689936008
73.91506689936008
73.91506689936008
73.91506689936008
74.92470972423801
74.92470972423801
74.92470972423801
74.92470972423801
74.92470972423801
74.92470972423801
74.92470972423801
74.92470972423801
74.92470972423801
74.92470972423801
74.92470972423801
74.92470972423801
74.92470972423801
74.92470972423801
74.92470972423801
74.92470972423801
74.92470972423801
74.92470972423801
74.92470972423801
74.92470972423801
74.92470972423801
74.92470972423801
74.92470972423801
74.92470972423801
74.92470972423801
74.92470972423801
74.92470972423801
74.92470972423801
74.92470972423801
74.92470972423801
74.92470972423801
74.92470972423801
74.92470972423801
74.92470972423801
74.92470972423801
74.92470972423801
74.92470972423801
74.92470972423801
74.92470972423801
74.92470972423801
75.24001418485445
75.24001418485445
75.24001418485445
75.24001418485445
75.24001418485445
75.24001418485445
75.24001418485445
75.24001418485445
75.24001418485445
75.24001418485445
75.24001418485445
75.24001418485445
75.24001418485445
75.24001418485445
75.24001418485445
75.24001418485445
75.24001418485445
75.24001418485445
75.24001418485445
75.32447854540766
75.32447854540766
75.32447854540766
75.32447854540766
75.32447854540766
75.32447854540766
75.63796025265752
75.63796025265752
75.63796025265752
75.63796025265752
75.63796025265752
75.63796025265752
76.13202602287792
76.13202602287792
76.13202602287792
76.3777213837318
76.3777213837318
76.3777213837318
76.3777213837318
76.47842318400406
76.47842318400406
76.47842318400406
76.47842318400406
76.47842318400406
76.47842318400406
76.47842318400406
76.47842318400406
76.47842318400406
76.47842318400406
76.47842318400406
76.47842318400406
77.18823606385763
77.18823606385763
77.18823606385763
77.18823606385763
77.18823606385763
77.18823606385763
77.18823606385763
77.18823606385763
77.18823606385763
77.18823606385763
77.18823606385763
77.18823606385763
77.18823606385763
77.18823606385763
77.18823606385763
77.18823606385763
77.18823606385763
77.18823606385763
77.18823606385763
77.18823606385763
77.18823606385763
77.18823606385763
77.18823606385763
77.18823606385763
77.18823606385763
77.18823606385763
77.18823606385763
77.18823606385763
77.18823606385763
77.18823606385763
77.18823606385763
77.18823606385763
77.18823606385763
77.18823606385763
77.18823606385763
77.18823606385763
77.18823606385763
77.18823606385763
77.18823606385763
77.18823606385763
77.18823606385763
77.18823606385763
77.18823606385763
77.18823606385763
77.18823606385763
77.18823606385763
77.18823606385763
77.18823606385763
78.13014581886719
78.13014581886719
78.13014581886719
78.13014581886719
78.13014581886719
78.13014581886719
78.13014581886719
78.13014581886719
78.13014581886719
78.13014581886719
78.13014581886719
78.13014581886719
78.13014581886719
78.13014581886719
78.13014581886719
78.13014581886719
78.13014581886719
78.13014581886719
78.41715438283241
78.41715438283241
78.41715438283241
78.41715438283241
78.41715438283241
78.41715438283241
78.41715438283241
78.41715438283241
78.41715438283241
78.41715438283241
78.41715438283241
78.41715438283241
78.41715438283241
78.41715438283241
78.41715438283241
78.41715438283241
78.41715438283241
78.41715438283241
78.41715438283241
78.41715438283241
78.41715438283241
78.41715438283241
78.41715438283241
78.41715438283241
78.41715438283241
78.41715438283241
78.5226888483127
78.5226888483127
78.5226888483127
78.5226888483127
78.5226888483127
78.5226888483127
78.5226888483127
78.5226888483127
79.55075387192724
79.55075387192724
79.55075387192724
79.55075387192724
79.55075387192724
79.55075387192724
79.55075387192724
79.55075387192724
79.55075387192724
79.55075387192724
79.55075387192724
79.55075387192724
79.55075387192724
79.55075387192724
79.55075387192724
79.55075387192724
79.55075387192724
79.55075387192724
79.55075387192724
79.55075387192724
79.55075387192724
79.55075387192724
79.55075387192724
79.55075387192724
79.55075387192724
79.55075387192724
79.55075387192724
79.55075387192724
79.55075387192724
79.55075387192724
79.55075387192724
79.55075387192724
79.55075387192724
79.55075387192724
79.55075387192724
79.55075387192724
79.55075387192724
79.55075387192724
79.55075387192724
79.55075387192724
79.55075387192724
79.55075387192724
79.55075387192724
79.55075387192724
79.55075387192724
79.55075387192724
79.55075387192724
79.55075387192724
79.55075387192724
79.55075387192724
79.55075387192724
79.55075387192724
79.55075387192724
79.55075387192724
79.55075387192724
79.55075387192724
79.55075387192724
79.55075387192724
79.55075387192724
79.55075387192724
79.55075387192724
79.55075387192724
79.55075387192724
79.55075387192724
79.55075387192724
79.55075387192724
79.55075387192724
79.55075387192724
79.55075387192724
79.55075387192724
79.55075387192724
79.55075387192724
79.55075387192724
79.55075387192724
79.55075387192724
79.55075387192724
79.55075387192724
79.55075387192724
79.55075387192724
79.55075387192724
79.55075387192724
79.55075387192724
79.55075387192724
79.55075387192724
79.55075387192724
79.55075387192724
79.55075387192724
79.55075387192724
79.55075387192724
79.55075387192724
79.55075387192724
79.55075387192724
79.55075387192724
79.55075387192724
79.55075387192724
79.55075387192724
79.55075387192724
79.55075387192724
79.55075387192724
79.55075387192724
79.55075387192724
79.55075387192724
79.55075387192724
79.55075387192724
79.55075387192724
79.55075387192724
79.55075387192724
79.55075387192724
79.55075387192724
79.55075387192724
79.55075387192724
79.55075387192724
79.55075387192724
79.55075387192724
79.55075387192724
79.55075387192724
79.55075387192724
79.55075387192724
79.55075387192724
79.55075387192724
79.55075387192724
79.55075387192724
79.55075387192724
79.55075387192724
79.55075387192724
79.55075387192724
79.55075387192724
79.55075387192724
79.55075387192724
79.55075387192724
79.55075387192724
79.55075387192724
79.55075387192724
79.55075387192724
79.55075387192724
79.55075387192724
79.55075387192724
79.55075387192724
79.55075387192724
79.55075387192724
79.55075387192724
79.55075387192724
79.55075387192724
79.55075387192724
79.55075387192724
79.55075387192724
79.55075387192724
79.55075387192724
79.55075387192724
79.55075387192724
79.55075387192724
79.55075387192724
79.55075387192724
79.55075387192724
79.55075387192724
79.55075387192724
79.55075387192724
79.55075387192724
79.55075387192724
79.55075387192724
79.55075387192724
79.55075387192724
79.55075387192724
79.55075387192724
79.55075387192724
79.55075387192724
79.55075387192724
79.55075387192724
79.55075387192724
79.55075387192724
79.55075387192724
79.55075387192724
79.55075387192724
79.55075387192724
79.55075387192724
79.55075387192724
79.55075387192724
79.55075387192724
79.55075387192724
79.55075387192724
79.55075387192724
79.55075387192724
79.55075387192724
79.55075387192724
79.55075387192724
79.55075387192724
79.55075387192724
79.55075387192724
79.55075387192724
79.55075387192724
79.55075387192724
79.55075387192724
79.55075387192724
79.55075387192724
79.55075387192724
79.55075387192724
79.55075387192724
79.55075387192724
79.55075387192724
79.55075387192724
79.55075387192724
79.55075387192724
79.55075387192724
79.55075387192724
79.55075387192724
79.55075387192724
79.55075387192724
79.55075387192724
79.55075387192724
79.55075387192724
79.55075387192724
79.55075387192724
79.55075387192724
79.55075387192724
79.55075387192724
79.55075387192724
79.55075387192724
79.55075387192724
79.55075387192724
79.55075387192724
79.55075387192724
79.55075387192724
79.55075387192724
79.55075387192724
79.55075387192724
79.55075387192724
79.55075387192724
79.55075387192724
79.55075387192724
79.55075387192724
79.55075387192724
79.55075387192724
79.55075387192724
79.55075387192724
79.55075387192724
79.55075387192724
79.55075387192724
79.55075387192724
79.55075387192724
79.55075387192724
79.55075387192724
79.55075387192724
79.55075387192724
