70.11715527198723
72.43962288518662
72.43962288518662
71.65057039149599
72.29031209362809
72.26840470953552
73.12233147884591
73.12233147884591
73.45872687281667
73.45872687281667
73.87275197308837
73.87275197308837
73.45872687281667
73.45872687281667
73.45872687281667
73.84364083322552
73.84364083322552
74.15256973140495
74.15256973140495
74.15256973140495
74.15256973140495
74.5196661922629
74.5196661922629
74.5196661922629
74.5196661922629
74.5196661922629
74.5196661922629
74.5196661922629
74.5196661922629
74.5196661922629
74.5196661922629
74.5196661922629
71.78311153358682
73.15034270706553
70.84125475285171
71.952432918218
70.84125475285171
73.06087462802432
73.06087462802432
73.36002066115702
72.50476493011436
74.06197438219692
72.99941777720275
74.04256695562168
72.99941777720275
73.6608875663087
