58.177994720758925
63.81574305748512
65.03767142420035
64.88333433190809
63.879187159068785
66.07190550569031
65.89738944115614
66.53637424863989
68.1135927002725
67.71787317457186
69.6419272553717
68.64177484665554
68.64177484665554
69.5556692581925
69.10636573534181
69.17689613738351
68.87706517654755
68.95793401369828
67.59021430570237
67.59021430570237
67.82260314713028
68.0224474160094
66.525414207536
66.35004457237027
66.39798896642138
65.28905351272267
66.91748278710266
66.85820416437348
66.89950730680707
66.89950730680707
67.06706785124304
66.45399927800786
66.45399927800786
66.16552758388026
66.16552758388026
66.16552758388026
66.22194448410241
67.81604920508777
67.91158789690355
67.81890294725191
67.58548941929519
67.6679315604766
67.66793156047659
67.8680903747589
68.21124278645699
69.42441519284567
