56.576537412716426
61.48927218552839
65.39175198297359
60.94969808247948
68.17048734334007
60.37374746910995
67.61587985684133
62.609926751441925
66.47066177001827
63.81232603369251
65.68752040866059
70.59246577034897
63.80822754197643
68.79033307394101
64.29949363489027
71.28786514814904
63.52789639535493
70.72585333184543
64.25088265129463
69.64906070152432
62.37571971249887
69.16140222620592
67.31490711266737
65.61777174652688
65.1355352704186
65.19233646773759
62.37083620728716
68.3878491044397
61.58155497665356
69.609751007867
63.246946285547075
68.42180853198434
61.989150725934316
67.88269283048298
61.73687485466287
65.89790863736502
62.00063266171253
67.64604356316481
63.320721645640056
69.81057123784083
63.39965907961902
70.42092245525723
62.56823747500605
69.69461835448044
63.606722075787026
66.6490443435357
