64.86980513881704
65.72419311816485
67.58851340460969
68.0020965487582
70.45801095611905
70.45801095611905
67.96459463815613
67.96459463815613
69.46643531070383
69.46643531070383
70.24985079485648
70.24985079485648
70.24985079485648
70.50756877000705
70.50756877000705
70.08853419789263
70.08853419789263
70.84638026052104
70.70751185425506
70.70751185425506
70.64668080858497
70.64668080858497
73.39108910891089
73.39108910891089
72.90245135203436
72.90245135203436
73.74483952590225
73.74483952590225
73.2492883943589
73.2492883943589
73.2492883943589
74.35430151448502
74.89065152108631
74.89065152108631
75.06365060712886
