56.80041939145199
61.67743622417871
61.77156795879998
59.23145576160437
64.40548451372513
59.60201826676772
66.14031668222468
57.44470351581781
65.37122570356004
57.31659195287009
65.5461830657984
57.002968416635404
61.731444849170146
63.47362968915754
59.15186906150879
63.376105171277416
60.41515466199741
62.702145084804215
67.38619288628102
61.09676630471107
66.04380655395123
61.81087503131141
66.23487870770562
61.56655414243589
69.34238724864719
60.127879645389434
69.14463115742645
60.3880168651671
66.62554478215523
61.46307228116152
63.447831355141936
66.0212166855579
66.20597889189258
61.2214164951343
63.261235035587795
