40.157139795978
39.05502144499928
39.05502144499928
39.05502144499928
40.75572032052345
40.75572032052345
37.9186536618868
37.9186536618868
37.9186536618868
40.51408668685869
40.79517747808921
40.79517747808921
40.79517747808921
40.79517747808921
39.10373378852983
41.81944957138755
43.39597369789963
43.44659060114192
42.828451782507955
43.44659060114192
43.44659060114192
43.44659060114192
43.44659060114192
43.44659060114192
43.44659060114192
45.08611955420465
47.39399529462091
47.39399529462091
47.39399529462091
47.39399529462091
47.39399529462091
47.39399529462091
47.39399529462091
48.54277924954095
48.54277924954095
48.694861444009916
48.694861444009916
48.694861444009916
48.70099379056109
48.70099379056109
48.88647578679368
48.88647578679368
49.283929856612964
49.283929856612964
49.29015805790843
49.29015805790843
49.65524252207535
47.21427256447591
49.85342145642411
47.38872112383593
47.38872112383593
49.85342145642411
46.684193547314266
49.67851260610667
49.85342145642411
49.85342145642411
49.85342145642411
50.60850374641822
50.60850374641822
50.60939363197893
51.355184992934795
51.72417548904283
51.848576814188924
51.848576814188924
51.90897340943087
51.94948318263347
51.95671589770401
51.95671589770401
52.5008696288973
52.5502318392581
52.5502318392581
52.5502318392581
53.06530325989397
53.502226367744875
53.502226367744875
53.502226367744875
53.502226367744875
53.502226367744875
53.561448119894436
53.56329879964911
53.56329879964911
53.56329879964911
53.62437123155334
47.80906974529717
53.62437123155334
53.62437123155334
53.62862779498911
53.62862779498911
53.62862779498911
53.69654774198563
53.69654774198563
53.69654774198563
53.69654774198563
53.69654774198563
53.69654774198563
53.69654774198563
53.69654774198563
53.746886231312764
53.746886231312764
53.80758852726606
53.80758852726606
47.22431184532108
53.80758852726606
53.80758852726606
53.80758852726606
53.80758852726606
53.80758852726606
53.80758852726606
53.80758852726606
53.80758852726606
53.80758852726606
53.80758852726606
53.80758852726606
53.80758852726606
53.80758852726606
53.80758852726606
53.80758852726606
53.80758852726606
53.80758852726606
53.80758852726606
53.93010352702548
53.93010352702548
53.94898046052315
53.97507504506406
53.97507504506406
53.97507504506406
53.97507504506406
53.97507504506406
53.97507504506406
53.99543252236546
53.99543252236546
53.99543252236546
53.99543252236546
53.99543252236546
53.99543252236546
53.99543252236546
53.99543252236546
53.99543252236546
53.99543252236546
53.99543252236546
54.05872764120186
54.05872764120186
54.05872764120186
54.12297706112139
54.19511998120245
54.19511998120245
54.19511998120245
54.19511998120245
54.19511998120245
54.19511998120245
54.316276030193556
54.316276030193556
54.316276030193556
54.316276030193556
54.316276030193556
54.36235204276441
54.36235204276441
54.38603254324904
52.87115619796962
54.38603254324904
54.38603254324904
54.38603254324904
54.41860638782475
54.41860638782475
54.41860638782475
54.41860638782475
54.41860638782475
54.41860638782475
54.41860638782475
54.41860638782475
54.41860638782475
54.41860638782475
54.41860638782475
54.41860638782475
54.41860638782475
54.41860638782475
54.41860638782475
54.49253608740134
54.49253608740134
54.499070278020476
54.905683625691694
54.905683625691694
55.0075042034824
55.0075042034824
55.0075042034824
55.0075042034824
55.20272633919
55.20272633919
55.20272633919
55.20272633919
55.20272633919
52.56733184229765
55.20272633919
55.20272633919
55.20272633919
55.20272633919
55.20272633919
55.20272633919
55.20272633919
55.207428221071204
48.1353631245284
52.31729739411419
52.31729739411419
55.207428221071204
55.26385080364565
55.27344264268331
50.21682552385252
55.27344264268331
55.746263884657196
55.248052480524805
55.746263884657196
55.746263884657196
55.746263884657196
55.746263884657196
55.746263884657196
55.746263884657196
55.746263884657196
55.685139420201544
55.746263884657196
55.734385717422434
55.74720426103344
55.74720426103344
55.74720426103344
55.74720426103344
55.74720426103344
55.75115384181365
55.964243128669814
55.964243128669814
55.964243128669814
55.964243128669814
55.964243128669814
55.964243128669814
55.964243128669814
55.964243128669814
55.964243128669814
55.964243128669814
55.96819270945002
55.96819270945002
55.96819270945002
55.96819270945002
56.06048669960348
56.06048669960348
56.06048669960348
56.06048669960348
56.06048669960348
56.06048669960348
56.06048669960348
56.06048669960348
56.0766174865233
56.0766174865233
56.0766174865233
56.0766174865233
56.0766174865233
56.093498542602156
56.093498542602156
56.093498542602156
56.093498542602156
56.093498542602156
56.093498542602156
56.093498542602156
56.17696598654767
56.17696598654767
56.17696598654767
56.20022433047856
56.20022433047856
56.20022433047856
56.20022433047856
56.284817178162676
50.83960359699027
56.284817178162676
48.42459876264979
48.42459876264979
54.62266088627743
56.284817178162676
56.311826867888854
41.663331999466465
50.11450275571124
50.11450275571124
56.311826867888854
56.397778077834786
56.397778077834786
56.397778077834786
56.397778077834786
56.397778077834786
56.397778077834786
56.397778077834786
56.430181827730706
56.440723737510126
56.440723737510126
56.440723737510126
56.445412128304376
56.445412128304376
56.445412128304376
56.268190956281686
56.268190956281686
56.268190956281686
56.268190956281686
56.445412128304376
56.445412128304376
56.445412128304376
56.1898358267496
56.1898358267496
56.34395535151678
56.34395535151678
56.34395535151678
56.34395535151678
56.34395535151678
56.445412128304376
56.445412128304376
56.445412128304376
56.445412128304376
56.445412128304376
56.445412128304376
56.445412128304376
56.445412128304376
56.445412128304376
54.17488543862387
54.17488543862387
48.77955608246064
56.181549494403924
56.445412128304376
56.445412128304376
55.695082065592466
56.445412128304376
56.445412128304376
52.47500164083607
56.445412128304376
56.445412128304376
56.50542353047078
54.98267623230594
55.51786022940824
56.531678518918596
56.531678518918596
56.531678518918596
56.531678518918596
56.531678518918596
56.531678518918596
56.531678518918596
48.68388987683593
56.531678518918596
56.591689921085006
56.591689921085006
56.591689921085006
56.591689921085006
56.591689921085006
56.591689921085006
56.6329477600744
56.6329477600744
56.6329477600744
56.6329477600744
56.6329477600744
56.68264470249347
56.77359948390193
56.77359948390193
54.26553307040796
56.78297626549043
56.78297626549043
56.78297626549043
56.9877651753833
56.9877651753833
48.794896420167454
56.9877651753833
56.9877651753833
56.9877651753833
56.9877651753833
56.98120142827136
56.9877651753833
56.9877651753833
55.53075066269789
55.53075066269789
56.61288144747502
56.61288144747502
56.61288144747502
56.9877651753833
56.9877651753833
56.9877651753833
56.9877651753833
56.9877651753833
52.74804528354223
56.90993788819875
56.90993788819875
56.90993788819875
56.90993788819875
56.9877651753833
57.055465538452296
57.055465538452296
57.07478170852461
51.94573749784492
57.07478170852461
57.07478170852461
51.74873039608752
51.74873039608752
51.74873039608752
51.74873039608752
51.74873039608752
57.07478170852461
57.07478170852461
57.097098448705246
51.80388219544845
54.50886446729046
