56.618699726957416
57.399009146341456
57.399009146341456
58.14379253898509
58.14379253898509
58.79638859616644
58.79638859616644
61.05185803535351
61.05185803535351
61.05185803535351
61.05185803535351
61.05185803535351
62.092387627526854
62.092387627526854
62.092387627526854
62.29422058651079
62.29422058651079
62.29422058651079
62.48160257843356
64.094703019241
64.094703019241
64.094703019241
64.094703019241
64.41531872586134
64.85272567409145
64.85272567409145
65.88866601771826
65.88866601771826
65.88866601771826
65.88866601771826
65.88866601771826
65.88866601771826
66.41942557050432
66.41942557050432
66.41942557050432
66.61228159052756
66.61228159052756
66.99077857481562
66.99077857481562
66.99077857481562
66.99077857481562
66.99077857481562
66.99077857481562
67.20945952762897
67.20945952762897
67.20945952762897
67.20945952762897
67.20945952762897
67.20945952762897
67.20945952762897
67.20945952762897
67.20945952762897
67.9970430586048
67.9970430586048
67.9970430586048
67.9970430586048
67.9970430586048
67.9970430586048
67.9970430586048
67.9970430586048
68.16155751431465
68.16155751431465
68.46013457276656
68.74366310294634
68.74366310294634
69.23982331978115
69.23982331978115
69.23982331978115
69.58841539928726
69.59845404808512
69.59845404808512
69.59845404808512
69.59845404808512
69.89614198916526
69.89614198916526
70.02608921213573
70.02608921213573
70.02608921213573
70.02608921213573
70.02608921213573
70.11163987908175
70.11163987908175
70.11662825616314
70.11662825616314
70.11662825616314
70.11662825616314
70.11662825616314
70.11662825616314
70.11662825616314
70.30618658525636
70.76062773737192
70.76062773737192
70.76062773737192
70.77060449153471
70.77060449153471
70.77060449153471
70.77060449153471
70.77060449153471
70.77060449153471
70.77060449153471
70.77060449153471
70.77060449153471
70.82797082797082
70.82797082797082
70.82797082797082
70.82797082797082
70.82797082797082
70.82797082797082
70.82797082797082
70.82797082797082
71.10135100426363
71.10135100426363
71.51236476043276
71.51236476043276
71.51236476043276
71.51236476043276
71.51236476043276
71.88415736641936
71.88415736641936
71.88415736641936
71.88415736641936
71.88415736641936
71.88415736641936
71.88415736641936
71.88415736641936
71.88415736641936
71.88415736641936
71.88415736641936
71.88415736641936
71.88415736641936
71.88415736641936
71.88415736641936
71.88415736641936
71.88415736641936
72.21483474651399
72.24090819019014
72.24090819019014
72.24090819019014
72.24090819019014
72.24090819019014
72.24090819019014
72.24090819019014
72.24090819019014
72.24090819019014
72.24090819019014
72.24090819019014
72.24090819019014
72.24090819019014
72.24090819019014
72.24090819019014
72.24090819019014
72.24090819019014
72.24090819019014
72.24090819019014
72.24090819019014
72.32616835101113
72.62940250096473
72.62940250096473
72.62940250096473
72.62940250096473
72.62940250096473
72.62940250096473
72.62940250096473
72.62940250096473
72.62940250096473
72.62940250096473
72.62940250096473
72.62940250096473
72.62940250096473
72.62940250096473
72.62940250096473
72.83277536163867
72.83277536163867
72.83277536163867
72.83277536163867
72.83277536163867
72.83277536163867
72.83277536163867
72.83277536163867
72.83277536163867
72.83277536163867
72.83277536163867
72.83277536163867
72.83277536163867
72.83277536163867
72.83277536163867
72.83277536163867
72.83277536163867
72.83277536163867
72.83277536163867
72.95010585818132
73.05335669513886
73.05335669513886
73.05335669513886
73.05335669513886
73.05335669513886
73.05335669513886
73.05335669513886
73.05335669513886
73.2226152834737
73.2226152834737
73.2226152834737
73.38123115132163
73.38123115132163
73.38123115132163
73.38123115132163
73.38123115132163
73.38123115132163
73.38123115132163
73.38123115132163
73.38123115132163
73.38123115132163
73.38123115132163
73.38123115132163
73.38123115132163
73.38123115132163
73.38123115132163
73.38123115132163
73.38123115132163
73.38123115132163
73.38123115132163
73.38123115132163
73.38123115132163
73.38123115132163
73.38123115132163
73.38123115132163
73.38123115132163
73.38123115132163
73.38123115132163
73.38253555812959
73.38253555812959
73.38253555812959
73.38253555812959
73.38253555812959
73.38253555812959
73.38253555812959
73.38253555812959
73.38253555812959
73.4409729831262
73.4409729831262
73.4409729831262
73.4409729831262
73.4409729831262
73.4409729831262
73.4409729831262
73.4409729831262
73.4409729831262
73.4409729831262
73.4409729831262
73.4409729831262
73.4409729831262
73.4409729831262
73.57384653961886
73.57384653961886
73.57384653961886
73.57384653961886
73.57384653961886
73.57384653961886
73.57384653961886
73.57384653961886
73.57384653961886
73.57384653961886
73.57384653961886
73.59343655967903
73.59343655967903
73.59343655967903
73.59343655967903
73.59343655967903
73.78332915412905
73.78332915412905
73.78332915412905
73.78332915412905
73.78332915412905
73.78332915412905
73.78332915412905
73.78332915412905
73.78332915412905
73.78332915412905
73.78332915412905
73.78332915412905
74.43084461718489
74.43084461718489
74.43084461718489
74.43084461718489
74.43084461718489
74.43084461718489
74.43868062520896
74.46741265463056
74.46741265463056
74.46741265463056
74.46741265463056
74.48778627549315
74.48778627549315
74.48778627549315
74.48778627549315
74.61890880976263
74.61890880976263
74.61890880976263
74.61890880976263
74.61890880976263
74.61890880976263
74.61890880976263
74.61890880976263
74.61890880976263
74.61890880976263
74.61890880976263
74.61890880976263
74.61890880976263
74.61890880976263
74.61890880976263
74.61890880976263
74.6755892678034
74.6755892678034
74.6755892678034
74.6755892678034
74.6755892678034
74.6755892678034
74.6755892678034
74.6755892678034
74.6755892678034
74.6755892678034
74.6755892678034
74.6755892678034
74.6755892678034
74.6755892678034
74.6755892678034
74.6755892678034
74.6755892678034
74.6755892678034
74.7913009862922
74.7913009862922
74.7913009862922
74.7913009862922
74.7913009862922
74.7913009862922
74.7913009862922
74.7913009862922
74.7913009862922
74.7913009862922
74.7913009862922
74.7913009862922
74.7913009862922
74.7913009862922
74.7913009862922
74.7913009862922
74.7913009862922
74.7913009862922
74.7913009862922
74.7913009862922
74.7913009862922
74.7913009862922
74.7913009862922
74.7913009862922
74.7913009862922
74.7913009862922
74.8030549983283
74.8030549983283
74.8030549983283
74.8030549983283
74.8030549983283
74.8030549983283
74.8030549983283
74.8030549983283
74.8030549983283
74.8030549983283
74.8030549983283
74.8030549983283
74.8030549983283
74.8030549983283
74.8030549983283
74.8030549983283
74.8030549983283
74.8030549983283
74.8030549983283
74.8030549983283
74.9924251922434
74.9924251922434
74.9924251922434
74.9924251922434
75.00940320962889
75.00940320962889
75.00940320962889
75.00940320962889
75.00940320962889
75.00940320962889
75.11127131394183
75.11127131394183
75.11127131394183
75.24927317190928
75.24927317190928
75.24927317190928
75.24927317190928
75.24927317190928
75.24927317190928
75.24927317190928
75.24927317190928
75.29781584222846
75.29781584222846
75.29781584222846
75.29781584222846
