787552.5166666667
725439.65
681460.8333333334
600994.45
582791.4333333333
565239.2833333333
560521.2833333333
527303.05
483534.75
483872.11666666664
407361.0333333333
391685.73333333334
338854.36666666664
406783.81666666665
365751.23333333334
365512.2166666667
375843.36666666664
354410.65
313497.75
349505.56666666665
342733.0
380910.1
371692.93333333335
381655.2833333333
342242.15
358884.51666666666
317976.56666666665
357347.38333333336
365690.2833333333
359185.35
355645.68333333335
362264.86666666664
333029.31666666665
335640.8
324999.18333333335
342757.01666666666
355199.26666666666
334238.1
371973.65
333409.15
297797.7166666667
317624.65
324098.6666666667
320207.31666666665
325399.31666666665
302360.5
299583.43333333335
265945.06666666665
276511.68333333335
239913.56666666668
225416.5
243178.66666666666
269101.7833333333
243178.11666666667
234941.63333333333
235318.76666666666
249632.66666666666
271206.4
291950.7166666667
269220.61666666664
267995.6
255743.13333333333
257718.7
230023.31666666668
227100.66666666666
265906.5833333333
250408.48333333334
253463.36666666667
282549.81666666665
327049.88333333336
302676.7
314241.76666666666
332036.55
341351.5333333333
328784.23333333334
324494.15
303536.55
301862.51666666666
365585.56666666665
366130.81666666665
349129.65
330821.7166666667
305281.5
300889.43333333335
319484.13333333336
302078.55
321793.3333333333
326426.11666666664
301431.31666666665
301870.5
308554.11666666664
348455.13333333336
331748.93333333335
321291.13333333336
326931.6
293209.4166666667
298734.35
344369.05
301123.11666666664
342430.35
351985.5
329213.9
304767.76666666666
270070.98333333334
267935.26666666666
292295.65
268533.9166666667
273182.31666666665
261007.66666666666
272028.68333333335
258969.66666666666
263122.36666666664
278659.36666666664
243064.6
236540.0
279120.76666666666
288721.26666666666
294009.1
273967.65
271464.6666666667
271441.7833333333
273623.3
274775.5
292970.9666666667
283581.86666666664
297722.4166666667
290123.5333333333
282231.5
280972.86666666664
272925.38333333336
278511.8333333333
267902.36666666664
221378.23333333334
224103.7
199709.56666666668
226735.36666666667
230976.1
230958.13333333333
240965.96666666667
259215.88333333333
238052.31666666668
236299.23333333334
230139.55
243490.18333333332
235135.78333333333
218825.7
219708.01666666666
219645.56666666668
217607.43333333332
211706.88333333333
192440.13333333333
192409.71666666667
206629.65
198714.03333333333
173101.06666666668
187742.6
207231.45
211566.15
238100.51666666666
238183.38333333333
216074.56666666668
223828.86666666667
222381.53333333333
213176.95
215661.4
224995.2
213869.68333333332
207115.88333333333
194645.38333333333
195302.45
219556.2
196501.76666666666
216209.46666666667
214207.61666666667
212743.35
216651.76666666666
207090.0
207047.25
200468.66666666666
181316.45
192527.55
196066.66666666666
195150.26666666666
167821.01666666666
167789.63333333333
161962.5
169884.06666666668
189107.86666666667
187202.66666666666
169798.06666666668
165422.93333333332
162366.91666666666
162187.78333333333
167187.06666666668
166279.66666666666
164415.31666666668
165860.68333333332
171469.9
173798.73333333334
188007.05
201701.5
214494.95
221611.0
218928.3
237726.66666666666
222997.11666666667
252091.06666666668
269400.4166666667
255035.8
237491.31666666668
248512.53333333333
274231.9666666667
265791.05
286056.6
241991.93333333332
295166.86666666664
296323.5833333333
324422.7
297787.25
322780.4166666667
306414.5333333333
344619.45
344758.6666666667
336191.48333333334
352525.51666666666
327556.11666666664
338251.4
344307.95
358636.31666666665
351986.73333333334
323667.5333333333
337775.0333333333
327311.93333333335
320535.35
320136.26666666666
346974.3
357365.88333333336
342719.4666666667
360763.61666666664
337533.93333333335
332161.1666666667
358560.8
353429.93333333335
380007.5
365820.15
338119.26666666666
336864.2
371322.05
372403.45
359682.13333333336
351509.68333333335
360884.3333333333
343818.4666666667
335662.76666666666
317961.43333333335
310209.3
321987.98333333334
289953.43333333335
284667.45
292052.13333333336
324239.51666666666
295460.2
296629.45
305851.9166666667
320454.05
310518.7
332625.73333333334
332224.0
332801.9
327275.36666666664
336136.4
336244.61666666664
340770.9
335249.8333333333
321365.88333333336
339117.9166666667
343855.9666666667
343780.7
343571.31666666665
319674.26666666666
329646.85
332944.18333333335
347263.5
337335.51666666666
346731.43333333335
336533.85
352186.2
360157.8
339416.36666666664
330830.8
320939.6666666667
339277.2833333333
353462.7166666667
336176.36666666664
310133.0
334969.95
348163.43333333335
329664.68333333335
347844.81666666665
352376.11666666664
333650.26666666666
304468.61666666664
350513.25
337482.95
338732.9166666667
336735.65
334125.26666666666
305667.8333333333
324699.23333333334
348950.3
357904.4166666667
349351.0
358850.0
360344.63333333336
342984.68333333335
333971.45
330008.18333333335
342064.25
340241.11666666664
331365.51666666666
336606.5
325734.45
320803.1666666667
330567.8
338624.25
360528.11666666664
343177.26666666666
353247.86666666664
317860.31666666665
313783.61666666664
314130.25
316506.55
321603.13333333336
311455.05
339816.9166666667
327742.88333333336
305239.93333333335
304178.85
307546.38333333336
304438.6
304393.93333333335
310251.48333333334
306842.48333333334
315411.56666666665
315097.35
306456.7833333333
286940.76666666666
307855.15
299360.7166666667
302332.45
310363.1666666667
311397.0833333333
311315.05
320675.0833333333
297992.25
311630.95
299754.0333333333
325316.88333333336
319642.9166666667
322397.0833333333
316443.35
319747.0333333333
312272.7833333333
305405.5
317603.45
320198.51666666666
308495.23333333334
314106.0
297411.86666666664
306784.5833333333
323520.7833333333
305820.0
314819.23333333334
316332.38333333336
307516.05
300398.51666666666
303665.95
291270.3333333333
303097.06666666665
312954.13333333336
314234.9666666667
323124.15
316106.9166666667
323570.68333333335
326678.38333333336
310032.4666666667
315437.93333333335
318936.01666666666
351029.48333333334
342184.01666666666
338879.51666666666
331257.06666666665
342192.51666666666
342459.06666666665
347734.95
355721.36666666664
347174.93333333335
323045.35
341137.76666666666
306803.06666666665
307777.15
