47.780004534712695
50.847306310239354
53.10628385615538
52.338921611488786
52.96077692565969
53.06892752694776
53.70162442293665
52.938249145614094
52.02988723767627
52.97197821724345
51.52063774860982
52.61864667743409
51.57844193723705
54.521239441877924
53.32675991763537
53.9372429867662
54.54858558941203
54.41294651119945
53.733966216430375
55.05764010365727
55.04071392773049
56.68849517786363
56.35229011116546
56.70576061893554
55.805609564349176
56.37665415664
55.37342729322107
56.71720631015236
56.96395896169269
56.899938943584694
56.85807449361292
57.03170250377834
56.429739542195534
56.413870857997296
56.34497645336246
56.738111116077256
57.268569679172856
56.816988002833405
57.899731682041924
56.760213809697895
56.26372957219039
57.125946199175814
57.42974015242961
57.1448278323866
57.68787312166949
56.5590982600785
56.77106594533567
55.88610303476151
56.66862397843178
54.950965711923466
54.23616434120387
55.16825846177517
55.75950251082789
54.66344616063664
54.58964993363484
54.742987371679874
55.80392878129549
56.174446996996075
56.919087539009844
55.85166880350005
55.833275846769716
55.469963687908944
55.33446850274291
54.48796911766446
54.578645210647295
56.12841481538236
55.443157930869944
55.65810133429035
56.8786085701737
58.37466268821172
57.36643998163178
57.42060751508164
57.807384124110804
58.11236451487173
57.683206164359426
57.56642536325037
57.03366176566036
57.39431468761357
60.01556385234537
60.105901813215176
59.846356601903146
59.23327550757252
58.1023636518927
57.48805712462631
58.378584684885126
57.739691113178054
58.487796746239226
58.732636157719085
57.912543988873196
57.959601119639586
58.407756128457365
59.81217293360491
59.327454829655316
58.99230612649089
59.15767740558947
58.47008964919741
58.697886496034826
60.4090526845699
59.53029426656615
60.96928152880399
61.34690400483367
60.864055737659335
59.992402006224175
58.83494702207315
59.02549229160059
59.88798395465695
59.056339089546675
59.12658139477527
58.89265817370706
59.07080791000895
58.722905705101184
58.77479986007183
59.483689139742296
58.43818403304423
57.98273999643505
59.974826075626616
59.89721668140384
59.799411070453246
59.06756547943137
58.61638624387631
58.6042477179026
58.5750123578658
58.91489913798662
59.51388830480623
59.32391324187747
59.70137457003329
59.359949522929725
58.68465537130164
59.10101578122365
58.934239634501886
59.22468095639775
58.90989591051409
58.01135329440324
58.42320708189866
57.74183077017215
58.952289642177234
58.65143917908407
58.677576253838275
59.154334685187756
59.73387057493103
59.192343978929394
58.80440208200157
59.274480376789604
59.781669039377334
59.501827964556924
59.36193334769976
59.567940182842534
59.271746599408395
59.064977426964155
58.81529188310644
58.16440491481877
58.23545526751881
58.23642641535977
58.01024679441067
57.11574093421648
57.51399468570155
58.45242067125776
58.945038107767374
59.605101296014475
59.804000527273296
59.41844363617854
59.77929398215426
59.527589399051685
59.24359003495837
59.76406524989958
59.7547045506355
59.24994229097493
58.972843094777176
58.66301077640171
58.77384456663849
59.70616506709265
59.23187770433772
60.16534863318497
59.821219048369436
59.58421667886441
59.96093230830781
59.56196096266454
59.57004586459071
59.13304321988161
58.34968624384682
58.85582459580248
59.39365881407695
59.042548822707175
58.33925537407129
58.263049537725074
57.85851964834339
58.56963732385966
59.30875860386439
58.83226314706518
58.570020134433335
58.25068948154602
58.44792073571463
58.51469604008259
58.724912194185755
58.687599079758066
58.70561573921318
58.93056706977127
59.008228064645394
59.256383761555455
59.80200715572132
60.562292765439814
61.366849303513064
61.53026328464239
61.4522325797429
62.64453575216201
61.662674944466865
62.9050567932774
63.11744965102799
62.456466380921825
62.311528309419934
63.05119612550474
63.413312926784336
62.97037219546675
63.85117470002571
61.91368889604983
63.70158796136817
63.42072414415192
63.92114622851151
63.08628914144997
64.02604780372832
62.8572283835741
64.63665315243638
64.73929475023876
64.02788250297522
64.92770228861981
64.23612883221158
64.54294361314048
64.46832984324513
64.92064157187266
65.07205161084224
64.165376141765
64.6850067813387
64.40217658243806
64.35211782487123
64.38502090276116
64.94126362302275
65.33856698902507
64.90342421477523
65.27843071856756
64.44624323151537
64.09562492573862
65.08462615327043
65.07056602274525
65.391300610838
65.0257374937003
64.4099128238061
64.26174397319528
65.54283464222449
65.75221024522153
65.09977629458805
65.17314037772483
65.5010962489573
65.31282368970678
65.19386711482304
64.92821185564397
64.71559125020846
65.41126796463656
64.54903703088942
64.08669934094148
64.41961709118924
65.38640827895681
64.46528396461332
64.87199542711737
65.12081810456742
65.43810622794315
65.24188111814607
65.65445607498361
65.65793921450977
65.68518933513155
65.43155199226723
65.72902207340961
65.5993509705161
65.65415150441177
65.46844958316323
64.9617537812209
65.56824858515746
65.72538355326853
65.74395149650204
65.78596889117064
65.1520518045998
65.5236579172362
65.64196444381693
65.9435388499768
65.67130765360392
65.94449298440522
65.54627409736632
65.85120920996069
65.94863093678819
65.507566665488
65.40257485972079
65.16031363910544
65.63996410049928
65.93349166312431
65.49078348681371
64.74245372473351
65.48394919958348
65.74553566707024
65.35365204414695
65.82413642989212
65.91504396159527
65.62111765898402
64.23495083496523
65.90094930662556
65.57492337252876
65.88460648161977
65.68292218521901
65.71609415350797
64.91443721262132
65.72884535797316
66.13465464749994
66.27023750049047
65.9027550880107
66.2936957861513
66.4394834532183
65.77819755536846
65.54099963730077
65.4933598694545
66.1809198594045
66.12445201796552
65.9238742831933
66.13412034728968
65.70489122210368
65.65478537493121
66.03554345492351
66.14748863945664
66.59326246461013
66.03353683795105
66.56654493624883
65.35948479567202
65.63107553450237
65.77354858761922
66.19913576792311
66.3727904924647
66.10233880943426
66.4631538251504
66.33191624868216
66.01064450269217
65.93075937913794
65.88160989378748
65.71386406125747
65.6937758909049
66.05223004613093
66.04427961637116
66.1745784927741
66.15178847166837
66.03400596258743
65.45864406268407
65.92087319168776
65.78382242585444
65.75885877947626
65.8716539817545
65.99613279613362
65.99715767970899
66.24278492610573
65.98310332243392
66.24103226241
66.1262693104101
66.5814590042757
66.47028000338712
66.39045733072899
66.36954376511224
66.3963241828503
66.33412374590526
65.90248313774372
66.20243233071355
66.40481486109012
66.2961222094711
66.4788477864605
66.09682918050962
66.42908401204824
66.46048891442155
65.89158826049976
66.04928862828305
66.30279963264314
66.23877534573403
66.38493217153547
66.42242412767331
65.61431824462046
65.81149659743978
66.20905619915125
66.40796311753765
66.64932656682883
66.4327883241275
66.54504100551793
66.6806321872251
66.16813635200198
66.54934213246182
66.51656810100882
67.02878159892096
66.7659548826172
66.91070962705071
66.83839719461696
66.78691994398216
66.80246098931498
66.84285952395165
66.93898721920112
66.76374487893904
66.36836346207669
66.79428212329519
65.99315163334069
66.20977809417168
