45.13675218672586
48.99106703403629
51.240312374696465
52.64762687977517
50.976080206997175
52.60353887668742
51.48909883026154
52.477864479999674
51.78995085561547
50.540026263996154
51.731619129375815
51.48756374866211
53.17254932652906
50.67192353485726
53.30933762606011
52.23453960064658
52.963408793395274
53.287238301986235
53.80461191385958
53.74231709571413
54.3775194990114
54.02667869571398
55.26798652273188
54.822244353982384
56.02331292581441
54.3672569865716
55.85874092247854
54.566786636574115
54.80560006859816
55.522892318125365
55.53419759470717
54.8332325233339
56.51749878175939
54.42196786942512
55.547978537315664
55.24247714051094
55.65922576385752
55.320730975661704
56.373882442791626
56.122728962097064
55.76183710413422
54.053088276671346
54.476017153484854
55.38356742108957
53.68858888196998
55.285063494735894
54.02111159786223
54.55301638214623
52.62476168779576
54.4736648208066
53.73713231148093
53.267305577950474
54.83324288852825
55.584419752430456
54.16686833381355
53.544648080839195
53.64774075829244
53.763613357140656
53.88459260861859
54.797564587306226
53.17653094875861
55.31249404252441
53.558697686141905
55.06959024265975
54.35115092919877
54.25140235288491
55.445449435664194
55.52772899889706
52.925842805043956
55.387231601507274
56.665440197415144
56.43204528940726
56.457069073499525
55.5380085226739
55.26575934392191
55.3748136542258
54.9701355761728
55.5019481755877
53.797389800506124
56.79567911828016
56.37424261342769
56.17542639644643
56.48608163497477
56.73817075311312
55.250815762207125
55.76316649182396
55.0525293186023
55.974204328901166
57.39673648725859
55.64356449212016
56.042396052405756
56.071022250889555
57.51026611148171
58.51987819340762
55.74859257113221
56.27768517866506
56.74466692881353
56.56226885564422
59.653284809887765
57.96174329072901
58.308000842997764
58.52463825671646
58.540478035981465
57.45863745929894
57.203022476835976
55.0051234608062
58.13502805140919
56.453192338758136
57.22994166197734
56.11704964879724
56.209175272288995
56.88435079926839
56.75352956854143
57.69985812325599
57.61114789257905
56.4498876097046
58.385293284222605
57.136480163817694
56.88707876174946
56.68747511380915
56.56818898150024
56.24542851508798
56.09300932887045
56.37438575911331
56.67353254620423
56.75412648766315
58.57605061764906
57.76362904706726
56.0945282159531
56.972354135545125
56.62727170511876
57.81589527564745
56.62284143462351
56.18135493091296
57.29658868721474
56.183852239325276
56.94908082912711
56.44163103521157
56.13931923354673
55.7782251718522
57.907780891271194
56.59260145728536
57.377060132218325
56.45578283067702
57.413570876193084
56.8734020324702
56.57825744973091
57.01986964992847
57.18649660106564
57.50875975240423
57.626882752136225
56.45729638857921
56.600111598260575
56.9167972004536
57.75000504974844
56.92437838420201
57.51146850659567
57.286814683055546
57.41271353835666
57.50853459390638
57.970954045099944
57.369276004130406
59.06285510178367
57.79829043997771
56.0621045093753
57.11448649555458
58.02998336875611
57.44372566344081
58.049769993225816
56.57680119281154
57.21944053439575
57.43684488562692
56.0558259330395
57.7407234804971
56.17387295710652
56.29449181737352
57.00399118909547
56.416660846267476
56.03836652024952
57.69334800356358
56.76330404055873
56.78110170360019
56.94490110206564
56.82197002499751
57.0445621838551
57.7243431029065
56.23783993536877
56.28612223221811
56.99824990328285
57.154363279794346
56.355960918082744
55.49675723061734
56.04074992340448
56.34554174918568
55.061172545448755
57.09298725104047
56.35868235012139
55.81050955495411
56.57608098706231
56.741761759978125
57.438975361163564
57.708613990824155
58.62302860655369
58.95071332784416
59.020177386586965
59.62046806958045
58.83372788988177
60.06916867149238
60.185994965113125
60.737654427391526
59.784663762378464
59.94405178922932
61.76811455209391
60.11332066820665
60.856214745714766
60.12252665286379
61.081528227015546
60.408556271029546
61.03368655375378
59.24477213539342
61.40356736527639
60.1958351966523
60.94027223122413
61.04079587674226
60.29480336065303
61.296255345591156
60.766684078741086
60.28457830875658
61.17325542012074
59.549907971096104
62.12713036118629
60.66437263694049
61.254597820035656
61.00489918348194
61.41657081229328
60.73212647974989
60.6028147711155
62.31597644769246
61.582996605781645
61.40755813480572
61.46815701444458
60.88802337235156
62.3156561839684
62.91317527794115
61.82338752542736
62.790262034278655
61.31030228658609
61.33728717572953
61.91422353156067
62.513569498896544
61.35255241938096
61.21261118877038
62.23020246928948
62.176883769981046
61.56423569584574
61.92956085246517
60.76310812962792
62.521708055937516
62.295853383567696
61.972333346431114
61.495604103766745
61.93122183696549
61.078495142959476
61.12076466747181
61.22430763208364
63.11715282294438
61.00502168270262
61.93440747014361
61.704282426030154
62.25467950528656
61.41380707529947
61.697048009866386
62.373088966749755
61.60671075129294
62.203062781378435
61.79153440177054
61.94991629916541
61.58720283739041
61.695994880783644
62.32350953110373
61.63455422837607
61.924885438295014
61.439386631021314
62.1715772231085
61.644823073738465
62.70905430493051
61.03611634786092
63.17903329588115
62.38503803921702
62.388259361843275
61.686063542039015
61.8533219171181
62.10768092832055
62.70975816558837
63.98855033148068
61.37713751442956
61.92810005234229
62.52241522892879
61.42700415426004
61.57874904915539
63.02282107585601
61.89943831091446
61.63586395131989
62.88207498364302
61.28841848438474
61.61097171808268
62.360562108517534
62.10847892048903
61.76692804045295
61.53628458512942
61.88459131522885
62.249830343997445
62.279454334014986
61.829004552246886
62.60787479267066
62.07203131628989
63.20103525983233
61.20247257916205
62.636415821627295
62.238901270197026
62.233771326208895
62.93187530729118
62.20121217484809
62.27194497256447
62.09215175847173
61.681332351006894
62.49141068254861
61.6892776227162
63.499840914464414
62.70987435254161
62.81304271548263
61.97032871270364
61.79503422131468
63.040520216842744
62.85476514589292
62.96576200035306
62.72510914612979
62.81123869579515
61.7033770829023
62.78646896086526
61.45359558045315
61.608255610533355
62.045598474917774
61.64259188759346
62.74025435686213
62.09665616609743
63.15718586207962
61.58385829528969
61.41969211300697
61.73225054497823
61.33865625602269
61.630322331754165
60.99142409544429
62.21905019432553
62.35548930930789
62.456960624581434
62.87360746106228
62.213174304322614
63.06939367365261
62.801462682367365
62.95695476186523
62.41831051548625
62.710754476069894
61.78489758989043
61.67594327055419
62.736787776381995
61.54412254608569
61.39696335419719
62.608433084164645
61.5427261480879
62.10921826967356
63.452935288694675
61.95663604705448
61.594005611382194
62.233853393495274
62.14324915963789
62.36745507750951
62.39385545867386
61.63367100686884
62.42250857993277
62.17844407012521
62.218351640408216
62.680320265742765
61.64226737922785
62.24447813649023
62.97763376704563
62.54608983427276
62.692777063296724
62.60719732406142
63.01242934240076
62.37183127974443
63.40130894308402
63.32240595357919
63.17118286824069
62.73910385465184
61.865185157805
63.64598594383528
63.35416920415711
61.485129647380255
62.624501854661204
60.750830520978795
