115580.0
107180.0
107180.0
104920.0
118220.0
94120.0
87880.0
99650.0
83910.0
99290.0
104690.0
97070.0
98750.0
105770.0
101990.0
104570.0
104690.0
106670.0
101990.0
103390.0
104690.0
105770.0
85670.0
103110.0
85010.0
84290.0
81100.0
103390.0
105770.0
103110.0
104570.0
84670.0
86470.0
90130.0
106910.0
104690.0
85450.0
82000.0
91745.0
103770.0
103110.0
81260.0
103110.0
94950.0
106910.0
84170.0
103110.0
104690.0
80320.0
104690.0
104570.0
84670.0
104570.0
104570.0
104570.0
106910.0
106910.0
87060.0
102310.0
103110.0
86300.0
103110.0
103110.0
108110.0
105900.0
102900.0
102900.0
108110.0
106250.0
111710.0
110510.0
106250.0
98750.0
105900.0
111710.0
98750.0
98100.0
106250.0
98750.0
82100.0
87860.0
108110.0
78480.0
111710.0
98750.0
103110.0
103110.0
108110.0
91730.0
105900.0
104850.0
106250.0
103110.0
103110.0
101580.0
106910.0
94950.0
98510.0
111710.0
98750.0
100950.0
105900.0
76090.0
91730.0
106250.0
86130.0
86230.0
82000.0
76760.0
102350.0
106910.0
98510.0
111710.0
88330.0
106910.0
111710.0
106250.0
111710.0
111710.0
108110.0
94950.0
98750.0
103110.0
108110.0
102900.0
95600.0
108110.0
111710.0
100950.0
101700.0
111710.0
86230.0
101700.0
95600.0
91730.0
111710.0
91730.0
106250.0
106910.0
111710.0
101700.0
102310.0
103110.0
108110.0
100950.0
106910.0
90130.0
101700.0
108110.0
103110.0
106910.0
101700.0
88900.0
106910.0
100950.0
101700.0
106910.0
106910.0
101700.0
111710.0
108110.0
88900.0
105900.0
103110.0
108110.0
103110.0
111710.0
108110.0
102350.0
102650.0
95600.0
105900.0
111710.0
86060.0
98100.0
80780.0
89660.0
72440.0
88900.0
92300.0
77400.0
105900.0
111710.0
111710.0
101100.0
108110.0
106910.0
108110.0
99070.0
106910.0
95500.0
108110.0
106910.0
102900.0
92300.0
85450.0
103110.0
75100.0
101700.0
88030.0
111710.0
