42.16912821180092
47.43984669607729
47.568036410926744
50.79425800789743
50.53180907970422
51.86854740208265
49.76585419813567
54.87810139528629
54.1338810723081
55.75084286726747
54.973227999720216
58.557456158398004
56.15855976192136
55.47758985490447
58.291099683793824
60.849741553502376
60.43564809275399
60.046560230330584
59.33430117994008
61.465020878497555
60.69401247559897
60.35107167824501
59.93229403689759
59.06241121509783
58.573504432146784
58.32659302568342
58.60033179165374
59.60191571030345
59.019896424133655
59.22985809232179
58.20762478653665
58.91270771328728
58.986451872340155
59.312407309095974
59.06013219779017
58.24178487876021
58.683404856684284
59.18535212457492
59.584372355104314
59.53831512234275
58.99887258116655
59.5760499730241
59.84752214696029
59.842924913205586
59.19427320456292
60.48931205506492
59.80602972544281
60.262514210485115
61.73842287610884
60.60596980232588
61.31408401889482
61.633871348653095
61.551188652478714
61.608816978676444
60.877094501407825
61.18401482630325
61.319559537702304
61.32245086536157
61.433456890754904
60.68308811855305
60.29118631564719
60.6242112546028
61.018867120849805
61.08288547546743
61.544763575040456
61.4165897184528
61.35560482876757
60.29855636212437
60.77979310619753
61.57078432867166
61.23206897451943
63.04241939727992
62.336246833970925
61.32931285920668
60.66956041242731
60.36918913542186
60.055699399784615
60.06630969877075
59.32869805827632
59.17933333197011
57.94667050702688
57.60391471145879
57.95342775120056
59.8829886440575
60.038947162091254
62.00443137385711
61.687151709536224
60.35753095021759
59.60281225241724
59.84772259866737
59.45222316931971
58.221895775207365
58.240529553388576
59.371625735886504
59.74123017294083
59.11955025046138
58.56322465458279
58.65994682964402
60.3337730838828
59.21999440046165
58.883920672557004
58.44647232783521
58.89660707615696
59.642499925626325
60.148753156852614
58.395497982333744
58.28776802265941
57.7171529069589
57.74704643541511
57.51080654603204
58.78042265965663
58.72010897238542
58.695757263215725
60.2429142371925
61.25061849344026
61.33347119698999
62.37385456390455
62.28541908068958
60.774617084109714
59.953885034546104
59.54496737772846
58.822822415596
61.08301104362681
60.819110503608336
61.49837228726026
61.17668645476225
61.11572265253266
61.20667228621549
60.56139859985726
60.94801198480372
60.53255910196099
60.62409831255008
60.028406575965136
59.93374619786005
59.318770889102275
60.38088899715149
60.73837605749373
61.406348032326555
62.751910446072266
61.93821239193164
61.1230647611397
61.469130825145804
61.33918930324293
60.618889781134165
60.59157145590219
60.51737587487589
60.67364508435479
60.75771177450144
60.626044167790035
61.498005160380984
60.416989639625086
60.56598931065113
60.18466873405848
60.770185008113444
60.94714095761285
61.007198281383396
60.28198842205956
62.503207478749076
62.0768666293087
62.26561376000618
60.65356063322588
60.33042252389357
60.26324180239847
58.80926887824362
59.72222607933102
59.92660923869138
59.931368091105675
59.62161221869582
58.485185380011295
59.74274124204409
59.48416752421874
60.401081267278315
58.82878872521847
59.29421129220982
59.31951028736589
59.138401657900346
59.44057234818168
59.613292793245705
59.81060461925063
60.09878454969132
59.57112744420953
59.206555874663685
60.97818896698981
60.0143544525735
60.14074541133422
59.37157500913702
61.277357341691534
60.38189788787832
60.16747955964732
60.4862381735941
60.35771633939216
60.59143912968798
59.40738879713748
60.032138322708306
58.550106676931264
58.79063096882712
58.15114978596261
59.01800479169568
59.944700290873904
59.99017506958027
59.68967438629813
