38.62071160462553
44.23656731015223
46.88971416900665
47.34246269254839
50.47946723902513
50.37346302937499
50.42626841042907
51.066627062919714
53.42717141448571
53.8770005387247
54.634955640995756
55.76480578338789
55.71565087806168
55.62269426985268
56.49837731030467
56.905110498274546
58.7885184762078
56.37168457215949
56.5705762605824
57.51476722341977
58.41160508338696
58.26528277304969
57.3799137752055
57.00495352626077
57.00304704350307
55.946192534609075
55.252339009085325
57.200504021124004
57.25550337709001
56.053742474499415
56.14000016631834
56.18009042423042
56.08124335823542
55.285496932752984
56.73070579324701
56.52841863940932
54.96231621502311
55.38415879602082
57.136660057549186
56.78555165574001
57.90906707451526
56.52943250907392
57.0000097228553
57.16084780461398
56.51130389692575
55.62684085913682
58.71190673009513
57.11248911297253
56.95684295414663
59.41480710355985
57.78559357017023
58.867205806214805
58.64351786713228
58.270953793625594
59.337594731312066
59.04340571905776
58.72856980900539
57.89846060708288
58.10361273883802
58.48565774105536
57.94494621160158
57.604223133794044
57.854140753020815
58.54288702245204
58.33640427737982
58.05391782273898
58.59027742169665
58.353182077138555
58.179161046321525
58.40074981393517
58.608499046663276
58.87731137443342
59.51824998792672
59.64757063227784
59.43226867698309
58.56769760627483
58.00328836178259
56.991915117177236
57.423954721181964
56.62170523338977
55.961671197224845
55.25597466742841
55.06782037881752
56.1790141833956
57.063723593678766
56.9307742136214
58.59196381456259
57.60876325063037
57.64190720544947
56.83683181872164
56.18503423870476
57.80705648821354
55.772745776403745
55.72243411423302
57.28745346328319
58.51523603241099
56.83661913848857
56.69626984576745
56.12090364870714
57.38708913112657
56.68179546744986
55.89829942080267
56.57757821788756
55.723405066150086
57.60512275828736
57.17618343381599
55.93649157439699
56.406164674210025
55.50600938517502
55.37428357624309
55.38323320612134
56.5024595981021
56.1898087602566
56.33307060920592
57.613771699234995
58.43252781162357
59.00184480821177
59.62197008216677
58.67970782340827
57.63059563667831
56.57142634201275
57.40025403426999
57.03586470184388
57.675542644183665
57.168505268106365
58.97923374369384
58.18052976257804
57.938657097321574
57.513643067738435
58.04361268582042
57.3056478417862
57.81321234476743
57.82491923091936
56.4215968850159
57.06609026929493
56.49127606618546
58.05259400882589
57.595513555138986
58.683797729620345
59.695476732849
58.67763350900687
57.70925947404727
58.387360144569094
58.122008060724966
57.218005191577795
57.53456657843096
56.72418992587802
57.71893637805232
59.07791747943072
57.75716942578709
58.27125479832125
57.82611070132161
57.995854519775065
56.679453673873994
57.696146929996694
58.254063083908534
57.1840939351653
57.339560769869664
59.67016987498612
59.52288420037474
59.35058969731161
57.11546854009154
57.45484932252626
57.19064817678476
56.097432600263346
56.558868418722106
57.278862622304416
57.11409529174106
55.90725387971157
55.770399339869535
57.56540736864821
56.62795742200602
57.31516462129673
56.279227883721404
56.30622344397972
56.57699605520238
56.264078216724165
56.23577012471759
56.75256431994981
56.63727248978418
57.86124492737137
56.71895766905776
56.824149840238086
59.10307192562819
57.66381079493469
57.44933368221703
56.66313332484686
58.778336977092735
57.22647845821933
57.875273137911684
57.41923185685328
57.13221676075028
56.8973219294345
56.49741567300242
56.873608919569534
55.78025867429857
56.40218929072701
55.7159949927705
55.69294997999509
56.54851415689773
57.661778546769625
