39.52026101776401
41.21380988792261
42.166027993563105
41.60422145661768
41.60422145661768
48.41991798554699
48.41991798554699
50.88757059573693
48.12410274079361
50.31789879856178
50.31789879856178
49.35053688950468
49.35053688950468
48.968929993982286
48.968929993982286
49.59588962013624
49.66290529924297
48.8772496796122
48.56365269961553
48.77939209895804
48.77939209895804
49.04063880059632
49.94429367233252
49.94429367233252
49.94429367233252
48.029653967725835
48.029653967725835
46.838200111645705
48.029653967725835
46.5332122228433
48.50810720454672
48.50810720454672
46.642415872761724
46.642415872761724
48.26503036719228
48.26503036719228
48.26503036719228
48.26503036719228
48.26503036719228
48.26503036719228
48.26503036719228
48.26503036719228
48.26503036719228
48.50844969421442
48.50844969421442
46.867989905463865
46.867989905463865
45.73556191467222
46.61663052317701
46.867989905463865
46.909887292345495
46.376376310300216
46.376376310300216
47.00253058063139
47.02673468297633
48.087375140216864
48.087375140216864
51.705834502522464
51.705834502522464
51.59295799874622
48.33613966678483
48.33613966678483
51.59295799874622
51.59295799874622
51.7282232305442
47.08004861384837
45.360032465872486
45.110467048417604
45.110467048417604
45.110467048417604
49.15278989893302
49.15278989893302
49.15278989893302
48.99688825058132
48.99688825058132
51.83465061308909
51.92183219435831
51.569979227503985
51.1160516277832
52.45130505464069
52.56890297137007
52.56890297137007
52.56890297137007
52.56890297137007
52.76359642478413
52.86655553208823
52.86655553208823
48.43672983186374
54.47662554494017
55.42853296163715
55.437442582443694
55.437442582443694
50.80421549339948
50.80421549339948
55.458231697658945
55.458231697658945
55.458231697658945
55.49585009661989
47.46680004253848
55.49585009661989
55.66810276554631
55.66810276554631
55.66810276554631
55.66810276554631
55.66810276554631
55.66810276554631
55.675428453765015
51.542928925138355
51.542928925138355
53.61563215545516
55.85758070136536
52.01441712365116
50.62570445940869
50.62570445940869
55.879528641881635
48.24086695747001
55.99676877752083
55.99676877752083
55.710851324596966
49.09219040742079
55.793233439984796
55.99676877752083
55.99676877752083
56.06151202204835
56.06151202204835
56.20842176956949
52.20653623832814
56.20881775271644
56.20881775271644
56.23218075838692
56.29474609560617
56.731911489847
56.731911489847
56.77725156017359
55.875588783864956
56.77725156017359
56.77725156017359
56.77725156017359
56.77725156017359
56.80248174478077
56.84329462476276
56.84329462476276
56.96513011869913
56.96513011869913
56.96513011869913
54.18642837906579
54.18642837906579
56.96513011869913
57.00714929070028
55.402153087505496
57.00714929070028
48.36890034364261
57.00714929070028
56.99287483514009
57.00714929070028
49.83848972395173
49.83848972395173
56.88350435873515
53.958466672762185
53.958466672762185
54.957436849454176
50.31490466221569
47.433928995958475
47.433928995958475
47.433928995958475
50.135262249632234
50.135262249632234
50.135262249632234
50.135262249632234
56.71261298935245
56.353936057759434
56.353936057759434
59.2220751664881
59.60342572670126
59.60342572670126
60.57275927430273
60.57275927430273
60.83119415109668
60.97396812827871
61.12629072434188
61.12629072434188
56.04581752055661
55.79063883617963
53.68698332632759
52.71115187648093
49.64817772484051
56.594002914819065
54.7692430453734
51.7903872082645
51.7903872082645
51.7903872082645
51.7903872082645
51.7903872082645
51.7903872082645
54.04276804276804
57.2796108291032
57.2796108291032
55.599821274561755
57.2796108291032
56.0141251367751
58.00846023688663
58.212722775417
58.49072958288408
58.49072958288408
58.49072958288408
58.5478108285237
58.5816367518657
58.5816367518657
58.5816367518657
58.5816367518657
58.69474218304052
58.51673326145325
57.863124766629326
57.863124766629326
57.9427108337334
57.9427108337334
56.24793572637104
57.9427108337334
58.42110829103214
58.51673326145325
61.74007720479065
61.74007720479065
61.74007720479065
61.74007720479065
61.74007720479065
62.201123089264705
62.08062390397456
58.46701330133628
58.46701330133628
58.46701330133628
61.96212195042718
61.96212195042718
61.96212195042718
62.074306440545065
62.074306440545065
62.074306440545065
60.65094178811898
51.40322318085626
51.40322318085626
51.40322318085626
60.483465439359065
60.65094178811898
60.65094178811898
60.65094178811898
61.58466218483756
61.58466218483756
61.69248589955941
61.69248589955941
61.69248589955941
61.88431684583156
61.88431684583156
61.90921589641994
61.82672425925323
61.90921589641994
52.97851525755353
52.97851525755353
61.90921589641994
61.90921589641994
61.90921589641994
61.97893323806739
62.7122420392001
56.11934492550668
63.02924015309443
61.5318258769234
62.25708003806649
63.22226266503425
56.029342486035404
53.82241726698132
61.68492108136726
63.1847611484288
63.22226266503425
63.22226266503425
63.22226266503425
63.23699166804613
63.23699166804613
63.23699166804613
63.23699166804613
63.23699166804613
62.89577887341033
63.24101342333697
61.82630109998358
61.82630109998358
63.24101342333697
63.24101342333697
59.57496922006316
63.28027971719446
63.28027971719446
63.28027971719446
63.28888300629806
56.00535264778268
56.00535264778268
53.95513045671105
53.95513045671105
56.075535966611454
55.28845437616388
56.075535966611454
56.075535966611454
56.19250816465943
56.19250816465943
57.29764791585587
54.582355809481754
57.29764791585587
58.092034146587864
56.61259776070339
56.61259776070339
56.61259776070339
54.978032419820686
56.61259776070339
56.61259776070339
56.61259776070339
61.64007762902535
61.64007762902535
61.64007762902535
59.462575604838705
61.64007762902535
55.890981491639735
55.890981491639735
55.890981491639735
53.55297082485219
53.55297082485219
56.5203876394222
56.5203876394222
56.5203876394222
56.525669937628244
57.54474716076471
57.54474716076471
54.09931419363713
57.93364492821817
57.93364492821817
55.625439665507436
57.93364492821817
57.94117339523407
57.94117339523407
58.26468835283414
56.268670337358934
56.268670337358934
58.34729236592531
61.084961515689756
61.084961515689756
61.084961515689756
61.084961515689756
61.105977077424775
61.105977077424775
61.13085864266965
61.3286196368311
59.17164950067307
61.3286196368311
56.14356073144554
60.07643937695502
61.3286196368311
61.3286196368311
61.3286196368311
61.3397611012909
61.479029407038404
61.479029407038404
61.179709679147244
61.479029407038404
61.479029407038404
61.53109432749478
62.486054030357835
62.486054030357835
62.60134801906953
62.60134801906953
62.657460682777135
62.732642884541626
59.61576364900051
62.732642884541626
62.732642884541626
62.732642884541626
62.67105046851883
62.76946682009973
62.87336292399583
63.0686612965094
63.08071675160283
63.151953531700364
63.175187681516796
63.175187681516796
55.150571131879545
55.150571131879545
50.08387971769421
50.08387971769421
55.08807353563325
55.241913772547214
55.241913772547214
58.104989340687276
59.6758813978261
60.51941965195421
60.51941965195421
54.40352209445288
54.40352209445288
54.40352209445288
54.40352209445288
57.84071609822373
57.84071609822373
56.00539261328367
55.90782122905027
55.90782122905027
55.90782122905027
55.78522656734946
56.00539261328367
56.166977032898814
