755530.2333333333
667309.1833333333
621526.8333333334
607507.4
539957.15
563127.2833333333
532386.9666666667
510794.55
438098.2
417577.0833333333
423500.6
435482.0833333333
423043.5
432474.1
385648.31666666665
375683.86666666664
362829.45
368606.31666666665
357911.1
345666.23333333334
357885.6
355799.86666666664
351855.6
385335.65
383897.4
364229.15
334944.1
318995.75
353005.26666666666
354339.6
348197.9166666667
321092.5333333333
308894.9
298214.1
293853.9
322311.63333333336
336151.5333333333
327629.76666666666
307425.5
297246.31666666665
292276.5333333333
283718.95
306438.2166666667
311928.43333333335
321775.9
292650.15
288383.7
272062.36666666664
272419.06666666665
279100.93333333335
279029.01666666666
279192.2833333333
295051.13333333336
279680.36666666664
263219.51666666666
271205.18333333335
269513.0333333333
285410.95
296976.8
284142.43333333335
291264.85
278257.65
279482.5333333333
283904.85
290779.73333333334
279556.56666666665
276335.06666666665
284158.0
266946.75
268625.05
279558.86666666664
288757.25
268799.2833333333
272515.6666666667
274109.9666666667
279930.7833333333
285008.8333333333
275552.2
268025.1
277629.13333333336
286250.63333333336
277896.4166666667
292058.9
281127.01666666666
284168.5333333333
288238.63333333336
283123.31666666665
294300.55
309855.45
320057.15
310351.9666666667
292558.7833333333
292442.15
290594.43333333335
297297.05
301322.26666666666
300229.98333333334
294461.2
287713.98333333334
297671.76666666666
299547.7833333333
299406.7833333333
290014.18333333335
294720.9166666667
299174.8
296533.05
302781.5333333333
300599.51666666666
300576.2
296244.95
289256.98333333334
286677.26666666666
284236.2
293971.35
298113.0333333333
294578.01666666666
302515.6666666667
302434.9666666667
303689.88333333336
297955.7166666667
287918.38333333336
286809.1666666667
281069.0833333333
265583.06666666665
266542.18333333335
256345.18333333332
246683.2
251060.96666666667
251235.1
244981.9
241592.03333333333
258962.3
258271.06666666668
255737.4
252491.18333333332
254625.71666666667
257144.46666666667
260214.56666666668
260368.4
262738.2166666667
267938.13333333336
261497.16666666666
253197.05
247461.95
244964.43333333332
239111.4
242813.31666666668
240585.15
241092.81666666668
228969.58333333334
228498.46666666667
228054.5
235848.65
235370.41666666666
240081.46666666667
256512.7
253113.5
263436.26666666666
260515.6
256675.61666666667
261845.78333333333
255840.71666666667
250101.45
243335.53333333333
224491.03333333333
238856.4
232233.01666666666
236930.08333333334
233234.21666666667
238393.78333333333
243692.85
243136.43333333332
247159.61666666667
251779.5
245027.93333333332
244538.5
244616.5
248026.41666666666
254325.86666666667
253897.18333333332
245343.9
249166.05
248692.83333333334
246462.7
244245.78333333333
238539.73333333334
232311.2
222707.98333333334
225427.41666666666
222007.98333333334
225962.86666666667
230261.08333333334
228488.3
226773.03333333333
233060.1
240315.91666666666
231039.15
213963.95
225128.96666666667
230720.03333333333
233496.08333333334
226786.0
226183.96666666667
213305.5
209852.28333333333
211390.13333333333
210071.11666666667
210074.71666666667
210677.31666666668
212501.25
221151.93333333332
221667.73333333334
214093.7
213434.78333333333
222242.38333333333
222066.01666666666
215890.76666666666
219869.51666666666
225856.28333333333
227819.1
234965.26666666666
241602.33333333334
234088.71666666667
234151.61666666667
231901.1
235270.0
237540.15
236907.95
236005.73333333334
234808.06666666668
231923.68333333332
231959.23333333334
224294.18333333332
225852.88333333333
225621.5
221559.08333333334
221502.31666666668
224460.06666666668
225188.06666666668
211597.2
211674.6
212481.46666666667
210864.08333333334
211461.2
208813.21666666667
203589.0
203589.0
202206.26666666666
200106.18333333332
204152.65
205835.5
209802.05
203249.8
209635.41666666666
204833.45
198977.93333333332
204670.26666666666
201915.7
211256.08333333334
210920.28333333333
231544.86666666667
234081.78333333333
240211.2
230457.21666666667
229966.96666666667
228197.71666666667
226151.13333333333
221961.26666666666
220449.98333333334
223890.5
220407.41666666666
228188.15
224110.21666666667
225549.18333333332
224154.5
223103.8
225139.11666666667
226959.08333333334
226877.55
234569.13333333333
230964.73333333334
227370.81666666668
225150.06666666668
219568.63333333333
215844.81666666668
206267.15
206851.76666666666
209870.05
205972.41666666666
208030.06666666668
211393.58333333334
194942.8
196459.95
200501.41666666666
193075.35
194892.86666666667
182251.98333333334
185588.13333333333
178568.76666666666
178417.85
175693.65
177290.85
181289.6
182495.75
186932.4
186351.95
188132.63333333333
192518.58333333334
200847.26666666666
191674.2
182346.61666666667
185782.1
183918.3
170408.85
172762.48333333334
175155.18333333332
174234.11666666667
170189.83333333334
164286.63333333333
157069.96666666667
159809.88333333333
155112.58333333334
149493.58333333334
146809.05
151251.1
151944.06666666668
151881.73333333334
153021.65
149924.38333333333
150574.68333333332
150209.1
153165.55
147147.4
150118.83333333334
146220.9
150353.53333333333
152134.76666666666
154983.3
156153.46666666667
164300.61666666667
163291.08333333334
162795.18333333332
161622.01666666666
155566.43333333332
158831.88333333333
159620.61666666667
162542.51666666666
161330.53333333333
159658.93333333332
164114.61666666667
161463.86666666667
164698.41666666666
170477.63333333333
170327.51666666666
173096.83333333334
169961.76666666666
172954.6
170868.48333333334
174041.35
177146.3
179763.2
182343.18333333332
186892.21666666667
183798.38333333333
181578.85
181534.85
184020.78333333333
187598.58333333334
181661.13333333333
175614.25
178346.01666666666
169097.83333333334
174930.45
174483.88333333333
182565.3
185272.5
191325.3
193870.0
192258.61666666667
186745.38333333333
177491.48333333334
168893.73333333334
171401.95
170067.51666666666
169182.38333333333
175725.96666666667
193746.13333333333
185406.31666666668
195072.96666666667
194830.36666666667
190895.56666666668
189318.5
189131.88333333333
184880.58333333334
181818.71666666667
175700.85
172546.65
172505.86666666667
165858.11666666667
171459.11666666667
163514.23333333334
