48.009901224994785
50.21329015687578
50.76662122609313
51.16192712408646
50.51173274779733
53.193106451504605
53.657165154363206
54.31712103407778
53.771480703895435
53.71908964493709
54.32259788621427
54.91681616675423
54.91577401981609
55.300134363622206
54.49446445642466
54.738452060915996
54.67016176960257
55.07798870261972
55.017953773406106
54.92208142444246
55.33345932412398
55.65770601221603
55.740950677766925
56.85573403816373
56.83088788657699
56.48023143511099
55.951175409977296
55.7038508739024
56.813675551198344
56.4810749142191
56.50547365531441
56.01202218931689
55.56622698185187
55.45905898620652
55.44102255923744
56.661196102302846
56.944545145990915
56.55540916357011
56.48299150050666
56.028199804838074
55.839111681106104
56.10551067859468
57.432918891559524
57.628997077286286
58.18624826407206
57.23073741768613
56.79012061643379
56.227531796885366
55.49757921195669
55.87376045596734
56.05030861677412
56.3718246855042
57.200572273169335
56.539857508826955
56.20860528238405
56.69142927823539
56.623245860150725
57.57836470427704
58.02629355642582
57.495069952302224
57.677041819618196
57.198822068197906
57.42780942091729
57.57956706828409
57.959945397927314
57.53879289479408
57.531205617895964
57.76238496094906
57.43032663678876
57.523385403246145
58.28472022308885
58.65609108172362
57.922043863460964
58.19749714233932
58.37445874919818
58.83295226966897
59.1170472709298
58.89084619143266
58.61319438482498
59.29527156178558
59.47486433127367
59.29922228077922
59.859411529112435
59.51186131177172
59.81298409416347
60.01617822903477
59.9256347439473
60.07939728210691
60.816139932813506
61.161914020285174
60.96754750310504
60.551622009732654
60.36629776896806
60.348765686583995
60.780977630308634
60.92064693728675
60.944943018389516
60.88816665844554
60.404627913880084
60.973392490878624
61.02229043889291
61.028595765459585
60.82529747060426
60.96218364003789
61.079845566740154
61.059358859558444
61.17009943575697
61.03016364773205
61.03986200354074
60.93810919776023
60.875751728985094
60.77305732273566
60.55181994135128
60.828522824470994
61.16527655148504
60.922317708494944
61.39467229608901
61.42160030380798
61.44655993337936
61.20447163690197
61.18697865923348
61.310689171053355
61.263527712541254
60.92457078885765
61.04403319811271
60.95426861600667
60.66027511211223
61.04642507542982
61.03569221134981
60.94858791022936
60.76290588029863
61.585759621754434
61.570462467575645
61.579501475101665
61.48925285810787
61.67228692096379
61.79637396056286
61.9196711133126
61.864904626946576
61.95450593462589
62.21720259634161
62.13214401581089
61.937444199376976
61.802615377270556
61.79184195214028
61.60536426826914
61.75569352555818
61.72117104542484
61.79026247927477
61.382443291366144
61.49329839406337
61.33213003170383
61.98469059273991
62.011383345287705
62.2687575289261
62.79871877536526
62.6263986209592
63.431950451598
63.20636514606713
63.05999447584042
63.204593291063254
63.038057713796235
62.50507138774947
62.39634362864431
61.47691829143115
62.080469563209505
61.90080353395826
62.23052291752838
62.0739738162132
63.04136665580316
63.5142291072732
63.63967296240117
64.05165134798257
64.44804299807537
64.34588096575324
64.3566432241062
64.41293537073892
64.54747011749146
64.7637553806132
64.7381185717496
64.506501430126
64.54915910140411
64.44211576204168
64.10498311273658
64.04629276918827
63.89548550299232
63.73402206786914
63.37595509538944
63.460316805265066
63.19742514944747
63.40600241236788
63.5087645918547
63.42826602995704
63.31681495546152
64.23021446905683
64.5904595042736
64.24991568416011
63.61890385054116
64.10733662463173
64.28246439674314
64.49036529309541
64.29624140818345
64.36068745768776
64.06783674236645
64.00556013482077
64.15553834173582
64.13290160744315
64.24886933242246
64.30852162101371
64.43999522153872
64.86552326827496
64.90248368615481
64.5300330630168
64.51884481830065
64.92228711468937
64.93684080160328
64.68148057672978
64.91662191651142
65.25230451659715
65.43621065096315
65.81216100505641
66.08369135577492
65.95073560369754
65.97915599261083
65.92880005155925
66.0860614481291
66.19078382918757
66.13559573853819
66.09721114855496
66.07555919008922
66.0813276492563
66.09041469631167
65.88679967262698
65.97652213358258
66.03072095573029
65.9329321041512
65.95143635851886
65.7767820155289
65.81364232787243
65.24272648763369
65.69067012970571
65.76357944632498
65.72381729517714
65.78307468333432
65.7458384977958
65.56243880918167
65.564575075551
65.54890990703328
65.5142902432374
65.67094750057234
65.76144953119982
65.90446262005706
65.72776200299761
65.94308353371176
65.70801723673411
65.42102989959574
65.90382866500572
65.85547912190337
66.20188042982534
66.22644257369656
66.95061400154333
66.95849175869553
67.29846566569805
67.0387368442468
67.05402137015068
67.04091939540659
66.89794778967332
66.6570568872377
66.88605505186939
67.08706774662785
66.99689192171842
67.25354133856827
67.21974941829467
67.28585041230112
67.27941217365374
67.2713829044843
67.37504558265661
67.46729905498428
67.49656060853837
67.73980892396621
67.64076335533365
67.54127468168728
67.58954175280736
67.45797147553566
67.28367536363045
67.01642251432547
67.0889623114846
67.1763934936354
67.0639152339953
67.01924973013976
67.12575482430498
66.00356672277817
65.89914116400178
66.39596947585169
65.97254194442036
66.17622235090485
65.65556985502641
66.01092206701178
65.75888262691221
65.963054202327
65.79238677345303
65.89684570734556
66.19260457878504
66.11646522907496
66.36627219474317
66.37119485919453
66.51584184223854
66.88389256164109
67.11716417359509
66.88244732826473
66.72024222880252
66.84585536261669
66.76931835058843
66.34223208746772
66.44759240017883
66.45715697253338
66.47164239304692
66.47566968554364
65.92555759598852
65.31946919870694
65.69186238785255
65.31964069128789
65.06494682787323
65.07720195635869
65.573907507315
65.65798577204221
65.51591398106541
65.86429595718677
65.83660668286537
65.71698546197605
65.84430998398271
66.05675021795996
65.7882571337973
66.0180581711947
65.77849838896923
65.8833476947266
66.49271309708648
66.6549763893969
66.79325804070466
67.0648563889533
67.02235378414119
66.96565381018175
67.04986217320284
66.90268728379391
67.1404592597412
67.14223295273236
67.29875313219081
67.20004262940809
67.21632464647918
67.43763700367501
67.28391980916253
67.43147403563175
67.67304993499343
67.70943205664223
67.73257670235952
67.56881086233031
67.73625622671959
67.60056708255063
67.7758645984953
67.99612173831555
68.0652949115171
68.11186398208041
68.31287497457205
68.26063972878471
68.1334413543327
68.11243211139572
68.24807899281572
68.37638088455368
68.18379403673671
67.91101685272223
68.03538239698408
67.67263405069174
67.90406478715
67.83735328372019
68.2284697126664
68.35393990008674
68.64096135667707
68.46915406773749
68.49170878679352
67.47770056581716
67.07377759997621
66.78766226289974
67.3867522545311
67.27777298946769
67.46725775382316
68.0797554286021
69.1622553951789
68.93975098668173
69.30233793240535
69.21488963625782
68.99374693092017
68.61443494161271
68.86212346407221
68.87788020211777
68.83224904194762
68.52228633236423
68.41149729651718
68.71070821252059
67.71675892145855
68.06143350249137
67.89427720964403
