64320.21428571428
44879.357142857145
41498.03571428572
37933.5
33630.142857142855
37587.82142857143
31547.89285714286
29690.214285714286
29894.14285714286
36636.78571428572
34426.25
40612.21428571428
33519.82142857143
43595.21428571428
45586.0
44141.53571428572
36415.57142857143
35479.21428571428
33978.28571428572
35276.78571428572
28137.571428571428
35219.642857142855
39644.67857142857
35994.857142857145
47800.96428571428
47042.357142857145
44095.42857142857
46439.92857142857
46738.392857142855
44623.78571428572
42550.17857142857
40705.607142857145
41812.67857142857
38828.75
38636.5
40226.5
38711.03571428572
40509.0
34727.21428571428
38550.67857142857
38848.96428571428
43864.32142857143
39017.32142857143
42553.857142857145
37951.71428571428
39301.92857142857
40873.607142857145
37344.5
36195.57142857143
38121.642857142855
36634.57142857143
39103.21428571428
40324.82142857143
35995.892857142855
34057.392857142855
36161.32142857143
32968.857142857145
34210.607142857145
37198.53571428572
33719.21428571428
30442.25
29068.178571428572
35188.5
26766.571428571428
34177.46428571428
32878.42857142857
27178.428571428572
29064.25
35372.857142857145
30582.89285714286
36129.5
40246.57142857143
34066.21428571428
38592.92857142857
35829.25
35692.32142857143
33351.03571428572
35664.92857142857
36345.392857142855
35704.67857142857
34587.107142857145
36375.32142857143
40871.78571428572
41318.92857142857
38376.642857142855
36960.92857142857
36186.42857142857
32132.178571428572
34737.642857142855
36208.607142857145
33354.71428571428
29515.928571428572
37762.857142857145
39087.96428571428
37667.75
36542.5
30159.964285714286
28144.035714285714
37067.92857142857
30542.0
30969.89285714286
29515.714285714286
35246.357142857145
33835.21428571428
35236.96428571428
35613.78571428572
31938.785714285714
35782.96428571428
41335.71428571428
39227.28571428572
39296.71428571428
38304.5
36487.46428571428
36256.75
35809.642857142855
30643.5
38394.892857142855
35648.32142857143
36655.42857142857
34502.142857142855
35735.21428571428
37305.78571428572
39442.71428571428
37362.32142857143
35233.75
35058.25
38454.357142857145
38416.17857142857
35821.25
38911.32142857143
36212.82142857143
43114.857142857145
45539.78571428572
42981.0
36943.5
41438.21428571428
39741.78571428572
37040.03571428572
38091.96428571428
31729.89285714286
35884.107142857145
38059.07142857143
35403.71428571428
33428.607142857145
31739.60714285714
32568.714285714286
39316.857142857145
35897.642857142855
36507.607142857145
32916.392857142855
31412.75
31703.10714285714
28567.25
33283.82142857143
35379.357142857145
37436.392857142855
39908.28571428572
36281.96428571428
38277.0
39102.71428571428
39023.75
39706.57142857143
35405.21428571428
33166.0
38940.392857142855
36734.03571428572
38377.42857142857
38809.107142857145
36849.32142857143
35637.46428571428
36031.53571428572
33070.92857142857
30084.285714285714
34779.67857142857
32805.92857142857
33723.892857142855
27604.678571428572
30931.75
34313.57142857143
38470.78571428572
37219.357142857145
40915.392857142855
39683.03571428572
34586.71428571428
36956.78571428572
31137.464285714286
33091.75
34458.03571428572
31851.928571428572
27845.10714285714
35625.21428571428
28131.428571428572
28633.25
26164.214285714286
28418.5
30106.178571428572
31142.785714285714
35050.46428571428
33582.392857142855
30792.10714285714
31049.14285714286
37085.392857142855
36997.642857142855
33089.17857142857
27795.321428571428
32368.928571428572
31254.60714285714
33237.21428571428
35011.28571428572
34212.17857142857
30420.14285714286
31456.14285714286
34517.57142857143
32433.321428571428
28247.35714285714
31259.85714285714
36274.142857142855
36904.82142857143
39464.0
36373.82142857143
37073.57142857143
33780.857142857145
33002.57142857143
36368.107142857145
34491.21428571428
33063.607142857145
36953.03571428572
36076.17857142857
34767.78571428572
40638.67857142857
39791.71428571428
36628.25
33584.5
37678.71428571428
34790.07142857143
32940.82142857143
34106.46428571428
30819.321428571428
30329.428571428572
29567.571428571428
29247.821428571428
33491.5
31067.178571428572
37925.53571428572
36473.357142857145
35053.46428571428
29780.821428571428
30275.178571428572
35811.17857142857
32523.428571428572
31470.25
33665.42857142857
35918.42857142857
30701.678571428572
27331.14285714286
30054.285714285714
29690.785714285714
25216.64285714286
31275.071428571428
26562.785714285714
31370.321428571428
34238.5
34053.96428571428
29097.10714285714
33259.78571428572
40599.03571428572
39684.107142857145
40204.642857142855
39646.78571428572
37940.642857142855
36626.142857142855
35151.857142857145
39326.32142857143
36931.96428571428
39987.03571428572
37148.392857142855
38591.96428571428
36802.92857142857
36745.357142857145
38318.642857142855
38154.42857142857
32875.57142857143
35672.78571428572
34700.107142857145
29622.428571428572
29969.0
36750.67857142857
35229.28571428572
33320.17857142857
29537.285714285714
32340.60714285714
29828.071428571428
35021.357142857145
29458.678571428572
28751.678571428572
30443.071428571428
30018.5
28514.678571428572
31451.785714285714
34212.357142857145
33553.67857142857
30372.964285714286
32473.964285714286
36530.42857142857
31162.071428571428
26808.10714285714
28437.571428571428
28996.071428571428
32935.0
34445.03571428572
32173.678571428572
29196.5
38658.46428571428
38524.92857142857
39432.21428571428
38263.57142857143
36675.357142857145
39996.392857142855
39613.46428571428
37882.92857142857
35683.32142857143
36145.78571428572
33244.17857142857
34006.0
34462.0
36426.46428571428
35121.96428571428
32325.25
33472.25
34891.07142857143
34118.32142857143
36680.392857142855
37235.92857142857
35072.71428571428
42577.78571428572
42361.53571428572
37361.32142857143
36924.07142857143
34673.357142857145
31810.14285714286
34002.07142857143
38920.28571428572
37946.42857142857
36195.53571428572
32005.428571428572
32876.21428571428
31602.464285714286
29578.464285714286
24156.285714285714
29278.964285714286
29253.571428571428
29756.321428571428
31573.89285714286
33180.46428571428
28308.35714285714
33622.142857142855
27458.85714285714
30735.85714285714
30784.10714285714
27792.535714285714
29616.60714285714
26068.35714285714
26470.035714285714
34712.07142857143
39361.75
40686.642857142855
36244.46428571428
31417.714285714286
36113.0
35834.03571428572
34079.67857142857
32904.96428571428
34852.642857142855
38489.857142857145
35769.32142857143
37448.17857142857
34180.25
31314.535714285714
29278.0
31522.25
34063.107142857145
31582.85714285714
34867.67857142857
31875.5
27816.10714285714
23336.35714285714
30232.071428571428
23512.428571428572
28585.964285714286
32630.071428571428
35029.17857142857
37417.96428571428
35436.357142857145
34466.642857142855
31252.60714285714
37482.857142857145
42175.03571428572
38498.92857142857
38956.892857142855
38097.107142857145
35725.142857142855
34197.642857142855
42569.5
41088.92857142857
38183.607142857145
35005.17857142857
33334.78571428572
33139.0
32011.14285714286
36278.642857142855
33700.57142857143
31531.85714285714
40329.71428571428
32310.285714285714
31121.5
33957.32142857143
33862.357142857145
39887.71428571428
44198.642857142855
42209.142857142855
38308.857142857145
31868.821428571428
31623.821428571428
34066.607142857145
31311.071428571428
35265.57142857143
37485.642857142855
36455.03571428572
33297.92857142857
33297.46428571428
34880.25
33731.67857142857
35867.28571428572
32986.25
30223.464285714286
31017.89285714286
37709.67857142857
38889.28571428572
35219.642857142855
32100.535714285714
35964.96428571428
34599.67857142857
33407.28571428572
37059.21428571428
34934.82142857143
29909.428571428572
30898.821428571428
28466.678571428572
27853.678571428572
25502.428571428572
31736.428571428572
33621.07142857143
32480.10714285714
35458.142857142855
44508.21428571428
43150.92857142857
40944.92857142857
39966.142857142855
38325.357142857145
40550.75
36855.32142857143
35269.92857142857
36341.96428571428
34530.96428571428
34625.21428571428
36780.0
35810.32142857143
31872.714285714286
33465.607142857145
35094.607142857145
31450.928571428572
31693.214285714286
33829.392857142855
28725.071428571428
30323.428571428572
39772.46428571428
42182.96428571428
42424.0
40190.28571428572
39624.21428571428
42728.857142857145
42782.82142857143
40642.82142857143
38010.67857142857
43398.392857142855
43293.71428571428
43792.82142857143
44803.78571428572
42842.28571428572
40837.21428571428
35853.892857142855
35797.53571428572
35508.5
33249.96428571428
30666.85714285714
33361.25
36801.92857142857
33876.642857142855
36421.42857142857
37735.21428571428
41472.78571428572
