103110.0
92640.0
92640.0
74800.0
70980.0
67520.0
69820.0
69820.0
71130.0
69820.0
69820.0
68620.0
68620.0
68620.0
68620.0
68620.0
68620.0
53660.0
53240.0
53240.0
53660.0
53660.0
53240.0
54740.0
54740.0
54740.0
54740.0
54740.0
54740.0
54740.0
54740.0
54740.0
54740.0
54740.0
54740.0
54740.0
54740.0
54740.0
54740.0
54740.0
54740.0
54740.0
47420.0
47420.0
46700.0
46700.0
46700.0
46700.0
46700.0
46700.0
46700.0
46700.0
46700.0
46700.0
46700.0
46700.0
46700.0
46700.0
46700.0
46700.0
46700.0
46700.0
46700.0
46700.0
46700.0
46700.0
46700.0
46700.0
46700.0
46700.0
46700.0
46700.0
46700.0
46700.0
46700.0
46700.0
46700.0
46700.0
46700.0
46700.0
46700.0
46700.0
46700.0
46700.0
46700.0
46700.0
46700.0
46700.0
46700.0
46700.0
46700.0
46700.0
46700.0
46700.0
46700.0
46700.0
46700.0
46700.0
46700.0
46700.0
45500.0
45500.0
45500.0
45500.0
45500.0
45500.0
45500.0
46700.0
46700.0
46700.0
46700.0
46700.0
46700.0
46700.0
46700.0
46700.0
46700.0
46700.0
46700.0
46700.0
46700.0
46700.0
46700.0
46700.0
46700.0
46700.0
46700.0
46700.0
46700.0
46700.0
46700.0
46700.0
46700.0
46700.0
46700.0
46700.0
46700.0
46700.0
46700.0
46700.0
46700.0
46700.0
46700.0
46700.0
46700.0
46700.0
45500.0
45500.0
45500.0
45500.0
45500.0
45500.0
45500.0
45500.0
45500.0
45500.0
45500.0
45500.0
45500.0
45500.0
45500.0
46700.0
46700.0
46700.0
46700.0
46700.0
46700.0
46700.0
46700.0
46700.0
46700.0
46700.0
46700.0
46700.0
46700.0
46700.0
46700.0
46700.0
46700.0
46700.0
46700.0
46700.0
46700.0
46700.0
46700.0
46700.0
46700.0
46700.0
46700.0
46700.0
46700.0
46700.0
46100.0
46100.0
45500.0
46700.0
46700.0
46700.0
46700.0
46700.0
46700.0
46700.0
46700.0
46700.0
46700.0
46700.0
46700.0
46700.0
46700.0
46700.0
46700.0
46700.0
46700.0
46700.0
46700.0
46700.0
46700.0
46700.0
45500.0
45500.0
46700.0
46700.0
46700.0
46700.0
46700.0
46700.0
46700.0
46700.0
46700.0
46700.0
46700.0
46700.0
46700.0
46700.0
46700.0
46700.0
46700.0
46700.0
46700.0
46700.0
46700.0
46700.0
46700.0
46700.0
46700.0
46700.0
45500.0
45500.0
45500.0
45500.0
45500.0
45500.0
45500.0
45500.0
45500.0
45500.0
46700.0
46700.0
46700.0
46700.0
46700.0
46700.0
46700.0
46700.0
46700.0
46700.0
46700.0
46700.0
46700.0
46700.0
46700.0
46700.0
46700.0
46700.0
46700.0
46700.0
46700.0
46700.0
46700.0
46700.0
46700.0
46700.0
45500.0
45500.0
45500.0
45500.0
46700.0
46700.0
46700.0
46700.0
46700.0
46700.0
46700.0
46700.0
46700.0
46700.0
46700.0
46700.0
46700.0
46700.0
46700.0
46700.0
46700.0
46700.0
46700.0
46700.0
46700.0
46700.0
46700.0
46700.0
46700.0
46700.0
46700.0
46700.0
46700.0
46700.0
46700.0
46700.0
46700.0
46700.0
46700.0
46700.0
46700.0
46700.0
46700.0
46700.0
46700.0
46700.0
46700.0
46700.0
46700.0
46700.0
46700.0
46700.0
46700.0
46700.0
46700.0
46700.0
46700.0
44900.0
44900.0
45500.0
45500.0
46700.0
46700.0
46700.0
46700.0
46700.0
46700.0
46700.0
46700.0
46700.0
46700.0
46700.0
46700.0
45500.0
45500.0
45500.0
46700.0
46700.0
46700.0
46700.0
46700.0
46700.0
46700.0
45500.0
46700.0
46700.0
46700.0
46700.0
46700.0
46700.0
46700.0
46700.0
46700.0
45500.0
45500.0
44900.0
45500.0
45500.0
45500.0
45500.0
46700.0
46700.0
46700.0
46700.0
46700.0
46700.0
46700.0
46700.0
46700.0
46700.0
46700.0
46700.0
46700.0
46700.0
46700.0
46700.0
46700.0
46700.0
46700.0
46700.0
45500.0
45500.0
45500.0
46700.0
46700.0
46700.0
46700.0
46700.0
46700.0
46700.0
46700.0
46700.0
46700.0
46700.0
46700.0
46700.0
46700.0
45500.0
45500.0
45500.0
45500.0
45500.0
46700.0
46700.0
46700.0
46700.0
46700.0
46700.0
45500.0
46700.0
46700.0
46700.0
46700.0
46700.0
46700.0
46700.0
46100.0
46100.0
45500.0
45500.0
45500.0
46700.0
46700.0
46700.0
46700.0
46700.0
46700.0
46700.0
46700.0
46700.0
46700.0
46700.0
46700.0
46700.0
46700.0
46700.0
46700.0
46700.0
46700.0
45500.0
46700.0
46700.0
46700.0
46700.0
46700.0
46700.0
46700.0
46700.0
46700.0
46700.0
46700.0
46700.0
46700.0
46700.0
46700.0
46700.0
46700.0
45500.0
45500.0
46700.0
46700.0
46700.0
46700.0
46700.0
46700.0
46700.0
46700.0
46700.0
46700.0
46700.0
46700.0
46700.0
46700.0
46700.0
46700.0
46700.0
46700.0
46700.0
46700.0
