38.973348775671106
42.66438785332306
45.69690075433876
48.958647715270324
47.611158904612246
50.218406787469576
50.4142031531487
50.91269093050482
52.303169269888656
53.68417847237794
53.451488092428505
55.54429869986603
53.16670444915438
57.083462754767865
57.477990382238126
57.51614950912683
56.00638303567882
56.52145302007925
55.75727916656416
55.7453108119083
53.756738975238214
55.346972255810996
57.74614068631247
56.91228570948926
59.14457263006729
59.02469187284683
57.934237269049156
58.73100812594682
59.0891512770255
58.486490947057035
57.70794495409252
57.585688697693136
57.794974055315585
57.938245207222316
57.25826563025064
58.05030169259713
59.75531411786651
58.45675225539446
57.26444413319416
58.63307693730979
57.917124688095996
59.40288383624037
58.84352490689158
59.3407311910621
58.45813995455047
57.64908965165679
59.40280210709782
57.971459951353886
58.19967056018107
58.63411034574146
57.17228215242673
57.99002210331753
58.44148769322014
56.75925241872892
57.451541977997884
57.79245028124962
56.41826251139717
57.69167914150199
57.562239107910486
57.13950631979976
56.33625496102034
56.24359147958827
57.240389766783935
55.618907561973785
57.325538759829634
57.24692302821955
55.7956781553644
56.23828982009337
57.92649520236878
56.43977069885624
58.352575265346445
59.228357876414556
57.94748675291153
58.64656110740147
57.62070375815337
58.41530200638051
57.55810357988173
58.43403846734953
58.256875722204995
57.310918765573696
57.44980590500707
57.92323447784162
59.28679649510374
60.25550063336293
58.703179845778685
58.274993002684454
57.20514367012421
57.15736829139951
57.84783574430332
58.0854866086505
57.06243054547313
57.430990393072186
57.755517571079864
58.31725471545171
56.86627433904522
57.804646242874114
55.741279264493954
57.19519704348742
58.31373895301949
56.331720491028655
57.2999375341831
56.30752087294047
56.884999443288045
56.661700699346284
57.530814283875465
56.891972149576404
55.69906910511829
57.706377849246834
58.930963318811415
58.34613775772583
58.07419563950959
58.1322012171614
58.031892164034346
57.36586881310841
58.268597920945076
56.56087336863672
58.31201762475964
58.16204595546365
57.663908337491875
57.24164269693654
57.93707101677147
58.28364262696999
59.293714196513626
58.17428633914755
57.60678371656462
56.640869956997314
57.8878532485074
58.33957155636287
58.13009745778057
59.052561966544594
57.78530590682278
60.010861537340105
60.484305594826345
58.972757429540096
58.49646604811879
59.93934126575971
58.89306524500801
57.926733033940536
58.06186678948597
56.60685074092838
57.71024092401985
57.887579964345754
57.47305457003136
57.65390902569499
56.3136937988421
55.831596864840954
58.04276878244333
57.08430352610148
57.53763770705001
56.159453821697525
56.51981749390662
56.72842014782556
56.195907764547876
56.95211933497493
58.131446406992225
58.19286142435633
58.23236624877489
57.11275175925221
57.94853604107489
58.471983819700796
58.5255739147574
58.59758586923684
57.34272800926832
55.97977361668377
58.65751271092926
57.47178916176059
57.83868197213078
58.33362536577354
57.979513966480305
56.689946823959524
55.94731961884749
56.17538238547809
56.20702636675129
57.391810768455215
56.69388396935099
56.591818981328124
55.87463737851604
56.01394096281585
56.876895619753256
58.39209427857543
58.2716935984435
58.54265262311799
58.723013793138776
57.59960925059235
57.12152884736328
56.81149046933488
56.799673921572236
57.41013488909641
56.79297639726362
55.92891501399522
57.69072452333342
55.3424969757911
56.41187719831251
54.76328529045129
54.568436099664716
55.31493590532972
56.37259632743494
57.38188871285621
57.613383915510646
56.555027727484756
56.848605894018995
58.22943649918418
57.25506501851887
57.15107659948651
56.41448984186129
56.798064046718366
57.048360148683926
57.27153985275142
57.320695265947585
57.248254053207496
56.519287919698094
57.094898165936165
57.639305314021385
57.41916421941194
56.28261971545813
56.471065238606165
56.6583054393329
58.67883345380891
58.77991447321983
56.659510375350386
57.967501063535614
56.634747106344584
57.05266038566179
57.804616997485596
57.185531823036285
57.01582664307324
58.357607733594804
58.322811300617516
56.7522237612231
58.19908427930463
57.85367583557444
57.553926818373206
57.65781832118332
57.138421998107404
56.432162966403965
56.30641625147482
57.321874079301985
55.56854910179157
56.856278026673486
55.314839638380555
55.41386572889378
56.65882833055132
56.64006642934328
58.655165860297025
58.12729049501602
58.12620966939107
57.13436717552285
56.42230652953083
57.199686094126655
55.70182169771224
56.13043175775451
56.923257369727146
56.603063951245495
55.6450623219642
55.42403428592018
55.14379875399264
55.27696535014377
55.28220308587479
55.304708483381546
55.866163079106705
57.079050954460946
56.622195954360016
58.42722288514647
57.05514284346947
58.25657661939577
58.60811550232457
58.7056918999158
58.267425340564365
58.906414912126756
58.21236508170064
58.35038699974042
58.344557316812114
58.440568228180695
57.49478637749478
58.407900996619176
58.68740218689245
57.72779893277543
56.35389586625767
57.347121519451086
58.04920195901002
58.35290289670235
56.66780976802937
58.09665882463959
56.094969409004506
55.85484513055448
56.306222619211404
57.62653809435816
57.137623228918336
55.86233459964776
55.29303739344087
55.88915272178237
54.3013101946284
56.34441429385152
55.632446008015286
55.50206462715928
55.904680341954005
54.98196082040835
55.192591426355456
56.06523102640489
56.46549744524225
56.7339689481951
56.37750965240894
57.472561814397274
58.30100432558284
56.91480858648788
56.54977688045122
55.66680371054488
56.745218943003465
56.56656140148357
57.34404253412942
56.898588014629446
56.36986163901656
56.8261076095734
57.61170801030737
57.73217140059576
58.520710905314836
57.49119499672622
58.727142074866855
58.79900182287346
56.55495112107587
56.53896307188375
57.09688888833114
56.14920258394796
56.06437305778188
57.640837052761036
57.51038792407813
56.79595052993942
57.1471207607913
56.06716456035774
56.47105097260803
56.87265581678751
57.75319848045116
57.56681890508271
58.15848689778159
59.74034723752962
59.229938055703286
58.185210006070236
59.01994762830579
57.53778101056916
56.707693090867416
56.16926958164983
57.4937002822977
58.059829866500245
57.20202586247736
56.071719257405555
56.47733390428835
56.63257263458114
54.966154592473416
55.2641216705449
54.68193684935788
55.99848664979716
55.93811628055835
56.391502451871965
55.63328738017949
55.264130392028456
56.7200683187962
55.97674222898953
55.70313705881657
56.40701961532383
55.71130379624666
56.419194506663224
55.44834081090735
55.49901417669158
56.736325933736175
58.72631392116096
59.179925199435544
57.578483040978625
57.53239355216348
56.86112863310575
58.114861039979154
58.07283488086912
56.54968399197613
57.84960416152331
58.419397453866765
57.73837701067233
58.02721134714631
57.56051324065234
56.36727581784921
55.81839361673065
56.262838779611435
57.12755726690345
56.50879873116946
57.454635033671025
56.51565846095858
55.516433155074196
54.19801539567281
55.757623357406594
54.75126929884857
56.17743467833604
57.34197230342461
57.60314929116133
58.566448216606986
57.62227321076083
57.62891197304899
56.32604820044962
57.940037224611984
59.69135386104763
58.607958599607144
58.51413079736768
58.61793241750837
57.92978298104111
58.371351451732565
59.277478599662054
59.49194133083452
59.45682295395305
58.90642434926237
57.45544858062752
57.187513655834586
57.460125054545955
58.09948528906697
56.659069153486335
57.31275868526226
57.9152408475149
57.38326228319936
56.6424417787054
57.257305611718884
57.064992163201765
59.0451786419809
59.305912658547655
58.81775351149745
58.447816253122454
57.3918666341807
57.643623618330444
57.085977978976025
56.99517212780069
58.01545013540506
58.49273069532654
58.63276497387979
56.99940841182372
57.362527830253626
58.31012229306915
57.43705975164463
56.8201848318345
57.505125527072785
56.445952584336176
57.37219425410081
58.45185786012874
58.81192666747151
57.790771416105194
56.41671797540679
57.854224560423816
57.54083871777093
56.23685042229672
58.25356600261282
57.65048046418812
55.996138685279476
56.07670765815423
55.77288787742733
55.4870878052992
55.64033629157875
56.563586569104885
57.43365715390232
58.414437871941885
58.222703649131915
59.521023648850615
60.084179772744065
58.52330716256769
58.85696295985626
58.775322243152225
58.977354203776656
57.69565810586203
57.40846262246794
56.79379480146722
56.705750883372325
57.15563143715598
57.57110416522466
57.04572940485963
56.327820785967184
56.48092946112847
57.14802215519076
55.36166684974844
57.03336844323932
56.87012097903297
56.149466248258214
56.637942799717365
57.18278670858306
57.677583504004154
58.64102255520381
58.018597411307645
59.14412477756699
59.4398723044552
58.96603411955144
59.48470790366455
58.018380059350996
59.767388332794816
60.08175740895032
59.144281673601014
59.415478831424636
58.8533040937722
58.481302997471154
57.11645817426246
57.13403622144513
57.19901528126582
56.56575135804826
55.92165451248257
56.22335884799006
57.385642398649345
57.699835263159116
57.719822354588075
58.20968139932656
59.27180288939128
