41.09124661433228
43.29731363276242
41.320451792806246
41.634157668640434
43.131741869204355
43.276966712034124
43.33711446010911
43.33711446010911
43.33711446010911
43.33711446010911
43.33711446010911
43.33711446010911
41.765765920137994
41.765765920137994
41.06352453194694
41.06352453194694
41.06352453194694
41.06352453194694
43.14972857291992
43.14972857291992
43.74298595886835
43.74298595886835
43.74298595886835
43.74298595886835
44.167916910616704
44.167916910616704
41.57164806728126
44.167916910616704
44.049037837568015
44.049037837568015
44.049037837568015
44.167916910616704
44.167916910616704
44.167916910616704
45.56014429900646
46.53253073069237
46.53253073069237
46.10405018853206
46.10405018853206
45.37168713639302
45.37168713639302
46.10405018853206
46.10405018853206
46.10405018853206
43.11114915338645
43.11114915338645
43.11114915338645
43.11114915338645
43.11114915338645
43.11114915338645
46.6760684895142
45.508817521268064
45.173135268557324
45.173135268557324
45.173135268557324
45.173135268557324
45.173135268557324
45.173135268557324
45.173135268557324
45.173135268557324
45.173135268557324
45.173135268557324
44.04173923861657
43.97828108896207
43.97828108896207
43.97828108896207
44.04173923861657
44.04173923861657
44.04173923861657
44.04173923861657
44.04173923861657
44.04173923861657
44.04173923861657
44.04173923861657
44.04173923861657
44.04173923861657
45.15754763067904
45.15754763067904
45.15754763067904
45.15754763067904
45.15754763067904
45.15754763067904
45.15754763067904
45.15754763067904
45.15754763067904
45.26441133365902
45.59067979359741
45.59067979359741
45.59067979359741
45.59067979359741
45.59067979359741
45.59067979359741
45.59067979359741
44.56052769005047
44.56052769005047
44.56052769005047
44.56052769005047
44.56052769005047
44.56052769005047
44.56052769005047
44.06398568837916
44.06398568837916
44.06398568837916
44.06398568837916
44.06398568837916
44.06398568837916
44.06398568837916
44.56052769005047
44.56052769005047
44.56052769005047
44.56052769005047
44.56052769005047
44.56052769005047
45.27661762479181
45.27661762479181
45.27661762479181
45.27661762479181
46.187317896028205
46.187317896028205
46.187317896028205
46.86534089457686
46.86534089457686
46.86534089457686
46.86534089457686
48.211151020849094
48.211151020849094
48.211151020849094
48.211151020849094
48.211151020849094
48.211151020849094
48.211151020849094
48.211151020849094
48.211151020849094
48.211151020849094
48.211151020849094
48.211151020849094
48.211151020849094
48.32120287350114
48.32120287350114
48.32120287350114
48.53641163443881
48.833220950074306
48.833220950074306
48.833220950074306
48.833220950074306
48.833220950074306
48.833220950074306
48.833220950074306
48.833220950074306
48.833220950074306
48.833220950074306
48.833220950074306
48.833220950074306
48.833220950074306
48.833220950074306
48.833220950074306
48.833220950074306
48.833220950074306
48.833220950074306
48.833220950074306
44.53834386103434
44.53834386103434
44.53834386103434
44.53834386103434
44.53834386103434
44.53834386103434
44.53834386103434
44.53834386103434
44.53834386103434
44.53834386103434
44.53834386103434
44.53834386103434
44.53834386103434
44.53834386103434
44.53834386103434
44.53834386103434
44.38073677457561
44.38073677457561
44.38073677457561
44.38073677457561
44.38073677457561
44.38073677457561
44.38073677457561
44.38073677457561
44.38073677457561
44.38073677457561
44.38073677457561
44.38073677457561
44.38073677457561
44.38073677457561
44.38073677457561
44.38073677457561
44.38073677457561
44.38073677457561
44.38073677457561
44.38073677457561
44.38073677457561
44.38073677457561
44.38073677457561
44.38073677457561
44.38073677457561
44.38073677457561
44.38073677457561
44.38073677457561
44.69267523589448
45.066749710604455
45.066749710604455
45.066749710604455
45.066749710604455
45.066749710604455
45.066749710604455
45.066749710604455
45.066749710604455
45.066749710604455
45.066749710604455
45.066749710604455
45.066749710604455
45.066749710604455
45.066749710604455
45.066749710604455
45.066749710604455
45.066749710604455
45.066749710604455
45.25257804684094
45.25257804684094
45.25257804684094
45.25257804684094
45.25257804684094
45.25257804684094
45.25257804684094
45.25257804684094
45.25257804684094
45.25257804684094
45.25257804684094
45.25257804684094
43.04318098942507
43.04318098942507
43.04318098942507
44.3343893492035
44.3343893492035
44.3343893492035
44.3343893492035
44.3343893492035
44.3343893492035
44.3343893492035
44.3343893492035
44.3343893492035
44.3343893492035
44.3343893492035
44.3343893492035
44.3343893492035
44.3343893492035
44.3343893492035
44.3343893492035
44.3343893492035
44.3343893492035
44.3343893492035
44.3343893492035
45.25257804684094
45.25257804684094
45.25257804684094
45.25257804684094
41.858721480148574
41.858721480148574
41.858721480148574
41.858721480148574
41.858721480148574
41.858721480148574
41.858721480148574
41.858721480148574
41.858721480148574
41.858721480148574
41.858721480148574
41.858721480148574
41.858721480148574
41.858721480148574
41.66465766634523
41.25219871910518
41.25219871910518
41.25219871910518
41.119993685729746
41.119993685729746
43.815337829700105
43.815337829700105
43.815337829700105
43.815337829700105
44.6889701047094
44.6889701047094
44.6889701047094
44.6889701047094
44.6889701047094
44.6889701047094
44.6889701047094
47.01404999608999
47.01404999608999
47.01404999608999
47.11507012402534
47.11507012402534
47.11507012402534
47.11507012402534
47.11507012402534
47.11507012402534
47.11507012402534
47.11507012402534
47.11507012402534
47.11507012402534
47.12583583280592
47.12583583280592
47.12583583280592
47.12583583280592
47.12583583280592
47.12583583280592
47.12583583280592
47.12583583280592
47.12583583280592
47.12583583280592
47.12583583280592
47.12583583280592
47.12583583280592
43.61645683453237
43.61645683453237
43.61645683453237
43.61645683453237
43.61645683453237
43.15756351715255
43.15756351715255
43.15756351715255
43.15756351715255
43.15756351715255
43.15756351715255
43.15756351715255
43.15756351715255
43.15756351715255
43.15756351715255
43.15756351715255
43.15756351715255
43.15756351715255
43.61645683453237
43.61645683453237
47.12583583280592
47.12583583280592
47.12583583280592
43.55059805779251
43.55059805779251
43.55059805779251
47.35835557634627
47.35835557634627
47.35835557634627
47.35835557634627
47.35835557634627
47.35835557634627
47.35835557634627
47.35835557634627
47.39794318270915
47.39794318270915
47.39794318270915
47.39794318270915
47.39794318270915
47.39794318270915
47.39794318270915
47.90283886445422
47.90283886445422
47.90283886445422
47.90283886445422
47.90283886445422
47.90283886445422
47.90283886445422
47.9601492736239
47.9601492736239
47.9601492736239
48.130914300946294
48.130914300946294
48.130914300946294
48.130914300946294
48.130914300946294
48.130914300946294
48.130914300946294
48.130914300946294
48.130914300946294
48.130914300946294
48.130914300946294
48.15423830467813
48.15423830467813
45.87619662189253
45.87619662189253
45.87619662189253
45.87619662189253
45.87619662189253
45.87619662189253
47.18012645026725
47.18012645026725
48.15423830467813
48.15423830467813
48.15423830467813
48.15423830467813
48.15423830467813
48.15423830467813
48.19359876640834
48.19359876640834
48.19359876640834
48.19359876640834
