36.91325686089249
40.44073980779652
41.320451792806246
41.320451792806246
40.42319083495102
40.401451868636464
37.49152894289858
41.309359009696394
37.57844473080552
39.593705023240446
40.84005112072355
38.32618391189329
41.765765920137994
41.18884934140448
39.39965939650665
41.06352453194694
41.06352453194694
38.48598031579692
41.06352453194694
43.14972857291992
40.72760089524223
43.298986261171144
41.096235732024226
42.59594283573302
42.09495055400228
43.599377501111604
41.57164806728126
41.05879747632426
41.293410637069705
39.634237543674914
43.0173523791184
42.48826067643886
38.588702557250194
41.763460294677905
41.89579742807902
40.83750290900628
42.03997568833197
43.37233439638897
42.09044239330582
38.076451862866236
40.99931748805605
39.53626579607239
40.83805209513023
42.46219512195122
41.43351981130957
41.632896703403524
42.10069698298972
41.69113847089223
42.69581056466303
41.8839341308639
43.11114915338645
42.345107892403185
41.35615346002584
42.12520838294833
42.79650647125851
40.62209439098435
43.159537787717824
39.51932479028357
40.6919044845661
38.63132357577604
40.84693971151421
43.79993080705007
40.345013430228
41.29800134740624
38.666270642054904
40.081530447861965
41.2809119931386
38.861435036636166
41.905311955349525
41.506340463686435
41.089208563925986
41.12910549417285
39.55812821582534
41.31218757438705
40.82035273061835
40.41926228858561
40.93780369290573
41.64872906961623
38.97153375210524
38.81215299007529
40.41512774159323
41.57605734563251
40.206811355006735
40.039801082836554
41.720370572075176
41.621196854186074
35.41542299877663
39.281129085097525
40.36110646163698
39.085228644011764
40.6242979024927
42.05368434867684
41.60125878166162
39.613396247548835
42.32907157664231
40.00110715114195
42.61845947928519
37.913105413105406
41.178889037851356
40.90735449905301
41.41264930584588
42.58139394817418
38.344887051851444
41.28721843174635
42.031853602513365
36.80004309740012
38.823639749721984
43.98025318374773
39.50048522464302
41.17993359681057
40.80136466545001
42.34470316681252
39.73087118789895
41.290960592977115
43.379206642367976
40.657522548967286
40.910543431267506
41.13158812633807
40.9005362254566
40.43182982331157
40.30156293650627
41.31193148300548
41.40456158764015
41.526306450764935
40.209328442015426
38.61336576260641
40.59575845407811
40.562253961728146
41.18201502249873
39.900738790785866
41.55107408099149
42.50263482597296
41.10875134357863
40.2739283493047
42.90436638929094
41.42929905772026
40.32135698492403
42.6845734459624
40.942397478216904
42.19778471860721
40.81148023903137
41.21151283020428
36.08511611100049
40.46455524406059
37.119360735818574
42.219950186033635
42.079149042581406
42.149616834190084
42.064807496895114
40.39117012728887
41.72502611337954
42.910413296029134
36.71948910391342
41.22722779489703
43.06341658075886
39.55382606379029
43.125218303953346
42.73403943120882
43.137415188424754
43.335703979964066
41.56838802070473
42.77983317220693
40.712621428827475
40.55776240292064
42.462541395521185
43.5733941447754
43.61771548544516
41.59606857333703
44.53834386103434
42.54304843170161
41.415803630675896
43.191713269100575
42.98330837960333
41.046726500693346
40.05278753230303
42.90367758802671
40.28464432367929
38.58875172736193
40.204755519026406
40.834065022804324
44.38073677457561
42.699241933070674
39.669666877611185
41.47604635971597
43.8272707122451
41.928483493291786
40.59939798455699
44.38073677457561
41.00461657144234
42.99205500381972
41.07201284537082
40.75955985995544
39.252786992260745
42.10545322134583
44.38073677457561
44.38073677457561
40.13268849206349
39.0153671030165
40.632248113841015
40.9654964557505
41.84577630406521
41.70143321726465
42.27077478653656
42.49034736653069
42.532896753474375
41.99433368933191
41.08711039445097
39.72957173169358
42.33623235870284
40.65471823260438
42.36076127324062
40.22908587337369
42.58521728089851
39.735259347467796
41.6542410670077
41.59659511698571
42.744675423860556
39.22742350020868
41.300322401752055
41.67529933267483
38.9833491454578
38.15772972147702
39.7321782010247
40.36254140319181
40.643334726879225
40.35873589414943
40.86908157444381
41.16888774568038
42.67786620392532
37.84921793621024
42.561301966641786
43.775141317207826
42.73773909628535
41.55208674772866
44.20806652301903
43.04318098942507
40.79428589061084
41.8371167055315
39.57801370783496
41.85200359275776
39.38569060083682
43.48360753599657
42.29467585769031
41.61498731369819
39.26034819497239
41.89665759364158
41.88896211187836
41.8272917162423
43.18212795913936
41.69578728446712
39.31965832531281
40.72639476024254
42.331940695825786
40.79336912808974
42.45855719336915
42.362874585264606
42.37218844417919
41.51882283162375
43.13948212421063
40.98117374762687
43.20323014804845
41.678637389698345
40.495415429302234
40.817212301587304
40.881091139725235
41.08442084245723
38.544196007014705
41.650755972960425
41.55366739288307
37.92483080360076
38.93658566596696
40.158477671733245
41.858721480148574
39.3136829240838
40.56085733897217
39.81941408923327
41.66465766634523
41.25219871910518
41.25219871910518
41.25219871910518
40.47182375930657
41.119993685729746
41.119993685729746
39.01040102132772
39.76026377853594
43.815337829700105
43.815337829700105
40.08151294934552
42.43238470077707
40.83015928344325
39.16882618293503
39.59860374440463
42.269950062243346
40.089395369571164
43.1407014707449
42.49684473031948
42.0837051404942
38.441809192073364
39.79568203599191
39.56997319034853
43.11966954273069
41.637904987681864
41.73108399371222
39.568177899153646
40.04731388490355
38.91947289233252
41.38852505798936
43.59666111186175
41.998420010829136
40.742059535678685
44.05710076900029
39.93493065312968
38.64857024450891
40.27813629323697
41.655524511205165
41.061754127520196
42.54579375848032
41.8050921653534
39.176893334454064
41.38540867959261
42.19235476885416
39.70933119964683
39.355170966976935
41.65968098730935
43.15756351715255
41.9383702969384
41.68886755350948
41.883671604629775
43.15756351715255
42.81985527485083
41.62450043364756
41.53476097119591
41.262035763411276
41.35918240155118
40.78208556149732
40.383843433081125
39.46470992838523
39.02698873425013
37.73868733646218
39.14230259218068
40.59197845804988
37.211765434192216
39.96795833119966
39.374969911419214
40.81070640676258
41.90701495920217
40.21542578503328
42.71779699446014
41.364460182913234
40.43794937512758
41.78582481316767
36.591690891472865
41.3185736677116
41.57512357946552
42.17584961933915
41.28109092104752
43.83179024902798
43.42219259222848
42.038334895845246
42.749972586431056
44.276255966811185
42.170136875072494
41.74946931032925
39.761340911483
39.40054388002956
40.73737467293398
41.40381946775891
42.31276109011339
43.72521744062031
41.549476151110206
41.764488741232924
41.96900317013033
40.481824965355514
43.53750725424137
40.77258611714445
40.5932270796135
39.895666504189585
41.22579456874296
42.31093257795903
40.64423778046069
42.38667152314494
40.9582070865915
40.26696112681071
40.467833537599574
42.11583102056956
40.407930040743324
44.30638480985422
42.300530607005754
37.781095798100125
37.132980886539244
40.990830179826396
40.57681669452226
42.876810815970984
41.45526674440744
41.99133133413445
39.832569344531066
40.589463593088865
42.30281483537804
40.076989467203205
41.789240442401905
41.01469706724686
