779027.0166666667
697077.6666666666
650180.5166666667
674987.3166666667
657372.7
600260.4833333333
608686.45
572286.8166666667
580930.3333333334
575023.7666666667
532815.0
558326.2166666667
540524.1833333333
555862.1333333333
543718.25
508302.2166666667
534869.25
448456.15
460417.9
424747.68333333335
433474.55
418609.4
415877.6666666667
393799.93333333335
383183.76666666666
375155.36666666664
372263.35
387680.13333333336
386837.31666666665
383298.56666666665
384539.51666666666
412976.5833333333
405385.8333333333
394765.0833333333
386827.81666666665
395736.26666666666
394114.7166666667
362408.4
360197.43333333335
351586.1666666667
339011.25
345000.7166666667
345306.88333333336
369494.45
322569.5
336338.86666666664
336994.0
324539.5
321011.6
337748.05
323423.45
333678.26666666666
322969.06666666665
315258.2166666667
316992.9166666667
322261.86666666664
321366.2
325751.75
323587.55
313223.7833333333
313223.7833333333
296567.73333333334
268901.15
272860.4
265297.61666666664
263214.9
274231.48333333334
268934.4
268934.4
258860.13333333333
258834.9
256861.35
268111.8
272133.5333333333
279966.15
282351.55
285175.5333333333
297758.63333333336
297291.18333333335
301989.65
288785.93333333335
288851.2833333333
286293.8333333333
268774.11666666664
260900.58333333334
275127.05
275082.3333333333
274913.4166666667
274913.4166666667
267889.2166666667
267879.56666666665
275075.43333333335
275075.43333333335
283579.7
293349.11666666664
279311.15
277677.4666666667
277677.4666666667
269298.98333333334
269298.98333333334
279930.3333333333
284617.9
284617.9
282865.18333333335
282865.18333333335
275625.65
282837.18333333335
271985.95
271985.95
271501.56666666665
272061.61666666664
272061.61666666664
272505.23333333334
272461.5333333333
278511.5
297111.1666666667
313025.75
309982.93333333335
309982.93333333335
301563.25
297360.75
301462.4166666667
289793.4166666667
293079.11666666664
305012.93333333335
308810.5
316297.93333333335
310261.73333333334
309178.2166666667
314642.11666666664
325134.56666666665
325134.56666666665
312393.5333333333
307129.43333333335
316418.98333333334
321085.0
321085.0
329184.31666666665
341084.2
335437.5
343934.6666666667
347562.38333333336
347562.38333333336
341885.65
340517.56666666665
340396.15
330032.7
329937.9166666667
336245.73333333334
335985.3
319019.9166666667
315344.15
318337.2166666667
316690.8
306069.13333333336
322154.9
311102.3
308900.7833333333
312759.85
322227.5833333333
312759.05
308384.31666666665
308384.31666666665
303846.85
308120.4
324066.11666666664
321506.65
320492.95
309569.0
309569.0
309569.0
309569.0
315713.73333333334
309434.61666666664
309434.61666666664
277556.05
279715.13333333336
283860.76666666666
270344.1
261391.7
259961.05
250485.9
249978.76666666666
249978.76666666666
249978.76666666666
249978.76666666666
249655.38333333333
245562.95
262675.5833333333
269030.0
278068.1666666667
267666.7833333333
265448.73333333334
255693.26666666666
255693.26666666666
255387.66666666666
259718.7
251563.65
249265.9
246425.5
236568.0
236568.0
225775.88333333333
225637.51666666666
235208.05
235169.38333333333
225846.06666666668
226857.56666666668
230429.56666666668
230429.56666666668
232389.45
234497.03333333333
234492.1
236407.35
242713.23333333334
242148.83333333334
240139.66666666666
239520.01666666666
241471.86666666667
232140.76666666666
220951.8
220193.91666666666
216870.25
224723.15
236994.56666666668
236994.56666666668
218543.28333333333
212190.96666666667
201629.9
205327.43333333332
205327.43333333332
205183.35
205488.65
212135.1
212884.18333333332
205609.26666666666
197315.91666666666
195046.06666666668
194763.46666666667
198711.85
198711.85
212010.3
211882.98333333334
210509.1
208195.26666666666
226458.2
226402.83333333334
233671.03333333333
233392.11666666667
233392.11666666667
233392.11666666667
233392.11666666667
229232.96666666667
229139.21666666667
238036.33333333334
236835.95
236671.85
225141.21666666667
226283.3
226283.3
235381.81666666668
226031.13333333333
226237.28333333333
217555.03333333333
217555.03333333333
224187.66666666666
224187.66666666666
224187.66666666666
224615.46666666667
224615.46666666667
224615.46666666667
224615.46666666667
224223.4
225614.83333333334
221915.06666666668
221915.06666666668
221823.95
221758.53333333333
221758.53333333333
218883.56666666668
197436.78333333333
195149.0
195311.75
204147.86666666667
204147.86666666667
203691.0
204658.95
203596.1
210582.9
210313.46666666667
210160.66666666666
214192.96666666667
214192.96666666667
208602.08333333334
205804.35
205804.35
206719.05
206472.53333333333
202278.18333333332
202278.18333333332
202278.18333333332
204300.58333333334
212340.01666666666
212340.01666666666
208638.3
204832.7
195547.38333333333
179754.76666666666
180738.36666666667
180739.5
180739.5
180739.5
178283.93333333332
186008.21666666667
181019.51666666666
188700.18333333332
190712.63333333333
194538.21666666667
196586.83333333334
196548.91666666666
195871.83333333334
195918.38333333333
195918.71666666667
195918.71666666667
194107.9
194107.9
193847.18333333332
190383.43333333332
189311.01666666666
188901.06666666668
188028.7
196732.03333333333
196726.21666666667
196671.05
197493.5
197387.13333333333
197387.13333333333
197936.58333333334
197936.58333333334
196239.96666666667
196102.45
196268.8
188621.86666666667
183217.75
183163.83333333334
190687.21666666667
192743.13333333333
201458.6
202233.66666666666
200248.43333333332
199145.51666666666
199145.51666666666
198242.58333333334
198380.83333333334
198380.83333333334
207111.93333333332
206992.1
210039.76666666666
218741.53333333333
218741.53333333333
224057.65
218709.95
227670.36666666667
220841.73333333334
201835.46666666667
201835.46666666667
201937.26666666666
202572.83333333334
211051.01666666666
211051.01666666666
211038.83333333334
211038.83333333334
206331.83333333334
206331.83333333334
190706.66666666666
190706.66666666666
190706.66666666666
189581.83333333334
190529.25
181456.18333333332
181456.18333333332
184271.7
184284.78333333333
184107.83333333334
193253.31666666668
193232.56666666668
193232.56666666668
193921.73333333334
193814.26666666666
193814.26666666666
193814.26666666666
202725.48333333334
202169.03333333333
202169.03333333333
202100.48333333334
202100.48333333334
202092.81666666668
211135.25
211135.25
211135.25
211135.25
