1254106.0
1194418.0
1020446.0
1083714.0
1043430.0
1022234.0
1213888.0
1161270.0
1074521.0
1052522.0
1204206.0
942356.0
1063621.0
1202877.0
1134590.0
1032071.0
930388.0
1107746.0
1084199.0
1011045.0
1060815.0
993554.0
932193.0
956074.0
960285.0
960684.0
920196.0
1079861.0
987005.0
1063046.0
1035116.0
892268.0
1053932.0
1053376.0
1045600.0
908037.0
991009.0
1008779.0
1031943.0
957955.0
956513.0
827145.0
1022132.0
1039728.0
1091868.0
932452.0
930986.0
1039811.0
867482.0
1096916.0
1085323.0
965381.0
1018495.0
1146291.0
1068577.0
1074115.0
1055213.0
885894.0
1156313.0
963274.0
911740.0
1064472.0
1075111.0
1125821.0
999328.0
1006554.0
916100.0
1020198.0
939083.0
1138798.0
1000952.0
971691.0
1067170.0
1026148.0
1049770.0
917284.0
965442.0
915813.0
978010.0
1059983.0
1042985.0
1009748.0
1057661.0
1028450.0
1185649.0
922599.0
1043131.0
1070029.0
1146533.0
1219948.0
953381.0
914535.0
863513.0
990209.0
1008189.0
1046691.0
1104498.0
969849.0
1165343.0
938937.0
1085730.0
978295.0
977020.0
1100349.0
1115282.0
894203.0
1159212.0
1049097.0
1130168.0
1042001.0
1019140.0
1057946.0
953294.0
988156.0
928852.0
984158.0
1101624.0
1095858.0
1066544.0
1175589.0
956885.0
1011923.0
883345.0
949030.0
941701.0
847132.0
1056914.0
1012984.0
998760.0
891156.0
1129061.0
1107746.0
969702.0
949017.0
1063062.0
1076532.0
1138840.0
1160218.0
1175112.0
1158970.0
989086.0
935297.0
1026796.0
917951.0
1235212.0
965727.0
994221.0
1098393.0
1139504.0
1250501.0
1054412.0
1091468.0
1006367.0
967415.0
991712.0
957106.0
999338.0
1145286.0
1010858.0
1017222.0
1163000.0
1002174.0
1006508.0
1054746.0
1217447.0
962046.0
1063067.0
1017784.0
1249696.0
1085573.0
940160.0
1094952.0
914774.0
975446.0
1051311.0
961233.0
958227.0
1211095.0
1163078.0
1069850.0
1056292.0
1047384.0
1086796.0
1042145.0
1306396.0
899649.0
1225314.0
1091828.0
970958.0
1099305.0
1155537.0
981377.0
1195769.0
926064.0
1234913.0
1026092.0
1148970.0
967524.0
1326876.0
1116209.0
1133505.0
1159655.0
967956.0
1003069.0
885581.0
1059409.0
889061.0
861582.0
941682.0
1197380.0
1180482.0
994978.0
1269944.0
1136267.0
1349081.0
1000122.0
1026756.0
1293604.0
945410.0
1006943.0
1194291.0
1177422.0
955887.0
896931.0
1002219.0
1151699.0
1346851.0
1091045.0
925421.0
973731.0
1021819.0
1159107.0
1222178.0
983256.0
954609.0
1083564.0
1311402.0
1021665.0
1172465.0
1128511.0
1001607.0
965359.0
1129413.0
1244216.0
1064757.0
1120527.0
1053103.0
1010150.0
1242322.0
1238278.0
1095901.0
1265451.0
1225266.0
1268448.0
1313791.0
1165729.0
1322365.0
1224441.0
1152343.0
1170218.0
980180.0
1220967.0
1210400.0
1064400.0
984522.0
1063584.0
1133803.0
968891.0
1008723.0
1167977.0
1068499.0
1124682.0
1167995.0
1091556.0
1126385.0
1150054.0
1081888.0
1050323.0
835265.0
1141585.0
959925.0
1308403.0
1116767.0
900710.0
1113251.0
1170629.0
976022.0
1085337.0
1060049.0
1077979.0
1269255.0
977752.0
993476.0
1208281.0
1240511.0
1232581.0
1077140.0
805589.0
1164772.0
1258866.0
1050998.0
927215.0
906883.0
1196195.0
1001713.0
1143592.0
1411045.0
1085505.0
1083891.0
967818.0
969520.0
1046789.0
1138853.0
957957.0
1293864.0
1123058.0
1121522.0
1158259.0
954716.0
1086121.0
1203355.0
1049237.0
1097805.0
1104450.0
1202070.0
1102050.0
961309.0
1242153.0
1061073.0
1218169.0
962617.0
1240787.0
975794.0
1170284.0
1024878.0
1252944.0
865013.0
962983.0
1056111.0
1121282.0
1161238.0
877672.0
1098791.0
973633.0
1094341.0
1105260.0
1029211.0
1049165.0
938925.0
1239596.0
1052796.0
1167445.0
1128759.0
1087910.0
1294060.0
971214.0
1108729.0
1101217.0
998895.0
997928.0
891740.0
1230074.0
933812.0
1116752.0
1230568.0
1145140.0
1191734.0
1154334.0
1115768.0
1144558.0
1091579.0
1035584.0
1133178.0
1153716.0
1068807.0
1075816.0
1255135.0
1036931.0
1083634.0
1155482.0
944029.0
1007982.0
1275426.0
1132716.0
1226833.0
1367800.0
1105263.0
951516.0
1285146.0
1124441.0
1259212.0
1336915.0
1016806.0
1109634.0
994850.0
937066.0
1197280.0
1171001.0
1222766.0
1227679.0
1115306.0
