1194418.0
1013593.0
1020446.0
1020446.0
1013245.0
954427.0
985987.0
985987.0
985987.0
985987.0
929988.0
942356.0
929988.0
929988.0
929988.0
929988.0
929988.0
929988.0
929988.0
806265.0
806265.0
806265.0
806265.0
764277.0
764277.0
772445.0
772445.0
777194.0
827767.0
827767.0
827767.0
827767.0
827767.0
827767.0
827767.0
827767.0
827767.0
772445.0
772445.0
772445.0
772445.0
772445.0
772445.0
772445.0
814281.0
814281.0
814281.0
814281.0
814281.0
814281.0
814281.0
814281.0
814281.0
814281.0
814281.0
814281.0
814281.0
814281.0
814281.0
814281.0
814281.0
814281.0
814281.0
814281.0
814281.0
814281.0
814281.0
814281.0
814281.0
814281.0
814281.0
814281.0
814281.0
814281.0
814281.0
814281.0
814281.0
814281.0
814281.0
814281.0
758581.0
758581.0
758581.0
758581.0
758581.0
758581.0
758581.0
758581.0
758581.0
758581.0
758581.0
758581.0
758581.0
758581.0
758581.0
758581.0
758581.0
758581.0
758581.0
758581.0
758581.0
758581.0
758581.0
758581.0
758581.0
758581.0
758581.0
711205.0
711205.0
711205.0
711205.0
711205.0
711205.0
711205.0
711205.0
711205.0
711205.0
711205.0
711205.0
711205.0
711205.0
711205.0
711205.0
711205.0
742734.0
742734.0
742734.0
742734.0
742734.0
742734.0
742734.0
742734.0
742734.0
742734.0
742734.0
742734.0
742734.0
742734.0
742734.0
742734.0
742734.0
742734.0
742734.0
742734.0
742734.0
742734.0
714987.0
714987.0
714987.0
714987.0
714987.0
714987.0
714987.0
714987.0
714987.0
714987.0
714987.0
714987.0
714987.0
714987.0
726920.0
726920.0
726920.0
726920.0
726920.0
726920.0
726920.0
726920.0
726920.0
726920.0
726920.0
726920.0
726920.0
726920.0
726920.0
693828.0
693828.0
693828.0
693828.0
693828.0
693828.0
693828.0
693828.0
693828.0
693828.0
693828.0
693828.0
693828.0
693828.0
693828.0
693828.0
693828.0
693828.0
668151.0
668151.0
668151.0
668151.0
668151.0
668151.0
668151.0
668151.0
668151.0
668151.0
668151.0
668151.0
668151.0
668151.0
668151.0
668151.0
668151.0
668151.0
668151.0
668151.0
668151.0
668151.0
668151.0
668151.0
668151.0
668151.0
668151.0
665466.0
665466.0
598945.0
598945.0
598945.0
598945.0
584037.0
584037.0
584037.0
584037.0
584037.0
584037.0
584037.0
584037.0
584037.0
584037.0
584037.0
584037.0
584037.0
584037.0
584037.0
584037.0
584037.0
584037.0
584037.0
584037.0
584037.0
584037.0
584037.0
584037.0
584037.0
584037.0
584037.0
584037.0
584037.0
584037.0
584037.0
584037.0
584037.0
584037.0
584037.0
584037.0
584037.0
584037.0
584037.0
584037.0
584037.0
584037.0
584037.0
584037.0
584037.0
584037.0
580737.0
580737.0
580737.0
580737.0
580737.0
580737.0
580737.0
580737.0
580737.0
580737.0
580737.0
580737.0
580737.0
580737.0
580737.0
580737.0
580737.0
580737.0
580737.0
580737.0
580737.0
580737.0
580737.0
580737.0
580737.0
580737.0
580737.0
580737.0
580737.0
580737.0
580737.0
580737.0
580737.0
580737.0
580737.0
580737.0
580737.0
580737.0
580737.0
580737.0
580737.0
580737.0
580737.0
580737.0
580737.0
580737.0
580737.0
580737.0
580737.0
580737.0
580737.0
580737.0
580737.0
580737.0
580737.0
580737.0
580737.0
580737.0
580737.0
580737.0
580737.0
580737.0
580737.0
580737.0
580737.0
580737.0
580737.0
580737.0
580737.0
580737.0
580737.0
580737.0
580737.0
580737.0
580737.0
580737.0
580737.0
580737.0
580737.0
580737.0
580737.0
580737.0
580737.0
580737.0
580737.0
580737.0
580737.0
580737.0
580737.0
580737.0
580737.0
580737.0
580737.0
580737.0
580737.0
580737.0
580737.0
580737.0
580737.0
580737.0
580737.0
580737.0
580737.0
580737.0
580737.0
580737.0
580737.0
580737.0
580737.0
580737.0
580737.0
580737.0
599586.0
599586.0
599586.0
599586.0
599586.0
599586.0
599586.0
599586.0
599586.0
599586.0
599586.0
599586.0
599586.0
599586.0
599586.0
599586.0
599586.0
