54.76473507680731
55.476695852126994
57.429413602925656
57.429413602925656
60.614473813941395
60.614473813941395
62.47466755503734
62.47466755503734
62.47466755503734
62.822567501494
62.822567501494
62.822567501494
63.978042419873084
63.978042419873084
63.978042419873084
63.978042419873084
63.978042419873084
63.978042419873084
64.36929817264233
64.36929817264233
64.36929817264233
64.36929817264233
64.36929817264233
64.36929817264233
64.36929817264233
65.06840813832478
65.43506170000767
65.43506170000767
65.43506170000767
65.43506170000767
66.71688062177977
66.71688062177977
66.71688062177977
66.71688062177977
66.71688062177977
66.71688062177977
66.71688062177977
66.71688062177977
66.71688062177977
66.71688062177977
66.71688062177977
66.71688062177977
66.71688062177977
66.71688062177977
66.71688062177977
66.71688062177977
66.71688062177977
66.71688062177977
66.90250647211109
66.90250647211109
66.90250647211109
67.36422630740513
67.36422630740513
67.36422630740513
67.36422630740513
67.36422630740513
67.36422630740513
67.36422630740513
67.36422630740513
67.36422630740513
67.36422630740513
67.36422630740513
67.36422630740513
67.36422630740513
67.36422630740513
67.36422630740513
67.36422630740513
67.36422630740513
67.36422630740513
67.36422630740513
67.36422630740513
67.36422630740513
67.36422630740513
67.49778271590499
67.49778271590499
67.49778271590499
67.49778271590499
67.49778271590499
67.49778271590499
67.49778271590499
67.49778271590499
67.49778271590499
67.49778271590499
67.49778271590499
67.49778271590499
67.49778271590499
67.49778271590499
67.49778271590499
67.49778271590499
67.49778271590499
67.49778271590499
67.49778271590499
67.49778271590499
67.49778271590499
67.49778271590499
67.49778271590499
67.49778271590499
67.49778271590499
67.49778271590499
67.49778271590499
67.49778271590499
68.11941062916125
68.11941062916125
68.11941062916125
68.11941062916125
68.11941062916125
68.11941062916125
68.11941062916125
68.11941062916125
68.11941062916125
68.11941062916125
68.11941062916125
68.11941062916125
68.11941062916125
68.11941062916125
68.11941062916125
68.11941062916125
68.11941062916125
68.11941062916125
68.11941062916125
68.11941062916125
68.11941062916125
68.11941062916125
68.11941062916125
68.11941062916125
68.11941062916125
68.11941062916125
68.11941062916125
68.11941062916125
68.11941062916125
68.35603889003814
68.35603889003814
68.35603889003814
68.35603889003814
68.35603889003814
68.35603889003814
68.35603889003814
68.35603889003814
68.35603889003814
68.35603889003814
68.35603889003814
68.35603889003814
68.35603889003814
68.35603889003814
69.25358259068962
69.25358259068962
69.25358259068962
69.25358259068962
69.25358259068962
69.25358259068962
69.25358259068962
69.25358259068962
69.25358259068962
69.25358259068962
69.25358259068962
69.25358259068962
69.25358259068962
69.25358259068962
69.25358259068962
69.25358259068962
69.25358259068962
69.25358259068962
69.25358259068962
69.25358259068962
69.25358259068962
69.25358259068962
69.25358259068962
69.25358259068962
69.25358259068962
69.25358259068962
69.25358259068962
69.25358259068962
69.25358259068962
69.25358259068962
69.25358259068962
69.25358259068962
69.25358259068962
69.25358259068962
69.25358259068962
69.25358259068962
69.25358259068962
69.25358259068962
69.25358259068962
69.25358259068962
69.25358259068962
69.25358259068962
69.25358259068962
69.25358259068962
70.57356544561662
70.57356544561662
70.57356544561662
70.57356544561662
70.57356544561662
70.57356544561662
70.57356544561662
70.57356544561662
70.57356544561662
70.57356544561662
70.57356544561662
70.57356544561662
70.57356544561662
70.57356544561662
70.57356544561662
70.57356544561662
70.57356544561662
70.57356544561662
70.57356544561662
70.57356544561662
70.57356544561662
70.57356544561662
70.57356544561662
70.57356544561662
70.57356544561662
70.57356544561662
70.57356544561662
71.91860827311238
71.91860827311238
71.91860827311238
71.91860827311238
71.91860827311238
71.97259946839439
71.97259946839439
71.97259946839439
71.97259946839439
71.97259946839439
71.97259946839439
71.97259946839439
71.97259946839439
71.97259946839439
71.97259946839439
71.97259946839439
71.97259946839439
71.97259946839439
71.97259946839439
71.97259946839439
71.97259946839439
71.97259946839439
71.97259946839439
71.97259946839439
71.97259946839439
71.97259946839439
71.97259946839439
71.97259946839439
71.97259946839439
71.97259946839439
72.20621521721075
72.20621521721075
72.20621521721075
72.20621521721075
72.20621521721075
72.20621521721075
72.20621521721075
72.20621521721075
72.20621521721075
72.20621521721075
72.20621521721075
72.20621521721075
72.20621521721075
72.20621521721075
72.20621521721075
72.20621521721075
72.20621521721075
72.20621521721075
72.20621521721075
72.20621521721075
72.20621521721075
72.20621521721075
72.20621521721075
72.20621521721075
72.20621521721075
72.20621521721075
72.20621521721075
72.20621521721075
72.20621521721075
72.22672148849573
72.22672148849573
72.22672148849573
72.22672148849573
72.22672148849573
72.22672148849573
72.22672148849573
72.22672148849573
72.22672148849573
72.22672148849573
72.22672148849573
72.22672148849573
72.22672148849573
72.22672148849573
72.22672148849573
72.22672148849573
72.22672148849573
72.22672148849573
72.22672148849573
72.22672148849573
72.22672148849573
72.22672148849573
72.22672148849573
72.22672148849573
72.22672148849573
72.22672148849573
72.22672148849573
72.22672148849573
72.22672148849573
72.22672148849573
72.22672148849573
72.22672148849573
72.22672148849573
72.22672148849573
72.22672148849573
72.22672148849573
72.22672148849573
72.22672148849573
72.22672148849573
72.22672148849573
72.22672148849573
72.22672148849573
72.22672148849573
72.22672148849573
72.22672148849573
72.22672148849573
72.22672148849573
72.22672148849573
72.22672148849573
72.22672148849573
72.22672148849573
72.22672148849573
72.22672148849573
72.22672148849573
72.22672148849573
72.22672148849573
72.22672148849573
72.22672148849573
72.22672148849573
72.22672148849573
72.22672148849573
72.22672148849573
72.22672148849573
72.22672148849573
72.22672148849573
72.22672148849573
72.22672148849573
72.22672148849573
72.22672148849573
72.22672148849573
72.22672148849573
72.22672148849573
72.22672148849573
72.22672148849573
72.22672148849573
72.22672148849573
72.22672148849573
72.22672148849573
72.22672148849573
72.22672148849573
72.22672148849573
72.22672148849573
72.22672148849573
72.22672148849573
72.22672148849573
72.22672148849573
72.22672148849573
72.22672148849573
72.22672148849573
72.22672148849573
72.22672148849573
72.22672148849573
72.22672148849573
72.22672148849573
72.22672148849573
72.22672148849573
72.22672148849573
72.22672148849573
72.22672148849573
72.22672148849573
72.22672148849573
72.22672148849573
72.22672148849573
72.22672148849573
72.22672148849573
72.22672148849573
72.22672148849573
72.22672148849573
72.22672148849573
72.22672148849573
72.46932992900736
72.46932992900736
72.46932992900736
72.46932992900736
72.46932992900736
72.46932992900736
72.46932992900736
72.46932992900736
72.46932992900736
72.46932992900736
72.46932992900736
72.46932992900736
72.46932992900736
72.46932992900736
72.46932992900736
72.46932992900736
72.46932992900736
