47.055784794749606
48.97147795883922
49.70073257931781
51.65450788367912
52.78395373062302
52.83738639241439
53.98264636286788
53.53801985853918
54.09063572578371
54.04549635409026
53.40766009825198
54.31509979912653
54.408728154534394
55.084308724736495
54.93437834718111
54.16454108383769
55.116399423118644
53.22490638087117
54.36703339173382
53.81838999932797
54.60746413472206
54.20979452044224
54.38004252615132
53.869391439774304
54.19332025033483
54.21918910490126
54.473758079711494
55.13578581246948
55.16222957121103
55.192310972680524
55.54439468697391
56.4468210384936
56.18294710399494
55.916181560680094
56.17520686139674
56.420757827231526
56.45373333493807
55.838049009783404
55.790987056506
55.632220364976114
55.36962219871975
55.614558566537234
55.63061460396242
56.31180144161473
55.362714607568556
55.833924860314355
55.95178973180147
55.706284926839444
55.71249427620406
56.16221520213988
55.96583159715442
56.27425009858601
55.9188343207013
55.908787825565064
56.18994316611073
56.52050678060519
56.499647325697175
56.653583829512385
56.81744037587136
56.58707922382661
56.5870792238266
56.122252616778276
55.26769168388717
55.30481866829834
55.24335596202467
55.07633196166095
55.54806541108985
55.39733477072575
55.39733477072577
55.10653865990413
55.10883881595036
55.021394430842676
55.34873653519376
55.50020205892199
55.74861019673321
55.848422780366484
56.03901372653909
56.452028201954775
56.489345839299254
56.63728488040222
56.361818156458405
56.38582142117034
56.43583463901384
56.0666190771022
55.72773523833917
56.49891709296677
56.5656402108316
56.53916814338642
56.53916814338641
56.32377221140528
56.3358318061324
56.61188797151072
56.61188797151072
56.938862690071055
57.15778938166696
56.881675743564884
56.829719255473705
56.8297192554737
56.56321730590029
56.563217305900295
56.78536048996174
56.89394398003911
56.893943980039104
56.8720666329149
56.8720666329149
56.68983191886745
57.02955017762717
56.82497337606062
56.82497337606062
56.852968892574985
56.91307708287595
56.91307708287595
56.99235085803186
57.067507277933714
57.39761191054833
58.058680491652616
58.54041550695697
58.62639248199185
58.62639248199184
58.42118863330896
58.40982851276521
58.58464470348177
58.33294832198291
58.47940946193739
58.831590910020594
59.04753028764813
59.31027734586766
59.21237450832927
59.21493379735772
59.466773583786974
59.717103439601985
59.717103439601985
59.44361452245026
59.3141360896701
59.56282556323263
59.5994277188746
59.59942771887461
59.82952850796881
60.32082551742706
60.16085187233773
60.388800158872165
60.439767762446145
60.439767762446145
60.292236814051435
60.16135993722106
60.16768844603738
59.977636447161686
59.984716038015264
60.176737980783436
60.181329058045485
59.821038396003274
59.91910477486991
59.928130927632765
59.94930386345912
59.68415830019239
60.136960093685175
59.9185438776967
59.98780736401969
60.17372092494923
60.39829732150183
60.03123736441749
60.01783677990011
60.01783677990011
59.939571517686296
60.12254258114327
60.60515788720567
60.612617564902436
60.61186832610998
60.393911730370924
60.39391173037093
60.393911730370924
60.39391173037091
60.512035011476385
60.24166965426422
60.248340271828475
59.38471277706502
59.55989194550202
59.79355074186309
59.51958490710681
59.347134568387425
59.3250518075323
59.18102768988215
59.1903313496375
59.190331349637496
59.19033134963751
59.190331349637496
59.119832197180614
58.972960014194136
59.43977527170565
59.72154646251541
60.008379746201385
59.78340866966754
59.5338903865537
59.35294952436508
59.35294952436509
59.227172891457464
59.419355179930626
59.12371287836109
59.15022883457839
59.199187903900835
58.808986527744864
58.808986527744864
58.45799668416635
58.459163152494234
59.101779501773414
59.195840688109456
58.905473252800384
58.91949048865499
58.96511983650249
58.96511983650249
59.06641802546795
59.18466520769764
59.191680485200635
59.29423818902448
59.478161205226556
59.52380684547999
59.48645005589481
59.50026786435037
59.606623823193864
59.27731210651814
59.032858333701284
58.70934789451747
58.52808530552305
58.82144093178245
59.343933502695656
59.343933502695656
58.61101337229225
58.44107449959105
58.20225438977033
58.400816274412975
58.400816274412975
58.4472108884918
58.20553336742805
58.54622073613963
58.622459585226906
58.25673131606113
58.091448172308695
57.89243928906558
57.94962881824721
58.25049346404608
58.25049346404608
58.98250858690195
59.04617430255798
59.110987359872986
59.02955273269844
59.671275577079655
59.66975582250492
60.06755881074432
60.082999997978064
60.082999997978064
60.08299999797807
60.08299999797807
60.18123575750311
60.18582017819299
60.49604551981408
60.49031968114557
60.49477752196143
60.12902162090308
60.424388050743545
60.424388050743545
60.757399663963014
60.482413542499195
60.50678731635599
60.064397596553974
60.064397596553974
60.398407987152375
60.39840798715238
60.398407987152375
60.490871380169196
60.490871380169196
60.490871380169196
60.490871380169196
60.44339780435411
60.490926831244295
60.27629198535042
60.27629198535042
60.15439444692704
60.02760971757925
60.02760971757925
59.80987490473923
58.08201536154994
57.88940738462284
58.42295937543939
58.79075359106863
58.79075359106863
58.68390879946752
59.01569944878716
59.0107554469628
59.39575385880251
59.24115476948852
59.21556266597343
59.401600797139196
59.401600797139196
59.444075643135896
59.37499305219793
59.37499305219792
59.5327172398783
59.50671665260111
59.22660104595916
59.22660104595915
59.22660104595916
59.2618491500313
59.48972812927595
59.489728129275946
59.37169443955205
59.23241000949161
58.86634079468659
58.30998206404033
58.46388146836544
58.464751168160085
58.46475116816009
58.46475116816009
58.33878650420262
58.73884651301528
58.681850623106556
59.183970570535045
59.18488840332887
59.389437270789294
59.535190712780896
59.45611737298991
59.468430345215296
59.53547235691159
59.563820168192656
59.56382016819266
59.29065668285901
59.29065668285901
59.317482959622
59.16509121031706
59.037712098947125
59.06131042532727
58.96046669999733
59.214315493147915
59.219935761110726
59.226266024206744
59.34744803161636
59.289484378767675
59.28948437876765
59.49004931186189
59.4900493118619
59.52304795210128
59.42309453837276
59.54073616274879
58.96270076151225
58.633436002811514
58.644990016594164
58.9828935024207
59.13062542894852
59.39517687808443
59.437280614955995
59.44150731550302
59.41226949377609
59.41226949377609
59.29336657984559
59.43311734837967
59.43311734837967
59.673882247775346
59.64314722648922
59.7449518762141
60.056893764516
60.056893764516005
60.340795773848406
60.10684275587574
60.443177393851336
60.27763551148173
59.58826277366936
59.595350684255784
59.621179299355035
59.76849879309592
60.02387099986952
60.023870999869494
60.036846736614805
60.036846736614805
60.04254499912528
60.0425449991253
59.595340198655286
59.595340198655286
59.595340198655286
59.53631071535959
59.605241681690785
59.288920945640584
59.28892094564059
59.57122390394832
59.59028146467308
59.47389616789331
59.7593808127409
59.76048433159992
59.7604843315999
59.77866655260323
59.739927446592986
59.77999708306543
59.779997083065446
60.136710504242586
60.0026572104495
60.0026572104495
59.99295387032056
60.00702175703656
60.08196297363063
60.3740857884006
60.374085788400606
60.374085788400606
60.374085788400606
