17700.0
5380.0
5380.0
5380.0
5380.0
5380.0
5380.0
4620.0
4620.0
4620.0
4620.0
4420.0
4420.0
4420.0
4420.0
4420.0
4420.0
4420.0
4420.0
4420.0
4420.0
4420.0
4420.0
4420.0
4420.0
4420.0
4420.0
4420.0
4420.0
4420.0
4420.0
4420.0
4420.0
4420.0
4420.0
4420.0
4420.0
4420.0
4420.0
4420.0
4420.0
4420.0
4420.0
4420.0
4420.0
4420.0
4420.0
4420.0
4420.0
4420.0
4420.0
4420.0
4420.0
4420.0
4420.0
4420.0
4420.0
4420.0
4420.0
4420.0
4420.0
4420.0
4420.0
4420.0
4420.0
4420.0
4420.0
4420.0
4420.0
4420.0
4420.0
4420.0
4420.0
4420.0
4420.0
4420.0
4420.0
4420.0
4420.0
4420.0
4420.0
4420.0
4420.0
4420.0
4420.0
4420.0
4420.0
4420.0
4420.0
4420.0
4420.0
4420.0
4420.0
4420.0
4420.0
4420.0
4420.0
4420.0
4420.0
4420.0
4420.0
4320.0
4320.0
4320.0
4320.0
4320.0
4320.0
4320.0
4320.0
4320.0
4320.0
4320.0
4320.0
4320.0
4320.0
4320.0
4320.0
4320.0
4320.0
4320.0
4320.0
4320.0
4320.0
4320.0
4320.0
4320.0
4320.0
4320.0
4320.0
4320.0
4320.0
4320.0
4320.0
4320.0
4320.0
4320.0
4320.0
4320.0
4320.0
4320.0
4320.0
4320.0
4320.0
4320.0
4320.0
4320.0
4320.0
4320.0
4320.0
4320.0
4320.0
4320.0
4320.0
4320.0
4320.0
4320.0
4320.0
4320.0
4320.0
4320.0
4320.0
4320.0
4320.0
4320.0
4320.0
4320.0
4320.0
4320.0
4320.0
4320.0
4320.0
4320.0
4320.0
4320.0
4320.0
4320.0
4320.0
4320.0
4320.0
4320.0
4320.0
4320.0
4320.0
4320.0
4320.0
4320.0
4320.0
4320.0
4320.0
4320.0
4320.0
4320.0
4320.0
4320.0
4320.0
4320.0
4320.0
4320.0
4320.0
4320.0
