91970.0
72740.0
106180.0
75470.0
73590.0
73940.0
73940.0
73940.0
72700.0
62360.0
62360.0
62360.0
62360.0
62360.0
62360.0
62360.0
62360.0
62360.0
62360.0
62360.0
62360.0
62360.0
59980.0
59980.0
39060.0
39060.0
53620.0
64960.0
64960.0
64960.0
49900.0
57220.0
57220.0
49900.0
45000.0
45000.0
45000.0
45000.0
45000.0
45000.0
45000.0
45000.0
45000.0
45000.0
45580.0
68620.0
46240.0
45000.0
45000.0
45000.0
45000.0
45000.0
45000.0
45000.0
45000.0
45000.0
45000.0
45000.0
45000.0
45000.0
45000.0
45000.0
45000.0
45000.0
45000.0
45000.0
45000.0
45000.0
45000.0
45000.0
45000.0
45000.0
45000.0
45000.0
45000.0
45000.0
45000.0
45000.0
45000.0
45000.0
45000.0
45000.0
45000.0
45000.0
45000.0
45000.0
45000.0
45000.0
45000.0
45000.0
45000.0
45000.0
45000.0
45000.0
45000.0
45000.0
45000.0
45000.0
45000.0
45000.0
45000.0
45000.0
45000.0
45000.0
45000.0
45000.0
45000.0
45000.0
45000.0
45000.0
45000.0
45000.0
45000.0
45000.0
45000.0
45000.0
45000.0
45000.0
45000.0
45000.0
45000.0
45000.0
45000.0
45000.0
45000.0
45000.0
45000.0
45000.0
45000.0
45000.0
45000.0
45000.0
45000.0
45000.0
45000.0
45000.0
45000.0
45000.0
45000.0
45000.0
45000.0
45000.0
45000.0
45000.0
45000.0
45000.0
45000.0
45000.0
45000.0
45000.0
45000.0
45000.0
45000.0
45000.0
45000.0
45000.0
45000.0
45000.0
45000.0
45000.0
45000.0
45000.0
45000.0
45000.0
45000.0
45000.0
45000.0
45000.0
45000.0
45000.0
45000.0
45000.0
45000.0
45000.0
45000.0
45000.0
45000.0
45000.0
45000.0
45000.0
45000.0
45000.0
45000.0
45000.0
45000.0
45000.0
45000.0
45000.0
45000.0
45000.0
45000.0
45000.0
45000.0
45000.0
45000.0
45000.0
45000.0
45000.0
45000.0
45000.0
