723069.6125
671664.0625
610642.6625
572105.5375
541657.8
514413.35
495271.4875
489299.3375
475245.8875
475368.2375
471083.925
458313.9625
453253.65
453589.4125
402356.9
363624.7
331871.3625
323643.1875
284833.075
289601.1375
282692.8625
279649.875
276979.8125
257249.2875
255690.7375
269085.975
248485.1
257801.8125
262561.875
281372.9625
253941.2375
277362.625
282407.2125
288883.1625
256653.6
231479.825
209900.85
215341.25
240566.675
259334.45
252546.2875
270363.825
282266.65
300738.6125
278555.4125
271832.8
261197.25
297383.1875
301712.3875
282161.85
286662.5875
319980.2375
322154.6
300908.5375
303337.9375
311382.4125
299092.125
286199.3875
283015.9625
260426.2
253584.0125
305926.2625
283693.4
314593.775
339210.525
317440.5875
313609.425
305636.6125
322315.5125
334948.475
344780.0125
351054.4625
338278.625
337133.8375
333657.5875
327737.7625
314365.3375
317167.325
342346.775
345515.35
348312.8
341490.75
326441.0
321997.55
314471.025
313727.475
306496.6875
326229.7
335095.3
313331.6
295783.2875
333753.725
329531.275
349018.1
341049.8625
334099.2375
327125.9
340812.575
331617.675
337179.225
336198.475
326753.275
325791.4625
324687.3875
331114.85
329933.325
330432.375
324868.6375
338608.2375
322217.5625
330565.3875
321555.2125
334086.65
321596.7
333746.2875
334706.7125
327944.9875
322472.5125
325181.4125
327640.3375
333659.95
332536.7625
325031.6375
321617.4
323378.625
318186.375
324302.225
317280.8625
309843.9125
312858.0375
325234.3
322822.5625
322404.8375
316152.3
298018.65
310203.775
300056.725
302854.3125
305760.425
309359.5625
305689.8875
299423.9375
294806.125
292670.775
294029.7875
290701.75
284858.4375
285237.025
279400.1875
266037.1625
277850.925
273374.8625
260325.0375
247093.025
257798.0875
249301.8125
255082.7375
251532.0375
244282.7875
242702.2875
266550.8
263170.6125
257324.725
255751.15
246632.75
238360.7875
225543.3375
235678.9625
239041.8375
240801.325
242634.0625
241616.425
240126.6125
238126.35
235459.85
234632.2
238803.4125
238973.7
232826.8375
243763.325
244621.125
251823.475
256532.4875
262475.6125
260192.65
265356.65
263579.7875
270598.9625
268911.1
265795.4625
265473.5625
265951.85
266357.0375
263958.125
258900.1
263422.1875
262285.4875
274311.1375
276504.05
278572.3125
275784.9
273883.2125
275895.5125
271923.675
273788.55
274655.5625
273635.6125
272311.975
279750.5375
280005.8125
280733.5125
278809.7375
276638.9
265994.075
259752.975
263372.6875
260370.35
255127.625
252820.3625
262377.1125
259559.05
258983.3625
261884.4375
257077.675
249829.9
248515.3625
246907.35
247362.4125
242362.1125
245554.7125
245019.3125
241598.875
239941.3375
234577.5625
229617.6875
225552.925
221255.1375
224690.8
233151.1125
234040.625
233845.15
233935.475
240533.2375
235756.7
230740.1
229883.825
228533.55
230571.25
225436.5875
229918.9
229954.1875
230963.3125
238744.075
238708.525
239369.55
239215.925
238521.5625
239500.4375
237202.225
236617.6875
235659.35
235309.2
233818.9875
233957.0875
234567.375
236111.8625
235457.3
235886.0625
234607.7125
240161.9
242098.925
242335.425
237159.2625
234295.675
231223.8375
235134.625
234683.875
235873.1875
232953.05
230221.6875
236456.525
234448.05
227605.4375
228186.7625
238534.7
234839.25
228554.675
231021.9125
234543.1125
232898.525
231583.9625
229166.525
229947.8625
230161.8375
228610.725
235286.7125
231502.0375
232337.2625
230849.575
224770.7625
226344.525
223209.5625
226589.1
223419.275
227046.4875
230194.675
224536.25
210273.2375
206816.35
217286.9125
215175.7625
230290.575
227300.6125
223812.75
230095.475
233716.775
231168.7
234452.825
234897.775
226350.0125
230722.2125
225192.875
221933.925
224871.3
224439.55
218161.3125
215434.3375
222581.4625
224471.1125
220859.7
223125.2625
220177.275
221147.6
219980.6
216813.5625
213389.35
222220.1375
216267.3375
215998.6125
215524.5375
212165.875
210767.2125
206289.8875
196853.9625
195765.0
191095.7625
182926.85
178296.425
175494.925
175980.5875
171599.325
174202.55
178676.7125
179907.4875
190605.475
194579.9625
191865.25
195317.475
183830.2875
183135.5875
186963.1875
182293.2
178816.2875
186376.275
186488.5875
183138.525
186047.0
185730.7875
181676.2375
187748.95
189903.35
186362.4875
190774.675
179355.3125
172090.9875
184386.1625
181795.7375
178476.05
179927.1875
179099.2125
177048.8375
173668.775
169398.225
168795.1875
174553.9375
177176.0
180677.525
187753.5
188629.525
189972.0625
186689.9125
185777.4125
186526.325
182157.375
183378.075
190270.775
181798.025
182655.0
179838.3
182054.5375
